ack_ewma: 67.01570129394531
send_ewma: 68.97540283203125
rtt_min: 421.0
rtt_ratio: 1.192399024963379
cwnd_(Bytes): 9872520
