ack_ewma: 35.381099700927734
send_ewma: 35.99700164794922
rtt_min: 421.0
rtt_ratio: 1.1733967065811157
cwnd_(Bytes): 7910280
