#Ack,ack_ewma(ms),send_ewma(ms),rtt_ratio,cwnd (Bytes),Last Router Ocupation Ack Arriaval(Packets),Last Router Ocupation Packet Sent(Packets),Network Situation,AckArrival(ms),TSInsideAck(ms),RTTAck(ms)
4381,2,0,424,16060,0.01,0,1,80873,80449,424
7301,2,0,426,18980,0.026,0,1,80875,80449,426
10221,2,0,428,21900,0.0132,0,1,80877,80449,428
13141,2,0,430,24820,0.01064,0,1,80879,80449,430
14601,161.2,0,631,27740,0.026128,0.01,1,81080,80449,631
17521,214.64,337.6,437,27740,0.0052256,0,1,81308,80871,437
20441,69.328,93.12,438,27740,0.00904512,0.03,1,81341,80903,438
23361,38.6656,44.224,437,27740,0.00180902,0,1,81372,80935,437
26281,33.3331,34.4448,437,30660,0.000361805,0,1,81404,80967,437
29201,32.2666,32.489,437,33580,7.23609e-05,0,1,81436,80999,437
32121,32.0533,32.0978,437,36500,1.44722e-05,0,1,81468,81031,437
35041,33.6107,32.0196,439,39420,0.00800289,0.01,1,81502,81063,439
37961,31.5221,32.0039,438,42340,0.137601,0,1,81533,81095,438
40881,31.9044,32.0008,438,45260,0.26752,0,1,81565,81127,438
61321,26,28,433,65700,0.18,0.01,1,81912,81479,433
64241,26.8,24.8,436,68620,0.044,0.12,1,81939,81503,436
67161,25.36,20.96,441,71540,0.0088,0.22,1,81964,81523,441
70081,23.472,20.192,444,74460,0.03376,0.29,1,81987,81543,444
73001,26.2944,20.0384,451,77380,0.006752,0.39,1,82014,81563,451
75921,30.0589,20.0077,462,80300,0.0253504,0.62,1,82045,81583,462
78841,28.4118,20.0015,470,83220,0.0530701,0.77,1,82073,81603,470
81761,28.0824,20.0003,478,86140,0.122614,1,1,82101,81623,478
84681,13.6165,20.0001,468,89060,0.176523,1,1,82111,81643,468
87601,10.7233,20,458,91980,0.211305,1,1,82121,81663,458
90521,73.3447,20,527,94900,0.410261,1,1,82210,81683,527
93441,19.4689,49.6,476,97820,0.426052,1,1,82216,81740,476
96361,8.69379,25.92,462,100740,0.46121,1,1,82222,81760,462
99281,19.3388,20.384,465,103660,0.516242,1,1,82244,81779,465
102201,49.4678,18.4768,504,106580,0.727248,1,1,82301,81797,504
105121,26.6936,18.0954,507,109500,0.80945,1,2,82322,81815,507
108041,6.93871,18.0191,491,112420,0.83389,0.8,2,82324,81833,491
110961,2.98774,18.0038,475,115340,0.838778,0.61,2,82326,81851,475
113881,2.19755,18.0008,459,118260,0.847756,0.45,2,82328,81869,459
116801,2.83951,18.0002,444,121180,0.833551,0.24,2,82331,81887,444
119721,4.5679,18,431,124100,0.79871,0.05,2,82336,81905,431
122641,15.3136,18,431,127020,0.591742,0.03,1,82354,81923,431
125561,17.4627,18,431,129940,0.510348,0.04,1,82372,81941,431
128481,18.6925,18,432,132860,0.47007,0.05,1,82391,81959,432
131401,15.7385,17.2,430,135780,0.470014,0.05,1,82406,81976,430
134321,15.9477,16.24,430,138700,0.486003,0.06,1,82422,81992,430
137241,13.5895,14.448,429,141620,0.513201,0.04,1,82435,82006,429
140161,16.3179,14.0896,432,144540,0.51064,0.11,1,82452,82020,432
143081,11.2636,14.0179,428,147460,0.558128,0.04,1,82462,82034,428
146001,14.2527,14.0036,429,150380,0.639626,0.05,1,82477,82048,429
148921,14.8505,14.0007,430,153300,0.615925,0.08,1,82492,82062,430
151841,18.1701,14.0001,435,156220,0.627185,0.18,1,82511,82076,435
154761,11.634,12.4,433,159140,0.637437,0.17,1,82521,82088,433
157681,14.3268,12.08,436,162060,0.703487,0.23,1,82536,82100,436
160601,11.6654,12.016,435,164980,0.764697,0.19,2,82547,82112,435
163521,14.3331,12.0032,438,167900,0.86494,0.22,2,82562,82124,438
166441,9.26661,10.4006,436,170820,0.868988,0.23,2,82570,82134,436
169361,14.6533,10.0801,442,173740,0.933798,0.3,2,82586,82144,442
504001,12,4,497,4294967295,0.61,1,1,84398,83901,497
506921,12,4,505,4294967295,0.802,1,2,84410,83905,505
509841,12.8,4,514,4294967295,0.9204,1,2,84423,83909,514
512761,12.16,4,522,4294967295,0.93608,1,2,84435,83913,522
533121,12,4,531,4294967295,0.86,1,2,84518,83987,531
536041,12,4,539,4294967295,0.804,1,2,84530,83991,539
536641,12,22.4,524,4294967295,0.6888,1,1,84542,84018,524
539561,26.4,11.68,545,4294967295,0.64176,1,1,84572,84027,545
542481,15.68,5.536,554,4294967295,0.640352,1,1,84585,84031,554
545401,11.136,4.3072,560,4294967295,0.61607,1,1,84595,84035,560
546861,11.0272,45.6614,515,4294967295,0.595214,1,1,84606,84091,515
551241,365.405,430.732,442,241380,0.119043,0.49,1,85060,84618,442
584821,78.6811,90.9465,443,241380,0.0238086,0.69,1,85067,84624,443
677041,89.3362,82.9893,454,241380,0.348762,0.04,1,85159,84705,454
679961,283.467,306.198,424,4294967295,0.0697523,0.03,1,85491,85067,424
682241,60.6934,64.4396,425,4294967295,0.0139505,0.05,1,85496,85071,425
685161,25.7387,20.0879,433,4294967295,0.0107901,0.13,1,85513,85080,433
688081,10.7477,7.21758,436,4294967295,0.00215802,0.18,1,85520,85084,436
691001,7.74955,4.64352,439,4294967295,0.0084316,0.22,1,85527,85088,439
693921,6.34991,4.1287,441,4294967295,0.00968632,0.29,1,85533,85092,441
696841,6.06998,4.02574,443,4294967295,0.00193726,0.37,1,85539,85096,443
699761,6.014,4.00515,445,4294967295,0.0243875,0.4,1,85545,85100,445
702681,6.8028,4.00103,448,4294967295,0.0128775,0.44,1,85552,85104,448
705601,7.76056,4.00021,452,4294967295,0.0105755,0.48,1,85560,85108,452
708521,5.55211,4.00004,453,4294967295,0.0101151,0.54,1,85565,85112,453
711441,4.31042,4.00001,453,4294967295,0.00202302,0.43,1,85569,85116,453
714361,28.8621,35.2,445,4294967295,0.0164046,0.45,1,85604,85159,445
717281,9.77242,10.24,446,4294967295,0.0112809,0.44,1,85609,85163,446
720201,5.95448,5.248,447,4294967295,0.0102562,0.45,1,85614,85167,447
723121,4.3909,4.2496,447,4294967295,0.0100512,0.47,1,85618,85171,447
726041,4.07818,4.04992,447,4294967295,0.00201025,0.49,1,85622,85175,447
728961,4.01564,4.00998,447,4294967295,0.00840205,0.49,1,85626,85179,447
731881,4.00313,4.002,447,4294967295,0.00968041,0.5,1,85630,85183,447
734801,4.80063,4.0004,448,4294967295,0.0419361,0.51,1,85635,85187,448
737721,5.76013,4.00008,450,4294967295,0.0483872,0.51,1,85641,85191,450
740641,5.95203,4.00002,452,4294967295,0.0496774,0.55,1,85647,85195,452
743561,5.99041,4,454,4294967295,0.0499355,0.58,1,85653,85199,454
746481,5.99808,4,456,4294967295,0.0659871,0.62,1,85659,85203,456
749401,4.39962,4,456,4294967295,0.0931974,0.65,1,85663,85207,456
752321,4.07992,4,456,4294967295,0.114639,0.68,1,85667,85211,456
755241,4.01598,4,456,4294967295,0.126928,0.68,1,85671,85215,456
758161,4.0032,4,456,4294967295,0.145386,0.68,1,85675,85219,456
761081,4.80064,4,457,4294967295,0.157077,0.69,1,85680,85223,457
764001,5.76013,4,459,4294967295,0.127415,0.7,1,85686,85227,459
766921,4.35203,4,459,4294967295,0.129483,0.7,1,85690,85231,459
769841,4.07041,4,459,4294967295,0.137897,0.74,1,85694,85235,459
772761,5.61408,4,461,4294967295,0.147579,0.75,1,85700,85239,461
775681,5.92282,4,463,4294967295,0.165516,0.73,1,85706,85243,463
778601,4.38456,4,463,4294967295,0.161103,0.79,1,85710,85247,463
781521,4.07691,4,463,4294967295,0.144221,0.82,1,85714,85251,463
784441,3.21538,4,462,4294967295,0.140844,0.81,1,85717,85255,462
787361,2.24308,4,460,4294967295,0.140169,0.81,1,85719,85259,460
790281,3.64862,4,460,4294967295,0.148034,0.78,1,85723,85263,460
793201,3.92972,4,460,4294967295,0.125607,0.73,1,85727,85267,460
796121,3.18594,4,459,4294967295,0.145121,0.74,1,85730,85271,459
799041,2.23719,4,457,4294967295,0.141024,0.74,1,85732,85275,457
801961,3.64744,4,457,4294967295,0.140205,0.71,1,85736,85279,457
804881,141.529,4,629,4294967295,0.028041,0,1,85912,85283,629
807801,31.5059,168.8,423,4294967295,0.00560819,0,1,85916,85493,423
809541,11.9012,36.96,426,4294967295,0.00112164,0.01,1,85923,85497,426
812461,5.58024,12.992,423,4294967295,0.000224328,0.01,1,85927,85504,423
814741,9.91605,5.7984,430,4294967295,4.48655e-05,0,1,85938,85508,430
816821,12.3832,9.95968,432,4294967295,8.97311e-06,0.01,1,85951,85519,432
819741,6.47664,12.3919,424,4294967295,1.79462e-06,0,1,85956,85532,424
822661,5.29533,5.67839,425,4294967295,3.58924e-07,0.02,1,85961,85536,425
825581,2.65907,4.33568,423,4294967295,0.00800007,0.05,1,85963,85540,423
828501,4.53181,4.06714,424,4294967295,0.00960001,0.05,1,85968,85544,424
831381,14.5064,4.01343,437,4294967295,0.00992,0,1,85985,85548,437
834301,6.90127,15.2027,424,4294967295,0.009984,0.01,1,85990,85566,424
837221,4.58025,6.24054,424,4294967295,0.0019968,0.01,1,85994,85570,424
839281,4.11605,4.44811,424,4294967295,0.00039936,0.03,1,85998,85574,424
842201,5.62321,6.48962,423,4294967295,7.9872e-05,0.03,1,86004,85581,423
843861,26.7246,4.49792,451,4294967295,1.59744e-05,0.03,1,86036,85585,451
846781,8.54493,26.4996,423,4294967295,0.00800319,0.01,1,86040,85617,423
849701,6.50899,8.49992,425,4294967295,0.0256006,0.03,1,86046,85621,425
852621,4.5018,4.89998,425,4294967295,0.0291201,0.03,1,86050,85625,425
855541,4.10036,4.18,425,4294967295,0.013824,0.06,1,86054,85629,425
858461,4.02007,4.036,425,4294967295,0.0347648,0.07,1,86058,85633,425
861381,4.00401,4.0072,425,4294967295,0.046953,0.07,1,86062,85637,425
864301,4.0008,4.00144,425,4294967295,0.0333906,0.07,1,86066,85641,425
867221,4.00016,4.00029,425,4294967295,0.0146781,0.07,1,86070,85645,425
869861,7.20003,4.00006,429,4294967295,0.0189356,0.07,1,86078,85649,429
871521,4.64001,4.80001,428,4294967295,0.0277871,0.1,1,86082,85654,428
874441,6.528,5.76,429,4294967295,0.0295574,0.14,1,86089,85660,429
877361,6.1056,4.352,431,4294967295,0.0859115,0.13,1,86095,85664,431
879841,4.42112,4.0704,431,4294967295,0.121182,0.17,1,86099,85668,431
882761,4.88422,5.61408,430,4294967295,0.144236,0.2,1,86104,85674,430
885681,4.17684,4.32282,430,4294967295,0.148847,0.18,1,86108,85678,430
888601,4.03537,4.06456,430,4294967295,0.125769,0.16,1,86112,85682,430
891281,4.00707,4.01291,430,4294967295,0.0891539,0.18,1,86116,85686,430
894201,6.40141,5.60258,431,4294967295,0.0738308,0.18,1,86123,85692,431
897121,4.48028,4.32052,431,4294967295,0.0707662,0.19,1,86127,85696,431
898981,5.69606,4.0641,433,4294967295,0.0781532,0.19,1,86133,85700,433
901901,5.13921,7.21282,430,4294967295,0.127631,0.15,1,86138,85708,430
903761,3.42784,4.64256,429,4294967295,0.137526,0.14,1,86141,85712,429
906681,6.28557,6.52851,429,4294967295,0.163505,0.17,1,86148,85719,429
909601,4.45711,4.5057,429,4294967295,0.160701,0.16,1,86152,85723,429
912521,4.09142,4.10114,429,4294967295,0.13614,0.17,1,86156,85727,429
915441,4.01828,4.02023,429,4294967295,0.123228,0.16,1,86160,85731,429
918361,2.40366,4.00405,427,4294967295,0.144646,0.15,1,86162,85735,427
921281,2.08073,4.00081,425,4294967295,0.164929,0.15,1,86164,85739,425
924201,3.61615,4.00016,425,4294967295,0.168986,0.12,1,86168,85743,425
927121,3.92323,4.00003,425,4294967295,0.145797,0.08,1,86172,85747,425
930041,3.98465,4.00001,425,4294967295,0.133159,0.07,1,86176,85751,425
932881,3.19693,4,424,4294967295,0.130632,0,1,86179,85755,424
935801,132.639,132.8,424,4294967295,0.0341264,0,1,86344,85920,424
938081,28.9279,29.76,423,4294967295,0.00682527,0,1,86347,85924,423
941001,9.78557,9.952,423,4294967295,0.00136505,0.03,1,86352,85929,423
943281,5.15711,5.1904,423,4294967295,0.000273011,0.01,1,86356,85933,423
945361,7.43142,7.43808,423,4294967295,5.46022e-05,0.01,1,86364,85941,423
947441,10.2863,10.2876,423,4294967295,0.0320109,0.01,1,86375,85952,423
950361,12.4573,10.8575,425,4294967295,0.00640218,0.01,1,86388,85963,425
953281,4.89145,5.3715,424,4294967295,0.00128044,0,1,86391,85967,424
956201,3.37829,4.2743,423,4294967295,0.000256087,0.08,1,86394,85971,423
958881,4.67566,4.05486,424,4294967295,0.00805122,0,1,86399,85975,424
961801,17.7351,17.611,424,4294967295,0.0336102,0,1,86420,85996,424
964721,7.54703,6.72219,425,4294967295,0.00672205,0,1,86425,86000,425
967641,4.70941,4.54444,425,4294967295,0.00134441,0.05,1,86429,86004,425
970561,4.14188,4.10889,425,4294967295,0.000268882,0.06,1,86433,86008,425
972401,2.42838,4.02178,423,4294967295,5.37764e-05,0.03,1,86435,86012,423
975321,29.2857,28.0044,425,4294967295,1.07553e-05,0.03,1,86471,86046,425
977601,9.05713,8.80087,425,4294967295,0.00800215,0.07,1,86475,86050,425
980521,8.21143,9.76017,423,4294967295,0.00960043,0.04,1,86483,86060,423
983441,5.64229,5.15203,424,4294967295,0.0259201,0.01,1,86488,86064,424
986361,4.32846,4.23041,424,4294967295,0.045184,0.03,1,86492,86068,424
989281,4.06569,4.04608,424,4294967295,0.0090368,0.06,1,86496,86072,424
992201,4.01314,4.00922,424,4294967295,0.0178074,0.05,1,86500,86076,424
995121,5.60263,4.00184,426,4294967295,0.0115615,0.05,1,86506,86080,426
998041,6.72053,4.00037,429,4294967295,0.0103123,0.05,1,86513,86084,429
1000961,5.3441,4.00007,430,4294967295,0.0260625,0.09,1,86518,86088,430
1002561,4.26882,4.00001,430,4294967295,0.0292125,0.14,1,86522,86092,430
1005481,4.05376,5.6,428,4294967295,0.0698425,0.17,1,86526,86098,428
1007761,3.21075,4.32,427,4294967295,0.0379685,0.14,1,86529,86102,427
1010681,7.84215,8.064,427,4294967295,0.0075937,0.11,1,86538,86111,427
1013601,4.76843,4.8128,427,4294967295,0.0255187,0.08,1,86542,86115,427
1016521,4.95369,4.16256,428,4294967295,0.0611038,0.11,1,86547,86119,428
1019441,4.99074,4.03251,429,4294967295,0.0762208,0.11,1,86552,86123,429
1022321,4.99815,4.0065,430,4294967295,0.0872441,0.08,1,86557,86127,430
1025241,5.79963,5.6013,430,4294967295,0.0894488,0.17,1,86563,86133,430
1028161,4.35993,4.32026,430,4294967295,0.0898898,0.17,1,86567,86137,430
1031061,7.27199,4.06405,434,4294967295,0.097978,0.17,1,86575,86141,434
1033981,5.4544,8.01281,430,4294967295,0.0435956,0.15,1,86580,86150,430
1036261,8.29088,4.80256,435,4294967295,0.0887191,0.18,1,86589,86154,435
1039181,4.85818,8.96051,429,4294967295,0.121744,0.17,1,86593,86164,429
1042101,3.37164,4.9921,428,4294967295,0.120349,0.16,1,86596,86168,428
1045021,2.27433,4.19842,426,4294967295,0.12807,0.15,1,86598,86172,426
1047941,3.65487,4.03968,426,4294967295,0.121614,0.14,1,86602,86176,426
1050861,3.93097,4.00794,426,4294967295,0.112323,0.1,1,86606,86180,426
1053781,3.98619,4.00159,426,4294967295,0.134465,0.09,1,86610,86184,426
1056701,3.99724,4.00032,426,4294967295,0.114893,0.09,1,86614,86188,426
1059621,3.99945,4.00006,426,4294967295,0.118979,0.09,1,86618,86192,426
1062541,4.79989,4.00001,427,4294967295,0.159796,0.09,1,86623,86196,427
1065381,120.96,4,573,4294967295,0.0319591,0,1,86773,86200,573
1068301,28.192,124,424,4294967295,0.00639183,0,1,86778,86354,424
1070581,8.0384,28,423,4294967295,0.00127837,0,1,86781,86358,423
1073501,5.60768,8,425,4294967295,0.000255673,0.02,1,86786,86361,425
1075781,8.32154,4.8,430,4294967295,5.11346e-05,0.07,1,86795,86365,430
1077861,5.66431,8.96,425,4294967295,0.0240102,0.03,1,86800,86375,425
1079941,13.9329,6.592,435,4294967295,0.00480205,0.01,1,86816,86381,435
1082861,6.78657,13.3184,425,4294967295,0.000960409,0.01,1,86821,86396,425
1085781,4.55731,5.86368,425,4294967295,0.000192082,0.02,1,86825,86400,425
1088701,4.11146,4.37274,425,4294967295,3.84164e-05,0.06,1,86829,86404,425
1091381,16.0223,4.07455,440,4294967295,0.0400077,0,1,86848,86408,440
1094301,7.20446,17.6149,424,4294967295,0.0400015,0.01,1,86853,86429,424
1097221,5.44089,6.72298,425,4294967295,0.00800031,0.01,1,86858,86433,425
1099701,5.88818,4.5446,427,4294967295,0.00160006,0.06,1,86864,86437,427
1102621,2.77764,5.70892,423,4294967295,0.000320012,0.06,1,86866,86443,423
1104901,26.1555,4.34178,451,4294967295,0.048064,0.03,1,86898,86447,451
1107821,9.23111,25.6684,425,4294967295,0.0096128,0.03,1,86903,86478,425
1110101,6.64622,8.33367,427,4294967295,0.0259226,0.05,1,86909,86482,427
1112181,3.72924,7.26673,423,4294967295,0.0211845,0.06,1,86912,86489,423
1113841,3.14585,3.85335,423,4294967295,0.0202369,0.02,1,86915,86492,423
1116761,5.42917,5.57067,423,4294967295,0.0280474,0.05,1,86921,86498,423
1119681,4.28583,4.31413,423,4294967295,0.0456095,0.01,1,86925,86502,423
1121541,9.65717,4.06283,430,4294967295,0.0251219,0.03,1,86936,86506,430
1124461,5.13143,8.01257,425,4294967295,0.0210244,0.05,1,86940,86515,425
1126741,6.62629,4.80251,428,4294967295,0.0122049,0.07,1,86947,86519,428
1129661,5.32526,8.1605,424,4294967295,0.026441,0.03,1,86952,86528,424
1132581,5.06505,4.8321,425,4294967295,0.0692882,0.01,1,86957,86532,425
1135501,5.01301,4.16642,426,4294967295,0.0778576,0.05,1,86962,86536,426
1138421,5.0026,4.03328,427,4294967295,0.0475715,0.07,1,86967,86540,427
1141341,4.20052,4.00666,427,4294967295,0.0335143,0.1,1,86971,86544,427
1144001,4.8401,4.00133,428,4294967295,0.0467029,0.1,1,86976,86548,428
1146921,4.96802,4.80027,428,4294967295,0.0973406,0.11,1,86981,86553,428
1149841,4.9936,4.16005,429,4294967295,0.107468,0.13,1,86986,86557,429
1151701,7.39872,4.03201,433,4294967295,0.0694936,0.11,1,86994,86561,433
1154621,5.47974,10.4064,426,4294967295,0.109899,0.07,1,86999,86573,426
1157541,5.89595,5.28128,428,4294967295,0.0699797,0.07,1,87005,86577,428
1160461,5.17919,4.25626,429,4294967295,0.0859959,0.09,1,87010,86581,429
1163381,4.23584,4.05125,429,4294967295,0.0651992,0.14,1,87014,86585,429
1166261,6.44717,4.01025,432,4294967295,0.0770398,0.14,1,87021,86589,432
1169181,6.08943,7.20205,430,4294967295,0.055408,0.14,1,87027,86597,430
1171461,5.21789,4.64041,431,4294967295,0.0830816,0.15,1,87032,86601,431
1174381,4.24358,4.92808,430,4294967295,0.120616,0.16,1,87036,86606,430
1177301,4.84872,4.18562,431,4294967295,0.144123,0.15,1,87041,86610,431
1180221,4.16974,4.03712,431,4294967295,0.124825,0.16,1,87045,86614,431
1183141,4.03395,4.00742,431,4294967295,0.120965,0.2,1,87049,86618,431
1186061,4.00679,4.00148,431,4294967295,0.104193,0.2,1,87053,86622,431
1188981,4.80136,4.0003,432,4294967295,0.116839,0.19,1,87058,86626,432
1191221,5.76027,4.00006,434,4294967295,0.111368,0.2,1,87064,86630,434
1192881,2.75205,6.40001,429,4294967295,0.0942735,0,1,87066,86637,429
1195801,116.55,120.48,425,4294967295,0.0188547,0.01,1,87211,86786,425
1198721,26.5101,27.296,425,4294967295,0.00377094,0,1,87215,86790,425
1201641,8.50202,8.6592,425,4294967295,0.000754188,0.07,1,87219,86794,425
1204321,4.1004,4.93184,424,4294967295,0.00815084,0.06,1,87222,86798,424
1207241,6.42008,7.38637,423,4294967295,0.00163017,0.06,1,87229,86806,423
1209941,10.884,4.67727,431,4294967295,0.024326,0,1,87241,86810,431
1212021,12.5768,9.73545,433,4294967295,0.0128652,0.03,1,87254,86821,433
1214941,6.51536,12.3471,425,4294967295,0.010573,0.01,1,87259,86834,425
1217861,4.50307,5.66942,425,4294967295,0.0101146,0.04,1,87263,86838,425
1220341,14.5006,4.33388,438,4294967295,0.0180229,0,1,87280,86842,438
1223261,6.10012,16.0668,423,4294967295,0.0196046,0,1,87284,86861,423
1226181,4.42002,6.41336,423,4294967295,0.00392092,0.03,1,87288,86865,423
1229101,4.084,4.48267,423,4294967295,0.000784183,0.03,1,87292,86869,423
1232021,5.6168,4.09653,425,4294967295,0.00815684,0.03,1,87298,86873,425
1234901,24.3234,4.01931,450,4294967295,0.00963137,0.03,1,87327,86877,450
1237821,8.06467,24.8039,424,4294967295,0.0259263,0.03,1,87331,86907,424
1240101,8.81293,8.16077,429,4294967295,0.00518525,0.04,1,87340,86911,429
1243021,4.16259,8.83215,423,4294967295,0.00903705,0.06,1,87343,86920,423
1245941,4.83252,4.96643,424,4294967295,0.00980741,0.04,1,87348,86924,424
1248861,4.1665,4.19329,424,4294967295,0.00996148,0.03,1,87352,86928,424
1251541,12.8333,4.03866,435,4294967295,0.0099923,0.01,1,87367,86932,435
1254461,7.36666,12.0077,427,4294967295,0.0339985,0.01,1,87373,86946,427
1257361,4.67333,5.60155,427,4294967295,0.0227997,0.1,1,87377,86950,427
1260281,7.33467,9.92031,424,4294967295,0.0285599,0.08,1,87385,86961,424
1263201,6.26693,5.18406,426,4294967295,0.045712,0.04,1,87391,86965,426
1266121,6.85339,4.23681,429,4294967295,0.0091424,0.05,1,87398,86969,429
1268801,3.77068,4.04736,428,4294967295,0.0338285,0.14,1,87401,86973,428
1271721,5.55414,6.40947,427,4294967295,0.0147657,0.13,1,87407,86980,427
1274641,4.31083,4.48189,427,4294967295,0.0269531,0.1,1,87411,86984,427
1277561,4.86217,4.09638,428,4294967295,0.0453906,0.09,1,87416,86988,428
1280241,2.57243,4.01928,426,4294967295,0.0650781,0.1,1,87418,86992,426
1282321,5.31449,4.80386,427,4294967295,0.0770156,0.1,1,87424,86997,427
1285241,6.6629,6.56077,427,4294967295,0.0394031,0.08,1,87431,87004,427
1286901,7.73258,4.51215,431,4294967295,0.0398806,0.09,1,87439,87008,431
1289821,5.54652,8.10243,427,4294967295,0.0319761,0.11,1,87444,87017,427
1292741,5.9093,4.82049,429,4294967295,0.0303952,0.08,1,87450,87021,429
1295661,5.18186,4.1641,430,4294967295,0.046079,0.12,1,87455,87025,430
1298341,9.03637,4.03282,436,4294967295,0.0332158,0.18,1,87465,87029,436
1301261,3.40727,8.00656,429,4294967295,0.0146432,0.14,1,87467,87038,429
1303541,3.08145,4.80131,428,4294967295,0.0269286,0.14,1,87470,87042,428
1306461,3.81629,3.36026,429,4294967295,0.0533857,0.12,1,87474,87045,429
1309381,3.96326,3.87205,429,4294967295,0.0826771,0.12,1,87478,87049,429
1311861,4.79265,3.97441,430,4294967295,0.0965354,0.16,1,87483,87053,430
1314781,4.15853,6.39488,427,4294967295,0.0913071,0.13,1,87487,87060,427
1316641,2.43171,4.47898,425,4294967295,0.0902614,0.08,1,87489,87064,425
1319561,5.28634,4.8958,426,4294967295,0.0820523,0.1,1,87495,87069,426
1322481,4.25727,4.17916,426,4294967295,0.0244105,0.09,1,87499,87073,426
1325381,116.051,4.03583,566,4294967295,0.00488209,0,1,87643,87077,566
1328301,27.2103,118.407,424,4294967295,0.000976418,0,1,87648,87224,424
1331221,8.64206,26.8814,424,4294967295,0.000195284,0.01,1,87652,87228,424
1334141,4.92841,8.57629,424,4294967295,3.90567e-05,0.06,1,87656,87232,424
1337061,4.18568,4.91526,424,4294967295,0.00800781,0.06,1,87660,87236,424
1338901,4.03714,4.18305,424,4294967295,0.00160156,0.02,1,87664,87240,424
1340561,3.20743,4.83661,422,4294967295,0.0243203,0.02,1,87667,87245,422
1342641,11.8415,9.76732,425,4294967295,0.0368641,0.06,1,87681,87256,425
1345561,11.1683,11.5535,424,4294967295,0.0233728,0.04,1,87692,87268,424
1348481,5.43366,5.51069,424,4294967295,0.0286746,0.04,1,87696,87272,424
1350341,9.08673,4.30214,430,4294967295,0.00573491,0.04,1,87706,87276,430
1352421,9.01735,8.86043,429,4294967295,0.033147,0.03,1,87715,87286,429
1355341,4.20347,8.97209,423,4294967295,0.0706294,0,1,87718,87295,423
1358261,4.04069,4.99442,423,4294967295,0.0221259,0.04,1,87722,87299,423
1361181,4.00814,4.19888,423,4294967295,0.00442518,0.03,1,87726,87303,423
1363861,28.8016,4.03978,454,4294967295,0.048885,0.03,1,87761,87307,454
1366781,10.5603,28.808,425,4294967295,0.057777,0.02,1,87767,87342,425
1369701,6.11206,8.96159,426,4294967295,0.0195554,0.03,1,87772,87346,426
1372621,3.62241,4.99232,425,4294967295,0.0119111,0.07,1,87775,87350,425
1375301,5.52448,4.19846,427,4294967295,0.0103822,0.06,1,87781,87354,427
1378221,5.1049,6.43969,425,4294967295,0.00207644,0.04,1,87786,87361,425
1380501,9.82098,4.48794,432,4294967295,0.0244153,0.04,1,87797,87365,432
1383421,5.9642,10.4976,425,4294967295,0.0128831,0.01,1,87802,87377,425
1386341,4.39284,5.29952,425,4294967295,0.0265766,0.05,1,87806,87381,425
1388401,2.47857,4.2599,423,4294967295,0.0293153,0.06,1,87808,87385,423
1390481,3.69571,3.25198,424,4294967295,0.0298631,0.01,1,87812,87388,424
1393401,9.53914,9.4504,424,4294967295,0.0779726,0.05,1,87823,87399,424
1396321,5.90783,5.09008,425,4294967295,0.0875945,0.01,1,87828,87403,425
1398181,5.98157,4.21802,427,4294967295,0.0415189,0.06,1,87834,87407,427
1401101,5.19631,4.8436,427,4294967295,0.00830378,0.07,1,87839,87412,427
1403381,5.83926,4.16872,429,4294967295,0.00166076,0.09,1,87845,87416,429
1406301,5.16785,8.03374,425,4294967295,0.0403321,0.07,1,87850,87425,425
1409221,4.23357,4.80675,425,4294967295,0.0720664,0.04,1,87854,87429,425
1412141,3.24671,4.16135,424,4294967295,0.0624133,0.08,1,87857,87433,424
1415061,3.84934,4.03227,424,4294967295,0.0924827,0.06,1,87861,87437,424
1417521,4.76987,4.00645,425,4294967295,0.0824965,0.06,1,87866,87441,425
1420441,12.954,13.6013,424,4294967295,0.0964993,0.06,1,87881,87457,424
1423361,6.59079,5.92026,425,4294967295,0.1473,0.05,1,87886,87461,425
1425841,5.31816,4.38405,426,4294967295,0.14946,0.03,1,87891,87465,426
1428761,4.26363,3.27681,427,4294967295,0.157892,0.05,1,87895,87468,427
1431681,4.05273,3.85536,427,4294967295,0.135578,0.08,1,87899,87472,427
1434601,4.01055,3.97107,427,4294967295,0.107116,0.11,1,87903,87476,427
1437281,4.80211,3.99421,428,4294967295,0.173423,0.09,1,87908,87480,428
1440201,3.36042,6.39884,424,4294967295,0.186685,0.13,1,87911,87487,424
1443121,3.87208,4.47977,424,4294967295,0.197337,0.08,1,87915,87491,424
1446041,3.97442,4.09595,424,4294967295,0.191467,0.05,1,87919,87495,424
1447681,3.19488,4.01919,423,4294967295,0.174293,0.06,1,87922,87499,423
1450601,5.43898,4.00384,425,4294967295,0.138859,0.06,1,87928,87503,425
1452881,5.0878,4.00077,426,4294967295,0.147772,0,1,87933,87507,426
1455801,117.818,120,423,4294967295,0.0295543,0.01,1,88079,87656,423
1458721,26.7635,27.2,423,4294967295,0.00591087,0.01,1,88083,87660,423
1461641,9.3527,8.64001,424,4294967295,0.00118217,0.04,1,88088,87664,424
1464561,5.87054,4.928,425,4294967295,0.000236435,0.03,1,88093,87668,425
1467481,3.57411,4.1856,424,4294967295,4.72869e-05,0.05,1,88096,87672,424
1470401,3.11482,4.03712,423,4294967295,0.00800946,0.06,1,88099,87676,423
1473061,7.02296,4.00742,427,4294967295,0.0416019,0.02,1,88107,87680,427
1475141,15.8046,6.40148,438,4294967295,0.00832038,0.02,1,88125,87687,438
1478061,7.96092,15.6803,426,4294967295,0.00966408,0,1,88131,87705,426
1480341,4.79218,6.33606,426,4294967295,0.00993282,0.07,1,88135,87709,426
1482421,4.15844,6.86721,423,4294967295,0.0179866,0.09,1,88139,87716,423
1484501,4.03169,3.77344,424,4294967295,0.00359731,0.01,1,88143,87719,424
1486161,3.20634,3.15469,424,4294967295,0.00871946,0.06,1,88146,87722,424
1489081,9.44127,9.43094,424,4294967295,0.0257439,0,1,88157,87733,424
1491361,5.88825,5.08619,425,4294967295,0.0131488,0.03,1,88162,87737,425
1494281,29.1777,30.6172,423,4294967295,0.0106298,0.02,1,88197,87774,423
1497201,9.83553,9.32345,424,4294967295,0.018126,0.01,1,88202,87778,424
1500121,5.16711,5.06469,424,4294967295,0.00362519,0.01,1,88206,87782,424
1503041,4.23342,4.21294,424,4294967295,0.00872504,0.04,1,88210,87786,424
1505961,3.24668,4.04259,423,4294967295,0.00974501,0.05,1,88213,87790,423
1508881,4.64934,4.00852,424,4294967295,0.001949,0.05,1,88218,87794,424
1510501,9.72987,4.0017,431,4294967295,0.0483898,0.04,1,88229,87798,431
1513421,6.74597,8.80034,427,4294967295,0.017678,0.03,1,88235,87808,427
1516341,4.54919,4.96007,427,4294967295,0.0115356,0.06,1,88239,87812,427
1519261,4.10984,4.19201,427,4294967295,0.0183071,0.11,1,88243,87816,427
1520901,2.42197,4.0384,425,4294967295,0.0116614,0.1,1,88245,87820,425
1522981,2.88439,4.80768,423,4294967295,0.0103323,0.11,1,88248,87825,423
1525061,8.57688,3.36154,430,4294967295,0.0260665,0.02,1,88258,87828,430
1527981,6.51538,8.67231,426,4294967295,0.0212133,0.01,1,88264,87838,426
1530261,6.10308,4.93446,428,4294967295,0.00424266,0.05,1,88270,87842,428
1531921,3.62062,4.98689,426,4294967295,0.0248485,0.09,1,88273,87847,426
1534841,7.92412,7.39738,427,4294967295,0.00496971,0.14,1,88282,87855,427
1537761,5.58482,4.67948,428,4294967295,0.000993941,0.11,1,88287,87859,428
1540681,4.31696,4.1359,428,4294967295,0.00819879,0.11,1,88291,87863,428
1543601,4.06339,4.02718,428,4294967295,0.00963976,0.13,1,88295,87867,428
1546521,6.41268,4.00544,431,4294967295,0.033928,0.13,1,88302,87871,431
1548561,4.48254,4.00109,431,4294967295,0.0307856,0.13,1,88306,87875,431
1550641,6.49651,6.40022,431,4294967295,0.0141571,0.19,1,88313,87882,431
1553561,10.0993,10.08,431,4294967295,0.0348314,0.17,1,88324,87893,431
1556481,6.81986,5.21601,433,4294967295,0.0629663,0.13,1,88330,87897,433
1558961,4.56397,4.2432,433,4294967295,0.0685933,0.21,1,88334,87901,433
1561881,5.71279,5.64864,433,4294967295,0.109719,0.23,1,88340,87907,433
1564801,2.74256,4.32973,431,4294967295,0.109944,0.23,1,88342,87911,431
1566661,2.94851,4.06595,430,4294967295,0.117989,0.2,1,88345,87915,430
1569581,4.5897,4.81319,430,4294967295,0.103598,0.15,1,88350,87920,430
1572501,3.31794,4.16264,429,4294967295,0.10072,0.15,1,88353,87924,429
1575421,3.86359,4.03253,429,4294967295,0.100144,0.17,1,88357,87928,429
1578341,3.97272,4.00651,429,4294967295,0.100029,0.14,1,88361,87932,429
1581261,4.79454,4.0013,430,4294967295,0.0760058,0.15,1,88366,87936,430
1583921,4.15891,4.00026,430,4294967295,0.0712011,0,1,88370,87940,430
1586841,120.032,123.2,426,4294967295,0.0142402,0.03,1,88519,88093,426
1589761,25.6064,27.84,424,4294967295,0.00284805,0.03,1,88521,88097,424
1592681,8.32127,8.768,424,4294967295,0.000569609,0.09,1,88525,88101,424
1595601,4.06425,4.9536,423,4294967295,0.00811392,0.08,1,88528,88105,423
1598521,4.01285,4.19072,423,4294967295,0.00162278,0.04,1,88532,88109,423
1601441,4.00257,4.03814,423,4294967295,0.0163246,0.03,1,88536,88113,423
1603681,4.00051,4.00763,423,4294967295,0.0192649,0,1,88540,88117,423
1605761,11.2001,10.4015,424,4294967295,0.019853,0.02,1,88553,88129,424
1608681,10.24,10.0803,424,4294967295,0.0199706,0,1,88563,88139,424
1611601,5.248,5.21606,424,4294967295,0.0119941,0.01,1,88567,88143,424
1614501,5.0496,4.24321,425,4294967295,0.0103988,0.06,1,88572,88147,425
1617201,4.20992,5.64864,423,4294967295,0.0100798,0,1,88576,88153,423
1620121,11.242,10.7297,424,4294967295,0.010016,0.01,1,88589,88165,424
1622401,6.2484,5.34595,425,4294967295,0.00200319,0.01,1,88594,88169,425
1625321,32.4497,33.0692,424,4294967295,0.0164006,0.01,1,88633,88209,424
1628241,11.2899,9.81384,426,4294967295,0.0512801,0,1,88639,88213,426
1631161,5.45799,5.16277,426,4294967295,0.050256,0.06,1,88643,88217,426
1634081,2.6916,4.23255,424,4294967295,0.0180512,0.09,1,88645,88221,424
1636961,2.93832,4.04651,423,4294967295,0.00361024,0.08,1,88648,88225,423
1639041,4.58766,4.0093,424,4294967295,0.00872205,0.02,1,88653,88229,424
1641961,8.91753,8.00186,425,4294967295,0.0257444,0.05,1,88663,88238,425
1644241,6.58351,4.80037,427,4294967295,0.0131489,0.09,1,88669,88242,427
1647161,6.9167,8.96007,424,4294967295,0.0506298,0.07,1,88676,88252,424
1650081,3.78334,4.99201,423,4294967295,0.0901259,0.02,1,88679,88256,423
1653001,4.75667,4.1984,424,4294967295,0.106025,0.04,1,88684,88260,424
1655681,3.35133,4.03968,423,4294967295,0.093205,0.04,1,88687,88264,423
1658601,11.0703,11.2079,423,4294967295,0.050641,0.02,1,88700,88277,423
1661521,5.41405,5.44159,423,4294967295,0.0261282,0.01,1,88704,88281,423
1664421,4.28281,4.28832,423,4294967295,0.0452256,0.03,1,88708,88285,423
1666501,12.0566,4.05766,433,4294967295,0.0490451,0.06,1,88722,88289,433
1669421,5.61131,11.2115,424,4294967295,0.033809,0.05,1,88726,88302,424
1672341,4.32226,5.44231,424,4294967295,0.0387618,0.02,1,88730,88306,424
1675261,5.66445,4.28846,426,4294967295,0.00775236,0.03,1,88736,88310,426
1678181,5.13289,4.05769,427,4294967295,0.00955047,0.06,1,88741,88314,427
1681101,4.22658,4.01154,427,4294967295,0.0179101,0.08,1,88745,88318,427
1683141,5.64532,4.00231,429,4294967295,0.027582,0.12,1,88751,88322,429
1685221,11.5291,5.60046,436,4294967295,0.0295164,0.14,1,88764,88328,436
1688141,5.50581,11.5201,427,4294967295,0.0859033,0.14,1,88768,88341,427
1691061,5.10116,5.50402,428,4294967295,0.0811807,0.11,1,88773,88345,428
1693981,4.22023,4.3008,428,4294967295,0.0642361,0.12,1,88777,88349,428
1696661,4.04405,4.06016,428,4294967295,0.0928472,0.12,1,88781,88353,428
1699581,4.00881,5.61203,426,4294967295,0.0745694,0.12,1,88785,88359,426
1702501,4.00176,4.32241,426,4294967295,0.118914,0.09,1,88789,88363,426
1705421,4.00035,4.06448,426,4294967295,0.119783,0.09,1,88793,88367,426
1708341,4.00007,4.0129,426,4294967295,0.0959566,0.08,1,88797,88371,426
1711261,5.60001,4.00258,428,4294967295,0.0911913,0.09,1,88803,88375,428
1714181,4.32,4.00052,428,4294967295,0.106238,0.1,1,88807,88379,428
1716421,114.464,4.0001,566,4294967295,0.0212477,0,1,88949,88383,566
1719341,25.2928,117.6,423,4294967295,0.00424953,0.01,1,88952,88529,423
1722261,9.05856,26.72,424,4294967295,0.000849906,0.05,1,88957,88533,424
1725181,4.21171,8.544,423,4294967295,0.00816998,0.03,1,88960,88537,423
1728101,4.84234,4.9088,424,4294967295,0.017634,0.06,1,88965,88541,424
1731021,3.36847,4.18176,423,4294967295,0.0115268,0.03,1,88968,88545,423
1733941,4.67369,4.03635,424,4294967295,0.0103054,0.06,1,88973,88549,424
1736181,4.13474,4.00727,424,4294967295,0.0180611,0.01,1,88977,88553,424
1738261,12.0269,4.80145,433,4294967295,0.0516122,0.03,1,88991,88558,433
1741181,5.60539,12.1603,423,4294967295,0.0823224,0.03,1,88995,88572,423
1744101,4.32108,5.63206,423,4294967295,0.0884645,0.03,1,88999,88576,423
1747021,4.06422,4.32641,423,4294967295,0.0336929,0.03,1,89003,88580,423
1749701,13.6128,4.06528,435,4294967295,0.0307386,0,1,89019,88584,435
1752621,5.92257,12.8131,424,4294967295,0.0301477,0.01,1,89023,88599,424
1754901,30.7845,5.76261,457,4294967295,0.0140295,0.09,1,89060,88603,457
1756981,13.3569,31.5525,428,4294967295,0.0508059,0.02,1,89069,88641,428
1759901,6.67138,13.5105,424,4294967295,0.0181612,0.01,1,89074,88650,424
1762821,4.53428,5.9021,424,4294967295,0.00363224,0.01,1,89078,88654,424
1765741,4.10686,4.38042,424,4294967295,0.000726447,0.06,1,89082,88658,424
1768661,5.62137,4.07608,426,4294967295,0.0321453,0.05,1,89088,88662,426
1771541,5.92427,4.01522,428,4294967295,0.0144291,0.05,1,89094,88666,428
1773621,9.98485,4.00304,435,4294967295,0.0268858,0.13,1,89105,88670,435
1776541,5.19697,12.0006,425,4294967295,0.0133772,0.08,1,89109,88684,425
1779461,5.03939,5.60012,426,4294967295,0.0266754,0.08,1,89114,88688,426
1781941,3.40788,4.32002,425,4294967295,0.0453351,0.06,1,89117,88692,425
1784861,6.28158,4.864,427,4294967295,0.073067,0.06,1,89124,88697,427
1786721,3.65632,4.1728,426,4294967295,0.0706134,0.04,1,89127,88701,426
1789641,3.93126,4.03456,426,4294967295,0.0541227,0.11,1,89131,88705,426
1791921,3.18625,4.00691,425,4294967295,0.0508245,0.08,1,89134,88709,425
1794841,7.03725,6.40138,426,4294967295,0.0341649,0.07,1,89142,88716,426
1796501,6.20745,4.48028,428,4294967295,0.022833,0.07,1,89148,88720,428
1799421,5.24149,8.09606,424,4294967295,0.0205666,0,1,89153,88729,424
1801701,8.2483,4.81921,429,4294967295,0.0361133,0.05,1,89162,88733,429
1804621,4.84966,8.16384,424,4294967295,0.0152227,0.03,1,89166,88742,424
1806901,5.76993,4.83277,426,4294967295,0.0430445,0.03,1,89172,88746,426
1809821,3.55399,4.96655,424,4294967295,0.0166089,0.03,1,89175,88751,424
1812741,6.3108,4.19331,427,4294967295,0.0273218,0.05,1,89182,88755,427
1815221,11.6622,4.03866,436,4294967295,0.0134644,0.11,1,89195,88759,436
1818141,5.53243,11.2077,427,4294967295,0.00269287,0.08,1,89199,88772,427
1821061,5.90649,5.44155,429,4294967295,0.0325386,0.11,1,89205,88776,429
1823541,6.7813,4.28831,432,4294967295,0.0625077,0.12,1,89212,88780,432
1826461,3.75626,6.45766,428,4294967295,0.0685015,0.17,1,89215,88787,428
1829381,3.95125,4.49153,428,4294967295,0.0937003,0.14,1,89219,88791,428
1832301,3.99025,4.09831,428,4294967295,0.13074,0.13,1,89223,88795,428
1834981,5.59805,4.01966,430,4294967295,0.162148,0.15,1,89229,88799,430
1837901,4.31961,5.60393,428,4294967295,0.12843,0.12,1,89233,88805,428
1840181,4.86392,4.32079,429,4294967295,0.105686,0.14,1,89238,88809,429
1843101,4.97278,8.86416,424,4294967295,0.125137,0.1,1,89243,88819,424
1844961,2.59456,4.97283,422,4294967295,0.105027,0.01,1,89245,88823,422
1847881,113.319,112.195,424,4294967295,0.0210055,0.01,1,89386,88962,424
1850801,25.8638,25.6389,424,4294967295,0.0042011,0,1,89390,88966,424
1853721,8.37276,8.32778,424,4294967295,0.0168402,0.03,1,89394,88970,424
1856641,5.67455,4.86556,425,4294967295,0.00336804,0.05,1,89399,88974,425
1859561,5.13491,4.17311,426,4294967295,0.000673609,0.05,1,89404,88978,426
1862481,5.02698,4.03462,427,4294967295,0.00813472,0.06,1,89409,88982,427
1865401,3.4054,4.00692,426,4294967295,0.00962694,0.08,1,89412,88986,426
1868261,3.88108,4.00138,426,4294967295,0.00992539,0.12,1,89416,88990,426
1870341,9.57622,5.60028,431,4294967295,0.0259851,0.05,1,89427,88996,431
1873261,5.91524,10.7201,424,4294967295,0.045197,0,1,89432,89008,424
1876181,3.58305,5.34401,423,4294967295,0.0730394,0.03,1,89435,89012,423
1878661,7.11661,4.2688,427,4294967295,0.0546079,0.04,1,89443,89016,427
1880321,3.82332,6.45376,423,4294967295,0.0509216,0.01,1,89446,89023,423
1883241,6.36466,6.09075,424,4294967295,0.0181843,0.05,1,89453,89029,424
1884901,30.8729,4.41815,457,4294967295,0.0276369,0.07,1,89490,89033,457
1886981,10.9746,31.2836,425,4294967295,0.0135274,0.03,1,89496,89071,425
1889061,12.5949,10.2567,433,4294967295,0.00270547,0.04,1,89509,89076,433
1891981,6.51898,13.2513,424,4294967295,0.0565411,0.01,1,89514,89090,424
1894901,4.5038,5.85027,424,4294967295,0.0513082,0.01,1,89518,89094,424
1897381,3.30076,4.37005,423,4294967295,0.0342616,0.03,1,89521,89098,423
1900301,3.86015,3.27401,424,4294967295,0.0228523,0.05,1,89525,89101,424
1902161,3.97203,3.8548,424,4294967295,0.00457047,0.01,1,89529,89105,424
1904241,5.59441,3.97096,426,4294967295,0.0409141,0.05,1,89535,89109,426
1907161,6.71888,7.19419,425,4294967295,0.0641828,0.08,1,89542,89117,425
1910081,4.54378,4.63884,425,4294967295,0.0608366,0.07,1,89546,89121,425
1912561,6.50876,4.12777,428,4294967295,0.0761673,0.05,1,89553,89125,428
1915481,5.30175,8.02555,424,4294967295,0.119233,0.11,1,89558,89134,424
1918401,4.26035,4.80511,424,4294967295,0.111847,0.03,1,89562,89138,424
1921301,4.85207,4.16102,425,4294967295,0.0943693,0.06,1,89567,89142,425
1924221,5.77041,4.0322,427,4294967295,0.106874,0.07,1,89573,89146,427
1927121,2.75408,4.00644,425,4294967295,0.0933748,0.09,1,89575,89150,425
1930041,6.15082,7.20129,424,4294967295,0.042675,0.05,1,89582,89158,424
1931701,8.43016,4.64026,429,4294967295,0.088535,0.08,1,89591,89162,429
1934621,4.88603,8.12805,424,4294967295,0.097707,0.03,1,89595,89171,424
1936901,8.17721,4.82561,429,4294967295,0.0835414,0.02,1,89604,89175,429
1939821,4.03544,8.16512,423,4294967295,0.0567083,0.05,1,89607,89184,423
1942101,8.00709,4.83302,428,4294967295,0.0513417,0.01,1,89616,89188,428
1943761,4.80142,7.3666,424,4294967295,0.0422683,0.02,1,89620,89196,424
1946681,7.36028,5.47332,427,4294967295,0.0164537,0.08,1,89628,89201,427
1948961,5.47206,4.29466,428,4294967295,0.0112907,0.07,1,89633,89205,428
1951881,8.29441,6.45893,430,4294967295,0.00225815,0.1,1,89642,89212,430
1954801,6.45888,4.49179,432,4294967295,0.0644516,0.13,1,89648,89216,432
1957281,2.89178,4.09836,430,4294967295,0.0768903,0.18,1,89650,89220,430
1960201,4.57836,5.61967,429,4294967295,0.111378,0.18,1,89655,89226,429
1962481,4.91567,4.32393,430,4294967295,0.126276,0.1,1,89660,89230,430
1965401,3.38313,5.66479,427,4294967295,0.0892551,0.16,1,89663,89236,427
1968321,3.87663,4.33296,427,4294967295,0.065851,0.11,1,89667,89240,427
1970181,3.97533,4.06659,427,4294967295,0.0371702,0.1,1,89671,89244,427
1973101,4.79507,4.01332,428,4294967295,0.015434,0.11,1,89676,89248,428
1976001,3.35901,4.00266,427,4294967295,0.0270868,0,1,89679,89252,427
1978921,114.272,117.601,423,4294967295,0.0134174,0,1,89821,89398,423
1981841,26.0544,26.7201,423,4294967295,0.00268347,0.01,1,89825,89402,423
1984761,8.41087,8.54402,423,4294967295,0.00853669,0.01,1,89829,89406,423
1987681,5.68217,4.9088,424,4294967295,0.00170734,0.03,1,89834,89410,424
1990601,4.33643,4.18176,424,4294967295,0.00834147,0.03,1,89838,89414,424
1993521,4.86729,4.03635,425,4294967295,0.00166829,0.05,1,89843,89418,425
1996441,5.77346,4.00727,427,4294967295,0.0163337,0.05,1,89849,89422,427
1999361,3.55469,4.00145,426,4294967295,0.0112667,0.07,1,89852,89426,426
2002281,3.11094,4.00029,425,4294967295,0.0262533,0.1,1,89855,89430,425
2004081,3.02219,4.00006,424,4294967295,0.0212507,0.05,1,89858,89434,424
2007001,10.2044,10.4,424,4294967295,0.0442501,0.02,1,89870,89446,424
2009281,4.44089,5.28,423,4294967295,0.04085,0.03,1,89873,89450,423
2012201,8.88818,8.256,424,4294967295,0.07217,0,1,89883,89459,424
2014901,32.9776,4.8512,459,4294967295,0.014434,0.02,1,89922,89463,459
2017601,11.3955,31.3702,427,4294967295,0.0188868,0.1,1,89928,89501,427
2019681,8.67911,14.274,425,4294967295,0.00377736,0.02,1,89936,89511,425
2022601,14.5358,15.6548,425,4294967295,0.0407555,0,1,89952,89527,425
2025521,7.70716,6.33096,427,4294967295,0.0161511,0.05,1,89958,89531,427
2028441,3.94143,4.46619,426,4294967295,0.00323022,0.06,1,89961,89535,426
2031361,4.78829,4.09324,427,4294967295,0.056646,0.09,1,89966,89539,427
2034281,4.95766,4.01865,428,4294967295,0.0593292,0.09,1,89971,89543,428
2036741,8.99153,4.00373,434,4294967295,0.0438658,0.15,1,89981,89547,434
2039661,5.79831,9.60075,428,4294967295,0.0167732,0.11,1,89986,89558,428
2042581,3.55966,5.12015,427,4294967295,0.0113546,0.11,1,89989,89562,427
2045501,3.11193,4.22403,426,4294967295,0.0102709,0.13,1,89992,89566,426
2048421,3.82239,4.04481,426,4294967295,0.0180542,0.11,1,89996,89570,426
2051341,5.56448,4.00896,428,4294967295,0.0356108,0.09,1,90002,89574,428
2054261,4.3129,4.00179,428,4294967295,0.0551222,0.09,1,90006,89578,428
2057181,4.06258,4.00036,428,4294967295,0.0750244,0.14,1,90010,89582,428
2060101,4.01252,4.00007,428,4294967295,0.0870049,0.12,1,90014,89586,428
2061701,4.0025,4.00001,428,4294967295,0.073401,0.08,1,90018,89590,428
2063781,11.2005,6.4,434,4294967295,0.0786802,0.06,1,90031,89597,434
2066701,3.8401,10.08,425,4294967295,0.063736,0.07,1,90033,89608,425
2068981,3.96802,5.216,425,4294967295,0.0367472,0.07,1,90037,89612,425
2071901,3.1936,5.0432,423,4294967295,0.0153494,0.07,1,90040,89617,423
2074181,7.83872,4.20864,428,4294967295,0.0350699,0.03,1,90049,89621,428
2076261,7.16774,7.24173,427,4294967295,0.111014,0.06,1,90056,89629,427
2078341,10.2335,6.24835,432,4294967295,0.126203,0.07,1,90067,89635,432
2080001,5.24671,7.64967,428,4294967295,0.113241,0.14,1,90071,89643,428
2082921,8.24934,10.3299,426,4294967295,0.118648,0.12,1,90080,89654,426
2085841,3.24987,5.26599,424,4294967295,0.15173,0.09,1,90082,89658,424
2088761,3.04997,4.2532,423,4294967295,0.150346,0.07,1,90085,89662,423
2091681,4.60999,4.05064,424,4294967295,0.110069,0.05,1,90090,89666,424
2094601,4.122,4.01013,424,4294967295,0.126014,0.03,1,90094,89670,424
2097521,4.8244,4.00203,425,4294967295,0.0972028,0.06,1,90099,89674,425
2100441,4.16488,4.00041,425,4294967295,0.0674406,0.05,1,90103,89678,425
2102261,4.03298,4.00008,425,4294967295,0.0534881,0.08,1,90107,89682,425
2105181,4.8066,5.60002,424,4294967295,0.0746976,0.06,1,90112,89688,424
2107041,4.16132,4.32,424,4294967295,0.0869395,0,1,90116,89692,424
2109961,114.432,114.464,424,4294967295,0.0173879,0.01,1,90258,89834,424
2112881,26.0865,26.0928,424,4294967295,0.00347758,0.01,1,90262,89838,424
2115801,8.41729,8.41856,424,4294967295,0.000695516,0.05,1,90266,89842,424
2118721,4.88346,4.88371,424,4294967295,0.000139103,0.05,1,90270,89846,424
2121641,3.37669,4.17674,423,4294967295,0.00802782,0.05,1,90273,89850,423
2124561,4.67534,4.03535,424,4294967295,0.00960556,0.06,1,90278,89854,424
2126801,4.93507,4.00707,425,4294967295,0.0259211,0.03,1,90283,89858,425
2129721,7.38701,7.20141,425,4294967295,0.0291842,0.08,1,90291,89866,425
2132641,5.4774,4.64028,426,4294967295,0.0298368,0.03,1,90296,89870,426
2135121,3.49548,4.12806,425,4294967295,0.0299674,0.01,1,90299,89874,425
2138041,3.8991,3.22561,426,4294967295,0.0299935,0.09,1,90303,89877,426
2140321,3.97982,3.84512,426,4294967295,0.0299987,0.09,1,90307,89881,426
2142401,4.79596,4.76902,426,4294967295,0.0219997,0.02,1,90312,89886,426
2145321,34.5592,33.7538,427,4294967295,0.0283999,0.03,1,90354,89927,427
2146981,10.9118,9.95076,428,4294967295,0.01368,0.1,1,90359,89931,428
2149901,6.18237,8.39015,425,4294967295,0.010736,0.06,1,90364,89939,425
2152181,13.2365,4.87803,436,4294967295,0.0581472,0.03,1,90379,89943,436
2154261,8.24729,12.1756,429,4294967295,0.0116294,0,1,90386,89957,429
2157181,4.04946,8.03512,425,4294967295,0.0103259,0.1,1,90389,89964,425
2159041,3.20989,4.80702,424,4294967295,0.0180652,0.07,1,90392,89968,424
2161961,6.24198,7.3614,423,4294967295,0.011613,0.05,1,90399,89976,423
2164881,4.4484,4.67228,423,4294967295,0.0423226,0,1,90403,89980,423
2166741,7.28968,4.13446,427,4294967295,0.0564645,0.03,1,90411,89984,427
2169661,6.25794,6.42689,426,4294967295,0.0352929,0.04,1,90417,89991,426
2171941,6.85159,4.48538,429,4294967295,0.0230586,0.06,1,90424,89995,429
2174861,4.57032,5.69708,427,4294967295,0.0446117,0.08,1,90428,90001,427
2177781,3.31406,4.33942,426,4294967295,0.0169223,0.08,1,90431,90005,426
2180701,4.66281,4.06788,427,4294967295,0.171384,0.1,1,90436,90009,427
2183621,4.93256,4.01358,428,4294967295,0.226277,0.08,1,90441,90013,428
2186541,3.38651,4.00272,427,4294967295,0.245255,0.12,1,90444,90017,427
2189461,2.2773,4.00054,425,4294967295,0.241051,0.13,1,90446,90021,425
2192321,2.85546,4.00011,424,4294967295,0.23221,0.03,1,90449,90025,424
2195241,12.5711,11.2,426,4294967295,0.190442,0.01,1,90464,90038,426
2198161,8.11422,5.44,429,4294967295,0.150088,0.01,1,90471,90042,429
2201061,6.42284,4.288,431,4294967295,0.174018,0.11,1,90477,90046,431
2202721,5.28457,4.8576,431,4294967295,0.162804,0.15,1,90482,90051,431
2205641,5.85691,7.37152,429,4294967295,0.168561,0.17,1,90488,90059,429
2208341,6.77138,4.6743,432,4294967295,0.201712,0.13,1,90495,90063,432
2210421,10.1543,6.53486,436,4294967295,0.160342,0.18,1,90506,90070,436
2212501,11.6309,10.907,436,4294967295,0.160068,0.14,1,90518,90082,436
2215421,3.92617,12.5814,425,4294967295,0.144014,0.09,1,90520,90095,425
2218341,4.78523,5.71628,426,4294967295,0.148803,0.08,1,90525,90099,426
2221261,4.95705,4.34326,427,4294967295,0.213761,0.07,1,90530,90103,427
2224181,3.39141,4.06865,426,4294967295,0.186752,0.09,1,90533,90107,426
2227101,3.07828,4.01373,425,4294967295,0.18135,0.12,1,90536,90111,425
2230021,3.81566,4.00275,425,4294967295,0.18827,0.09,1,90540,90115,425
2232941,4.76313,4.00055,426,4294967295,0.109654,0.07,1,90545,90119,426
2235861,4.15263,4.00011,426,4294967295,0.0859308,0.07,1,90549,90123,426
2238081,4.83053,4.00002,427,4294967295,0.121186,0,1,90554,90127,427
2241001,112.966,115.2,424,4294967295,0.0322372,0.01,1,90694,90270,424
2243921,24.9932,26.24,423,4294967295,0.00644745,0.01,1,90697,90274,423
2246841,8.99864,8.448,424,4294967295,0.00128949,0.04,1,90702,90278,424
2249761,5.79973,4.8896,425,4294967295,0.0082579,0.04,1,90707,90282,425
2252681,3.55995,4.17792,424,4294967295,0.00165158,0.06,1,90710,90286,424
2255601,3.91199,4.03558,424,4294967295,0.000330316,0.07,1,90714,90290,424
2258521,3.9824,4.00712,424,4294967295,6.60632e-05,0.05,1,90718,90294,424
2261381,7.99648,4.00142,429,4294967295,0.0320132,0.03,1,90727,90298,429
2264301,5.5993,8.00028,425,4294967295,0.0464026,0.05,1,90732,90307,425
2267221,4.31986,4.80006,425,4294967295,0.0492805,0.06,1,90736,90311,425
2270141,2.46397,4.16001,423,4294967295,0.0658561,0.08,1,90738,90315,423
2273061,4.49279,4.032,424,4294967295,0.0611712,0.07,1,90743,90319,424
2274901,32.8986,4.0064,460,4294967295,0.108234,0.01,1,90783,90323,460
2277821,10.5797,32.8013,425,4294967295,0.0216468,0.03,1,90788,90363,425
2280721,6.11594,9.76026,426,4294967295,0.0283294,0,1,90793,90367,426
2282801,13.2232,16.3521,423,4294967295,0.0456659,0.03,1,90808,90385,423
2285721,13.8446,12.0704,426,4294967295,0.00913317,0.05,1,90822,90396,426
2288641,5.16893,5.61408,425,4294967295,0.0258266,0.07,1,90825,90400,425
2291541,6.63379,4.32282,428,4294967295,0.0131653,0.07,1,90832,90404,428
2294461,4.52676,7.26456,424,4294967295,0.0266331,0.04,1,90836,90412,424
2296741,6.50535,4.65291,427,4294967295,0.0133266,0.05,1,90843,90416,427
2299661,12.5011,7.33058,433,4294967295,0.0426653,0.05,1,90857,90424,433
2302581,7.30021,4.66612,435,4294967295,0.0565331,0.03,1,90863,90428,435
2305501,5.46004,4.13322,436,4294967295,0.0113066,0.23,1,90868,90432,436
2308421,2.69201,4.02664,434,4294967295,0.0102613,0.26,1,90870,90436,434
2310261,4.5384,4.00533,435,4294967295,0.0100523,0.27,1,90875,90440,435
2313181,4.10768,4.00107,435,4294967295,0.00201045,0.25,1,90879,90444,435
2315461,4.02154,4.00021,435,4294967295,0.0404021,0.27,1,90883,90448,435
2318381,4.00431,6.40004,432,4294967295,0.0640804,0.22,1,90887,90455,432
2321301,2.40086,4.48001,430,4294967295,0.0608161,0.19,1,90889,90459,430
2323361,4.48017,4.096,431,4294967295,0.0361632,0.18,1,90894,90463,431
2325441,5.69603,3.2192,434,4294967295,0.0152326,0.18,1,90900,90466,434
2328361,9.13921,9.44384,433,4294967295,0.0590465,0.17,1,90910,90477,433
2331281,3.42784,5.08877,431,4294967295,0.0758093,0.16,1,90912,90481,431
2333141,11.8856,4.21775,441,4294967295,0.0631619,0.2,1,90926,90485,441
2336061,5.57711,12.0436,431,4294967295,0.0686324,0.18,1,90930,90499,431
2338961,5.91542,5.60871,433,4294967295,0.117726,0.21,1,90936,90503,433
2341041,9.18308,9.92174,432,4294967295,0.143545,0.15,1,90946,90514,432
2343961,9.83662,10.7843,431,4294967295,0.124709,0.24,1,90956,90525,431
2346241,4.36732,5.35687,430,4294967295,0.120942,0.18,1,90959,90529,430
2349161,4.07346,6.67137,427,4294967295,0.168188,0.19,1,90963,90536,427
2352081,5.61469,4.53427,429,4294967295,0.153638,0.12,1,90969,90540,429
2355001,4.32294,4.10685,429,4294967295,0.150728,0.1,1,90973,90544,429
2357921,4.86459,4.02137,430,4294967295,0.174146,0.15,1,90978,90548,430
2360841,4.17292,4.00427,430,4294967295,0.154829,0.15,1,90982,90552,430
2363761,4.03458,4.00085,430,4294967295,0.126966,0.17,1,90986,90556,430
2366681,4.00692,4.00017,430,4294967295,0.121393,0.17,1,90990,90560,430
2369121,3.20138,4.00003,429,4294967295,0.152279,0.01,1,90993,90564,429
2372041,111.84,116.8,423,4294967295,0.0304557,0.01,1,91132,90709,423
2374961,26.3681,26.56,424,4294967295,0.00609114,0.01,1,91137,90713,424
2377881,9.27361,8.512,425,4294967295,0.0252182,0.01,1,91142,90717,425
2380801,5.05472,4.9024,425,4294967295,0.0130436,0.05,1,91146,90721,425
2383721,5.01094,4.18048,426,4294967295,0.0266087,0.07,1,91151,90725,426
2386641,3.40219,4.0361,425,4294967295,0.0213217,0.07,1,91154,90729,425
2389561,4.68044,4.00722,426,4294967295,0.00426435,0.09,1,91159,90733,426
2392481,4.93609,4.00144,427,4294967295,0.00085287,0.08,1,91164,90737,427
2395401,5.78722,4.00029,429,4294967295,0.0401706,0.08,1,91170,90741,429
2398321,3.55744,4.00006,428,4294967295,0.0640341,0.11,1,91173,90745,428
2401241,3.11149,4.00001,427,4294967295,0.0608068,0.14,1,91176,90749,427
2403441,3.8223,4,427,4294967295,0.100161,0.03,1,91180,90753,427
2406361,28.7645,29.6,426,4294967295,0.132032,0.05,1,91215,90789,426
2408641,10.5529,9.12,428,4294967295,0.122406,0.05,1,91221,90793,428
2411561,4.51058,6.624,425,4294967295,0.120481,0.14,1,91224,90799,425
2413221,10.5021,4.5248,433,4294967295,0.0720963,0.05,1,91236,90803,433
2415301,18.1004,11.305,440,4294967295,0.0304193,0.05,1,91256,90816,440
2418221,7.62008,19.061,424,4294967295,0.00608385,0,1,91261,90837,424
2421141,5.52402,7.0122,425,4294967295,0.00921677,0.03,1,91266,90841,425
2423621,6.7048,4.60244,428,4294967295,0.0338434,0.05,1,91273,90845,428
2426541,4.54096,5.72049,426,4294967295,0.0707687,0.07,1,91277,90851,426
2428821,3.30819,4.3441,425,4294967295,0.0781537,0.1,1,91280,90855,425
2430481,3.86164,5.66882,423,4294967295,0.0636307,0.03,1,91284,90861,423
2433401,7.97233,7.53376,424,4294967295,0.0447261,0.05,1,91293,90869,424
2435681,6.39447,4.70675,426,4294967295,0.0809452,0.05,1,91299,90873,426
2438601,6.87889,8.94135,423,4294967295,0.072189,0.07,1,91306,90883,423
2441521,4.57578,4.98827,423,4294967295,0.0464378,0.07,1,91310,90887,423
2444441,6.51516,4.19765,426,4294967295,0.0492876,0.03,1,91317,90891,426
2447361,4.50303,4.03953,426,4294967295,0.0498575,0.03,1,91321,90895,426
2450281,4.10061,4.00791,426,4294967295,0.0579715,0.1,1,91325,90899,426
2453201,2.42012,4.00158,424,4294967295,0.0435943,0.08,1,91327,90903,424
2456121,5.28402,4.00032,426,4294967295,0.0167189,0.1,1,91333,90907,426
2457941,4.2568,4.00006,426,4294967295,0.0273438,0.05,1,91337,90911,426
2460021,5.65136,3.20001,429,4294967295,0.0534688,0.09,1,91343,90914,429
2461681,5.93027,5.44,429,4294967295,0.0586938,0.09,1,91349,90920,429
2463761,6.78605,6.688,429,4294967295,0.0437388,0.16,1,91356,90927,429
2466681,7.75721,5.3376,432,4294967295,0.0407478,0.15,1,91364,90932,432
2468341,9.55144,4.26752,438,4294967295,0.0801496,0.15,1,91374,90936,438
2471261,8.31029,12.0535,432,4294967295,0.0400299,0.17,1,91382,90950,432
2473541,9.66206,5.6107,438,4294967295,0.048006,0.19,1,91392,90954,438
2476461,5.93241,9.12214,433,4294967295,0.0656012,0.16,1,91397,90964,433
2478741,4.38648,5.02443,433,4294967295,0.10112,0.16,1,91401,90968,433
2481661,3.2773,6.60489,429,4294967295,0.116224,0.17,1,91404,90975,429
2483941,6.25546,4.52098,432,4294967295,0.103245,0.14,1,91411,90979,432
2486861,2.85109,4.9042,429,4294967295,0.116649,0.14,1,91413,90984,429
2489781,3.77022,4.18084,429,4294967295,0.12733,0.18,1,91417,90988,429
2492701,5.55404,4.03617,431,4294967295,0.065466,0.15,1,91423,90992,431
2495621,5.91081,4.00723,433,4294967295,0.0690932,0.16,1,91429,90996,433
2498541,5.18216,4.00145,434,4294967295,0.0858186,0.19,1,91434,91000,434
2500161,2.63643,4.00029,432,4294967295,0.0651637,0.03,1,91436,91004,432
2503081,103.727,110.4,424,4294967295,0.0130327,0.01,1,91565,91141,424
2505361,23.1455,25.28,423,4294967295,0.0506066,0.02,1,91568,91145,423
2508281,12.6291,12.256,424,4294967295,0.0181213,0,1,91578,91154,424
2511201,7.32582,5.6512,426,4294967295,0.00362426,0.01,1,91584,91158,426
2514121,4.66516,4.33024,426,4294967295,0.00872485,0.06,1,91588,91162,426
2517041,6.53303,4.06605,429,4294967295,0.057745,0.09,1,91595,91166,429
2519961,4.50661,4.01321,429,4294967295,0.051549,0.1,1,91599,91170,429
2522881,4.10132,4.00264,429,4294967295,0.0503098,0.15,1,91603,91174,429
2525801,4.82026,4.00053,430,4294967295,0.050062,0.14,1,91608,91178,430
2528721,2.56405,4.00011,428,4294967295,0.0580124,0.14,1,91610,91182,428
2531641,3.71281,4.00002,428,4294967295,0.0756025,0.15,1,91614,91186,428
2534481,5.54256,4,430,4294967295,0.11112,0.1,1,91620,91190,430
2537401,26.7085,31.2,424,4294967295,0.206224,0.13,1,91652,91228,424
2540321,9.3417,9.44,425,4294967295,0.241245,0.06,1,91657,91232,425
2543221,8.26834,5.088,429,4294967295,0.216249,0.06,1,91665,91236,429
2545301,19.2537,8.2176,442,4294967295,0.20325,0.01,1,91687,91245,442
2548221,8.65073,18.4435,427,4294967295,0.19265,0.03,1,91693,91266,427
2550501,6.53015,6.8887,429,4294967295,0.13453,0.1,1,91699,91270,429
2553421,5.30603,6.17774,428,4294967295,0.130906,0.11,1,91704,91276,428
2555701,5.86121,4.43555,430,4294967295,0.138181,0.11,1,91710,91280,430
2558621,3.57224,6.48711,426,4294967295,0.179636,0.07,1,91713,91287,426
2561521,4.71445,4.49742,427,4294967295,0.179927,0.1,1,91718,91291,427
2563601,3.34289,4.09948,426,4294967295,0.251985,0.06,1,91721,91295,426
2566521,9.46858,10.4199,425,4294967295,0.226397,0.04,1,91732,91307,425
2568801,6.69372,5.28398,427,4294967295,0.229279,0.06,1,91738,91311,427
2571721,2.93874,5.0568,424,4294967295,0.229856,0.07,1,91740,91316,424
2573381,4.58775,4.21136,425,4294967295,0.221971,0.05,1,91745,91320,425
2576301,4.91755,5.64227,424,4294967295,0.212394,0.06,1,91750,91326,424
2579221,4.98351,4.32845,425,4294967295,0.202479,0.03,1,91755,91330,425
2582141,4.1967,4.06569,425,4294967295,0.208496,0.05,1,91759,91334,425
2584821,4.83934,4.01314,426,4294967295,0.241699,0.06,1,91764,91338,426
2587741,3.36787,4.80263,424,4294967295,0.22434,0.07,1,91767,91343,424
2590021,10.2736,4.16053,432,4294967295,0.276868,0.06,1,91779,91347,432
2592721,6.85471,9.63211,427,4294967295,0.263374,0.07,1,91785,91358,427
2594801,6.97094,5.92642,429,4294967295,0.268675,0.13,1,91792,91363,429
2596881,8.59419,9.18528,428,4294967295,0.293735,0.13,1,91801,91373,428
2599801,10.5188,11.4371,427,4294967295,0.274747,0.11,1,91812,91385,427
2602081,6.90377,5.48741,429,4294967295,0.286949,0.14,1,91818,91389,429
2605001,10.1808,9.89748,429,4294967295,0.32139,0.14,1,91829,91400,429
2607281,6.03615,5.1795,430,4294967295,0.344278,0.15,1,91834,91404,430
2610201,6.00723,9.8359,425,4294967295,0.372856,0.11,1,91840,91415,425
2613121,6.00145,5.16718,427,4294967295,0.402571,0.05,1,91846,91419,427
2616041,3.60029,4.23344,426,4294967295,0.400514,0.07,1,91849,91423,426
2618961,3.12006,4.04669,425,4294967295,0.416103,0.11,1,91852,91427,425
2621881,4.62401,4.00934,426,4294967295,0.419221,0.08,1,91857,91431,426
2624341,6.5248,4.00187,429,4294967295,0.379844,0.07,1,91864,91435,429
2627261,6.10496,8.00037,426,4294967295,0.347969,0.06,1,91870,91444,426
2630181,4.42099,4.80007,426,4294967295,0.341594,0.05,1,91874,91448,426
2632661,104.884,4.16001,552,4294967295,0.0923188,0.02,1,92004,91452,552
2635581,24.1768,104.832,426,4294967295,0.0504637,0,1,92008,91582,426
2638481,8.03537,24.1664,426,4294967295,0.0100927,0.07,1,92012,91586,426
2641401,4.00707,8.03328,425,4294967295,0.0100185,0.12,1,92015,91590,425
2644321,4.00141,4.80666,425,4294967295,0.00200371,0.08,1,92019,91594,425
2646181,4.80028,4.16133,426,4294967295,0.0244007,0.07,1,92024,91598,426
2649101,4.96006,4.03227,427,4294967295,0.0448801,0.07,1,92029,91602,427
2652021,5.79201,4.00645,429,4294967295,0.032976,0.1,1,92035,91606,429
2654501,5.9584,4.00129,431,4294967295,0.0465952,0.14,1,92041,91610,431
2657421,4.39168,6.40026,428,4294967295,0.073319,0.16,1,92045,91617,428
2660341,6.47834,4.48005,431,4294967295,0.0706638,0.13,1,92052,91621,431
2663261,5.29567,4.09601,432,4294967295,0.102133,0.14,1,92057,91625,432
2665521,5.85913,4.0192,434,4294967295,0.116427,0.27,1,92063,91629,434
2668441,25.9718,28.0038,431,4294967295,0.119285,0.21,1,92094,91663,431
2670721,9.19437,8.80077,432,4294967295,0.135857,0.19,1,92099,91667,432
2673641,6.63887,6.56015,432,4294967295,0.147171,0.17,1,92105,91673,432
2675301,18.9278,4.51203,450,4294967295,0.205434,0.15,1,92127,91677,450
2678221,8.58555,19.3024,433,4294967295,0.209087,0.15,1,92133,91700,433
2681121,4.91711,7.06048,433,4294967295,0.177817,0.18,1,92137,91704,433
2684041,6.58342,4.6121,436,4294967295,0.163563,0.21,1,92144,91708,436
2685701,12.5167,4.12242,446,4294967295,0.216713,0.25,1,92158,91712,446
2688621,4.90334,12.8245,434,4294967295,0.219343,0.26,1,92161,91727,434
2691541,4.18067,5.7649,434,4294967295,0.235869,0.25,1,92165,91731,434
2694461,2.43613,4.35298,432,4294967295,0.255174,0.24,1,92167,91735,432
2696721,5.28723,4.0706,434,4294967295,0.267035,0.22,1,92173,91739,434
2699641,7.45745,7.21412,434,4294967295,0.237407,0.27,1,92181,91747,434
2702561,4.69149,4.64282,434,4294967295,0.215481,0.22,1,92185,91751,434
2705481,4.1383,4.12856,434,4294967295,0.211096,0.25,1,92189,91755,434
2708401,5.62766,4.02571,436,4294967295,0.178219,0.26,1,92195,91759,436
2711321,5.12553,4.00514,437,4294967295,0.203644,0.26,1,92200,91763,437
2713781,5.82511,4.00103,439,4294967295,0.248729,0.31,1,92206,91767,439
2716701,3.56502,7.20021,434,4294967295,0.289746,0.31,1,92209,91775,434
2719621,5.513,4.64004,436,4294967295,0.337949,0.27,1,92215,91779,436
2722101,8.3026,4.12801,441,4294967295,0.35559,0.3,1,92224,91783,441
2723761,4.86052,6.4256,438,4294967295,0.367118,0.3,1,92228,91790,438
2725841,6.5721,7.68512,437,4294967295,0.425424,0.27,1,92235,91798,437
2727921,9.31442,7.93702,439,4294967295,0.445085,0.33,1,92245,91806,439
2730001,11.4629,10.3874,440,4294967295,0.481017,0.32,1,92257,91817,440
2732921,8.69258,7.67748,441,4294967295,0.464203,0.35,1,92265,91824,441
2734581,8.93852,4.7355,446,4294967295,0.484841,0.38,1,92274,91828,446
2736661,7.3877,7.3471,445,4294967295,0.536968,0.41,1,92281,91836,445
2739581,4.67754,5.46942,444,4294967295,0.523394,0.42,1,92285,91841,444
2741861,8.93551,4.29388,450,4294967295,0.600679,0.42,1,92295,91845,450
2744781,3.3871,12.0588,438,4294967295,0.608136,0.38,1,92297,91859,438
2747701,3.87742,5.61176,438,4294967295,0.625627,0.37,1,92301,91863,438
2750621,3.17548,4.32235,437,4294967295,0.613125,0.35,1,92304,91867,437
2753541,5.4351,4.06447,439,4294967295,0.650625,0.34,1,92310,91871,439
2756421,7.48702,4.01289,443,4294967295,0.690125,0.33,1,92318,91875,443
2759341,6.2974,8.00258,440,4294967295,0.674025,0.34,1,92324,91884,440
2761201,2.05948,4.80052,437,4294967295,0.710805,0.01,1,92325,91888,437
2764121,88.4119,99.3601,424,4294967295,0.534161,0.01,1,92435,92011,424
2766401,20.8824,23.072,424,4294967295,0.506832,0.06,1,92439,92015,424
2769321,11.3765,11.0144,425,4294967295,0.477366,0.07,1,92448,92023,425
2772241,5.4753,5.40288,425,4294967295,0.447473,0.02,1,92452,92027,425
2774721,5.89506,4.28058,427,4294967295,0.425495,0.07,1,92458,92031,427
2777641,6.77901,7.25612,426,4294967295,0.365099,0.1,1,92465,92039,426
2780561,6.1558,4.65122,428,4294967295,0.32102,0.06,1,92471,92043,428
2783481,4.43116,4.13024,428,4294967295,0.344204,0.08,1,92475,92047,428
2786401,4.88623,4.02605,429,4294967295,0.396841,0.13,1,92480,92051,429
2789321,4.97725,4.00521,430,4294967295,0.399368,0.13,1,92485,92055,430
2792241,4.99545,4.00104,431,4294967295,0.423874,0.14,1,92490,92059,431
2794901,4.99909,4.00021,432,4294967295,0.428775,0.17,1,92495,92063,432
2796561,4.19982,4.80004,431,4294967295,0.445755,0.16,1,92499,92068,431
2798641,24.84,24.16,432,4294967295,0.329151,0.19,1,92529,92097,432
2801561,13.768,13.632,432,4294967295,0.30583,0.21,1,92540,92108,432
2803841,6.7536,5.9264,433,4294967295,0.285166,0.19,1,92545,92112,433
2806761,20.5507,19.5853,434,4294967295,0.201033,0.19,1,92569,92135,434
2809041,6.51014,7.11706,433,4294967295,0.184207,0.19,1,92572,92139,433
2811961,8.50203,6.22341,436,4294967295,0.116841,0.23,1,92581,92145,436
2814241,4.10041,4.44468,435,4294967295,0.119368,0.27,1,92584,92149,435
2817161,18.4201,20.0889,433,4294967295,0.0958737,0.28,1,92606,92173,433
2820081,6.88402,7.21779,433,4294967295,0.115175,0.25,1,92610,92177,433
2823001,3.7768,4.64356,432,4294967295,0.103035,0.23,1,92613,92181,432
2825921,4.75536,4.12871,433,4294967295,0.060607,0.23,1,92618,92185,433
2828841,4.95107,4.02574,434,4294967295,0.0201214,0.21,1,92623,92189,434
2831301,7.39021,4.00515,438,4294967295,0.0120243,0.24,1,92631,92193,438
2834221,6.27804,4.80103,439,4294967295,0.00240486,0.27,1,92637,92198,439
2837141,5.25561,4.16021,440,4294967295,0.00848097,0.3,1,92642,92202,440
2840061,5.05112,4.03204,441,4294967295,0.00969619,0.34,1,92647,92206,441
2842981,3.41022,4.00641,440,4294967295,0.0179392,0.36,1,92650,92210,440
2845861,6.28204,4.00128,443,4294967295,0.0275878,0.38,1,92657,92214,443
2848781,6.05641,4.00026,445,4294967295,0.0295176,0.36,1,92663,92218,445
2851701,4.41128,4.00005,445,4294967295,0.0619035,0.41,1,92667,92222,445
2854181,12.8823,4.00001,456,4294967295,0.0363807,0.47,1,92682,92226,456
2856881,7.37645,11.2,449,4294967295,0.0632761,0.45,1,92688,92239,449
2858961,8.67529,7.84,451,4294967295,0.0206552,0.46,1,92697,92246,451
2861041,16.9351,16.768,451,4294967295,0.00413105,0.52,1,92716,92265,451
2863961,12.187,11.3536,452,4294967295,0.000826209,0.57,1,92727,92275,452
2866661,13.6374,5.47072,462,4294967295,0.0561652,0.6,1,92741,92279,462
2869581,7.52748,9.89414,457,4294967295,0.0592331,0.64,1,92747,92290,457
2871861,7.9055,5.17883,461,4294967295,0.0598466,0.63,1,92755,92294,461
2874781,5.5811,6.63577,459,4294967295,0.0279693,0.65,1,92760,92301,459
2877701,5.11622,4.52715,460,4294967295,0.0295939,0.68,1,92765,92305,460
2880181,7.42324,4.10543,464,4294967295,0.0459188,0.73,1,92773,92309,464
2883101,6.28465,6.42109,463,4294967295,0.0571838,0.69,1,92779,92316,463
2885381,5.25693,4.48422,464,4294967295,0.0354368,0.72,1,92784,92320,464
2888301,4.25139,6.49684,461,4294967295,0.0150873,0.76,1,92788,92327,461
2890161,5.65028,4.49937,463,4294967295,0.0430175,0.75,1,92794,92331,463
2892241,5.93006,6.49987,462,4294967295,0.0246035,0.51,1,92800,92338,462
2895161,68.386,82.9,444,4294967295,0.0449207,0.48,1,92884,92440,444
2897441,16.8772,19.78,444,4294967295,0.0409841,0.44,1,92888,92444,444
2899521,6.57544,10.356,440,4294967295,0.0321968,0.46,1,92892,92452,440
2902441,3.71509,4.4712,440,4294967295,0.0384394,0.44,1,92895,92455,440
2904101,3.94302,4.09424,440,4294967295,0.0236879,0.37,1,92899,92459,440
2905761,3.9886,4.01885,440,4294967295,0.0127376,0.38,1,92903,92463,440
2907841,5.59772,4.00377,442,4294967295,0.0105475,0.35,1,92909,92467,442
2910761,8.31954,7.20075,443,4294967295,0.0101095,0.43,1,92918,92475,443
2912421,5.66391,4.64015,444,4294967295,0.0100219,0.43,1,92923,92479,444
2915341,5.13278,4.92803,444,4294967295,0.00200438,0.43,1,92928,92484,444
2917201,1.82656,4.18561,441,4294967295,0.000400876,0.48,1,92929,92488,441
2920121,3.56531,4.03712,441,4294967295,0.0640802,0.49,1,92933,92492,441
2922401,3.11306,4.00742,440,4294967295,0.076816,0.44,1,92936,92496,440
2925321,4.62261,6.40148,438,4294967295,0.0873632,0.42,1,92941,92503,438
2927601,5.72452,4.4803,440,4294967295,0.0574726,0.32,1,92947,92507,440
2929681,24.3449,25.6961,438,4294967295,0.107495,0.29,1,92976,92538,438
2932601,10.469,13.9392,434,4294967295,0.0374989,0.28,1,92983,92549,434
2934881,5.2938,5.98784,434,4294967295,0.0634998,0.12,1,92987,92553,434
2937801,21.8588,25.9976,429,4294967295,0.0607,0.17,1,93013,92584,429
2940721,7.57175,8.39951,429,4294967295,0.02814,0.14,1,93017,92588,429
2943641,3.11435,4.8799,427,4294967295,0.029628,0.14,1,93019,92592,427
2945281,3.02287,4.17598,426,4294967295,0.0299256,0.09,1,93022,92596,426
2948201,15.0046,17.6352,423,4294967295,0.00598512,0.06,1,93040,92617,423
2951121,6.20091,6.72704,423,4294967295,0.049197,0.04,1,93044,92621,423
2954041,4.44018,4.54541,423,4294967295,0.105839,0.03,1,93048,92625,423
2956961,4.08804,4.10908,423,4294967295,0.133168,0.04,1,93052,92629,423
2959841,4.01761,4.02182,423,4294967295,0.106634,0.04,1,93056,92633,423
2962761,8.00352,7.20436,424,4294967295,0.125327,0.02,1,93065,92641,424
2965681,4.8007,4.64087,424,4294967295,0.129065,0.03,1,93069,92645,424
2968161,3.36014,4.12817,423,4294967295,0.113813,0.07,1,93072,92649,423
2971081,3.87203,3.22563,424,4294967295,0.102763,0.05,1,93076,92652,424
2973361,5.57441,3.84513,426,4294967295,0.0525525,0.04,1,93082,92656,426
2976281,3.51488,3.16903,426,4294967295,0.0665105,0.03,1,93085,92659,426
2977941,4.70298,3.83381,427,4294967295,0.0613021,0.1,1,93090,92663,427
2980861,5.7406,7.16676,425,4294967295,0.0842604,0.04,1,93096,92671,425
2982721,4.34812,4.63335,425,4294967295,0.0568521,0.02,1,93100,92675,425
2985641,16.8696,17.7267,424,4294967295,0.0833704,0,1,93120,92696,424
2988561,6.57392,6.74533,424,4294967295,0.104674,0.03,1,93124,92700,424
2991461,21.3148,4.54907,445,4294967295,0.0209348,0.01,1,93149,92704,445
2993541,11.463,18.5098,432,4294967295,0.012187,0.09,1,93158,92726,432
2995621,16.6926,10.902,441,4294967295,0.0904374,0.09,1,93176,92735,441
2998541,7.33852,18.9804,425,4294967295,0.0740875,0.04,1,93181,92756,425
3001461,4.6677,6.99608,425,4294967295,0.0468175,0.05,1,93185,92760,425
3004381,4.93354,4.59922,426,4294967295,0.0573635,0.08,1,93190,92764,426
3007061,7.38671,4.11984,430,4294967295,0.0994727,0.08,1,93198,92768,430
3009981,6.27734,9.62397,425,4294967295,0.0438945,0.05,1,93204,92779,425
3012261,6.05547,5.12479,427,4294967295,0.0407789,0.05,1,93210,92783,427
3015181,4.41109,6.62496,424,4294967295,0.0481558,0.05,1,93214,92790,424
3018101,4.08222,4.52499,424,4294967295,0.0656312,0.03,1,93218,92794,424
3021021,4.01644,4.105,424,4294967295,0.0691262,0.06,1,93222,92798,424
3022661,8.80329,4.021,430,4294967295,0.0378252,0.05,1,93232,92802,430
3024741,67.3607,8.8042,502,4294967295,0.0715651,0.05,1,93314,92812,502
3027661,16.6721,68.1608,423,4294967295,0.062313,0.02,1,93318,92895,423
3030581,6.53443,16.8322,423,4294967295,0.0764626,0.03,1,93322,92899,423
3033501,5.30689,6.56643,424,4294967295,0.0632925,0.03,1,93327,92903,424
3036421,3.46138,4.51329,423,4294967295,0.0686585,0.01,1,93330,92907,423
3038261,5.49228,4.10266,425,4294967295,0.0697317,0.03,1,93336,92911,425
3040341,11.4985,5.62053,432,4294967295,0.0699463,0.01,1,93349,92917,432
3043041,7.09969,9.12411,428,4294967295,0.0219893,0.08,1,93355,92927,428
3045961,6.21994,9.02482,425,4294967295,0.0363979,0.1,1,93361,92936,425
3048881,6.04399,5.00496,427,4294967295,0.00727957,0.05,1,93367,92940,427
3051801,3.6088,4.20099,426,4294967295,0.00145591,0.07,1,93370,92944,426
3054721,3.12176,4.0402,425,4294967295,0.000291183,0.09,1,93373,92948,425
3057641,4.62435,4.00804,426,4294967295,0.0560582,0.08,1,93378,92952,426
3060101,22.5249,4.00161,449,4294967295,0.107212,0.06,1,93405,92956,449
3062181,10.905,20.8003,432,4294967295,0.133442,0.12,1,93413,92981,432
3064261,7.78099,10.5601,431,4294967295,0.178688,0.09,1,93420,92989,431
3065921,3.9562,9.31201,425,4294967295,0.211738,0.07,1,93423,92998,425
3068841,21.5912,24.2624,423,4294967295,0.290348,0.06,1,93449,93026,423
3071761,9.91825,8.05248,426,4294967295,0.29807,0.05,1,93456,93030,426
3074681,6.78365,4.8105,428,4294967295,0.299614,0.03,1,93462,93034,428
3077601,6.15673,4.1621,430,4294967295,0.291923,0.09,1,93468,93038,430
3079861,7.63135,4.03242,434,4294967295,0.338385,0.15,1,93476,93042,434
3082781,5.52627,8.00648,430,4294967295,0.371677,0.12,1,93481,93051,430
3085701,4.30525,4.8013,430,4294967295,0.386335,0.13,1,93485,93055,430
3088621,3.26105,4.16026,429,4294967295,0.389267,0.16,1,93488,93059,429
3090881,3.05221,4.03205,428,4294967295,0.429853,0.12,1,93491,93063,428
3093801,8.61044,9.60641,427,4294967295,0.429971,0.09,1,93501,93074,427
3096721,4.12209,5.12128,426,4294967295,0.437994,0.06,1,93504,93078,426
3099641,4.82442,4.22426,427,4294967295,0.439599,0.1,1,93509,93082,427
3102561,3.36488,4.04485,426,4294967295,0.45592,0.08,1,93512,93086,426
3105481,4.67298,4.00897,427,4294967295,0.475184,0.11,1,93517,93090,427
3107941,5.7346,4.00179,429,4294967295,0.455037,0.09,1,93523,93094,429
3110861,5.14692,5.60036,428,4294967295,0.419007,0.12,1,93528,93100,428
3113141,5.82938,4.32007,430,4294967295,0.443801,0.12,1,93534,93104,430
3115221,10.7659,5.66401,436,4294967295,0.47276,0.09,1,93546,93110,436
3117301,7.75318,13.1328,428,4294967295,0.446552,0.04,1,93553,93125,428
3118961,3.15063,7.42656,424,4294967295,0.48131,0.01,1,93555,93131,424
3121881,27.0301,25.4853,427,4294967295,0.416262,0.01,1,93588,93161,427
3124161,9.40602,8.29706,428,4294967295,0.443252,0.07,1,93593,93165,428
3126241,12.2812,14.4594,425,4294967295,0.44865,0.12,1,93606,93181,425
3129161,14.4562,15.6919,424,4294967295,0.52173,0.08,1,93621,93197,424
3132081,6.89125,6.33838,425,4294967295,0.592346,0.02,1,93626,93201,425
3135001,5.37825,4.46768,426,4294967295,0.566469,0.05,1,93631,93205,426
3137681,5.07565,4.09354,427,4294967295,0.561294,0.05,1,93636,93209,427
3140601,5.01513,4.81871,427,4294967295,0.592259,0.08,1,93641,93214,427
3142881,3.40303,4.16374,426,4294967295,0.598452,0.08,1,93644,93218,426
3145801,3.08061,4.83275,424,4294967295,0.59969,0.08,1,93647,93223,424
3148721,5.41612,4.16655,426,4294967295,0.647938,0.06,1,93653,93227,426
3151641,4.28322,4.03331,426,4294967295,0.681588,0.05,1,93657,93231,426
3153281,4.05664,4.00666,426,4294967295,0.632318,0.1,1,93661,93235,426
3156201,71.2113,71.2013,426,4294967295,0.670464,0.08,1,93749,93323,426
3159121,17.4423,17.4403,426,4294967295,0.686093,0.08,1,93753,93327,426
3162041,7.48845,6.68805,427,4294967295,0.657219,0.09,1,93758,93331,427
3164961,4.69769,4.53761,427,4294967295,0.675444,0.1,1,93762,93335,427
3166801,2.53954,4.10752,425,4294967295,0.703089,0.11,1,93764,93339,425
3168881,5.30791,6.4215,424,4294967295,0.692618,0.04,1,93770,93346,424
3171801,13.0616,13.2843,424,4294967295,0.690524,0.02,1,93785,93361,424
3174081,5.81232,5.85686,424,4294967295,0.730105,0,1,93789,93365,424
3177001,7.56246,5.17137,427,4294967295,0.746021,0.05,1,93797,93370,427
3179281,4.71249,4.23427,427,4294967295,0.709204,0.13,1,93801,93374,427
3182201,5.7425,6.44685,426,4294967295,0.669841,0.11,1,93807,93381,426
3185121,6.7485,4.48937,429,4294967295,0.685968,0.12,1,93814,93385,429
3188041,4.5497,4.09787,429,4294967295,0.697194,0.1,1,93818,93389,429
3190101,16.9099,4.01957,445,4294967295,0.675439,0.14,1,93838,93393,445
3192181,14.582,14.4039,442,4294967295,0.671088,0.25,1,93852,93410,442
3194261,11.7164,12.4808,441,4294967295,0.726218,0.28,1,93863,93422,441
3196961,8.74328,11.2962,438,4294967295,0.729244,0.35,1,93871,93433,438
3199881,22.5487,22.2592,439,4294967295,0.833849,0.33,2,93897,93458,439
3202161,8.50973,7.65185,440,4294967295,0.84677,0.29,2,93902,93462,440
3205081,8.10195,6.33037,442,4294967295,0.865354,0.38,2,93910,93468,442
3206741,8.02039,4.46607,446,4294967295,0.861071,0.37,2,93918,93472,446
3209661,4.80408,5.69321,444,4294967295,0.868214,0.39,2,93922,93478,444
3211941,6.56082,4.33864,447,4294967295,0.829643,0.42,2,93929,93482,447
3214861,4.51216,6.46773,444,4294967295,0.837929,0.49,2,93933,93489,444
3217781,3.30243,4.49355,443,4294967295,0.887586,0.46,2,93936,93493,443
3220701,4.66049,4.09871,444,4294967295,0.849517,0.45,2,93941,93497,444
3223381,8.9321,4.01974,450,4294967295,0.865903,0.48,2,93951,93501,450
3226301,4.18642,6.40395,446,4294967295,0.893181,0.49,2,93954,93508,446
3228581,8.83728,4.48079,452,4294967295,0.850636,0.48,2,93964,93512,452
3231501,5.76746,8.09616,448,4294967295,0.834127,0.45,2,93969,93521,448
3234421,4.35349,4.81923,448,4294967295,0.822825,0.45,2,93973,93525,448
3237341,3.2707,4.16385,447,4294967295,0.820565,0.47,2,93976,93529,447
3240261,4.65414,4.03277,448,4294967295,0.828113,0.47,2,93981,93533,448
3243141,7.33083,4.00655,452,4294967295,0.877623,0.49,2,93989,93537,452
3245221,15.0662,7.20131,461,4294967295,0.863525,0.55,2,94006,93545,461
3247921,5.41323,11.0403,452,4294967295,0.884705,0.58,2,94009,93557,452
3250001,7.48265,6.20805,455,4294967295,0.872941,0.48,2,94017,93562,455
3252921,22.2965,26.8416,449,4294967295,0.846588,0.51,2,94043,93594,449
3255201,7.65931,8.56832,449,4294967295,0.857318,0.51,2,94047,93598,449
3257281,17.5319,12.1137,456,4294967295,0.875464,0.59,2,94067,93611,456
3260201,16.3064,17.6227,453,4294967295,0.879093,0.56,2,94083,93630,453
3262481,7.26127,6.72455,454,4294967295,0.839819,0.61,2,94088,93634,454
3265401,7.85225,6.14491,456,4294967295,0.895964,0.62,2,94096,93640,456
3268321,5.57045,4.42898,457,4294967295,0.851193,0.65,2,94101,93644,457
3270801,2.71409,4.0858,455,4294967295,0.866239,0.66,2,94103,93648,455
3273721,5.34282,4.81716,456,4294967295,0.869248,0.69,2,94109,93653,456
3276001,4.26856,4.16343,456,4294967295,0.90185,0.66,2,94113,93657,456
3807881,12,4,494,4294967295,0.24,1,1,97145,96651,494
3810801,10.4,4,500,4294967295,0.232,1,1,97155,96655,500
3813721,9.28,4,505,4294967295,0.2144,1,1,97164,96659,505
3816641,9.056,4,510,4294967295,0.29888,1,1,97173,96663,510
3819561,8.2112,4,514,4294967295,0.339776,1,1,97181,96667,514
3822481,7.24224,4,517,4294967295,0.379955,1,1,97188,96671,517
3825401,7.84845,4,521,4294967295,0.459991,1,1,97196,96675,521
3828321,6.36969,4,523,4294967295,0.515998,1,1,97202,96679,523
3831241,2.87394,4,521,4294967295,0.5272,1,1,97204,96683,521
3832401,3.77479,4,521,4294967295,0.56944,1,1,97208,96687,521
3835321,6.35496,31.2,490,4294967295,0.641888,1,1,97215,96725,490
3838241,6.87099,9.44,493,4294967295,0.664378,1,1,97222,96729,493
3841161,3.7742,5.088,492,4294967295,0.668876,1,1,97225,96733,492
3844081,8.75484,5.0176,497,4294967295,0.749775,1,1,97235,96738,497
3846961,9.75097,4.20352,503,4294967295,0.773955,1,2,97245,96742,503
3849881,14.7502,5.6407,513,4294967295,0.866791,1,2,97261,96748,513
3852801,12.55,4.32814,521,4294967295,0.941358,1,2,97273,96752,521
4005041,43,51,464,240460,0.1,0.13,1,97889,97425,464
4007961,289.4,322.2,425,4294967295,0.02,0.1,1,98240,97815,425
4010881,61.88,67.64,426,4294967295,0.004,0.01,1,98245,97819,426
4013801,16.376,16.728,427,4294967295,0.0248,0.09,1,98250,97823,427
4016721,7.2752,6.5456,428,4294967295,0.06096,0.09,1,98255,97827,428
4019641,4.65504,4.50912,428,4294967295,0.076192,0.12,1,98259,97831,428
4022561,4.93101,4.10182,429,4294967295,0.0872384,0.12,1,98264,97835,429
4025481,3.3862,4.02036,428,4294967295,0.121448,0.14,1,98267,97839,428
4028401,3.87724,4.00407,428,4294967295,0.14429,0.16,1,98271,97843,428
4028961,3.17545,4.00081,427,4294967295,0.164858,0.11,1,98274,97847,427
4031881,9.43509,8.00016,429,4294967295,0.200972,0.14,1,98285,97856,429
4034801,5.08702,4.80003,429,4294967295,0.224194,0.13,1,98289,97860,429
4037721,4.2174,4.16001,429,4294967295,0.188839,0.15,1,98293,97864,429
4040641,4.84348,4.032,430,4294967295,0.133768,0.15,1,98298,97868,430
4043561,4.1687,4.0064,430,4294967295,0.106754,0.1,1,98302,97872,430
4046481,12.0337,14.4013,427,4294967295,0.0453507,0.1,1,98316,97889,427
4048721,4.80675,6.08026,426,4294967295,0.0330701,0.07,1,98319,97893,426
4051641,6.56135,6.81605,426,4294967295,0.038614,0.09,1,98326,97900,426
4054561,4.51227,4.56321,426,4294967295,0.0317228,0.07,1,98330,97904,426
4057481,4.90245,4.11264,427,4294967295,0.0383446,0.09,1,98335,97908,427
4060401,4.18049,4.02253,427,4294967295,0.0156689,0.1,1,98339,97912,427
4063321,4.0361,4.00451,427,4294967295,0.0351338,0.1,1,98343,97916,427
4066241,4.80722,4.0009,428,4294967295,0.0310268,0.1,1,98348,97920,428
4069161,6.56144,4.00018,431,4294967295,0.0622053,0.12,1,98355,97924,431
4072081,5.31229,4.00004,432,4294967295,0.100441,0.13,1,98360,97928,432
4075001,5.06246,4.00001,433,4294967295,0.124088,0.2,1,98365,97932,433
4077921,5.81249,4,435,4294967295,0.112818,0.22,1,98371,97936,435
4080841,5.1625,4,436,4294967295,0.0785635,0.23,1,98376,97940,436
4083761,5.8325,4,438,4294967295,0.111713,0.28,1,98382,97944,438
4086681,5.1665,4,439,4294967295,0.142343,0.29,1,98387,97948,439
4089601,5.0333,4,440,4294967295,0.196469,0.33,1,98392,97952,440
4092521,5.80666,4,442,4294967295,0.151294,0.35,1,98398,97956,442
4095441,5.16133,4,443,4294967295,0.142259,0.38,1,98403,97960,443
4098361,5.03227,4,444,4294967295,0.180452,0.41,1,98408,97964,444
4101281,5.80645,4,446,4294967295,0.15609,0.45,1,98414,97968,446
4104201,5.16129,4,447,4294967295,0.175218,0.45,1,98419,97972,447
4107121,5.03226,4,448,4294967295,0.195044,0.5,1,98424,97976,448
4110041,5.80645,4,450,4294967295,0.199009,0.51,1,98430,97980,450
4112961,5.16129,4,451,4294967295,0.191802,0.54,1,98435,97984,451
4115881,5.83226,4,453,4294967295,0.19036,0.57,1,98441,97988,453
4118801,5.16645,4,454,4294967295,0.150072,0.6,1,98446,97992,454
4121721,5.03329,4,455,4294967295,0.174014,0.63,1,98451,97996,455
4124641,5.80666,4,457,4294967295,0.170803,0.66,1,98457,98000,457
4127561,5.16133,4,458,4294967295,0.122161,0.67,1,98462,98004,458
4130481,161.032,4,654,4294967295,0.0404321,0.03,1,98662,98008,654
4133401,37.0065,188,426,4294967295,0.0160864,0.01,1,98668,98242,426
4136321,11.4013,40.8,427,4294967295,0.0272173,0.05,1,98673,98246,427
4139241,5.48026,11.36,427,4294967295,0.0134435,0.09,1,98677,98250,427
4142161,5.89605,5.472,429,4294967295,0.0106887,0.1,1,98683,98254,429
4145081,5.17921,4.2944,430,4294967295,0.00213774,0.11,1,98688,98258,430
4148001,5.03584,4.05888,431,4294967295,0.0244275,0.16,1,98693,98262,431
4150921,5.80717,4.01178,433,4294967295,0.0528855,0.18,1,98699,98266,433
4153841,4.36143,4.00236,433,4294967295,0.0665771,0.19,1,98703,98270,433
4156761,4.87229,4.00047,434,4294967295,0.117315,0.22,1,98708,98274,434
4159681,3.37446,4.00009,433,4294967295,0.127463,0.23,1,98711,98278,433
4161461,3.87489,4.00002,433,4294967295,0.137493,0.21,1,98715,98282,433
4163541,7.97498,8,433,4294967295,0.203499,0.08,1,98724,98291,433
4166461,4.795,12,424,4294967295,0.2407,0.07,1,98728,98304,424
4169381,4.959,5.6,425,4294967295,0.25614,0.05,1,98733,98308,425
4171441,4.1918,4.32,425,4294967295,0.267228,0.05,1,98737,98312,425
4174361,5.63836,5.664,425,4294967295,0.277446,0.08,1,98743,98318,425
4176641,4.32767,4.3328,425,4294967295,0.271489,0.07,1,98747,98322,425
4179561,8.06553,8.86656,424,4294967295,0.262298,0.03,1,98756,98332,424
4182481,5.61311,4.97331,425,4294967295,0.24446,0.01,1,98761,98336,425
4184961,5.92262,4.19466,427,4294967295,0.192892,0.06,1,98767,98340,427
4187881,4.38452,3.23893,428,4294967295,0.190578,0.05,1,98771,98343,428
4190801,4.0769,3.84779,428,4294967295,0.190116,0.08,1,98775,98347,428
4192661,4.01538,3.96956,428,4294967295,0.174023,0.11,1,98779,98351,428
4195581,4.80308,3.99391,429,4294967295,0.202805,0.14,1,98784,98355,429
4197861,5.76062,3.99878,431,4294967295,0.192561,0.15,1,98790,98359,431
4200781,4.35212,7.19976,427,4294967295,0.198512,0.12,1,98794,98367,427
4203701,4.87042,4.63995,428,4294967295,0.231702,0.08,1,98799,98371,428
4206621,5.77409,4.12799,430,4294967295,0.26234,0.11,1,98805,98375,430
4209541,5.95482,4.0256,432,4294967295,0.268468,0.13,1,98811,98379,432
4212421,6.79096,4.00512,435,4294967295,0.269694,0.21,1,98818,98383,435
4215341,5.35819,8.00102,431,4294967295,0.285939,0.16,1,98823,98392,431
4217201,5.07164,4.8002,432,4294967295,0.305188,0.14,1,98828,98396,432
4220121,5.01433,6.56004,430,4294967295,0.293038,0.2,1,98833,98403,430
4223041,5.80287,4.51201,432,4294967295,0.258608,0.17,1,98839,98407,432
4225961,5.16057,4.1024,433,4294967295,0.243722,0.18,1,98844,98411,433
4228641,5.03211,4.02048,434,4294967295,0.264744,0.22,1,98849,98415,434
4231561,4.20642,3.2041,435,4294967295,0.284949,0.22,1,98853,98418,435
4233221,8.04128,3.84082,440,4294967295,0.36099,0.2,1,98862,98422,440
4236141,4.80826,11.9682,430,4294967295,0.312198,0.21,1,98866,98436,430
4239061,5.76165,5.59363,432,4294967295,0.31044,0.19,1,98872,98440,432
4241981,4.35233,4.31873,432,4294967295,0.310088,0.19,1,98876,98444,432
4244661,6.47047,4.06375,435,4294967295,0.278018,0.17,1,98883,98448,435
4247581,4.49409,8.01275,430,4294967295,0.263604,0.12,1,98887,98457,430
4250501,5.69882,4.80255,432,4294967295,0.316721,0.16,1,98893,98461,432
4253421,5.13976,4.16051,433,4294967295,0.287344,0.18,1,98898,98465,433
4256341,4.22795,4.0321,433,4294967295,0.249469,0.23,1,98902,98469,433
4259221,156.846,4.00642,624,4294967295,0.0578938,0,1,99097,98473,624
4262141,34.5691,164.801,423,4294967295,0.0355788,0.03,1,99101,98678,423
4265061,11.7138,36.1603,425,4294967295,0.00711575,0.03,1,99107,98682,425
4267981,6.34276,10.4321,426,4294967295,0.00942315,0.04,1,99112,98686,426
4270241,5.26855,5.28641,427,4294967295,0.00988463,0.07,1,99117,98690,427
4273161,6.65371,5.05728,429,4294967295,0.0419769,0.07,1,99124,98695,429
4276081,5.33074,4.21146,430,4294967295,0.0483954,0.09,1,99129,98699,430
4279001,5.06615,4.04229,431,4294967295,0.0656791,0.14,1,99134,98703,431
4281681,4.21323,4.00846,431,4294967295,0.0771358,0.16,1,99138,98707,431
4284601,5.64265,3.20169,434,4294967295,0.103427,0.17,1,99144,98710,434
4287521,6.72853,3.84034,437,4294967295,0.140685,0.18,1,99151,98714,437
4290441,4.54571,3.96807,437,4294967295,0.140137,0.24,1,99155,98718,437
4292081,3.30914,3.99361,436,4294967295,0.140027,0.25,1,99158,98722,436
4294161,7.06183,5.59872,438,4294967295,0.156005,0.28,1,99166,98728,438
4297081,6.21237,7.51974,436,4294967295,0.191201,0.32,1,99172,98736,436
4300001,4.44247,4.70395,436,4294967295,0.19824,0.29,1,99176,98740,436
4301861,3.28849,4.14079,435,4294967295,0.199648,0.28,1,99179,98744,435
4304561,3.8577,4.82816,434,4294967295,0.17593,0.26,1,99183,98749,434
4307481,7.97154,9.76563,432,4294967295,0.155186,0.23,1,99192,98760,432
4309761,4.79431,5.15313,432,4294967295,0.175037,0.16,1,99196,98764,432
4312681,4.95886,5.03063,432,4294967295,0.179007,0.18,1,99201,98769,432
4315601,4.99177,4.20613,433,4294967295,0.163801,0.18,1,99206,98773,433
4317461,6.59835,4.04123,436,4294967295,0.11276,0.23,1,99213,98777,436
4320381,5.31967,6.40824,434,4294967295,0.0945521,0.23,1,99218,98784,434
4323301,5.06393,4.48165,435,4294967295,0.12291,0.23,1,99223,98788,435
4326221,5.01279,4.09633,436,4294967295,0.152582,0.25,1,99228,98792,436
4328481,5.00256,4.01927,437,4294967295,0.182516,0.27,1,99233,98796,437
4331401,5.80051,5.60385,437,4294967295,0.156503,0.3,1,99239,98802,437
4334321,4.3601,4.32077,437,4294967295,0.175301,0.28,1,99243,98806,437
4336801,4.07202,4.06415,437,4294967295,0.18706,0.29,1,99247,98810,437
4339721,5.6144,4.81283,438,4294967295,0.197412,0.28,1,99253,98815,438
4342641,4.32288,4.16257,438,4294967295,0.207482,0.29,1,99257,98819,438
4344501,8.06458,4.03251,443,4294967295,0.177496,0.29,1,99266,98823,443
4347421,6.41292,10.4065,437,4294967295,0.203499,0.27,1,99272,98835,437
4350341,5.28258,5.2813,438,4294967295,0.2247,0.26,1,99277,98839,438
4353261,5.05652,4.25626,439,4294967295,0.23694,0.32,1,99282,98843,439
4356181,5.8113,4.05125,441,4294967295,0.239388,0.33,1,99288,98847,441
4358021,4.36226,4.01025,441,4294967295,0.191878,0.38,1,99292,98851,441
4360941,4.87245,6.40205,439,4294967295,0.142376,0.38,1,99297,98858,439
4363841,4.17449,4.48041,439,4294967295,0.172475,0.34,1,99301,98862,439
4366761,8.8349,10.4961,437,4294967295,0.170495,0.32,1,99311,98874,437
4369681,5.76698,5.29922,438,4294967295,0.194099,0.29,1,99316,98878,438
4372161,5.1534,4.25984,439,4294967295,0.19882,0.33,1,99321,98882,439
4375081,8.23068,9.65197,437,4294967295,0.207764,0.29,1,99330,98893,437
4378001,5.64614,5.13039,438,4294967295,0.233553,0.26,1,99335,98897,438
4379861,5.12923,4.22608,439,4294967295,0.222711,0.29,1,99340,98901,439
4382781,6.62585,4.84522,441,4294967295,0.204542,0.3,1,99347,98906,441
4385701,5.32517,4.16904,442,4294967295,0.176908,0.32,1,99352,98910,442
4388181,140.265,4.03381,612,4294967295,0.0593817,0,1,99526,98914,612
4391101,31.253,155.207,423,4294967295,0.0518763,0.01,1,99530,99107,423
4394021,11.0506,34.2414,425,4294967295,0.0103753,0.01,1,99536,99111,425
4396081,6.21012,10.0483,426,4294967295,0.00207505,0.07,1,99541,99115,426
4399001,7.64202,8.40965,426,4294967295,0.00841501,0.07,1,99549,99123,426
4401281,5.5284,4.88193,427,4294967295,0.057683,0.08,1,99554,99127,427
4404201,12.3057,9.77639,430,4294967295,0.0675366,0.14,1,99568,99138,430
4407121,5.66114,5.15528,430,4294967295,0.0695073,0.16,1,99572,99142,430
4410041,4.33223,4.23106,430,4294967295,0.0619015,0.16,1,99576,99146,430
4412961,4.86645,4.04621,431,4294967295,0.0763803,0.15,1,99581,99150,431
4414801,3.37329,4.00924,430,4294967295,0.0792761,0.16,1,99584,99154,430
4417721,6.27466,4.80185,432,4294967295,0.127855,0.18,1,99591,99159,432
4420641,4.45493,4.16037,432,4294967295,0.137571,0.19,1,99595,99163,432
4423121,4.09099,4.03207,432,4294967295,0.163514,0.23,1,99599,99167,432
4426041,6.4182,7.20641,431,4294967295,0.136703,0.21,1,99606,99175,431
4428741,4.48364,4.64128,431,4294967295,0.163341,0.18,1,99610,99179,431
4431661,4.89673,3.32826,433,4294967295,0.120668,0.15,1,99615,99182,433
4433941,4.97935,3.86565,434,4294967295,0.120134,0.22,1,99620,99186,434
4435601,3.39587,7.17313,429,4294967295,0.168027,0.18,1,99623,99194,429
4438521,7.07917,9.43463,427,4294967295,0.169605,0.15,1,99631,99204,427
4441441,4.61583,5.08693,427,4294967295,0.217921,0.12,1,99635,99208,427
4444361,5.72317,4.21739,429,4294967295,0.235584,0.11,1,99641,99212,429
4447281,6.74463,4.04348,432,4294967295,0.279117,0.11,1,99648,99216,432
4449541,8.54893,4.0087,437,4294967295,0.311823,0.2,1,99657,99220,437
4452461,4.90979,8.80174,431,4294967295,0.318365,0.2,1,99661,99230,431
4454321,3.38196,4.96035,430,4294967295,0.311673,0.18,1,99664,99234,430
4457241,4.67639,4.19207,431,4294967295,0.294335,0.19,1,99669,99238,431
4459521,5.73528,4.03841,433,4294967295,0.290867,0.19,1,99675,99242,433
4462441,6.74706,8.00768,431,4294967295,0.218173,0.2,1,99682,99251,431
4465361,5.34941,4.80154,432,4294967295,0.195635,0.19,1,99687,99255,432
4468281,5.06988,4.16031,433,4294967295,0.255127,0.18,1,99692,99259,433
4471201,4.21398,4.03206,433,4294967295,0.283025,0.21,1,99696,99263,433
4473041,4.0428,4.00641,433,4294967295,0.312605,0.22,1,99700,99267,433
4475121,4.80856,4.00128,434,4294967295,0.302521,0.25,1,99705,99271,434
4478041,8.96171,12.0003,430,4294967295,0.348504,0.23,1,99715,99285,430
4480961,5.79234,5.60005,431,4294967295,0.341701,0.17,1,99720,99289,431
4483441,4.35847,4.32001,431,4294967295,0.36434,0.2,1,99724,99293,431
4486361,7.27169,5.664,433,4294967295,0.320868,0.2,1,99732,99299,433
4489281,4.65434,4.3328,433,4294967295,0.304174,0.19,1,99736,99303,433
4491761,4.13087,4.06656,433,4294967295,0.308835,0.17,1,99740,99307,433
4494681,5.62617,4.01331,435,4294967295,0.357767,0.22,1,99746,99311,435
4496341,4.32523,4.00266,435,4294967295,0.367553,0.24,1,99750,99315,435
4499261,5.66505,5.60053,435,4294967295,0.393511,0.23,1,99756,99321,435
4502181,3.53301,4.32011,434,4294967295,0.390702,0.22,1,99759,99325,434
4504661,5.5066,4.06402,436,4294967295,0.35814,0.26,1,99765,99329,436
4506741,10.7013,6.4128,441,4294967295,0.359628,0.2,1,99777,99336,441
4509661,5.34026,10.8826,433,4294967295,0.367926,0.19,1,99781,99348,433
4511941,5.86805,5.37651,435,4294967295,0.377585,0.22,1,99787,99352,435
4514861,5.97361,6.6753,434,4294967295,0.363517,0.22,1,99793,99359,434
4516721,3.59472,4.53506,433,4294967295,0.368703,0,1,99796,99363,433
4519641,131.119,138.507,424,4294967295,0.153741,0.02,1,99959,99535,424
4521921,29.4238,30.9014,424,4294967295,0.102748,0.01,1,99963,99539,424
4524841,15.4848,14.1803,426,4294967295,0.0365496,0.08,1,99975,99549,426
4527761,7.09695,6.03606,427,4294967295,0.0153099,0.09,1,99980,99553,427
4530661,4.61939,4.40721,427,4294967295,0.035062,0.08,1,99984,99557,427
4532321,3.32388,4.08144,426,4294967295,0.0710124,0.07,1,99987,99561,426
4535241,10.2648,9.61629,427,4294967295,0.0382025,0.06,1,99999,99572,427
4537521,6.85296,5.12326,429,4294967295,0.0636405,0.12,1,100005,99576,429
4540441,7.77059,5.82465,431,4294967295,0.0207281,0.15,1,100013,99582,431
4543361,5.55412,4.36493,432,4294967295,0.0841456,0.15,1,100018,99586,432
4545221,4.31082,4.07299,432,4294967295,0.0728291,0.19,1,100022,99590,432
4547921,4.86216,6.4146,430,4294967295,0.110566,0.14,1,100027,99597,430
4550841,8.97243,10.0829,429,4294967295,0.0701132,0.15,1,100037,99608,429
4553761,6.59449,5.21658,431,4294967295,0.0620226,0.1,1,100043,99612,431
4556241,4.5189,4.24332,431,4294967295,0.0124045,0.14,1,100047,99616,431
4559161,4.90378,3.24866,433,4294967295,0.0424809,0.19,1,100052,99619,433
4562081,5.78076,3.84973,435,4294967295,0.0324962,0.18,1,100058,99623,435
4565001,5.15615,3.96995,436,4294967295,0.0144992,0.21,1,100063,99627,436
4566641,5.03123,3.99399,437,4294967295,0.0108998,0.27,1,100068,99631,437
4569561,6.60625,5.5988,438,4294967295,0.01018,0.32,1,100075,99637,438
4572481,4.52125,4.31976,438,4294967295,0.026036,0.32,1,100079,99641,438
4574961,4.90425,4.06395,439,4294967295,0.0052072,0.29,1,100084,99645,439
4577881,3.38085,3.21279,439,4294967295,0.0170414,0.31,1,100087,99648,439
4579541,7.07617,3.84256,443,4294967295,0.0434083,0.32,1,100095,99652,443
4581621,9.41523,9.56851,442,4294967295,0.00868166,0.29,1,100105,99663,442
4584541,5.08305,11.5137,434,4294967295,0.00173633,0.23,1,100109,99675,434
4587461,5.81661,5.50274,436,4294967295,0.00834727,0.23,1,100115,99679,436
4590381,5.16332,4.30055,437,4294967295,0.00166945,0.23,1,100120,99683,437
4592641,5.83266,4.06011,439,4294967295,0.000333891,0.32,1,100126,99687,439
4595561,6.76653,5.61202,440,4294967295,0.00806678,0.36,1,100133,99693,440
4598481,5.35331,4.3224,441,4294967295,0.00161336,0.35,1,100138,99697,441
4601401,5.87066,4.06448,443,4294967295,0.0243227,0.36,1,100144,99701,443
4603461,4.37413,4.0129,443,4294967295,0.00486453,0.36,1,100148,99705,443
4606161,5.67483,6.40258,442,4294967295,0.00897291,0.37,1,100154,99712,442
4608241,4.33497,5.28052,441,4294967295,0.0257946,0.34,1,100158,99717,441
4611161,9.66699,10.6561,440,4294967295,0.0131589,0.34,1,100169,99729,440
4614081,6.7334,5.33122,442,4294967295,0.0266318,0.32,1,100175,99733,442
4616561,5.34668,4.26624,443,4294967295,0.0293264,0.34,1,100180,99737,443
4619481,6.66934,5.65325,444,4294967295,0.0218653,0.39,1,100187,99743,444
4622401,3.73387,4.33065,443,4294967295,0.00437305,0.38,1,100190,99747,443
4624261,4.74677,4.06613,444,4294967295,0.000874611,0.4,1,100195,99751,444
4626961,4.94935,6.41323,442,4294967295,0.0161749,0.42,1,100200,99758,442
4629881,9.78987,10.8826,441,4294967295,0.00323498,0.41,1,100211,99770,441
4632801,5.15797,5.37653,441,4294967295,0.008647,0.39,1,100215,99774,441
4635281,3.43159,4.27531,440,4294967295,0.0097294,0.38,1,100218,99778,440
4638201,9.48632,8.05506,442,4294967295,0.00194588,0.4,1,100229,99787,442
4640481,5.89726,4.81101,443,4294967295,0.00838918,0.42,1,100234,99791,443
4643401,5.97945,5.7622,443,4294967295,0.0416778,0.43,1,100240,99797,443
4646321,4.39589,4.35244,443,4294967295,0.0163356,0.36,1,100244,99801,443
4649221,118.479,4.07049,586,4294967295,0.0112671,0.06,1,100391,99805,586
4652141,28.4958,134.414,425,4294967295,0.0102534,0.03,1,100397,99972,425
4654421,9.69917,30.0828,426,4294967295,0.0100507,0.01,1,100402,99976,426
4656501,8.33983,10.0166,429,4294967295,0.0260101,0.07,1,100410,99981,429
4659421,5.66797,8.40331,426,4294967295,0.061202,0.08,1,100415,99989,426
4662341,4.33359,4.88066,426,4294967295,0.0762404,0.07,1,100419,99993,426
4664821,8.06672,4.17613,431,4294967295,0.0952481,0.06,1,100428,99997,431
4666901,8.81334,8.83523,430,4294967295,0.29905,0.01,1,100437,100007,430
4668561,5.76267,7.36705,428,4294967295,0.31581,0.13,1,100442,100014,428
4671481,7.55253,9.47341,426,4294967295,0.343162,0.1,1,100450,100024,426
4674401,3.91051,5.09468,425,4294967295,0.372632,0.06,1,100453,100028,425
4677301,7.9821,4.21894,430,4294967295,0.330526,0.07,1,100462,100032,430
4680221,3.99642,8.04379,424,4294967295,0.330105,0.02,1,100465,100041,424
4682501,5.59928,4.80876,426,4294967295,0.322021,0.05,1,100471,100045,426
4685421,5.11986,6.56175,424,4294967295,0.280404,0,1,100476,100052,424
4687281,2.62397,4.51235,422,4294967295,0.272081,0.03,1,100478,100056,422
4690201,6.12479,5.70247,423,4294967295,0.262416,0.06,1,100485,100062,423
4693121,5.22496,4.34049,424,4294967295,0.244483,0,1,100490,100066,424
4696041,3.44499,4.0681,423,4294967295,0.224897,0.01,1,100493,100070,423
4697681,3.889,4.01362,423,4294967295,0.172979,0.03,1,100497,100074,423
4700601,3.9778,4.00272,423,4294967295,0.162596,0.04,1,100501,100078,423
4703521,4.79556,4.00054,424,4294967295,0.160519,0.05,1,100506,100082,424
4706001,3.35911,4.00011,423,4294967295,0.144104,0.01,1,100509,100086,423
4708921,10.2718,9.60002,424,4294967295,0.124821,0,1,100521,100097,424
4711621,6.85436,5.12,426,4294967295,0.0889642,0.01,1,100527,100101,426
4713701,6.17087,6.624,425,4294967295,0.0577928,0.02,1,100533,100108,425
4715361,3.63417,6.1248,422,4294967295,0.0515586,0,1,100536,100114,422
4718281,7.12683,6.82496,423,4294967295,0.0183117,0.01,1,100544,100121,423
4720561,4.62537,4.56499,423,4294967295,0.0196623,0.01,1,100548,100125,423
4723481,6.52507,5.713,424,4294967295,0.0119325,0.03,1,100555,100131,424
4725141,6.10501,4.3426,426,4294967295,0.00238649,0.05,1,100561,100135,426
4728061,4.421,6.46852,423,4294967295,0.0084773,0,1,100565,100142,423
4730341,10.4842,4.4937,431,4294967295,0.0176955,0.03,1,100577,100146,431
4733261,5.29684,10.4987,423,4294967295,0.0275391,0.03,1,100581,100158,423
4736181,5.05937,5.29975,424,4294967295,0.0135078,0.02,1,100586,100162,424
4739101,4.21187,4.25995,424,4294967295,0.00270156,0.03,1,100590,100166,424
4740741,6.44237,4.05199,427,4294967295,0.000540313,0.03,1,100597,100170,427
4742821,6.88847,6.4104,427,4294967295,0.000108063,0.03,1,100604,100177,427
4745741,5.37769,7.68208,424,4294967295,2.16125e-05,0,1,100609,100185,424
4747601,2.67554,4.73642,422,4294967295,0.00800432,0.06,1,100611,100189,422
4750521,7.73511,7.34728,423,4294967295,0.0336009,0.02,1,100620,100197,423
4753441,4.74702,4.66946,423,4294967295,0.00672017,0.01,1,100624,100201,423
4756361,4.1494,4.13389,423,4294967295,0.00134403,0.03,1,100628,100205,423
4758001,3.22988,4.02678,422,4294967295,0.00826881,0.04,1,100631,100209,422
4760081,5.44598,4.00536,424,4294967295,0.0256538,0.01,1,100637,100213,424
4763001,9.0892,8.80107,424,4294967295,0.0211308,0.03,1,100647,100223,424
4765921,5.81784,4.96021,425,4294967295,0.0202261,0.01,1,100652,100227,425
4767781,8.36357,4.19204,430,4294967295,0.0120452,0.04,1,100661,100231,430
4770701,4.87271,9.63841,423,4294967295,0.00240905,0.01,1,100665,100242,423
4772981,3.37454,5.12768,422,4294967295,0.00848181,0,1,100668,100246,422
4775901,3.87491,3.42554,423,4294967295,0.0256964,0.03,1,100672,100249,423
4778181,119.975,3.88511,568,4294967295,0.677139,0.03,1,100821,100253,568
4781101,27.995,119.177,425,4294967295,0.831428,0.04,2,100826,100401,425
4782961,9.599,27.0354,426,4294967295,0.926286,0.05,2,100831,100405,426
4865541,8,4,427,4294967295,0.76,0.04,2,101018,100591,427
4868461,4.8,7.2,423,4294967295,0.72,0,1,101022,100599,423
4871361,4.16,4.64,423,4294967295,0.736,0,1,101026,100603,423
4873441,5.632,5.728,423,4294967295,0.7792,0,2,101032,100609,423
4876361,13.9264,13.1456,424,4294967295,0.78784,0,2,101048,100624,424
4879281,5.18528,5.82912,423,4294967295,0.813568,0,2,101051,100628,423
4882201,5.03706,4.36582,424,4294967295,0.850714,0.03,2,101056,100632,424
4885121,4.20741,4.07316,424,4294967295,0.858143,0.04,2,101060,100636,424
4888041,3.24148,4.01463,423,4294967295,0.843629,0.06,2,101063,100640,423
4890961,4.6483,4.00293,424,4294967295,0.816726,0.05,2,101068,100644,424
4892581,4.12966,4.00059,424,4294967295,0.819345,0.01,2,101072,100648,424
4894661,5.62593,4.80012,425,4294967295,0.763869,0,2,101078,100653,425
4897581,5.12519,5.76002,424,4294967295,0.752774,0.01,2,101083,100659,424
4899861,9.02504,4.352,430,4294967295,0.766555,0.02,2,101093,100663,430
4902781,5.00501,9.6704,423,4294967295,0.753311,0.01,2,101097,100674,423
4905061,6.601,5.13408,426,4294967295,0.710662,0.03,1,101104,100678,426
4906721,3.7202,5.02682,424,4294967295,0.694132,0.94,1,101107,100683,424
4909641,159.944,117.005,478,4294967295,0.178826,0.98,1,101306,100828,478
4911921,41.5888,26.6011,486,4294967295,0.0757653,1,1,101318,100832,486
4914001,13.1178,10.1202,486,4294967295,0.0231531,1,1,101324,100838,486
4916921,10.6236,10.024,486,4294967295,0.0606306,1,1,101334,100848,486
4919201,10.9247,5.20481,493,4294967295,0.0601261,1,1,101345,100852,493
4921281,7.78494,9.84096,489,4294967295,0.0920252,1,1,101352,100863,489
4923361,8.75699,11.5682,486,4294967295,0.114405,1,1,101361,100875,486
4926281,7.3514,7.11364,487,4294967295,0.078881,1,1,101368,100881,487
4927941,11.0703,4.62273,495,4294967295,0.0717762,1,1,101380,100885,495
4930641,7.01406,9.72455,490,4294967295,0.0943552,1,1,101386,100896,490
4933561,9.40281,10.7449,489,4294967295,0.074871,1,1,101396,100907,489
4936481,8.28056,5.34898,493,4294967295,0.0949742,1,1,101404,100911,493
4938341,5.65611,4.2698,494,4294967295,0.162995,1,1,101409,100915,494
4941261,6.73122,4.05396,497,4294967295,0.184599,1,1,101416,100919,497
4944181,6.94624,4.01079,500,4294967295,0.23692,1,1,101423,100923,500
4946661,6.18925,4.00216,502,4294967295,0.303384,1,1,101429,100927,502
4949581,6.83785,4.80043,504,4294967295,0.268677,1,1,101436,100932,504
4952501,4.56757,4.16009,504,4294967295,0.285735,1,1,101440,100936,504
4955421,4.91351,4.03202,505,4294967295,0.321147,1,1,101445,100940,505
4958341,4.1827,4.0064,505,4294967295,0.336229,1,1,101449,100944,505
4961261,5.63654,4.00128,507,4294967295,0.299246,1,1,101455,100948,507
4964181,2.72731,4.00026,505,4294967295,0.283849,1,1,101457,100952,505
4967101,2.14546,4.00005,503,4294967295,0.27277,1,1,101459,100956,503
4970021,2.02909,4.00001,501,4294967295,0.270554,1,1,101461,100960,501
4972241,2.00582,4,499,4294967295,0.278111,1,1,101463,100964,499
4975161,2.00116,3.2,498,4294967295,0.279622,1,1,101465,100967,498
4977441,2.00023,3.84,496,4294967295,0.271924,1,1,101467,100971,496
4980361,2.00005,6.368,491,4294967295,0.310385,1,1,101469,100978,491
4982641,2.00001,4.4736,489,4294967295,0.310077,1,1,101471,100982,489
4984721,4.4,10.4947,482,4294967295,0.294015,0.83,1,101476,100994,482
4987641,8.08,14.8989,475,4294967295,0.314803,0.82,1,101485,101010,475
4990561,5.616,6.17979,476,4294967295,0.350961,0.76,1,101490,101014,476
4993481,4.3232,4.43596,476,4294967295,0.374192,0.73,1,101494,101018,476
4995541,6.46464,4.08719,479,4294967295,0.394838,0.8,1,101501,101022,479
4998461,3.69293,8.81744,472,4294967295,0.398968,0.76,1,101504,101032,472
5001381,2.33859,4.96349,470,4294967295,0.431794,0.8,1,101506,101036,470
5004301,2.86772,4.1927,469,4294967295,0.430359,0.81,1,101509,101040,469
5005941,7.77354,4.03854,474,4294967295,0.478072,0.86,1,101518,101044,474
5008861,5.55471,12.0077,465,4294967295,0.495614,0.86,1,101523,101058,465
5011141,4.31094,5.60154,465,4294967295,0.499123,0.86,1,101527,101062,465
5014061,4.06219,7.52031,461,4294967295,0.499825,0.83,1,101531,101070,461
5016981,5.61244,4.70406,463,4294967295,0.547965,0.77,1,101537,101074,463
5019901,4.32249,4.14081,463,4294967295,0.565593,0.77,1,101541,101078,463
5022821,3.2645,4.02816,462,4294967295,0.569119,0.82,1,101544,101082,462
5025281,2.2529,4.00563,460,4294967295,0.593824,0.79,1,101546,101086,460
5028201,6.05058,5.60113,461,4294967295,0.606765,0.77,1,101553,101092,461
5029861,2.81012,4.32023,459,4294967295,0.593353,0.76,1,101555,101096,459
5032781,3.76202,4.06405,459,4294967295,0.622671,0.74,1,101559,101100,459
5035061,7.1524,4.01281,463,4294967295,0.580534,0.71,1,101567,101104,463
5037761,3.83048,11.2026,453,4294967295,0.588107,0.01,1,101570,101117,453
5039841,135.166,159.841,424,4294967295,0.797621,0,2,101738,101314,424
5042761,35.0332,38.3681,426,4294967295,0.839524,0.05,2,101748,101322,426
5044421,17.4066,10.8736,435,4294967295,0.815905,0.08,2,101761,101326,435
5047121,8.28133,12.5747,428,4294967295,0.859181,0.08,2,101767,101339,428
5050041,6.45627,8.11494,427,4294967295,0.867836,0.1,2,101773,101346,427
5051701,11.6913,4.82299,436,4294967295,0.925567,0.12,2,101786,101350,436
5363081,7,4,466,4294967295,0.01,0.83,1,103442,102976,466
5366001,4.6,4,466,4294967295,0.002,0.85,1,103446,102980,466
5368921,4.12,4,466,4294967295,0.0004,0.87,1,103450,102984,466
5371841,2.424,4,464,4294967295,8e-05,0.81,1,103452,102988,464
5374761,5.2848,4,466,4294967295,0.016016,0.84,1,103458,102992,466
5377681,4.25696,4,466,4294967295,0.0032032,0.81,1,103462,102996,466
5380601,4.85139,4,467,4294967295,0.00864064,0.86,1,103467,103000,467
5383521,5.77028,4,469,4294967295,0.00972813,0.85,1,103473,103004,469
5386441,4.35406,4,469,4294967295,0.00994563,0.88,1,103477,103008,469
5389361,4.07081,4,469,4294967295,0.0419891,0.9,1,103481,103012,469
5391361,2.41416,4,467,4294967295,0.0483978,0,1,103483,103016,467
5394281,309.283,344.8,423,4294967295,0.00967956,0.01,1,103869,103446,423
5397201,65.0566,72.16,423,4294967295,0.00993591,0.01,1,103873,103450,423
5400121,16.2113,17.632,423,4294967295,0.00198718,0.04,1,103877,103454,423
5403041,6.44226,6.7264,423,4294967295,0.000397436,0.01,1,103881,103458,423
5405961,4.48845,4.54528,423,4294967295,0.00807949,0.01,1,103885,103462,423
5408881,4.09769,4.10906,423,4294967295,0.0096159,0.01,1,103889,103466,423
5411801,4.81954,4.02181,424,4294967295,0.00992318,0.01,1,103894,103470,424
5414721,4.96391,4.00436,425,4294967295,0.00998464,0.01,1,103899,103474,425
5417641,3.39278,4.00087,424,4294967295,0.00199693,0.06,1,103902,103478,424
5420561,3.07856,4.00017,423,4294967295,0.00839939,0.08,1,103905,103482,423
5423481,3.81571,4.00003,423,4294967295,0.0416799,0.05,1,103909,103486,423
5426401,3.96314,4.00001,423,4294967295,0.024336,0.04,1,103913,103490,423
5429321,3.99263,4,423,4294967295,0.0128672,0.01,1,103917,103494,423
5432241,4.79853,4,424,4294967295,0.00257344,0.04,1,103922,103498,424
5435161,3.35971,4,423,4294967295,0.00851469,0.01,1,103925,103502,423
5438081,5.47194,4,425,4294967295,0.0257029,0.03,1,103931,103506,425
5441001,3.49439,4,424,4294967295,0.0131406,0.03,1,103934,103510,424
5443921,3.09888,4,423,4294967295,0.00262812,0.07,1,103937,103514,423
5446841,4.61978,4,424,4294967295,0.00852562,0.05,1,103942,103518,424
5449761,3.32396,4,423,4294967295,0.00170512,0.04,1,103945,103522,423
5452681,3.86479,4,423,4294967295,0.00834103,0.03,1,103949,103526,423
5455601,3.97296,4,423,4294967295,0.0176682,0.03,1,103953,103530,423
5458521,3.99459,4,423,4294967295,0.00353364,0.03,1,103957,103534,423
5461441,4.79892,4,424,4294967295,0.00870673,0.03,1,103962,103538,424
5464361,4.15978,4,424,4294967295,0.00974135,0.04,1,103966,103542,424
5467281,3.23196,4,423,4294967295,0.00194827,0.03,1,103969,103546,423
5470201,3.84639,4,423,4294967295,0.00838965,0.05,1,103973,103550,423
5473121,3.96928,4,423,4294967295,0.0336779,0.01,1,103977,103554,423
5476041,3.99386,4,423,4294967295,0.0147356,0.01,1,103981,103558,423
5478961,4.79877,4,424,4294967295,0.0109471,0.01,1,103986,103562,424
5481881,4.95975,4,425,4294967295,0.00218942,0.04,1,103991,103566,425
5484801,4.99195,4,426,4294967295,0.00843788,0.03,1,103996,103570,426
5487721,5.79839,4,428,4294967295,0.00968758,0.07,1,104002,103574,428
5490641,5.15968,4,429,4294967295,0.00993752,0.09,1,104007,103578,429
5493561,4.23194,4,429,4294967295,0.0259875,0.13,1,104011,103582,429
5496481,4.04639,4,429,4294967295,0.0371975,0.15,1,104015,103586,429
5499401,4.00928,4,429,4294967295,0.0474395,0.15,1,104019,103590,429
5502321,4.00186,4,429,4294967295,0.0814879,0.15,1,104023,103594,429
5505241,5.60037,4,431,4294967295,0.0722976,0.15,1,104029,103598,431
5508161,5.12007,4,432,4294967295,0.0624595,0.15,1,104034,103602,432
5511081,5.02401,4,433,4294967295,0.0284919,0.19,1,104039,103606,433
5514001,5.8048,4,435,4294967295,0.00569838,0.21,1,104045,103610,435
5516921,5.16096,4,436,4294967295,0.0171397,0.23,1,104050,103614,436
5519841,5.03219,4,437,4294967295,0.0274279,0.27,1,104055,103618,437
5522401,5.80644,4,439,4294967295,0.0134856,0.01,1,104061,103622,439
5525321,193.961,205.6,424,4294967295,0.00269712,0.01,1,104302,103878,424
5528241,41.9923,44.32,424,4294967295,0.000539423,0,1,104306,103882,424
5531161,10.7985,12.064,423,4294967295,0.00810788,0.03,1,104309,103886,423
5534081,5.35969,5.6128,423,4294967295,0.00162158,0.04,1,104313,103890,423
5537001,4.27194,4.32256,423,4294967295,0.000324315,0.01,1,104317,103894,423
5539921,4.85439,4.06451,424,4294967295,0.00806486,0.01,1,104322,103898,424
5542841,3.37088,4.0129,423,4294967295,0.00961297,0.01,1,104325,103902,423
5545761,3.87418,4.00258,423,4294967295,0.00192259,0.06,1,104329,103906,423
5548401,4.77484,4.00052,424,4294967295,0.00838452,0.01,1,104334,103910,424
5551321,5.75497,4.8001,425,4294967295,0.0096769,0.01,1,104340,103915,425
5554241,3.55099,4.16002,424,4294967295,0.00993538,0.02,1,104343,103919,424
5557161,3.1102,4.032,423,4294967295,0.0259871,0.05,1,104346,103923,423
5560081,3.82204,4.0064,423,4294967295,0.0291974,0.06,1,104350,103927,423
5563001,3.96441,4.00128,423,4294967295,0.0138395,0.01,1,104354,103931,423
5565921,3.99288,4.00026,423,4294967295,0.0107679,0.01,1,104358,103935,423
5568841,4.79858,4.00005,424,4294967295,0.00215358,0.01,1,104363,103939,424
5571761,3.35972,4.00001,423,4294967295,0.0164307,0.04,1,104366,103943,423
5574681,3.87194,4,423,4294967295,0.0112861,0.03,1,104370,103947,423
5577601,4.77439,4,424,4294967295,0.0262572,0.03,1,104375,103951,424
5580521,3.35488,4,423,4294967295,0.00525145,0.04,1,104378,103955,423
5583441,3.87098,4,423,4294967295,0.00105029,0.03,1,104382,103959,423
5586361,5.5742,4,425,4294967295,0.0242101,0.03,1,104388,103963,425
5589281,3.51484,4,424,4294967295,0.044842,0.04,1,104391,103967,424
5592201,3.90297,4,424,4294967295,0.0569684,0.08,1,104395,103971,424
5595121,3.18059,4,423,4294967295,0.0433937,0.05,1,104398,103975,423
5598041,3.83612,4,423,4294967295,0.0486787,0.03,1,104402,103979,423
5600961,3.96722,4,423,4294967295,0.0657357,0.03,1,104406,103983,423
5603881,3.99344,4,423,4294967295,0.0531471,0.01,1,104410,103987,423
5606801,3.99869,4,423,4294967295,0.0346294,0.04,1,104414,103991,423
5609721,3.99974,4,423,4294967295,0.0469259,0.01,1,104418,103995,423
5612641,4.79995,4,424,4294967295,0.0733852,0.01,1,104423,103999,424
5614961,4.15999,4,424,4294967295,0.086677,0.03,1,104427,104003,424
5617881,6.432,4.8,426,4294967295,0.0733354,0.06,1,104434,104008,426
5620801,4.4864,4.16,426,4294967295,0.0866671,0.06,1,104438,104012,426
5623721,4.09728,4.032,426,4294967295,0.0973334,0.1,1,104442,104016,426
5626641,4.01946,4.0064,426,4294967295,0.0834667,0.12,1,104446,104020,426
5629521,3.20389,4.00128,425,4294967295,0.0966933,0.07,1,104449,104024,425
5632441,9.44078,10.4003,424,4294967295,0.0593387,0.03,1,104460,104036,424
5635361,5.08816,5.28005,424,4294967295,0.0198677,0.01,1,104464,104040,424
5638281,4.21763,4.25601,424,4294967295,0.00397355,0.07,1,104468,104044,424
5641201,3.24353,4.0512,423,4294967295,0.00879471,0.06,1,104471,104048,423
5644121,3.84871,4.01024,423,4294967295,0.00975894,0.05,1,104475,104052,423
5647041,3.96974,4.00205,423,4294967295,0.00195179,0.01,1,104479,104056,423
5648661,4.79395,4.00041,424,4294967295,0.0243904,0.02,1,104484,104060,424
5651581,4.15879,4.80008,423,4294967295,0.0448781,0.03,1,104488,104065,423
5653441,3.23176,4.16002,422,4294967295,0.0489756,0,1,104491,104069,422
5656361,196.646,196.032,423,4294967295,0.0177951,0.01,1,104736,104313,423
5659281,42.5293,42.4064,423,4294967295,0.011559,0.01,1,104740,104317,423
5662201,11.7059,11.6813,423,4294967295,0.0023118,0.03,1,104744,104321,423
5665121,5.54117,5.53626,423,4294967295,0.000462361,0.01,1,104748,104325,423
5668041,4.30823,4.30725,423,4294967295,9.24722e-05,0.01,1,104752,104329,423
5670961,4.86165,4.06145,424,4294967295,0.0560185,0.01,1,104757,104333,424
5673881,4.17233,4.01229,424,4294967295,0.0512037,0.01,1,104761,104337,424
5676801,3.23447,4.00246,423,4294967295,0.0182407,0.04,1,104764,104341,423
5679721,3.84689,4.00049,423,4294967295,0.00364815,0.03,1,104768,104345,423
5681521,3.16938,4.0001,422,4294967295,0.000729629,0.01,1,104771,104349,422
5684441,5.43388,4.80002,423,4294967295,0.00814593,0.02,1,104777,104354,423
5687361,4.28678,4.16,423,4294967295,0.0336292,0,1,104781,104358,423
5690281,4.85735,4.032,424,4294967295,0.0307258,0.04,1,104786,104362,424
5693201,3.37147,4.0064,423,4294967295,0.00614517,0.03,1,104789,104366,423
5696121,3.87429,4.00128,423,4294967295,0.00122903,0.03,1,104793,104370,423
5699041,4.77486,4.00026,424,4294967295,0.000245807,0.01,1,104798,104374,424
5701961,4.95497,4.00005,425,4294967295,4.91613e-05,0.01,1,104803,104378,425
5704881,4.99099,4.00001,426,4294967295,0.0240098,0.06,1,104808,104382,426
5707801,3.3982,4,425,4294967295,0.028802,0.07,1,104811,104386,425
5710721,4.67964,4,426,4294967295,0.0137604,0.08,1,104816,104390,426
5713641,4.13593,4,426,4294967295,0.0187521,0.08,1,104820,104394,426
5716561,3.22719,4,425,4294967295,0.0517504,0.09,1,104823,104398,425
5719481,3.84544,4,425,4294967295,0.0423501,0.09,1,104827,104402,425
5722401,3.96909,4,425,4294967295,0.04847,0.07,1,104831,104406,425
5725321,4.79382,4,426,4294967295,0.041694,0.07,1,104836,104410,426
5728241,4.95876,4,427,4294967295,0.0563388,0.07,1,104841,104414,427
5731161,4.19175,4,427,4294967295,0.0832678,0.09,1,104845,104418,427
5734081,4.03835,4,427,4294967295,0.0966536,0.1,1,104849,104422,427
5737001,4.00767,4,427,4294967295,0.0833307,0.1,1,104853,104426,427
5739921,4.80153,4,428,4294967295,0.0646661,0.11,1,104858,104430,428
5742841,4.16031,4,428,4294967295,0.0529332,0.11,1,104862,104434,428
5745761,4.03206,4,428,4294967295,0.0265866,0.12,1,104866,104438,428
5748681,3.20641,4,427,4294967295,0.0133173,0.12,1,104869,104442,427
5751601,2.24128,4,425,4294967295,0.0106635,0.13,1,104871,104446,425
5754521,2.84826,4,424,4294967295,0.0101327,0.11,1,104874,104450,424
5757441,2.96965,4,423,4294967295,0.0260265,0.07,1,104877,104454,423
5760361,3.79393,4,423,4294967295,0.0452053,0.05,1,104881,104458,423
5762021,10.3588,4,431,4294967295,0.0170411,0,1,104893,104462,431
5764941,6.07176,9.6,425,4294967295,0.00340821,0.01,1,104898,104473,425
5767861,4.41435,5.12,425,4294967295,0.000681642,0.06,1,104902,104477,425
5770781,4.08287,4.224,425,4294967295,0.0321363,0.08,1,104906,104481,425
5773701,5.61657,4.0448,427,4294967295,0.0464273,0.06,1,104912,104485,427
5776621,3.52331,4.00896,426,4294967295,0.0732855,0.07,1,104915,104489,426
5779541,3.10466,4.00179,425,4294967295,0.0866571,0.09,1,104918,104493,425
5782461,3.02093,4.00036,424,4294967295,0.0733314,0.08,1,104921,104497,424
5784481,2.20419,4.00007,422,4294967295,0.0786663,0,1,104923,104501,422
5787401,195.641,193.6,425,4294967295,0.0157333,0.01,1,105167,104742,425
5790321,42.3282,41.92,425,4294967295,0.00314665,0.03,1,105171,104746,425
5793241,10.8656,11.584,424,4294967295,0.00062933,0.08,1,105174,104750,424
5795921,4.57313,5.5168,423,4294967295,0.000125866,0.01,1,105177,104754,423
5798841,8.91463,9.10336,423,4294967295,0.0240252,0,1,105187,104764,423
5801761,5.78292,5.02067,424,4294967295,0.012805,0.01,1,105192,104768,424
5804241,4.35658,4.20413,424,4294967295,0.018561,0.03,1,105196,104772,424
5807161,2.47132,3.24083,423,4294967295,0.0037122,0.05,1,105198,104775,423
5810081,3.69426,3.84817,423,4294967295,0.00874244,0.02,1,105202,104779,423
5812561,3.93885,3.96963,423,4294967295,0.00174849,0.03,1,105206,104783,423
5815481,3.18777,3.19393,423,4294967295,0.000349698,0.03,1,105209,104786,423
5817761,3.83755,3.83879,423,4294967295,0.0240699,0.01,1,105213,104790,423
5820681,7.96751,6.36776,425,4294967295,0.020814,0.01,1,105222,104797,425
5823601,3.1935,4.47355,423,4294967295,0.0281628,0.01,1,105224,104801,423
5826521,3.8387,4.09471,423,4294967295,0.0136326,0.07,1,105228,104805,423
5828581,4.76774,4.01894,424,4294967295,0.00272651,0.04,1,105233,104809,424
5831501,4.15355,3.20379,425,4294967295,0.0085453,0.03,1,105237,104812,425
5834421,3.23071,3.84076,424,4294967295,0.0177091,0.06,1,105240,104816,424
5837341,4.64614,3.96815,425,4294967295,0.0115418,0.08,1,105245,104820,425
5840261,4.12923,3.99363,425,4294967295,0.0263084,0.05,1,105249,104824,425
5843181,4.82585,3.99873,426,4294967295,0.0372617,0.07,1,105254,104828,426
5846101,4.96517,3.99975,427,4294967295,0.0474523,0.06,1,105259,104832,427
5849021,3.39303,3.99995,426,4294967295,0.0494905,0.08,1,105262,104836,426
5851941,3.87861,3.99999,426,4294967295,0.0738981,0.11,1,105266,104840,426
5854861,3.97572,4,426,4294967295,0.0947796,0.11,1,105270,104844,426
5857781,3.99514,4,426,4294967295,0.0829559,0.11,1,105274,104848,426
5859781,3.99903,4,426,4294967295,0.0645912,0.09,1,105278,104852,426
5862701,3.19981,5.6,423,4294967295,0.0849182,0.06,1,105281,104858,423
5865621,4.63996,4.32,424,4294967295,0.0729836,0.05,1,105286,104862,424
5868541,4.12799,4.064,424,4294967295,0.0865967,0.03,1,105290,104866,424
5871461,4.0256,4.0128,424,4294967295,0.0813193,0.05,1,105294,104870,424
5874381,3.20512,4.00256,423,4294967295,0.104264,0.05,1,105297,104874,423
5877301,3.84102,4.00051,423,4294967295,0.0848528,0.07,1,105301,104878,423
5880221,4.7682,4.0001,424,4294967295,0.0889706,0.04,1,105306,104882,424
5883141,3.35364,4.00002,423,4294967295,0.105794,0.03,1,105309,104886,423
5886061,3.87073,4,423,4294967295,0.125159,0.03,1,105313,104890,423
5888981,5.57415,4,425,4294967295,0.0970318,0.01,1,105319,104894,425
5891901,5.11483,4,426,4294967295,0.0754064,0.01,1,105324,104898,426
5894821,5.02297,4,427,4294967295,0.0390813,0.08,1,105329,104902,427
5897221,4.20459,4,427,4294967295,0.00781625,0.08,1,105333,104906,427
5900141,3.24092,3.2,427,4294967295,0.00956325,0.07,1,105336,104909,427
5902421,4.64818,3.84,428,4294967295,0.0339127,0.1,1,105341,104913,428
5905341,4.12964,3.168,429,4294967295,0.0467825,0.09,1,105345,104916,429
5908261,4.82593,3.8336,430,4294967295,0.0413565,0.14,1,105350,104920,430
5910321,3.36519,3.96672,429,4294967295,0.0482713,0.17,1,105353,104924,429
5913241,3.07304,4.79334,427,4294967295,0.0256543,0.15,1,105356,104929,427
5915521,3.01461,4.15867,426,4294967295,0.0131309,0.01,1,105359,104933,426
5918441,193.403,195.232,424,4294967295,0.00262617,0.03,1,105600,105176,424
5921361,41.0806,42.2463,423,4294967295,0.00852523,0.03,1,105603,105180,423
5924281,11.4161,11.6493,423,4294967295,0.00970505,0.05,1,105607,105184,423
5927201,5.48322,5.52985,423,4294967295,0.017941,0.03,1,105611,105188,423
5929041,4.29664,4.30597,423,4294967295,0.0115882,0.03,1,105615,105192,423
5931961,8.05933,7.26119,424,4294967295,0.0343176,0.03,1,105624,105200,424
5934881,4.81187,4.65224,424,4294967295,0.0388635,0,1,105628,105204,424
5937361,4.96237,4.13045,425,4294967295,0.0397727,0.03,1,105633,105208,425
5940281,3.39247,4.82609,423,4294967295,0.0399545,0.06,1,105636,105213,423
5943201,3.87849,4.16522,423,4294967295,0.0239909,0.05,1,105640,105217,423
5945681,3.9757,4.03304,423,4294967295,0.0367982,0.03,1,105644,105221,423
5948601,3.19514,3.20661,423,4294967295,0.0713596,0.01,1,105647,105224,423
5950881,3.83903,3.84132,423,4294967295,0.0622719,0.01,1,105651,105228,423
5953801,9.56781,7.96826,425,4294967295,0.0124544,0.02,1,105662,105237,425
5956721,4.31356,4.79365,424,4294967295,0.00249088,0.01,1,105665,105241,424
5959641,4.06271,4.15873,424,4294967295,0.0324982,0.07,1,105669,105245,424
5962561,4.81254,4.03175,425,4294967295,0.0144996,0.06,1,105674,105249,425
5965481,5.76251,4.00635,427,4294967295,0.0108999,0.05,1,105680,105253,427
5968401,5.1525,4.00127,428,4294967295,0.01818,0.08,1,105685,105257,428
5971321,3.4305,4.00025,427,4294967295,0.035636,0.09,1,105688,105261,427
5974241,3.0861,4.00005,426,4294967295,0.0311272,0.11,1,105691,105265,426
5977161,4.61722,4.00001,427,4294967295,0.0622254,0.1,1,105696,105269,427
5980001,4.12344,4,427,4294967295,0.0764451,0.08,1,105700,105273,427
5982921,4.82469,4,428,4294967295,0.055289,0.11,1,105705,105277,428
5985841,3.36494,4,427,4294967295,0.0510578,0.09,1,105708,105281,427
5988761,4.67299,4,428,4294967295,0.0662116,0.11,1,105713,105285,428
5991681,4.9346,4,429,4294967295,0.0852423,0.1,1,105718,105289,429
5994601,3.38692,4,428,4294967295,0.0650485,0.13,1,105721,105293,428
5997521,4.67738,4,429,4294967295,0.0770097,0.12,1,105726,105297,429
6000441,4.13548,4,429,4294967295,0.0554019,0.12,1,105730,105301,429
6003361,3.2271,4,428,4294967295,0.0590804,0.15,1,105733,105305,428
6006281,2.24542,4,426,4294967295,0.0598161,0.15,1,105735,105309,426
6009201,2.84908,4,425,4294967295,0.0359632,0.12,1,105738,105313,425
6012121,2.96982,4,424,4294967295,0.00719264,0.09,1,105741,105317,424
6015041,3.79396,4,424,4294967295,0.0254385,0.07,1,105745,105321,424
6017961,3.15879,4,423,4294967295,0.0530877,0.05,1,105748,105325,423
6019521,3.83176,4,423,4294967295,0.0506175,0,1,105752,105329,423
6022441,5.56635,4,425,4294967295,0.0501235,0.01,1,105758,105333,425
6025361,3.51327,4,424,4294967295,0.0180247,0.05,1,105761,105337,424
6027221,4.70265,4,425,4294967295,0.0116049,0.04,1,105766,105341,425
6030141,3.34053,4.8,423,4294967295,0.00232099,0.08,1,105769,105346,423
6033061,4.66811,4.16,424,4294967295,0.0084642,0.04,1,105774,105350,424
6035981,4.93362,4.032,425,4294967295,0.00169284,0.03,1,105779,105354,425
6038901,3.38672,4.0064,424,4294967295,0.0323386,0.06,1,105782,105358,424
6041361,3.87734,4.00128,424,4294967295,0.0544677,0.06,1,105786,105362,424
6044281,4.77547,4.80026,424,4294967295,0.0508935,0.03,1,105791,105367,424
6046561,3.35509,4.16005,423,4294967295,0.0741787,0.02,1,105794,105371,423
6049481,193.471,192.032,425,4294967295,0.0148357,0.01,1,106035,105610,425
6052401,41.8942,41.6064,425,4294967295,0.00296715,0.03,1,106039,105614,425
6055321,11.5788,11.5213,425,4294967295,0.00059343,0.08,1,106043,105618,425
6058241,4.71577,5.50426,424,4294967295,0.00811869,0.07,1,106046,105622,424
6060081,4.14315,4.30085,424,4294967295,0.0256237,0.06,1,106050,105626,424
6063001,4.82863,4.06017,425,4294967295,0.0291247,0.05,1,106055,105630,425
6065921,4.96573,4.01203,426,4294967295,0.037825,0.05,1,106060,105634,426
6068841,4.19315,4.00241,426,4294967295,0.031565,0.05,1,106064,105638,426
6071761,3.23863,4.00048,425,4294967295,0.006313,0.09,1,106067,105642,425
6073601,2.24773,4.0001,423,4294967295,0.0332626,0.05,1,106069,105646,423
6076521,9.24955,8.00002,425,4294967295,0.0706525,0.01,1,106080,105655,425
6079441,4.24991,4.8,424,4294967295,0.0621305,0.01,1,106083,105659,424
6081921,4.04998,4.16,424,4294967295,0.0444261,0.04,1,106087,105663,424
6084841,8.01,8.832,423,4294967295,0.0168852,0.03,1,106096,105673,423
6087761,6.402,4.9664,425,4294967295,0.027377,0.01,1,106102,105677,425
6090681,5.2804,4.19328,426,4294967295,0.0134754,0.04,1,106107,105681,426
6093601,5.05608,4.03866,427,4294967295,0.0346951,0.07,1,106112,105685,427
6096521,4.21122,4.00773,427,4294967295,0.014939,0.09,1,106116,105689,427
6099441,3.24224,4.00155,426,4294967295,0.0269878,0.12,1,106119,105693,426
6102361,3.84845,4.00031,426,4294967295,0.0613976,0.11,1,106123,105697,426
6105281,4.76969,4.00006,427,4294967295,0.0602795,0.09,1,106128,105701,427
6108201,4.15394,4.00001,427,4294967295,0.0520559,0.1,1,106132,105705,427
6111121,4.03079,4,427,4294967295,0.0584112,0.12,1,106136,105709,427
6113121,3.20616,4,426,4294967295,0.0436822,0.09,1,106139,105713,426
6116041,4.64123,4.8,426,4294967295,0.0407364,0.1,1,106144,105718,426
6118961,4.12825,4.16,426,4294967295,0.0481473,0.1,1,106148,105722,426
6120821,6.42565,4.032,429,4294967295,0.0496295,0.06,1,106155,105726,429
6123741,5.28513,8.0064,425,4294967295,0.0579259,0.01,1,106160,105735,425
6126661,4.25703,4.80128,425,4294967295,0.0755852,0.04,1,106164,105739,425
6129581,3.25141,4.16026,424,4294967295,0.079117,0.07,1,106167,105743,424
6132501,3.85028,4.03205,424,4294967295,0.0878234,0.06,1,106171,105747,424
6135421,3.17006,4.00641,423,4294967295,0.0895647,0.05,1,106174,105751,423
6138341,3.83401,4.00128,423,4294967295,0.0819129,0.06,1,106178,105755,423
6141261,3.9668,4.00026,423,4294967295,0.0723826,0.03,1,106182,105759,423
6144181,3.99336,4.00005,423,4294967295,0.0544765,0.01,1,106186,105763,423
6147101,4.79867,4.00001,424,4294967295,0.0108953,0.01,1,106191,105767,424
6150021,4.95973,4,425,4294967295,0.0101791,0.01,1,106196,105771,425
6152941,4.19195,4,425,4294967295,0.00203581,0.03,1,106200,105775,425
6155861,4.83839,4,426,4294967295,0.00840716,0.07,1,106205,105779,426
6158781,4.96768,4,427,4294967295,0.00168143,0.07,1,106210,105783,427
6161701,4.19354,4,427,4294967295,0.000336286,0.09,1,106214,105787,427
6164621,4.03871,4,427,4294967295,0.0400673,0.1,1,106218,105791,427
6167541,2.40774,4,425,4294967295,0.0560135,0.1,1,106220,105795,425
6170461,2.88155,4,424,4294967295,0.0672027,0.12,1,106223,105799,424
6173381,2.97631,4,423,4294967295,0.0774405,0.07,1,106226,105803,423
6176301,4.59526,4,424,4294967295,0.0714881,0.05,1,106231,105807,424
6177601,162.519,4,622,4294967295,0.158298,0.02,1,106433,105811,622
6180521,60.5038,187.2,424,4294967295,0.0316595,0.02,1,106468,106044,424
6183441,16.1008,40.64,425,4294967295,0.0143319,0.01,1,106473,106048,425
6185921,5.62015,11.328,424,4294967295,0.0108664,0.05,1,106476,106052,424
6188841,5.92403,6.2656,425,4294967295,0.0101733,0.05,1,106482,106057,425
6191761,5.18481,4.45312,426,4294967295,0.00203466,0.03,1,106487,106061,426
6194661,7.43696,4.09062,430,4294967295,0.0244069,0.09,1,106495,106065,430
6197581,3.88739,7.21812,425,4294967295,0.0368814,0.09,1,106498,106073,425
6200501,3.17748,4.64362,424,4294967295,0.0713763,0.09,1,106501,106077,424
6203421,3.0355,4.12872,423,4294967295,0.0622753,0.08,1,106504,106081,423
6206341,4.6071,4.02574,424,4294967295,0.0284551,0.05,1,106509,106085,424
6209261,4.12142,4.00515,424,4294967295,0.00569101,0.04,1,106513,106089,424
6212181,3.22428,4.00103,423,4294967295,0.0171382,0.03,1,106516,106093,423
6214421,6.24486,4.00021,426,4294967295,0.0674276,0.03,1,106523,106097,426
6216501,6.84897,4.80004,428,4294967295,0.0374855,0.05,1,106530,106102,428
6219421,5.36979,7.36001,425,4294967295,0.0154971,0.05,1,106535,106110,425
6222341,5.07396,4.672,426,4294967295,0.00309942,0.03,1,106540,106114,426
6225261,3.41479,4.1344,425,4294967295,0.00861988,0.08,1,106543,106118,425
6228181,4.68296,4.02688,426,4294967295,0.00972398,0.08,1,106548,106122,426
6231101,3.33659,4.00538,425,4294967295,0.0179448,0.09,1,106551,106126,425
6232721,3.06732,4.00108,424,4294967295,0.043589,0.08,1,106554,106130,424
6235641,5.41346,4.80021,425,4294967295,0.0567178,0.04,1,106560,106135,425
6238561,4.28269,4.16004,425,4294967295,0.0673436,0.07,1,106564,106139,425
6241481,4.05654,4.03201,425,4294967295,0.0614687,0.06,1,106568,106143,425
6244401,4.01131,4.0064,425,4294967295,0.0522937,0.06,1,106572,106147,425
6247321,4.80226,4.00128,426,4294967295,0.0424588,0.07,1,106577,106151,426
6249361,4.16045,4.00026,426,4294967295,0.0324918,0.06,1,106581,106155,426
6251441,7.23209,4.80005,429,4294967295,0.0384983,0.1,1,106589,106160,429
6254361,6.24642,8.16001,426,4294967295,0.0316997,0.11,1,106595,106169,426
6257281,3.64928,4.832,425,4294967295,0.0463399,0.1,1,106598,106173,425
6259761,3.12986,4.1664,424,4294967295,0.033268,0.07,1,106601,106177,424
6262681,3.82597,4.83328,423,4294967295,0.0466536,0.05,1,106605,106182,423
6265601,3.96519,4.16666,423,4294967295,0.0573307,0.03,1,106609,106186,423
6268521,3.99304,4.03333,423,4294967295,0.0674661,0.01,1,106613,106190,423
6271441,3.99861,4.00667,423,4294967295,0.0454932,0.01,1,106617,106194,423
6274361,3.99972,4.00133,423,4294967295,0.0410986,0.01,1,106621,106198,423
6277281,3.99994,4.00027,423,4294967295,0.0162197,0.01,1,106625,106202,423
6280201,5.59999,4.00005,425,4294967295,0.0112439,0.01,1,106631,106206,425
6283121,5.12,4.00001,426,4294967295,0.00224879,0.01,1,106636,106210,426
6286041,4.224,4,426,4294967295,0.00844976,0.07,1,106640,106214,426
6288881,4.0448,4,426,4294967295,0.00968995,0.08,1,106644,106218,426
6291801,6.40896,7.2,425,4294967295,0.00193799,0.09,1,106651,106226,425
6294721,3.68179,4.64,424,4294967295,0.0243876,0.07,1,106654,106230,424
6297641,3.13636,4.128,423,4294967295,0.0208775,0.06,1,106657,106234,423
6300561,3.82727,4.0256,423,4294967295,0.0281755,0.05,1,106661,106238,423
6303481,3.96545,4.00512,423,4294967295,0.0536351,0.04,1,106665,106242,423
6306401,4.79309,4.00102,424,4294967295,0.058727,0.04,1,106670,106246,424
6308021,157.759,4.0002,616,4294967295,0.0277454,0.07,1,106866,106250,616
6310101,59.5517,158.4,454,4294967295,0.0135491,0.01,1,106901,106447,454
6313021,15.9103,59.68,424,4294967295,0.0267098,0.01,1,106906,106482,424
6315941,7.18207,15.136,425,4294967295,0.013342,0.02,1,106911,106486,425
6318861,5.43641,6.2272,426,4294967295,0.00266839,0.06,1,106916,106490,426
6321781,3.48728,4.44544,425,4294967295,0.0245337,0.08,1,106919,106494,425
6323621,6.29746,4.08909,428,4294967295,0.0369067,0.06,1,106926,106498,428
6326541,6.05949,7.21782,426,4294967295,0.0233813,0,1,106932,106506,426
6329461,4.4119,4.64356,426,4294967295,0.0286763,0.05,1,106936,106510,426
6332381,3.28238,4.12871,425,4294967295,0.0457353,0.1,1,106939,106514,425
6335301,3.05648,4.02574,424,4294967295,0.0331471,0.12,1,106942,106518,424
6338221,3.0113,4.00515,423,4294967295,0.0306294,0.08,1,106945,106522,423
6341141,3.80226,4.00103,423,4294967295,0.0301259,0.05,1,106949,106526,423
6344061,3.96045,4.00021,423,4294967295,0.0300252,0.03,1,106953,106530,423
6346501,11.1921,4.00004,432,4294967295,0.030005,0.04,1,106966,106534,432
6349421,6.23842,9.60001,426,4294967295,0.022001,0.03,1,106971,106545,426
6352341,4.44768,5.12,426,4294967295,0.0204002,0.05,1,106975,106549,426
6355261,4.08954,4.224,426,4294967295,0.02008,0.08,1,106979,106553,426
6358181,3.21791,4.0448,425,4294967295,0.052016,0.09,1,106982,106557,425
6361101,3.04358,4.00896,424,4294967295,0.0584032,0.08,1,106985,106561,424
6363761,3.80872,4.00179,424,4294967295,0.0756806,0.05,1,106989,106565,424
6366681,9.56174,8.80036,425,4294967295,0.135136,0.04,1,107000,106575,425
6369601,5.11235,4.96007,425,4294967295,0.147027,0.03,1,107004,106579,425
6372521,5.02247,4.19201,426,4294967295,0.197405,0.08,1,107009,106583,426
6375441,3.40449,4.0384,425,4294967295,0.207481,0.06,1,107012,106587,425
6378361,3.8809,4.00768,425,4294967295,0.241496,0.08,1,107016,106591,425
6381281,4.77618,4.00154,426,4294967295,0.296299,0.08,1,107021,106595,426
6384201,4.95524,4.00031,427,4294967295,0.32326,0.07,1,107026,106599,427
6386021,3.39105,4.00006,426,4294967295,0.344652,0.07,1,107029,106603,426
6388941,3.07821,4.80001,424,4294967295,0.31693,0.08,1,107032,106608,424
6391861,3.01564,4.16,423,4294967295,0.327386,0.08,1,107035,106612,423
6394341,3.80313,4.032,423,4294967295,0.305477,0.05,1,107039,106616,423
6397261,3.16063,3.2064,423,4294967295,0.325095,0.03,1,107042,106619,423
6399121,3.03213,3.84128,422,4294967295,0.345019,0.03,1,107045,106623,422
6402041,6.20642,5.56826,423,4294967295,0.325004,0.01,1,107052,106629,423
6404961,4.44128,4.31365,423,4294967295,0.313001,0,1,107056,106633,423
6407441,4.08826,4.06273,423,4294967295,0.3186,0.03,1,107060,106637,423
6410361,6.41765,5.61255,424,4294967295,0.31972,0.02,1,107067,106643,424
6413281,5.28353,4.32251,425,4294967295,0.295944,0.01,1,107072,106647,425
6416201,5.05671,4.0645,426,4294967295,0.251189,0.06,1,107077,106651,426
6419121,4.21134,4.0129,426,4294967295,0.242238,0.08,1,107081,106655,426
6422041,3.24227,4.00258,425,4294967295,0.232448,0.07,1,107084,106659,425
6424961,3.04845,4.00052,424,4294967295,0.23849,0.09,1,107087,106663,424
6427881,3.00969,4.0001,423,4294967295,0.271698,0.06,1,107090,106667,423
6430801,3.80194,4.00002,423,4294967295,0.28634,0.05,1,107094,106671,423
6433721,3.96039,4,423,4294967295,0.273268,0.03,1,107098,106675,423
6436561,3.99208,4,423,4294967295,0.262654,0.05,1,107102,106679,423
6438641,155.998,155.2,424,4294967295,0.0765307,0,1,107296,106872,424
6441561,67.1997,66.24,425,4294967295,0.0313061,0.05,1,107341,106916,425
6444481,16.6399,16.448,425,4294967295,0.0142612,0.05,1,107345,106920,425
6447401,6.52799,6.4896,425,4294967295,0.0188522,0.06,1,107349,106924,425
6450321,4.5056,4.49792,425,4294967295,0.0197704,0.06,1,107353,106928,425
6453241,3.30112,4.09958,424,4294967295,0.0119541,0.07,1,107356,106932,424
6455701,3.06022,4.01992,423,4294967295,0.00239082,0.05,1,107359,106936,423
6458621,3.81204,3.20398,424,4294967295,0.000478164,0.04,1,107363,106939,424
6461541,3.96241,3.8408,424,4294967295,0.0560956,0.04,1,107367,106943,424
6464021,6.39248,3.96816,427,4294967295,0.0432191,0.05,1,107374,106947,427
6466941,4.4785,7.19363,423,4294967295,0.0166438,0.02,1,107378,106955,423
6469861,4.0957,4.63873,423,4294967295,0.0113288,0.01,1,107382,106959,423
6472781,4.01914,4.12775,423,4294967295,0.0262658,0.04,1,107386,106963,423
6475701,4.80383,4.02555,424,4294967295,0.0372532,0.04,1,107391,106967,424
6478581,9.76077,4.00511,431,4294967295,0.0474506,0.05,1,107402,106971,431
6481501,6.75215,8.00102,428,4294967295,0.0574901,0.07,1,107408,106980,428
6483361,3.75043,4.8002,427,4294967295,0.051498,0.09,1,107411,106984,427
6486281,7.15009,4.16004,431,4294967295,0.1063,0.13,1,107419,106988,431
6489201,5.43002,4.03201,432,4294967295,0.10126,0.15,1,107424,106992,432
6492121,5.086,4.0064,433,4294967295,0.124252,0.21,1,107429,106996,433
6494801,5.8172,4.00128,435,4294967295,0.12085,0.17,1,107435,107000,435
6496881,4.36344,3.20026,436,4294967295,0.12817,0.22,1,107439,107003,436
6499801,7.27269,4.64005,439,4294967295,0.129634,0.26,1,107447,107008,439
6502721,5.45454,4.12801,440,4294967295,0.137927,0.29,1,107452,107012,440
6504581,3.49091,4.0256,439,4294967295,0.163585,0.33,1,107455,107016,439
6507501,3.89818,4.00512,439,4294967295,0.176717,0.37,1,107459,107020,439
6509361,3.17964,4.00102,438,4294967295,0.171343,0.31,1,107462,107024,438
6512281,7.83593,7.2002,439,4294967295,0.138269,0.37,1,107471,107032,439
6515201,6.36719,4.64004,441,4294967295,0.163654,0.33,1,107477,107036,441
6518101,4.47344,4.12801,441,4294967295,0.168731,0.36,1,107481,107040,441
6521021,4.09469,4.0256,441,4294967295,0.177746,0.39,1,107485,107044,441
6523941,4.01894,4.00512,441,4294967295,0.187549,0.37,1,107489,107048,441
6526421,2.40379,4.00102,439,4294967295,0.16551,0.34,1,107491,107052,439
6529341,2.08076,3.2002,438,4294967295,0.193102,0.33,1,107493,107055,438
6532241,2.81615,3.84004,437,4294967295,0.19862,0.34,1,107496,107059,437
6535161,4.56323,5.56801,436,4294967295,0.199724,0.33,1,107501,107065,436
6538081,4.11265,4.3136,436,4294967295,0.191945,0.3,1,107505,107069,436
6541001,4.02253,4.06272,436,4294967295,0.190389,0.3,1,107509,107073,436
6543681,4.00451,4.01254,436,4294967295,0.174078,0.25,1,107513,107077,436
6546601,5.6009,5.60251,436,4294967295,0.154816,0.28,1,107519,107083,436
6549521,3.52018,4.3205,435,4294967295,0.158963,0.31,1,107522,107087,435
6552441,3.90404,4.0641,435,4294967295,0.151793,0.3,1,107526,107091,435
6555361,3.18081,4.01282,434,4294967295,0.110359,0.3,1,107529,107095,434
6558281,3.03616,4.00256,433,4294967295,0.102072,0.29,1,107532,107099,433
6561201,3.00723,4.00051,432,4294967295,0.0924143,0.26,1,107535,107103,432
6562821,2.20145,4.0001,430,4294967295,0.0744829,0.2,1,107537,107107,430
6565741,4.44029,4.80002,430,4294967295,0.110897,0.18,1,107542,107112,430
6567601,4.08806,4.16,430,4294967295,0.110179,0.03,1,107546,107116,430
6569681,145.618,149.632,425,4294967295,0.0220359,0.02,1,107727,107302,425
6572601,65.1235,67.5264,423,4294967295,0.0204072,0.05,1,107772,107349,423
6574881,17.8247,16.7053,425,4294967295,0.00408143,0.04,1,107778,107353,425
6577801,9.16494,9.74106,424,4294967295,0.000816287,0.09,1,107785,107361,424
6580721,4.23299,5.14821,423,4294967295,0.000163257,0.06,1,107788,107365,423
6583641,4.0466,4.22964,423,4294967295,3.26515e-05,0.05,1,107792,107369,423
6586561,4.80932,4.04593,424,4294967295,0.0160065,0.04,1,107797,107373,424
6589481,4.16186,4.00919,424,4294967295,0.0432013,0.03,1,107801,107377,424
6592401,4.03237,4.00184,424,4294967295,0.0326403,0.03,1,107805,107381,424
6595321,4.00647,4.00037,424,4294967295,0.0225281,0.05,1,107809,107385,424
6598241,4.80129,4.00007,425,4294967295,0.0125056,0.05,1,107814,107389,425
6601161,4.16026,4.00001,425,4294967295,0.0105011,0.05,1,107818,107393,425
6604081,4.03205,4,425,4294967295,0.0101002,0.07,1,107822,107397,425
6606081,4.00641,4,425,4294967295,0.02602,0.07,1,107826,107401,425
6609001,4.80128,3.2,427,4294967295,0.021204,0.06,1,107831,107404,427
6610661,9.76026,3.84,434,4294967295,0.0282408,0.14,1,107842,107408,434
6613581,5.95205,7.968,430,4294967295,0.0296482,0.1,1,107847,107417,430
6615861,8.39041,4.7936,435,4294967295,0.0699296,0.13,1,107856,107421,435
6618781,4.87808,8.95872,429,4294967295,0.0539859,0.12,1,107860,107431,429
6621701,4.17562,4.99174,429,4294967295,0.0427972,0.15,1,107864,107435,429
6624181,5.63512,4.19835,431,4294967295,0.0325594,0.15,1,107870,107439,431
6627101,5.12702,3.23967,433,4294967295,0.0145119,0.15,1,107875,107442,433
6629381,5.0254,3.84793,434,4294967295,0.0429024,0.17,1,107880,107446,434
6631461,9.00508,5.56959,438,4294967295,0.0165805,0.21,1,107890,107452,438
6634381,5.00102,9.91392,431,4294967295,0.0353161,0.21,1,107894,107463,431
6637301,4.2002,5.18278,431,4294967295,0.0550632,0.17,1,107898,107467,431
6640221,3.24004,4.23656,430,4294967295,0.0510126,0.19,1,107901,107471,430
6642481,3.84801,4.04731,430,4294967295,0.0342025,0.17,1,107905,107475,430
6645401,7.1696,5.60946,432,4294967295,0.0468405,0.2,1,107913,107481,432
6647061,4.63392,4.32189,432,4294967295,0.0813681,0.19,1,107917,107485,432
6649981,4.12678,4.06438,432,4294967295,0.0882736,0.22,1,107921,107489,432
6652901,4.02536,4.01288,432,4294967295,0.113655,0.23,1,107925,107493,432
6655821,4.00507,4.00258,432,4294967295,0.118731,0.22,1,107929,107497,432
6658741,3.20101,4.00052,431,4294967295,0.135746,0.21,1,107932,107501,431
6661661,3.8402,4.0001,431,4294967295,0.123149,0.21,1,107936,107505,431
6663281,2.36804,4.00002,429,4294967295,0.0886298,0.17,1,107938,107509,429
6666201,2.87361,4,428,4294967295,0.049726,0.19,1,107941,107513,428
6669121,3.77472,4,428,4294967295,0.0579452,0.18,1,107945,107517,428
6672041,3.15494,4,427,4294967295,0.067589,0.16,1,107948,107521,427
6674961,3.83099,4,427,4294967295,0.0455178,0.12,1,107952,107525,427
6677881,4.7662,4,428,4294967295,0.0411036,0.11,1,107957,107529,428
6679921,4.95324,4,429,4294967295,0.0482207,0.13,1,107962,107533,429
6682841,5.79065,5.6,429,4294967295,0.0576441,0.15,1,107968,107539,429
6685761,5.15813,4.32,430,4294967295,0.0515288,0.13,1,107973,107543,430
6688681,2.63163,4.064,428,4294967295,0.0663058,0.13,1,107975,107547,428
6691601,2.92633,4.0128,427,4294967295,0.0852612,0.16,1,107978,107551,427
6694521,4.58527,4.00256,428,4294967295,0.0650522,0.11,1,107983,107555,428
6697441,3.31705,4.00051,427,4294967295,0.0690104,0.11,1,107986,107559,427
6700101,140.663,4.0001,598,4294967295,0.0298021,0.01,1,108161,107563,598
6702181,61.7327,144,461,4294967295,0.00596042,0,1,108203,107742,461
6705101,15.5465,62.4,423,4294967295,0.00119208,0,1,108207,107784,423
6707381,12.7093,15.68,431,4294967295,0.000238417,0.06,1,108219,107788,431
6710301,5.74186,11.936,424,4294967295,4.76833e-05,0.06,1,108223,107799,424
6713221,4.34837,5.5872,424,4294967295,9.53666e-06,0.05,1,108227,107803,424
6716141,3.26967,4.31744,423,4294967295,0.0240019,0.05,1,108230,107807,423
6719061,3.85393,4.06349,423,4294967295,0.0368004,0.04,1,108234,107811,423
6721981,4.77079,4.0127,424,4294967295,0.0313601,0.02,1,108239,107815,424
6724901,4.15416,4.00254,424,4294967295,0.070272,0.01,1,108243,107819,424
6727821,4.03083,4.00051,424,4294967295,0.0700544,0.06,1,108247,107823,424
6730261,3.20617,4.0001,423,4294967295,0.0700109,0.03,1,108250,107827,423
6733181,3.84123,3.20002,424,4294967295,0.0780022,0.03,1,108254,107830,424
6736101,3.96825,3.84,424,4294967295,0.0636004,0.04,1,108258,107834,424
6738581,5.59365,3.968,426,4294967295,0.0527201,0.05,1,108264,107838,426
6740661,10.7187,3.1936,435,4294967295,0.010544,0.08,1,108276,107841,435
6743581,6.14375,12.6387,425,4294967295,0.0421088,0.05,1,108281,107856,425
6745861,8.42875,5.72774,430,4294967295,0.0404218,0.04,1,108290,107860,430
6748781,5.68575,9.14555,425,4294967295,0.00808435,0.03,1,108295,107870,425
6751701,3.53715,5.02911,424,4294967295,0.0256169,0.04,1,108298,107874,424
6754621,3.90743,4.20582,424,4294967295,0.0531234,0.07,1,108302,107878,424
6757541,4.78149,4.04116,425,4294967295,0.0906247,0.05,1,108307,107882,425
6760001,4.9563,4.00823,426,4294967295,0.0581249,0.05,1,108312,107886,426
6762921,12.9913,12.8016,426,4294967295,0.059625,0.03,1,108327,107901,426
6765841,6.59825,5.76033,427,4294967295,0.083925,0.05,1,108332,107905,427
6768321,4.51965,4.35207,427,4294967295,0.072785,0.07,1,108336,107909,427
6771241,4.90393,3.27041,429,4294967295,0.062557,0.1,1,108341,107912,429
6774161,4.18079,3.85408,429,4294967295,0.0365114,0.11,1,108345,107916,429
6777081,4.83616,3.97082,430,4294967295,0.0153023,0.14,1,108350,107920,430
6779141,4.96723,3.99416,431,4294967295,0.0350605,0.16,1,108355,107924,431
6782061,4.19345,7.99883,426,4294967295,0.0550121,0.11,1,108359,107933,426
6784981,3.23869,4.79977,425,4294967295,0.0670024,0.08,1,108362,107937,425
6787901,3.04774,4.15995,424,4294967295,0.0854005,0.1,1,108365,107941,424
6790821,4.60955,4.03199,425,4294967295,0.0890801,0.09,1,108370,107945,425
6793741,4.12191,4.0064,425,4294967295,0.073816,0.04,1,108374,107949,425
6796661,4.02438,4.00128,425,4294967295,0.0787632,0.08,1,108378,107953,425
6799581,4.00488,4.00026,425,4294967295,0.0877526,0.06,1,108382,107957,425
6802501,4.80098,4.00005,426,4294967295,0.0815505,0.07,1,108387,107961,426
6805421,4.96019,4.00001,427,4294967295,0.10431,0.06,1,108392,107965,427
6808341,3.39204,4,426,4294967295,0.108862,0.09,1,108395,107969,426
6811261,3.87841,4,426,4294967295,0.101772,0.12,1,108399,107973,426
6814181,4.77568,4,427,4294967295,0.116354,0.1,1,108404,107977,427
6817101,3.35514,4,426,4294967295,0.103271,0.09,1,108407,107981,426
6820021,5.47103,4,428,4294967295,0.116654,0.1,1,108413,107985,428
6822941,3.49421,4,427,4294967295,0.119331,0.08,1,108416,107989,427
6825521,3.89884,4,427,4294967295,0.103866,0.09,1,108420,107993,427
6827601,5.57977,4.8,428,4294967295,0.116773,0.06,1,108426,107998,428
6830521,137.116,137.76,427,4294967295,0.0233546,0.03,1,108596,108169,427
6832181,62.6232,30.752,467,4294967295,0.00467093,0.01,1,108640,108173,467
6835101,16.5246,43.7504,425,4294967295,0.00893419,0.01,1,108645,108220,425
6837381,9.70493,11.9501,429,4294967295,0.0337868,0.05,1,108653,108224,429
6840301,5.94099,8.79002,426,4294967295,0.0147574,0.04,1,108658,108232,426
6843221,4.3882,4.958,426,4294967295,0.0109515,0.07,1,108662,108236,426
6846141,3.27764,4.1916,425,4294967295,0.0101903,0.08,1,108665,108240,425
6849061,3.85553,4.03832,425,4294967295,0.0260381,0.1,1,108669,108244,425
6851981,3.97111,4.00766,425,4294967295,0.0612076,0.09,1,108673,108248,425
6854901,3.99422,4.00153,425,4294967295,0.0762415,0.07,1,108677,108252,425
6857821,3.99884,4.00031,425,4294967295,0.0632483,0.06,1,108681,108256,425
6860741,3.19977,4.00006,424,4294967295,0.0526497,0.07,1,108684,108260,424
6863661,4.63995,4.00001,425,4294967295,0.0665299,0.07,1,108689,108264,425
6866581,4.12799,4,425,4294967295,0.069306,0.06,1,108693,108268,425
6869201,4.0256,4,425,4294967295,0.0618612,0.09,1,108697,108272,425
6872121,13.6051,13.6,425,4294967295,0.0523722,0.06,1,108713,108288,425
6874401,7.52102,5.92,427,4294967295,0.0104744,0.06,1,108719,108292,427
6877321,7.9042,9.184,425,4294967295,0.0100949,0.11,1,108727,108302,425
6880241,3.98084,5.0368,424,4294967295,0.042019,0.07,1,108730,108306,424
6883161,3.99617,4.20736,424,4294967295,0.0644038,0.06,1,108734,108310,424
6886081,4.79923,4.04147,425,4294967295,0.0928808,0.05,1,108739,108314,425
6889001,5.75985,4.00829,427,4294967295,0.0825761,0.05,1,108745,108318,427
6891041,5.15197,4.00166,428,4294967295,0.0805152,0.07,1,108750,108322,428
6893961,10.6304,14.4003,423,4294967295,0.072103,0.05,1,108762,108339,423
6896881,7.72608,6.08007,426,4294967295,0.0784206,0.03,1,108769,108343,426
6899801,4.74522,4.41601,426,4294967295,0.0716841,0.04,1,108773,108347,426
6902721,5.74904,4.0832,428,4294967295,0.0703368,0.09,1,108779,108351,428
6904561,3.54981,4.01664,427,4294967295,0.0540674,0.06,1,108782,108355,427
6907481,3.90996,4.00333,427,4294967295,0.0828135,0.13,1,108786,108359,427
6909761,3.98199,4.00067,427,4294967295,0.120563,0.09,1,108790,108363,427
6912681,3.1964,3.20013,427,4294967295,0.104113,0.09,1,108793,108366,427
6915601,3.83928,3.84003,427,4294967295,0.124823,0.07,1,108797,108370,427
6918521,3.16786,3.96801,426,4294967295,0.152965,0.1,1,108800,108374,426
6921201,3.83357,3.9936,426,4294967295,0.126593,0.08,1,108804,108378,426
6924121,7.16671,4.79872,429,4294967295,0.137319,0.08,1,108812,108383,429
6927041,4.63334,4.15974,429,4294967295,0.131464,0.12,1,108816,108387,429
6929961,4.12667,4.03195,429,4294967295,0.106293,0.15,1,108820,108391,429
6932881,4.82533,4.00639,430,4294967295,0.109259,0.14,1,108825,108395,430
6935801,3.36507,4.00128,429,4294967295,0.101852,0.14,1,108828,108399,429
6938721,3.07301,4.00026,428,4294967295,0.10037,0.16,1,108831,108403,428
6941641,3.0146,4.00005,427,4294967295,0.108074,0.16,1,108834,108407,427
6944561,4.60292,4.00001,428,4294967295,0.117615,0.16,1,108839,108411,428
6947481,4.12058,4,428,4294967295,0.151523,0.12,1,108843,108415,428
6950321,4.82412,4,429,4294967295,0.142305,0.12,1,108848,108419,429
6953241,4.16482,6.4,426,4294967295,0.132461,0.13,1,108852,108426,426
6956161,5.63296,4.48,428,4294967295,0.138492,0.09,1,108858,108430,428
6958021,4.32659,4.096,428,4294967295,0.139698,0.09,1,108862,108434,428
6960101,132.065,4.8192,587,4294967295,0.0519397,0.04,1,109026,108439,587
6962181,61.6131,135.364,463,4294967295,0.0103879,0.02,1,109070,108607,463
6965101,15.5226,62.2728,423,4294967295,0.00207759,0.02,1,109074,108651,423
6967381,9.50452,15.6546,427,4294967295,0.0164155,0.03,1,109082,108655,427
6970301,6.7009,7.93091,427,4294967295,0.0192831,0.04,1,109088,108661,427
6972581,6.14018,4.78618,429,4294967295,0.0278566,0.08,1,109094,108665,429
6975501,4.42804,6.55724,426,4294967295,0.0295713,0.1,1,109098,108672,426
6978421,4.08561,4.51145,426,4294967295,0.0299143,0.07,1,109102,108676,426
6981341,4.01712,4.10229,426,4294967295,0.0459829,0.09,1,109106,108680,426
6984261,4.00342,4.02046,426,4294967295,0.0411966,0.1,1,109110,108684,426
6987181,4.00068,4.00409,426,4294967295,0.0162393,0.1,1,109114,108688,426
6990101,4.00014,4.00082,426,4294967295,0.00324786,0.09,1,109118,108692,426
6993021,4.00003,4.00016,426,4294967295,0.000649572,0.1,1,109122,108696,426
6995941,4.00001,4.00003,426,4294967295,0.000129914,0.1,1,109126,108700,426
6998861,2.4,4.00001,424,4294967295,0.00802598,0.1,1,109128,108704,424
7001701,11.68,4,434,4294967295,0.0256052,0.03,1,109142,108708,434
7003781,8.736,11.2,429,4294967295,0.029121,0.05,1,109150,108721,429
7005441,5.7472,7.04,428,4294967295,0.0458242,0.07,1,109155,108727,428
7008361,5.94944,7.008,427,4294967295,0.0811648,0.11,1,109161,108734,427
7011281,4.38989,4.6016,427,4294967295,0.088233,0.09,1,109165,108738,427
7014201,4.07798,4.12032,427,4294967295,0.0656466,0.09,1,109169,108742,427
7017121,4.0156,4.02406,427,4294967295,0.0611293,0.1,1,109173,108746,427
7020001,3.20312,4.00481,426,4294967295,0.0282259,0.1,1,109176,108750,426
7022081,9.44062,8.80096,427,4294967295,0.0456452,0.09,1,109187,108760,427
7024161,6.68812,6.56019,427,4294967295,0.017129,0.08,1,109193,108766,427
7027081,9.33762,8.51204,428,4294967295,0.0354258,0.07,1,109203,108775,428
7030001,5.06752,4.90241,428,4294967295,0.0630852,0.08,1,109207,108779,428
7032921,5.81351,4.18048,430,4294967295,0.060617,0.13,1,109213,108783,430
7035601,5.1627,4.0361,431,4294967295,0.0441234,0.17,1,109218,108787,431
7038521,6.63254,7.20722,430,4294967295,0.0408247,0.17,1,109225,108795,430
7041441,4.52651,4.64144,430,4294967295,0.0481649,0.15,1,109229,108799,430
7044361,4.1053,4.12829,430,4294967295,0.057633,0.15,1,109233,108803,430
7047281,2.42106,4.02566,428,4294967295,0.0435266,0.17,1,109235,108807,428
7050201,2.88421,4.00513,427,4294967295,0.0487053,0.17,1,109238,108811,427
7052241,4.57684,4.00103,428,4294967295,0.00974106,0.12,1,109243,108815,428
7055161,4.11537,3.20021,429,4294967295,0.0179482,0.1,1,109247,108818,429
7057441,4.02307,3.84004,429,4294967295,0.0195896,0.12,1,109251,108822,429
7060361,5.60461,4.76801,430,4294967295,0.00391793,0.1,1,109257,108827,430
7063281,5.12092,4.1536,431,4294967295,0.0407836,0.13,1,109262,108831,431
7066201,3.42418,4.03072,430,4294967295,0.0401567,0.16,1,109265,108835,430
7069121,3.08484,4.00614,429,4294967295,0.0560313,0.18,1,109268,108839,429
7072041,4.61697,4.00123,430,4294967295,0.0592063,0.17,1,109273,108843,430
7074961,4.92339,4.00025,431,4294967295,0.0758413,0.15,1,109278,108847,431
7077881,4.18468,4.00005,431,4294967295,0.0631683,0.16,1,109282,108851,431
7080801,3.23694,4.00001,430,4294967295,0.0526336,0.17,1,109285,108855,430
7083721,4.64739,4,431,4294967295,0.0505267,0.17,1,109290,108859,431
7086561,4.92948,4,432,4294967295,0.0581053,0.15,1,109295,108863,432
7088641,4.1859,4,432,4294967295,0.0356211,0.03,1,109299,108867,432
7090721,126.437,132.8,424,4294967295,0.0231242,0,1,109456,109032,424
7092801,58.8874,60.16,424,4294967295,0.00462484,0.02,1,109498,109074,424
7095721,18.1775,18.432,424,4294967295,0.000924968,0.04,1,109506,109082,424
7097381,7.6355,6.8864,425,4294967295,0.00818499,0.04,1,109511,109086,425
7100301,5.5271,5.37728,425,4294967295,0.025637,0.06,1,109516,109091,425
7102581,5.10542,4.27546,426,4294967295,0.0611274,0.06,1,109521,109095,426
7105501,3.42108,5.65509,423,4294967295,0.0602255,0.06,1,109524,109101,423
7107781,7.88422,4.33102,428,4294967295,0.0920451,0.05,1,109533,109105,428
7110701,4.77684,8.0662,423,4294967295,0.098409,0.03,1,109537,109114,423
7113621,4.15537,4.81324,423,4294967295,0.0596818,0.03,1,109541,109118,423
7116101,4.03107,4.16265,423,4294967295,0.0359364,0.01,1,109545,109122,423
7119021,4.00621,3.23253,424,4294967295,0.0311873,0.03,1,109549,109125,424
7121941,4.00124,3.84651,424,4294967295,0.0222375,0.04,1,109553,109129,424
7124861,4.00025,3.9693,424,4294967295,0.0124475,0.06,1,109557,109133,424
7127541,4.80005,3.99386,425,4294967295,0.0104895,0.03,1,109562,109137,425
7129201,4.16001,4.79877,424,4294967295,0.0420979,0.03,1,109566,109142,424
7132121,5.632,4.15975,426,4294967295,0.0484196,0.05,1,109572,109146,426
7133781,9.1264,4.03195,432,4294967295,0.0656839,0.12,1,109582,109150,432
7136481,4.22528,8.80639,425,4294967295,0.0851368,0.08,1,109585,109160,425
7139401,8.04506,8.16128,426,4294967295,0.105027,0.08,1,109594,109168,426
7141681,4.80901,4.83226,426,4294967295,0.0930055,0.08,1,109598,109172,426
7144601,8.1618,9.76645,424,4294967295,0.0826011,0.05,1,109607,109183,424
7147521,4.83236,5.15329,424,4294967295,0.0565202,0.04,1,109611,109187,424
7150441,4.96647,4.23066,425,4294967295,0.075304,0.05,1,109616,109191,425
7153121,4.99329,4.04613,426,4294967295,0.0950608,0.09,1,109621,109195,426
7156041,9.79866,9.60923,426,4294967295,0.0750122,0.09,1,109632,109206,426
7158741,9.15973,5.12185,431,4294967295,0.0950024,0.08,1,109641,109210,431
7161661,5.83195,9.02437,426,4294967295,0.0830005,0.05,1,109646,109220,426
7164581,3.56639,5.00487,425,4294967295,0.1206,0.06,1,109649,109224,425
7166641,3.91328,4.20097,425,4294967295,0.12812,0.04,1,109653,109228,425
7169561,5.58266,6.44019,424,4294967295,0.073624,0.07,1,109659,109235,424
7172481,4.31653,4.48804,424,4294967295,0.0707248,0.02,1,109663,109239,424
7174961,3.26331,4.09761,423,4294967295,0.094145,0.02,1,109666,109243,423
7177881,4.65266,4.01952,424,4294967295,0.058829,0.05,1,109671,109247,424
7180801,4.93053,4.0039,425,4294967295,0.0437658,0.03,1,109676,109251,425
7183721,4.98611,4.00078,426,4294967295,0.0647532,0.06,1,109681,109255,426
7186641,4.19722,4.00016,426,4294967295,0.0609506,0.07,1,109685,109259,426
7189561,4.03944,4.00003,426,4294967295,0.0441901,0.07,1,109689,109263,426
7192021,4.00789,4.00001,426,4294967295,0.016838,0.08,1,109693,109267,426
7194941,3.20158,3.2,426,4294967295,0.0113676,0.09,1,109696,109270,426
7197861,3.04032,3.84,425,4294967295,0.00227352,0.11,1,109699,109274,425
7200781,3.80806,3.968,425,4294967295,0.000454704,0.08,1,109703,109278,425
7203041,4.76161,3.9936,426,4294967295,0.0320909,0.08,1,109708,109282,426
7205961,8.95232,10.3987,424,4294967295,0.0304182,0.04,1,109718,109294,424
7208881,4.19046,5.27974,423,4294967295,0.0300836,0.01,1,109721,109298,423
7211801,4.83809,4.25595,424,4294967295,0.0620167,0.05,1,109726,109302,424
7214721,4.16762,4.05119,424,4294967295,0.0684033,0.04,1,109730,109306,424
7217641,5.63352,4.01024,426,4294967295,0.0616807,0.06,1,109736,109310,426
7219681,5.1267,4.00205,427,4294967295,0.0523361,0.05,1,109741,109314,427
7221761,118.625,121.6,423,4294967295,0.0104672,0,1,109888,109465,423
7224681,59.7251,57.9201,426,4294967295,0.00209345,0.03,1,109933,109507,426
7227381,18.345,14.784,430,4294967295,0.000418689,0.08,1,109941,109511,430
7230301,8.469,9.3568,428,4294967295,0.0400837,0.1,1,109947,109519,428
7233201,4.8938,5.07136,428,4294967295,0.0240167,0.11,1,109951,109523,428
7236121,8.17876,11.4143,424,4294967295,0.0288034,0.06,1,109960,109536,424
7238401,4.83575,5.48285,424,4294967295,0.0457607,0.03,1,109964,109540,424
7241321,5.76715,6.69657,423,4294967295,0.0171521,0.03,1,109970,109547,423
7244241,5.15343,4.53931,424,4294967295,0.0114304,0.01,1,109975,109551,424
7247161,4.23069,4.10786,424,4294967295,0.0102861,0.02,1,109979,109555,424
7250081,4.04614,4.02157,424,4294967295,0.0260572,0.03,1,109983,109559,424
7253001,4.80923,4.00431,425,4294967295,0.0372114,0.05,1,109988,109563,425
7255921,4.16185,4.00086,425,4294967295,0.0394423,0.05,1,109992,109567,425
7258841,4.83237,4.00017,426,4294967295,0.0318885,0.08,1,109997,109571,426
7261761,5.76647,4.00003,428,4294967295,0.0143777,0.07,1,110003,109575,428
7263781,11.5533,4.00001,437,4294967295,0.0508755,0.13,1,110016,109579,437
7266701,5.51066,11.2,428,4294967295,0.0981751,0.09,1,110020,109592,428
7268981,6.70213,5.44,431,4294967295,0.139635,0.1,1,110027,109596,431
7271901,5.34043,8.288,427,4294967295,0.099927,0.08,1,110032,109605,427
7274181,5.06809,4.8576,428,4294967295,0.107985,0.08,1,110037,109609,428
7277101,5.01362,4.97152,428,4294967295,0.141597,0.11,1,110042,109614,428
7279381,6.60272,4.1943,431,4294967295,0.124319,0.09,1,110049,109618,431
7282301,4.52054,5.63886,429,4294967295,0.160864,0.13,1,110053,109624,429
7284161,2.50411,4.32777,427,4294967295,0.152173,0.13,1,110055,109628,427
7286241,8.50082,7.26555,429,4294967295,0.134435,0.13,1,110065,109636,429
7289161,12.1002,13.4531,427,4294967295,0.114887,0.09,1,110078,109651,427
7292081,4.82003,5.89062,426,4294967295,0.126977,0.07,1,110081,109655,426
7295001,3.36401,4.37812,425,4294967295,0.153395,0.09,1,110084,109659,425
7297061,3.0728,4.07562,424,4294967295,0.142679,0.1,1,110087,109663,424
7299981,3.81456,3.21513,425,4294967295,0.116536,0.07,1,110091,109666,425
7302901,3.96291,3.84303,425,4294967295,0.103307,0.06,1,110095,109670,425
7305821,3.19258,3.96861,424,4294967295,0.0686614,0.07,1,110098,109674,424
7307461,8.63852,3.99372,430,4294967295,0.0617323,0.04,1,110108,109678,430
7310381,4.9277,9.59874,423,4294967295,0.0523465,0.01,1,110112,109689,423
7313301,4.98554,5.11975,424,4294967295,0.0344693,0.02,1,110117,109693,424
7316221,4.99711,4.22395,425,4294967295,0.0628939,0.04,1,110122,109697,425
7319141,3.39942,4.04479,424,4294967295,0.0765788,0.06,1,110125,109701,424
7322061,3.87988,4.00896,424,4294967295,0.0873158,0.06,1,110129,109705,424
7324981,5.57598,4.00179,426,4294967295,0.0974632,0.05,1,110135,109709,426
7327901,5.1152,4.00036,427,4294967295,0.0674926,0.05,1,110140,109713,427
7330821,3.42304,4.00007,426,4294967295,0.0614985,0.09,1,110143,109717,426
7333741,3.08461,4.00001,425,4294967295,0.0682997,0.11,1,110146,109721,425
7336661,4.61692,4,426,4294967295,0.0536599,0.08,1,110151,109725,426
7339581,3.32338,4,425,4294967295,0.066732,0.07,1,110154,109729,425
7342501,5.46468,4,427,4294967295,0.0773464,0.08,1,110160,109733,427
7345421,4.29294,4,427,4294967295,0.111469,0.07,1,110164,109737,427
7346981,3.25859,4,426,4294967295,0.0862939,0.1,1,110167,109741,426
7349901,3.05172,4.8,424,4294967295,0.0972588,0.08,1,110170,109746,424
7352181,116.61,4.16,565,4294967295,0.0274518,0.03,1,110315,109750,565
7354261,68.1221,116.832,476,4294967295,0.00549035,0.02,1,110371,109895,476
7357181,17.6244,68.1664,425,4294967295,0.0250981,0,1,110376,109951,425
7360101,5.92488,16.8333,424,4294967295,0.0130196,0.06,1,110379,109955,424
7363021,4.38498,6.56666,424,4294967295,0.0106039,0.06,1,110383,109959,424
7365701,7.277,4.51333,428,4294967295,0.00212078,0.03,1,110391,109963,428
7368621,5.4554,8.10267,424,4294967295,0.00842416,0.01,1,110396,109972,424
7371541,4.29108,4.82053,424,4294967295,0.0256848,0.03,1,110400,109976,424
7374461,4.05822,4.16411,424,4294967295,0.021137,0.06,1,110404,109980,424
7377381,4.01164,4.03282,424,4294967295,0.0122274,0.06,1,110408,109984,424
7379221,8.80233,4.00656,430,4294967295,0.0184455,0.04,1,110418,109988,430
7382141,5.76047,8.80131,425,4294967295,0.0276891,0.01,1,110423,109998,425
7385061,5.15209,4.96026,426,4294967295,0.0215378,0.03,1,110428,110002,426
7387981,5.03042,4.19205,427,4294967295,0.188308,0.08,1,110433,110006,427
7390901,5.80608,4.03841,429,4294967295,0.181662,0.07,1,110439,110010,429
7393781,12.3612,4.00768,439,4294967295,0.196332,0.15,1,110453,110014,439
7396701,5.67224,12.0015,429,4294967295,0.207266,0.11,1,110457,110028,429
7398981,6.73445,5.60031,432,4294967295,0.129453,0.14,1,110464,110032,432
7401901,5.34689,5.92006,431,4294967295,0.121891,0.16,1,110469,110038,431
7404821,3.46938,4.38401,430,4294967295,0.136378,0.15,1,110472,110042,430
7407741,2.29388,4.0768,428,4294967295,0.131276,0.17,1,110474,110046,428
7409381,3.65878,4.01536,428,4294967295,0.114255,0.19,1,110478,110050,428
7411461,3.93176,4.00307,428,4294967295,0.110851,0.13,1,110482,110054,428
7414381,5.58635,3.20061,431,4294967295,0.0861702,0.13,1,110488,110057,431
7416661,8.31727,3.84012,436,4294967295,0.105234,0.19,1,110497,110061,436
7418741,14.4635,8.76802,442,4294967295,0.109047,0.11,1,110513,110071,442
7421661,6.09269,17.7536,426,4294967295,0.117809,0.1,1,110517,110091,426
7424581,4.41854,6.75072,426,4294967295,0.103562,0.09,1,110521,110095,426
7427501,3.28371,4.55014,425,4294967295,0.0767124,0.09,1,110524,110099,425
7430421,3.05674,4.11003,424,4294967295,0.0793425,0.08,1,110527,110103,424
7433341,4.61135,4.02201,425,4294967295,0.0798685,0.07,1,110532,110107,425
7436261,5.72227,4.0044,427,4294967295,0.103974,0.05,1,110538,110111,427
7439181,5.94445,4.00088,429,4294967295,0.100795,0.07,1,110544,110115,429
7442101,4.38889,4.00018,429,4294967295,0.068159,0.1,1,110548,110119,429
7444321,3.27778,4.00004,428,4294967295,0.0216318,0.09,1,110551,110123,428
7447241,3.05556,5.60001,425,4294967295,0.0363264,0.13,1,110554,110129,425
7450161,4.61111,4.32,426,4294967295,0.0872653,0.09,1,110559,110133,426
7453081,4.92222,4.064,427,4294967295,0.105453,0.07,1,110564,110137,427
7456001,3.38444,4.0128,426,4294967295,0.101091,0.09,1,110567,110141,426
7458881,4.67689,4.00256,427,4294967295,0.116218,0.05,1,110572,110145,427
7461801,7.33538,5.60051,429,4294967295,0.111244,0.11,1,110580,110151,429
7464081,3.86708,4.3201,428,4294967295,0.126249,0.07,1,110583,110155,428
7467001,5.57342,6.46402,427,4294967295,0.10525,0.11,1,110589,110162,427
7469921,5.11468,4.4928,428,4294967295,0.13305,0.1,1,110594,110166,428
7472841,4.22294,4.09856,428,4294967295,0.13061,0.09,1,110598,110170,428
7475521,3.24459,4.01971,427,4294967295,0.106122,0.12,1,110601,110174,427
7478441,5.44892,3.20394,430,4294967295,0.0772244,0.12,1,110607,110177,430
7480721,5.08978,3.84079,431,4294967295,0.0474449,0.02,1,110612,110181,431
7482801,106.618,112.768,423,4294967295,0.033489,0.01,1,110744,110321,423
7485721,70.9236,72.1536,423,4294967295,0.0146978,0.01,1,110806,110383,423
7488641,18.1847,17.6307,424,4294967295,0.0109396,0,1,110811,110387,424
7491561,6.83694,6.72614,424,4294967295,0.0261879,0.03,1,110815,110391,424
7494481,3.76739,4.54523,423,4294967295,0.00523758,0.03,1,110818,110395,423
7496321,3.15348,4.10905,422,4294967295,0.00104752,0.03,1,110821,110399,422
7499241,7.8307,6.42181,424,4294967295,0.0082095,0.03,1,110830,110406,424
7502161,4.76614,4.48436,424,4294967295,0.0096419,0.01,1,110834,110410,424
7505081,4.15323,4.09687,424,4294967295,0.00992838,0.06,1,110838,110414,424
7508001,4.03065,4.01937,424,4294967295,0.00998568,0.06,1,110842,110418,424
7509841,11.2061,4.00387,433,4294967295,0.0259971,0.23,1,110855,110422,433
7512761,7.04123,8.00078,430,4294967295,0.0291994,0.22,1,110861,110431,430
7515681,5.40825,4.80015,431,4294967295,0.0298399,0.18,1,110866,110435,431
7518601,5.88165,4.16003,433,4294967295,0.037968,0.18,1,110872,110439,433
7521281,5.17633,4.03201,434,4294967295,0.00759359,0.19,1,110877,110443,434
7524201,9.83527,13.6064,429,4294967295,0.0255187,0.13,1,110888,110459,429
7527121,5.16705,5.92128,429,4294967295,0.0371037,0.14,1,110892,110463,429
7528981,7.43341,4.38426,433,4294967295,0.0794208,0.13,1,110900,110467,433
7531901,3.88668,8.07685,427,4294967295,0.0718841,0.14,1,110903,110476,427
7534821,3.97734,4.81537,427,4294967295,0.0703768,0.12,1,110907,110480,427
7537741,4.79547,4.16307,428,4294967295,0.0620754,0.1,1,110912,110484,428
7540661,4.95909,4.03261,429,4294967295,0.0764151,0.11,1,110917,110488,429
7543541,8.99182,4.00652,435,4294967295,0.055283,0.13,1,110927,110492,435
7546461,5.79836,9.6013,429,4294967295,0.107057,0.1,1,110932,110503,429
7548741,11.5597,5.12026,438,4294967295,0.117411,0.1,1,110945,110507,438
7551661,5.51193,12.2241,428,4294967295,0.0794823,0.13,1,110949,110521,428
7554581,4.30239,5.64481,428,4294967295,0.111896,0.12,1,110953,110525,428
7557501,4.06048,4.32896,428,4294967295,0.158379,0.12,1,110957,110529,428
7560421,3.2121,4.06579,427,4294967295,0.191676,0.12,1,110960,110533,427
7562261,3.84242,4.01316,427,4294967295,0.174335,0.1,1,110964,110537,427
7565181,5.56848,6.40263,426,4294967295,0.154867,0.06,1,110970,110544,426
7568101,5.9137,4.48053,428,4294967295,0.174973,0.05,1,110976,110548,428
7571021,4.38274,4.09611,428,4294967295,0.186995,0.09,1,110980,110552,428
7573701,4.87655,4.01922,429,4294967295,0.189399,0.12,1,110985,110556,429
7576621,5.77531,4.80384,430,4294967295,0.19788,0.13,1,110991,110561,430
7579541,3.55506,4.16077,429,4294967295,0.239576,0.12,1,110994,110565,429
7582461,3.91101,4.03215,429,4294967295,0.255915,0.15,1,110998,110569,429
7585141,5.5822,4.00643,431,4294967295,0.275183,0.12,1,111004,110573,431
7588061,4.31644,5.60129,429,4294967295,0.247037,0.14,1,111008,110579,429
7589921,4.06329,4.32026,429,4294967295,0.225407,0.16,1,111012,110583,429
7592841,5.61266,8.06405,426,4294967295,0.221081,0.17,1,111018,110592,426
7595761,3.52253,4.81281,425,4294967295,0.244216,0.13,1,111021,110596,425
7598681,3.90451,4.16256,425,4294967295,0.264843,0.09,1,111025,110600,425
7600321,3.1809,4.03251,424,4294967295,0.268969,0.07,1,111028,110604,424
7603241,4.63618,4.8065,424,4294967295,0.277794,0.07,1,111033,110609,424
7606161,4.92724,4.1613,425,4294967295,0.343559,0.06,1,111038,110613,425
7609081,6.58545,4.03226,428,4294967295,0.316712,0.05,1,111045,110617,428
7611761,5.31709,4.00645,429,4294967295,0.335342,0,1,111050,110621,429
7613841,100.263,104.001,424,4294967295,0.0910685,0.03,1,111174,110750,424
7616761,71.2527,72.8003,423,4294967295,0.0262137,0.02,1,111238,110815,423
7619681,17.4505,17.7601,423,4294967295,0.0132427,0.01,1,111242,110819,423
7622601,6.69011,6.75201,423,4294967295,0.0106485,0.03,1,111246,110823,423
7625521,4.53802,4.5504,423,4294967295,0.00212971,0.03,1,111250,110827,423
7627361,3.3076,4.11008,422,4294967295,0.000425942,0.02,1,111253,110831,422
7630281,9.46152,8.02202,424,4294967295,0.0160852,0,1,111264,110840,424
7633201,5.0923,4.8044,424,4294967295,0.019217,0.01,1,111268,110844,424
7636121,4.21846,4.16088,424,4294967295,0.0118434,0.03,1,111272,110848,424
7638801,3.24369,4.03218,423,4294967295,0.0263687,0.03,1,111275,110852,423
7640881,7.04874,6.40644,424,4294967295,0.0132737,0.01,1,111283,110859,424
7643801,8.60975,8.48129,424,4294967295,0.0586547,0.04,1,111292,110868,424
7646081,6.52195,4.89626,426,4294967295,0.043731,0.03,1,111298,110872,426
7649001,5.30439,5.77925,425,4294967295,0.00874619,0.06,1,111303,110878,425
7651921,5.86088,4.35585,427,4294967295,0.0337492,0.07,1,111309,110882,427
7653781,9.17218,4.07117,433,4294967295,0.0467498,0.14,1,111319,110886,433
7656701,4.23444,8.81423,426,4294967295,0.05735,0.1,1,111322,110896,426
7658981,11.2469,4.96285,435,4294967295,0.05947,0.08,1,111335,110900,435
7661901,5.44938,12.1926,425,4294967295,0.019894,0.09,1,111339,110914,425
7664821,6.68988,5.63851,428,4294967295,0.0279788,0.07,1,111346,110918,428
7667301,6.13798,4.3277,430,4294967295,0.0615958,0.1,1,111352,110922,430
7670221,4.4276,5.66554,428,4294967295,0.0443192,0.13,1,111356,110928,428
7672501,8.88552,4.33311,434,4294967295,0.0648638,0.14,1,111366,110932,434
7675421,7.3771,8.86662,431,4294967295,0.0929728,0.13,1,111373,110942,431
7678341,7.07542,4.97332,434,4294967295,0.0585946,0.11,1,111380,110946,434
7680821,9.41508,4.19466,440,4294967295,0.0517189,0.2,1,111390,110950,440
7683741,5.08302,10.4389,432,4294967295,0.0343438,0.18,1,111394,110962,432
7686661,4.2166,5.28779,432,4294967295,0.0708688,0.19,1,111398,110966,432
7689581,5.64332,4.25756,434,4294967295,0.0941737,0.21,1,111404,110970,434
7692501,3.52866,4.05151,433,4294967295,0.0668347,0.22,1,111407,110974,433
7695421,4.70573,4.0103,434,4294967295,0.0373669,0.24,1,111412,110978,434
7697461,4.94115,4.00206,435,4294967295,0.0474734,0.21,1,111417,110982,435
7700381,4.18823,3.20041,436,4294967295,0.0334947,0.2,1,111421,110985,436
7703301,4.03765,3.84008,436,4294967295,0.0306989,0.26,1,111425,110989,436
7705781,8.80753,3.96802,442,4294967295,0.0621398,0.28,1,111435,110993,442
7708701,4.96151,9.5936,435,4294967295,0.044428,0.24,1,111439,111004,435
7711621,4.9923,5.11872,436,4294967295,0.0648856,0.26,1,111444,111008,436
7714101,4.99846,4.22374,437,4294967295,0.0529771,0.24,1,111449,111012,437
7717021,3.39969,3.24475,437,4294967295,0.0425954,0.27,1,111452,111015,437
7719941,4.67994,3.84895,438,4294967295,0.0485191,0.3,1,111457,111019,438
7722861,5.73599,3.96979,440,4294967295,0.0497038,0.28,1,111463,111023,440
7725781,4.3472,3.99396,440,4294967295,0.0419408,0.33,1,111467,111027,440
7727621,2.46944,3.99879,438,4294967295,0.0323882,0.34,1,111469,111031,438
7730541,4.49389,4.79976,438,4294967295,0.0304776,0.34,1,111474,111036,438
7733441,4.09878,4.15995,438,4294967295,0.0380955,0.32,1,111478,111040,438
7736361,6.41976,6.43199,438,4294967295,0.0316191,0.35,1,111485,111047,438
7739281,6.08395,4.4864,440,4294967295,0.0463238,0.29,1,111491,111051,440
7742201,4.41679,4.09728,440,4294967295,0.0812648,0.29,1,111495,111055,440
7744261,84.0834,4.01946,540,4294967295,0.088253,0.04,1,111599,111059,540
7746341,70.4167,96.0039,488,4294967295,0.0176506,0.03,1,111666,111178,488
7749261,17.2833,73.6008,424,4294967295,0.00353012,0.01,1,111670,111246,424
7752181,6.65667,17.9202,424,4294967295,0.048706,0.03,1,111674,111250,424
7755101,4.53133,6.78403,424,4294967295,0.0497412,0.05,1,111678,111254,424
7757781,4.10627,4.55681,424,4294967295,0.0419482,0.03,1,111682,111258,424
7759861,8.82125,4.91136,429,4294967295,0.0483897,0.01,1,111692,111263,429
7762781,4.96425,8.18227,424,4294967295,0.0496779,0.01,1,111696,111272,424
7765061,5.79285,4.83645,426,4294967295,0.0499356,0.03,1,111702,111276,426
7767981,4.35857,4.96729,425,4294967295,0.0339871,0.02,1,111706,111281,425
7769841,3.27171,4.19346,424,4294967295,0.0467974,0.07,1,111709,111285,424
7772761,8.65434,8.03869,425,4294967295,0.0493595,0.06,1,111719,111294,425
7775461,6.53087,4.80774,427,4294967295,0.0258719,0.07,1,111725,111298,427
7778381,5.30617,6.56155,425,4294967295,0.0131744,0.05,1,111730,111305,425
7780661,9.86123,4.51231,432,4294967295,0.0426349,0.1,1,111741,111309,432
7782321,5.17225,9.70246,425,4294967295,0.056527,0.09,1,111745,111320,425
7785241,8.23445,9.94049,424,4294967295,0.0753054,0.08,1,111754,111330,424
7787521,5.64689,5.1881,425,4294967295,0.119061,0.03,1,111759,111334,425
7790441,9.92938,10.6376,424,4294967295,0.103812,0.07,1,111770,111346,424
7793361,5.98588,5.32752,425,4294967295,0.0847624,0.05,1,111775,111350,425
7795841,5.99718,4.2655,427,4294967295,0.0569525,0.04,1,111781,111354,427
7798761,3.59944,3.2531,427,4294967295,0.0833905,0.05,1,111784,111357,427
7801041,4.71989,3.85062,428,4294967295,0.0966781,0.1,1,111789,111361,428
7803121,8.14398,10.3701,425,4294967295,0.115336,0.07,1,111798,111373,425
7806041,12.0288,10.874,427,4294967295,0.119067,0.08,1,111811,111384,427
7808961,7.20576,5.3748,429,4294967295,0.119813,0.09,1,111817,111388,429
7810821,4.64115,4.27496,429,4294967295,0.0719627,0.14,1,111821,111392,429
7813741,4.92823,7.25499,426,4294967295,0.0623925,0.12,1,111826,111400,426
7816661,3.38565,4.651,425,4294967295,0.0684785,0.07,1,111829,111404,425
7819141,7.07713,4.1302,429,4294967295,0.0696957,0.04,1,111837,111408,429
7822061,6.21543,8.82604,425,4294967295,0.101939,0.03,1,111843,111418,425
7824981,5.24309,4.96521,426,4294967295,0.156388,0.04,1,111848,111422,426
7827461,5.04862,4.19304,427,4294967295,0.151278,0.08,1,111853,111426,427
7830381,4.20972,4.83861,426,4294967295,0.174256,0.07,1,111857,111431,426
7833301,4.04194,4.16772,426,4294967295,0.162851,0.08,1,111861,111435,426
7835781,4.80839,4.03354,427,4294967295,0.15257,0.07,1,111866,111439,427
7838701,5.76168,5.60671,427,4294967295,0.150514,0.06,1,111872,111445,427
7840981,9.15234,4.32134,433,4294967295,0.174103,0.09,1,111882,111449,433
7843901,5.03047,11.2643,424,4294967295,0.170821,0.05,1,111886,111462,424
7846821,5.00609,5.45285,425,4294967295,0.202164,0.05,1,111891,111466,425
7849741,4.20122,4.29057,425,4294967295,0.192433,0.05,1,111895,111470,425
7852661,3.24024,4.05811,424,4294967295,0.222487,0.08,1,111898,111474,424
7855581,4.64805,4.01162,425,4294967295,0.196497,0.07,1,111903,111478,425
7858501,5.72961,4.00232,427,4294967295,0.239299,0.05,1,111909,111482,427
7861421,3.54592,4.00046,426,4294967295,0.26386,0.05,1,111912,111486,426
7864341,3.90918,4.00009,426,4294967295,0.300772,0.11,1,111916,111490,426
7867261,5.58184,4.00002,428,4294967295,0.300154,0.1,1,111922,111494,428
7870181,5.91637,4,430,4294967295,0.228031,0.1,1,111928,111498,430
7872801,4.38327,4,430,4294967295,0.245606,0.11,1,111932,111502,430
7874881,85.6767,86.4,429,4294967295,0.297121,0.06,1,112038,111609,429
7877801,65.9353,69.28,425,4294967295,0.219424,0.1,1,112099,111674,425
7880081,17.1871,17.056,426,4294967295,0.195885,0.05,1,112104,111678,426
7883001,6.63741,7.4112,425,4294967295,0.215177,0.05,1,112108,111683,425
7885921,4.52748,4.68224,425,4294967295,0.227035,0.06,1,112112,111687,425
7888401,4.9055,4.13645,426,4294967295,0.253407,0.05,1,112117,111691,426
7890481,4.1811,4.82729,425,4294967295,0.258681,0.08,1,112121,111696,425
7893401,6.43622,6.56546,425,4294967295,0.251736,0.06,1,112128,111703,425
7895681,4.48724,4.51309,425,4294967295,0.266347,0.05,1,112132,111707,425
7898601,9.69745,10.5026,424,4294967295,0.269269,0.05,1,112143,111719,424
7901521,5.13949,5.30052,424,4294967295,0.285854,0.02,1,112147,111723,424
7904421,7.4279,4.2601,428,4294967295,0.297171,0.05,1,112155,111727,428
7907341,4.68558,6.45202,425,4294967295,0.291434,0.04,1,112159,111734,425
7909201,4.93712,4.4904,426,4294967295,0.322287,0.07,1,112164,111738,426
7912121,8.98742,7.29808,428,4294967295,0.296457,0.12,1,112174,111746,428
7914821,8.99748,4.65962,433,4294967295,0.299291,0.13,1,112183,111750,433
7916901,9.7995,8.13192,434,4294967295,0.347858,0.11,1,112193,111759,434
7918561,5.1599,11.2264,426,4294967295,0.389572,0.08,1,112197,111771,426
7920641,5.83198,5.44528,428,4294967295,0.421914,0.1,1,112203,111775,428
7923561,7.5664,6.68906,429,4294967295,0.396383,0.14,1,112211,111782,429
7926481,5.51328,4.53781,430,4294967295,0.423277,0.08,1,112216,111786,430
7929401,5.10266,4.10756,431,4294967295,0.468655,0.13,1,112221,111790,431
7932081,3.42053,4.02151,430,4294967295,0.477731,0.17,1,112224,111794,430
7934161,6.28411,8.0043,428,4294967295,0.463546,0.12,1,112231,111803,428
7936241,9.25682,10.4009,427,4294967295,0.468709,0.08,1,112241,111814,427
7939161,10.6514,10.8802,427,4294967295,0.461742,0.07,1,112252,111825,427
7942081,7.73027,5.37603,430,4294967295,0.444348,0.1,1,112259,111829,430
7945001,5.54605,4.27521,431,4294967295,0.47287,0.11,1,112264,111833,431
7947681,5.90921,4.05504,433,4294967295,0.494574,0.11,1,112270,111837,433
7949761,5.18184,5.61101,432,4294967295,0.522915,0.2,1,112275,111843,432
7952681,11.4364,11.5222,432,4294967295,0.576583,0.19,1,112288,111856,432
7955601,6.28727,5.50444,433,4294967295,0.603317,0.17,1,112293,111860,433
7958521,3.65745,4.30089,432,4294967295,0.592663,0.2,1,112296,111864,432
7961441,3.93149,4.06018,432,4294967295,0.590533,0.21,1,112300,111868,432
7964361,3.9863,4.01204,432,4294967295,0.606107,0.21,1,112304,111872,432
7966401,4.79726,4.00241,433,4294967295,0.593221,0.21,1,112309,111876,433
7969321,6.55945,6.40048,433,4294967295,0.614644,0.21,1,112316,111883,433
7971601,5.31189,4.4801,434,4294967295,0.618929,0.23,1,112321,111887,434
7974521,7.46238,5.69602,436,4294967295,0.603786,0.26,1,112329,111893,436
7977441,5.49248,4.3392,437,4294967295,0.680757,0.25,1,112334,111897,437
7980361,4.2985,4.06784,437,4294967295,0.704151,0.26,1,112338,111901,437
7983041,4.8597,4.01357,438,4294967295,0.73283,0.26,1,112343,111905,438
7985961,4.17194,3.20271,439,4294967295,0.730566,0.29,1,112347,111908,439
7987621,4.03439,3.84054,439,4294967295,0.738113,0.33,1,112351,111912,439
7990541,4.80688,7.16811,436,4294967295,0.771623,0.29,2,112356,111920,436
7993461,5.76138,4.63362,438,4294967295,0.826325,0.27,2,112362,111924,438
7995941,3.55228,4.12672,437,4294967295,0.829265,0.27,2,112365,111928,437
7998861,5.51046,4.82534,438,4294967295,0.821853,0.32,2,112371,111933,438
8001781,5.90209,4.16507,440,4294967295,0.780371,0.28,2,112377,111937,440
8003841,4.38042,4.03301,440,4294967295,0.772074,0.35,2,112381,111941,440
8005921,89.6761,88.8066,441,4294967295,0.762415,0.24,2,112492,112051,441
8008841,57.1352,60.9613,436,4294967295,0.720483,0.27,1,112541,112105,436
8011121,15.427,15.3923,437,4294967295,0.704097,0.24,1,112546,112109,437
8014041,6.28541,7.07845,436,4294967295,0.684819,0.26,1,112550,112114,436
8016321,4.45708,4.61569,436,4294967295,0.672964,0.29,1,112554,112118,436
8019241,10.4914,10.5231,436,4294967295,0.718593,0.28,1,112566,112130,436
8022161,6.09828,5.30463,437,4294967295,0.727719,0.26,1,112571,112134,437
8025081,4.41966,4.26093,437,4294967295,0.777544,0.28,2,112575,112138,437
8026721,4.08393,4.05219,437,4294967295,0.787509,0.31,2,112579,112142,437
8029641,7.21679,6.41044,438,4294967295,0.725502,0.33,1,112587,112149,438
8031921,4.64336,4.48209,438,4294967295,0.6811,0.34,1,112591,112153,438
8034841,8.12867,8.89642,437,4294967295,0.70422,0.34,1,112600,112163,437
8037761,5.62573,4.97928,438,4294967295,0.700844,0.3,1,112605,112167,438
8039621,8.32515,4.19586,443,4294967295,0.708169,0.32,1,112614,112171,443
8042321,6.46503,8.03917,440,4294967295,0.733634,0.3,1,112620,112180,440
8045241,7.69301,5.60783,443,4294967295,0.762727,0.34,2,112628,112185,443
8046901,16.7386,4.32157,458,4294967295,0.816545,0.45,2,112647,112189,458
8049821,8.94772,15.2643,447,4294967295,0.811309,0.43,2,112654,112207,447
8051681,4.98954,6.25286,447,4294967295,0.826262,0.5,2,112658,112211,447
8054601,12.1979,13.2506,446,4294967295,0.813252,0.48,2,112672,112226,446
8057521,6.43958,5.85011,447,4294967295,0.78665,0.45,2,112677,112230,447
8060441,4.48792,4.37002,447,4294967295,0.78133,0.46,2,112681,112234,447
8063361,4.09758,4.074,447,4294967295,0.796266,0.49,2,112685,112238,447
8065201,3.21952,4.0148,446,4294967295,0.823253,0.47,2,112688,112242,446
8067281,7.8439,6.40296,448,4294967295,0.772651,0.48,2,112697,112249,448
8070201,11.9688,10.0806,450,4294967295,0.77053,0.48,2,112710,112260,450
8072481,6.39376,5.21612,451,4294967295,0.754106,0.55,2,112715,112264,451
8075401,10.0788,8.24322,453,4294967295,0.766821,0.54,2,112726,112273,453
8078321,6.81575,4.84864,455,4294967295,0.769364,0.55,2,112732,112277,455
8080181,6.96315,4.16973,458,4294967295,0.777873,0.62,2,112739,112281,458
8082261,10.9926,8.03395,461,4294967295,0.803575,0.61,2,112751,112290,461
8085181,6.19853,11.2068,454,4294967295,0.800715,0.62,2,112756,112302,454
8088101,5.23971,5.44136,455,4294967295,0.800143,0.6,2,112761,112306,455
8090581,6.64794,4.28827,458,4294967295,0.800029,0.65,2,112768,112310,458
8093501,6.12959,6.45765,457,4294967295,0.768006,0.64,2,112774,112317,457
8096421,7.62592,4.49153,461,4294967295,0.785601,0.62,2,112782,112321,461
8099341,4.72518,4.09831,461,4294967295,0.78912,0.66,2,112786,112325,461
8102261,4.94504,4.01966,462,4294967295,0.789824,0.72,2,112791,112329,462
8104721,4.18901,4.00393,462,4294967295,0.805965,0.74,2,112795,112333,462
8107641,10.4378,8.80079,464,4294967295,0.809193,0.75,2,112807,112343,464
8110561,6.08756,4.96016,465,4294967295,0.817839,0.77,2,112812,112347,465
8113481,5.21751,4.19203,466,4294967295,0.827568,0.8,2,112817,112351,466
8116401,4.2435,4.03841,466,4294967295,0.789514,0.83,2,112821,112355,466
8118241,4.0487,4.00768,466,4294967295,0.741903,0.83,1,112825,112359,466
8121161,3.20974,6.40154,462,4294967295,0.756381,0.83,2,112828,112366,462
8124081,3.84195,4.48031,462,4294967295,0.783276,0.8,2,112832,112370,462
8127001,4.76839,4.09606,463,4294967295,0.812655,0.78,2,112837,112374,463
8129681,4.95368,4.01921,464,4294967295,0.818531,0.77,2,112842,112378,464
8132601,4.99074,3.20384,466,4294967295,0.763706,0.79,2,112847,112381,466
8134881,5.79815,3.84077,468,4294967295,0.808741,0.78,2,112853,112385,468
8145081,11,11,461,4294967295,0.84,0.75,2,113023,112562,461
8148001,5.4,5.4,461,4294967295,0.832,0.76,2,113027,112566,461
8150901,7.48,4.28,465,4294967295,0.8864,0.76,2,113035,112570,465
8153821,6.296,11.256,458,4294967295,0.91328,0.71,2,113041,112583,458
8156741,4.4592,5.4512,458,4294967295,0.942656,0.69,2,113045,112587,458
8159661,4.09184,4.29024,458,4294967295,0.940531,0.74,2,113049,112591,458
8162581,4.81837,4.05805,459,4294967295,0.932106,0.74,2,113054,112595,459
8164421,4.96367,4.01161,460,4294967295,0.914421,0.72,2,113059,112599,460
8166501,10.5927,5.60232,466,4294967295,0.918884,0.76,2,113071,112605,466
8169421,6.91855,9.92046,461,4294967295,0.943777,0.74,2,113077,112616,461
8171701,10.9837,5.18409,469,4294967295,0.932755,0.75,2,113089,112620,469
8174621,7.79674,11.4368,463,4294967295,0.930551,0.74,2,113096,112633,463
8616001,4,4,476,4294967295,0.79,0.89,2,115197,114721,476
8618921,5.6,4,478,4294967295,0.718,0.91,1,115203,114725,478
8621841,5.92,4,480,4294967295,0.6876,0.9,1,115209,114729,480
8624761,6.784,4,483,4294967295,0.65752,0.96,1,115216,114733,483
8627681,6.9568,4,486,4294967295,0.651504,1,1,115223,114737,486
8630601,9.39136,4,492,4294967295,0.666301,1,1,115233,114741,492
8633521,12.2783,4,501,4294967295,0.74926,1,1,115246,114745,501
8636441,8.85565,4,505,4294967295,0.765852,1,2,115254,114749,505
8639361,12.9711,4,515,4294967295,0.68917,1,1,115268,114753,515
8642281,8.99423,4,519,4294967295,0.713834,1,1,115276,114757,519
8645201,8.19885,4,523,4294967295,0.734767,1,1,115284,114761,523
8648121,5.63977,4,524,4294967295,0.754953,1,2,115289,114765,524
8651041,4.32795,4,524,4294967295,0.750991,1,2,115293,114769,524
8653961,4.06559,4,524,4294967295,0.782198,1,2,115297,114773,524
8656881,6.41312,4,527,4294967295,0.72444,1,1,115304,114777,527
8658341,10.8826,4,535,4294967295,0.688888,1,1,115316,114781,535
8699221,375.777,438.4,455,236800,0.625778,0.86,1,115783,115328,455
8707981,154.355,162.08,461,236800,0.869156,0.76,2,115882,115421,461
8734261,58.8711,59.616,462,236800,0.717831,0.87,1,115917,115455,462
8786961,78.1742,75.9232,465,236800,0.863566,0.65,2,116000,115535,465
8789041,193.235,202.385,453,4294967295,0.692713,0.89,1,116222,115769,453
8791961,58.647,58.0769,456,4294967295,0.514543,0.69,1,116247,115791,456
8794881,17.3294,14.8154,459,4294967295,0.478909,0.57,1,116254,115795,459
8797801,9.06588,6.16308,462,4294967295,0.471782,0.65,1,116261,115799,462
8800721,6.61318,4.43262,464,4294967295,0.494356,0.68,1,116267,115803,464
8803641,6.12264,4.08652,466,4294967295,0.546871,0.74,1,116273,115807,466
8806561,6.02453,4.0173,468,4294967295,0.573374,0.79,1,116279,115811,468
8809481,6.00491,4.00346,470,4294967295,0.594675,0.85,1,116285,115815,470
8812401,6.00098,4.00069,472,4294967295,0.598935,0.89,1,116291,115819,472
8815321,5.2002,4.00014,473,4294967295,0.615787,0.97,1,116296,115823,473
8818241,8.24004,4.00003,478,4294967295,0.603157,0.99,1,116305,115827,478
8821161,9.64801,4.00001,484,4294967295,0.624632,1,1,116315,115831,484
8824081,10.7296,4,491,4294967295,0.644926,1,1,116326,115835,491
8827001,7.74592,4,494,4294967295,0.632985,0.93,1,116333,115839,494
8829601,12.7492,35.2,465,4294967295,0.542597,0.87,1,116347,115882,465
8832521,8.94984,11.04,468,4294967295,0.516519,0.8,1,116355,115887,468
8835441,5.78997,5.408,469,4294967295,0.479304,0.68,1,116360,115891,469
8838361,14.758,21.8816,460,4294967295,0.327861,0.69,1,116377,115917,460
8838961,6.9516,7.57632,461,4294967295,0.257572,0.71,1,116382,115921,461
8841881,14.1903,7.11526,470,4294967295,0.187514,0.75,1,116398,115928,470
8844801,9.23806,4.62305,474,4294967295,0.149503,0.83,1,116406,115932,474
8847721,8.24761,4.12461,478,4294967295,0.141901,0.94,1,116414,115936,478
8850641,10.4495,4.02492,485,4294967295,0.18038,1,1,116425,115940,485
8853561,6.8899,4.00498,487,4294967295,0.212076,1,1,116431,115944,487
8856481,6.17798,4.001,489,4294967295,0.250415,0.9,1,116437,115948,489
8859401,26.8356,42.4002,469,4294967295,0.330083,0.9,1,116469,116000,469
8862321,10.1671,11.68,471,4294967295,0.338017,0.74,1,116475,116004,471
8865241,5.23342,5.53601,471,4294967295,0.323603,0.74,1,116479,116008,471
8868161,5.84668,4.3072,473,4294967295,0.288721,0.8,1,116485,116012,473
8871081,6.76934,4.06144,476,4294967295,0.329744,0.82,1,116492,116016,476
8874001,6.15387,4.01229,478,4294967295,0.361949,0.89,1,116498,116020,478
8876921,8.43077,4.00246,483,4294967295,0.36039,0.98,1,116507,116024,483
8879841,10.4862,4.00049,490,4294967295,0.416078,1,1,116518,116028,490
8882761,10.0972,4.0001,496,4294967295,0.475216,1,1,116528,116032,496
8885681,10.0194,4.00002,502,4294967295,0.519043,1,1,116538,116036,502
8888601,10.0039,4,508,4294967295,0.503809,1,1,116548,116040,508
8891521,10.0008,4,514,4294967295,0.548762,1,1,116558,116044,514
8894441,9.20016,4,519,4294967295,0.565752,1,1,116567,116048,519
8897361,6.64003,4,521,4294967295,0.545151,1,1,116573,116052,521
8900281,6.12801,4,523,4294967295,0.54103,1,1,116579,116056,523
8903201,6.0256,4,525,4294967295,0.564206,1,1,116585,116060,525
8906121,6.00512,4,527,4294967295,0.552841,1,1,116591,116064,527
8909041,7.60102,4,531,4294967295,0.574568,0.65,1,116599,116068,531
8911961,61.5202,124,452,4294967295,0.266914,0.63,1,116674,116222,452
8914881,25.904,28,465,4294967295,0.0613827,0.49,1,116691,116226,465
8917801,9.18081,24,447,4294967295,0.0202765,0.5,1,116696,116249,447
8920721,6.63616,8,449,4294967295,0.0120553,0.49,1,116702,116253,449
8923641,5.32723,4.8,450,4294967295,0.0184111,0.51,1,116707,116257,450
8926561,5.86545,4.16,452,4294967295,0.0116822,0.54,1,116713,116261,452
8928401,3.57309,4.032,451,4294967295,0.0423364,0.56,1,116716,116265,451
8931321,4.71462,4.0064,452,4294967295,0.0804673,0.6,1,116721,116269,452
8932981,5.74292,4.00128,454,4294967295,0.0960935,0.61,1,116727,116273,454
8935901,5.14858,6.40026,452,4294967295,0.0912187,0.63,1,116732,116280,452
8938181,5.82972,4.48005,454,4294967295,0.106244,0.65,1,116738,116284,454
8939841,5.16594,7.29601,451,4294967295,0.149249,0.61,1,116743,116292,451
8942761,6.63319,5.4592,453,4294967295,0.14185,0.58,1,116750,116297,453
8945681,6.12664,4.29184,455,4294967295,0.18037,0.62,1,116756,116301,455
8947541,7.62533,4.05837,459,4294967295,0.116074,0.64,1,116764,116305,459
8949201,3.92507,8.01167,453,4294967295,0.127215,0.66,1,116767,116314,453
8951281,3.98501,4.80233,453,4294967295,0.137443,0.66,1,116771,116318,453
8954201,8.797,12.1605,449,4294967295,0.147489,0.62,1,116781,116332,449
8955861,7.3594,5.63209,452,4294967295,0.173498,0.56,1,116788,116336,452
8957521,3.87188,9.12642,445,4294967295,0.1867,0.51,1,116791,116346,445
8960441,5.57438,10.6253,440,4294967295,0.19734,0.44,1,116797,116357,440
8962721,4.31488,5.32506,440,4294967295,0.167468,0.38,1,116801,116361,440
8965641,5.66298,9.06501,436,4294967295,0.105494,0.34,1,116807,116371,436
8967301,3.5326,5.013,435,4294967295,0.125099,0.27,1,116810,116375,435
8968961,2.30652,5.0026,432,4294967295,0.12902,0.21,1,116812,116380,432
8971461,25.2613,6.60052,456,4294967295,0.033804,0.12,1,116843,116387,456
8974381,8.25226,23.7201,432,4294967295,0.0387608,0.16,1,116847,116415,432
8976661,8.05045,7.94402,436,4294967295,0.0877522,0.23,1,116855,116419,436
8978321,5.61009,6.3888,435,4294967295,0.13755,0.22,1,116860,116425,435
8981241,6.72202,6.07776,436,4294967295,0.18751,0.28,1,116867,116431,436
8982901,6.9444,4.41555,439,4294967295,0.205502,0.3,1,116874,116435,439
8985821,7.78888,5.68311,441,4294967295,0.2331,0.29,1,116882,116441,441
8988101,26.3578,4.33662,468,4294967295,0.34262,0.34,1,116913,116445,468
8991021,10.0716,28.0673,440,4294967295,0.356524,0.31,1,116919,116479,440
8992881,6.01431,8.81346,441,4294967295,0.351305,0.34,1,116924,116483,441
8995801,6.00286,7.36269,440,4294967295,0.318261,0.37,1,116930,116490,440
8998721,4.40057,4.67254,440,4294967295,0.343652,0.37,1,116934,116494,440
9001201,4.08011,4.13451,440,4294967295,0.42073,0.39,1,116938,116498,440
9004121,7.21602,4.8269,443,4294967295,0.484146,0.38,1,116946,116503,443
9005781,6.2432,4.16538,445,4294967295,0.504829,0.4,1,116952,116507,445
9007441,6.04864,4.03308,447,4294967295,0.516966,0.48,1,116958,116511,447
9010361,13.2097,11.2066,449,4294967295,0.663393,0.49,1,116973,116524,449
9012021,9.04195,5.44132,453,4294967295,0.740679,0.55,1,116981,116528,453
9013681,5.80839,9.88826,447,4294967295,0.732136,0.52,1,116986,116539,447
9015761,6.76168,6.77765,448,4294967295,0.754427,0.5,2,116993,116545,448
9018681,4.55234,3.75553,449,4294967295,0.766885,0.59,2,116997,116548,449
9020341,16.1105,3.95111,464,4294967295,0.753377,0.55,2,117016,116552,464
9023261,8.02209,16.7902,450,4294967295,0.734675,0.55,1,117022,116572,450
9026181,4.00442,6.55804,449,4294967295,0.706935,0.56,1,117025,116576,449
9029101,4.80088,4.51161,450,4294967295,0.725387,0.59,1,117030,116580,450
9031781,10.5602,4.10232,458,4294967295,0.769077,0.58,2,117042,116584,458
9034701,6.11204,11.2205,450,4294967295,0.825815,0.58,2,117047,116597,450
9037621,5.22241,5.44409,451,4294967295,0.885163,0.53,2,117052,116601,451
9039681,5.04448,4.28882,452,4294967295,0.905033,0.05,2,117057,116605,452
9042601,42.6089,65.6578,423,4294967295,0.885007,0.01,2,117109,116686,423
9044261,18.9218,16.3316,432,4294967295,0.865001,0.03,2,117122,116690,432
9047181,8.58436,13.6663,425,4294967295,0.877,0.05,2,117128,116703,425
9050101,5.71687,5.93326,426,4294967295,0.9114,0.03,2,117133,116707,426
9053021,5.94337,4.38665,428,4294967295,0.92628,0.05,2,117139,116711,428
9174261,15,46,480,4294967295,0.62,0.93,1,117597,117117,480
9176341,12.6,18.8,480,4294967295,0.58,0.96,1,117609,117129,480
9179261,10.52,12.56,479,4294967295,0.628,1,1,117619,117140,479
9182181,11.704,5.712,487,4294967295,0.5816,1,1,117631,117144,487
9184661,7.1408,4.3424,489,4294967295,0.62832,1,1,117637,117148,489
9186321,8.62816,6.46848,491,4294967295,0.677664,1,1,117646,117155,491
9189241,6.52563,10.0937,486,4294967295,0.719533,1,1,117652,117166,486
9192161,9.30513,5.21874,492,4294967295,0.743907,1,1,117662,117170,492
9195081,9.86103,4.24375,498,4294967295,0.740781,1,1,117672,117174,498
9198001,9.9722,4.04875,504,4294967295,0.756156,1,2,117682,117178,504
9200881,9.19444,4.00975,509,4294967295,0.783231,1,2,117691,117182,509
9203801,6.63889,5.60195,509,4294967295,0.724646,1,1,117697,117188,509
9205461,6.12778,4.32039,511,4294967295,0.800929,1,2,117703,117192,511
9208161,10.0256,11.2641,509,4294967295,0.800186,1,2,117714,117205,509
9209621,7.60511,10.2528,506,4294967295,0.744037,1,1,117721,117215,506
9241861,374.321,414.851,456,247300,0.700807,0.91,1,118187,117731,456
9340241,152.464,152.57,466,247300,0.820162,0.57,2,118284,117818,466
9343161,320.893,335.314,448,4294967295,0.612032,0.54,1,118647,118199,448
9346081,69.7786,70.2628,451,4294967295,0.530406,0.47,1,118654,118203,451
9349001,20.3557,17.2526,455,4294967295,0.474081,0.52,1,118662,118207,455
9351921,10.4711,6.65051,459,4294967295,0.486816,0.58,1,118670,118211,459
9354841,8.49423,4.5301,463,4294967295,0.561363,0.64,1,118678,118215,463
9357761,7.29885,4.10602,466,4294967295,0.568273,0.73,1,118685,118219,466
9360681,6.25977,4.0212,468,4294967295,0.529655,0.8,1,118691,118223,468
9363601,7.65195,4.00424,472,4294967295,0.569931,0.86,1,118699,118227,472
9366521,8.73039,4.00085,477,4294967295,0.569986,0.92,1,118708,118231,477
9369441,9.74608,4.00017,483,4294967295,0.625997,1,1,118718,118235,483
9372361,10.7492,4.00003,490,4294967295,0.685199,1,1,118729,118239,490
9373941,21.3498,4.00001,510,4294967295,0.66504,0.77,1,118753,118243,510
9376861,10.67,40,469,4294967295,0.621008,0.79,1,118761,118292,469
9379781,8.53399,11.2,473,4294967295,0.604202,0.77,1,118769,118296,473
9382701,8.1068,5.44,477,4294967295,0.56084,0.82,1,118777,118300,477
9385621,8.82136,4.288,482,4294967295,0.584168,0.9,1,118786,118304,482
9388541,9.76427,4.0576,488,4294967295,0.556834,1,1,118796,118308,488
9391461,9.95285,4.01152,494,4294967295,0.591367,1,1,118806,118312,494
9394381,10.7906,4.0023,501,4294967295,0.614273,1,1,118817,118316,501
9397301,10.1581,4.00046,507,4294967295,0.634855,1,1,118827,118320,507
9400221,10.0316,4.00009,513,4294967295,0.654971,1,1,118837,118324,513
9403141,10.0063,4.00002,519,4294967295,0.618994,1,1,118847,118328,519
9406061,9.20127,4,524,4294967295,0.587799,1,1,118856,118332,524
9407521,10.6403,4,531,4294967295,0.59756,1,1,118867,118336,531
9457161,373.328,434.4,453,246040,0.631512,0.91,1,119331,118878,453
9537841,179.466,182.08,465,246040,0.542302,0.57,1,119462,118997,465
9540761,298.293,311.616,449,4294967295,0.54046,0.52,1,119790,119341,449
9543681,64.4586,65.5232,451,4294967295,0.556092,0.48,1,119796,119345,451
9546601,18.4917,16.3046,454,4294967295,0.495218,0.5,1,119803,119349,454
9549521,10.0983,6.46093,458,4294967295,0.427044,0.55,1,119811,119353,458
9552441,7.61967,4.49219,461,4294967295,0.477409,0.61,1,119818,119357,461
9555361,6.32393,4.09844,463,4294967295,0.503482,0.71,1,119824,119361,463
9558281,7.66479,4.01969,467,4294967295,0.508696,0.77,1,119832,119365,467
9561201,7.93296,4.00394,471,4294967295,0.581739,0.81,1,119840,119369,471
9564121,7.98659,4.00079,475,4294967295,0.580348,0.89,1,119848,119373,475
9567041,8.79732,4.00016,480,4294967295,0.54807,0.97,1,119857,119377,480
9569961,11.3595,4.00003,488,4294967295,0.661614,1,1,119869,119381,488
9572881,8.67189,4.00001,492,4294967295,0.692323,1,1,119877,119385,492
9575801,7.33438,4,495,4294967295,0.642465,1,1,119884,119389,495
9578721,7.06688,4,498,4294967295,0.608493,1,1,119891,119393,498
9581641,7.01337,4,501,4294967295,0.633699,1,1,119898,119397,501
9584561,6.20268,4,503,4294967295,0.61474,1,1,119904,119401,503
9587481,6.04054,4,505,4294967295,0.594948,1,1,119910,119405,505
9589221,17.2081,4,521,4294967295,0.60699,0.55,1,119930,119409,521
9592141,7.44162,48.8,466,4294967295,0.593398,0.57,1,119935,119469,466
9595061,7.88832,12.96,470,4294967295,0.57468,0.6,1,119943,119473,470
9597981,7.97766,5.792,474,4294967295,0.530936,0.67,1,119951,119477,474
9600901,7.99553,4.3584,478,4294967295,0.578187,0.79,1,119959,119481,478
9603821,9.59911,4.07168,484,4294967295,0.571637,0.91,1,119969,119485,484
9606741,10.7198,4.01434,491,4294967295,0.642327,1,1,119980,119489,491
9609661,10.144,4.00287,497,4294967295,0.656465,1,1,119990,119493,497
9612581,10.0288,4.00057,503,4294967295,0.659293,1,1,120000,119497,503
9615501,10.0058,4.00011,509,4294967295,0.707859,1,1,120010,119501,509
9618421,10.0012,4.00002,515,4294967295,0.693572,1,1,120020,119505,515
9621341,10.0002,4,521,4294967295,0.682714,1,1,120030,119509,521
9624261,10,4,527,4294967295,0.656543,1,1,120040,119513,527
9627181,8.40001,4,531,4294967295,0.683309,1,1,120048,119517,531
9630101,8.08,4,535,4294967295,0.656662,1,1,120056,119521,535
9631561,9.616,4,541,4294967295,0.603332,1,1,120066,119525,541
9761661,365.923,441.6,445,246440,0.280666,0.46,1,120521,120076,445
9762481,81.1846,92.32,450,4294967295,0.0721333,0.03,1,120531,120081,450
9765401,356.237,377.664,426,4294967295,0.0144267,0.01,1,120956,120530,426
9768321,75.2474,78.7328,427,4294967295,0.00288533,0.03,1,120961,120534,427
9771241,19.0495,18.9466,428,4294967295,0.00857707,0.09,1,120966,120538,428
9774161,8.6099,6.98931,430,4294967295,0.00171541,0.13,1,120972,120542,430
9777081,7.32198,4.59786,433,4294967295,0.00834308,0.14,1,120979,120546,433
9780001,7.0644,4.11957,436,4294967295,0.0496686,0.17,1,120986,120550,436
9782921,7.01288,4.02391,439,4294967295,0.0179337,0.24,1,120993,120554,439
9785841,6.20258,4.00478,441,4294967295,0.0115867,0.31,1,120999,120558,441
9788761,6.84052,4.00096,444,4294967295,0.00231735,0.34,1,121006,120562,444
9791681,6.9681,4.00019,447,4294967295,0.00046347,0.38,1,121013,120566,447
9794601,6.19362,4.00004,449,4294967295,9.26939e-05,0.44,1,121019,120570,449
9797521,6.03872,4.00001,451,4294967295,0.00801854,0.49,1,121025,120574,451
9800441,6.80774,4,454,4294967295,0.0256037,0.54,1,121032,120578,454
9803361,6.96155,4,457,4294967295,0.00512074,0.59,1,121039,120582,457
9806281,6.99231,4,460,4294967295,0.00102415,0.64,1,121046,120586,460
9809201,6.99846,4,463,4294967295,0.00020483,0.7,1,121053,120590,463
9812121,6.99969,4,466,4294967295,0.00804097,0.76,1,121060,120594,466
9815041,6.99994,4,469,4294967295,0.00160819,0.83,1,121067,120598,469
9817961,6.99999,4,472,4294967295,0.000321639,0.9,1,121074,120602,472
9820881,8.6,4,477,4294967295,0.0240643,0.95,1,121083,120606,477
9823801,8.92,4,482,4294967295,0.0128129,1,1,121092,120610,482
9826721,8.984,4,487,4294967295,0.0105626,1,1,121101,120614,487
9829641,8.1968,4,491,4294967295,0.00211251,1,1,121109,120618,491
9832561,8.03936,4,495,4294967295,0.0084225,1,1,121117,120622,495
9835481,8.00787,4,499,4294967295,0.0336845,1,1,121125,120626,499
9838401,8.00157,4,503,4294967295,0.0227369,1,1,121133,120630,503
9841321,8.00031,4,507,4294967295,0.0365474,1,1,121141,120634,507
9844241,8.00006,4,511,4294967295,0.00730948,1,1,121149,120638,511
9847161,6.40001,4,513,4294967295,0.0254619,1,1,121155,120642,513
9850081,6.88,4,516,4294967295,0.0130924,1,1,121162,120646,516
9853001,6.176,4,518,4294967295,0.0106185,1,1,121168,120650,518
9855921,7.6352,4,522,4294967295,0.0501237,1,1,121176,120654,522
9986081,347.927,428,421,5840,0.0100247,0,1,121609,121188,421
9989001,415.185,429.6,423,5840,0.00200495,0.03,1,122041,121618,423
9991921,87.0371,89.12,424,4294967295,0.000400989,0,1,122046,121622,424
10324921,380,377,424,17480,0,0.01,1,125243,124819,424
10327841,80.8,78.6,426,17480,0,0,1,125249,124823,426
10330761,20.96,18.92,428,20400,0,0.06,1,125255,124827,428
10333681,8.192,6.984,429,23320,0.024,0,1,125260,124831,429
10336601,22.4384,26.9968,423,26240,0.1888,0,1,125286,124863,423
10338061,166.888,8.59936,622,29160,0.22976,0,1,125489,124867,622
10340981,176.578,302.52,425,30620,0.053952,0,1,125668,125243,425
10343901,40.9155,65.304,426,33540,0.0107904,0.03,1,125675,125249,426
10346821,12.1831,16.2608,427,36460,0.00215808,0.04,1,125680,125253,427
10349741,6.43662,6.45216,428,39380,0.000431616,0.1,1,125685,125257,428
10352661,6.88732,4.49043,431,42300,0.0240863,0.13,1,125692,125261,431
10355581,5.37746,4.09809,432,45220,0.0128173,0.14,1,125697,125265,432
10358501,5.87549,4.01962,434,48140,0.0345635,0.23,1,125703,125269,434
10361421,10.7751,14.4039,429,51060,0.0149127,0.23,1,125715,125286,429
10364341,4.55502,6.08078,428,53980,0.0269825,0.24,1,125718,125290,428
10367261,172.111,160.416,443,56900,0.333396,0.01,1,125932,125489,443
10370181,264.022,175.283,551,59820,0.266679,0.13,1,126219,125668,551
10373101,87.2044,150.257,450,62740,0.437336,0.24,1,126262,125812,450
10376021,51.0409,60.4513,454,64921,0.591467,0.29,1,126304,125850,454
10378941,45.4082,42.4903,460,64921,0.766293,0.44,2,126348,125888,460
10402301,50,38,452,64921,0.76,0.3,2,126644,126192,452
10405221,49.2,38,463,64921,0.792,0.46,2,126693,126230,463
10408141,46.64,38,471,64921,0.8864,0.64,2,126739,126268,471
10595021,13,30,476,99175,0.84,1,2,128840,128364,476
10597941,33.8,30,485,99175,0.936,1,2,128879,128394,485
10600861,39.56,30,496,99175,0.7552,1,2,128920,128424,496
10603781,25.512,30,488,99175,0.71104,1,1,128942,128454,488
10606701,20.3024,29.2,478,99175,0.606208,1,1,128961,128483,478
10609621,33.6605,28.24,487,99175,0.481242,1,1,128998,128511,487
10612541,33.1321,28.048,492,99175,0.328248,1,1,129031,128539,492
10615461,23.4264,28.0096,485,99175,0.33765,0.95,1,129052,128567,485
10618381,26.2853,28.0019,484,99175,0.33153,1,1,129079,128595,484
10621301,26.0571,28.0004,482,99175,0.354306,1,1,129105,128623,482
10624221,26.0114,28.0001,480,99175,0.318861,1,1,129131,128651,480
10627141,34.8023,28,489,99175,0.255772,0.99,1,129168,128679,489
10630061,26.9605,28,486,99175,0.267154,0.94,1,129193,128707,486
10632981,23.7921,28,481,99175,0.205431,1,1,129216,128735,481
10635901,29.5584,28,484,99175,0.225086,1,1,129247,128763,484
10638821,19.5117,28,473,99175,0.261017,0.72,1,129264,128791,473
10641741,29.5023,28,477,99711,0.276203,0.87,1,129296,128819,477
10644661,30.7005,28,480,99711,0.367241,0.94,1,129327,128847,480
10647581,27.7401,28,479,99711,0.513448,0.83,1,129354,128875,479
10650501,23.148,28,473,99711,0.55869,0.74,1,129376,128903,473
10653421,21.4296,28,466,99711,0.423738,0.63,1,129397,128931,466
10656341,21.8859,28,460,99711,0.268748,0.53,1,129419,128959,460
10659261,21.1772,28,453,99711,0.23775,0.34,1,129440,128987,453
10662181,23.4354,28,449,99711,0.24755,0.34,1,129464,129015,449
10665101,28.6871,28,451,102631,0.27351,0.34,1,129494,129043,451
10668021,28.1374,28,451,103449,0.302702,0.37,1,129522,129071,451
10670941,28.0275,28,451,103449,0.34054,0.3,1,129550,129099,451
10673861,24.0055,28,446,100569,0.516108,0.26,1,129573,129127,446
10676781,29.6011,28,449,100569,0.711222,0.26,1,129604,129155,449
10679701,27.5202,28,448,100569,0.710244,0.23,1,129631,129183,448
10682621,27.904,28,448,100569,0.598049,0.26,1,129659,129211,448
10685541,27.9808,28,448,100569,0.51961,0.25,1,129687,129239,448
10688461,29.5962,28,450,100569,0.367922,0.27,1,129717,129267,450
10691381,31.5192,28,454,100569,0.345584,0.4,1,129749,129295,454
10694301,36.7038,28,464,100569,0.285117,0.53,1,129787,129323,464
10697221,28.9408,28,463,100569,0.273023,0.5,1,129814,129351,463
10700141,18.5882,28,451,100569,0.190605,0.34,1,129830,129379,451
10703061,22.9176,28,447,100569,0.0381209,0.24,1,129854,129407,447
10705981,27.7835,28,448,100569,0.0316242,0.27,1,129883,129435,448
10708901,28.7567,28,449,100569,0.0703248,0.32,1,129912,129463,449
10711821,28.1513,27.2,450,100569,0.054065,0.31,1,129940,129490,450
10714741,26.4303,26.24,450,100569,0.050813,0.31,1,129966,129516,450
10717661,31.6861,26.048,457,100569,0.0741626,0.52,1,129999,129542,457
10720581,35.9372,26.0096,468,100569,0.254833,0.71,1,130036,129568,468
10723501,29.5874,26.0019,470,100569,0.322966,0.67,1,130064,129594,470
10726421,23.5175,26.0004,466,100569,0.336593,0.63,1,130086,129620,466
10729341,23.1035,26.0001,463,100569,0.291319,0.58,1,130109,129646,463
10732261,20.6207,26,457,100569,0.290264,0.44,1,130129,129672,457
10735181,20.1241,26,451,100569,0.218053,0.34,1,130149,129698,451
10738101,24.0248,26,450,100569,0.123611,0.33,1,130174,129724,450
10741021,22.405,26,446,100569,0.104722,0.26,1,130196,129750,446
10743941,25.281,26,446,100569,0.116944,0.26,1,130222,129776,446
10746861,24.2562,26,444,100569,0.143389,0.2,1,130246,129802,444
10749781,17.6512,26,434,100569,0.140678,0,1,130262,129828,434
10752701,24.3302,26,434,100569,0.0761356,0.06,1,130288,129854,434
10755621,28.0661,26,437,100569,0.0392271,0.06,1,130317,129880,437
10758541,27.2132,26,438,100569,0.0398454,0.07,1,130344,129906,438
10761461,24.6426,26,436,100569,0.0799691,0.07,1,130368,129932,436
10764381,27.3285,26,438,100569,0.119994,0.09,1,130396,129958,438
10767301,30.2657,26,443,100569,0.191999,0.18,1,130427,129984,443
10770221,30.8531,26,448,103489,0.3344,0.3,1,130458,130010,448
10773141,30.1706,26,452,105273,0.41088,0.34,1,130488,130036,452
10776061,26.0341,26,451,105273,0.482176,0.34,1,130513,130062,451
10778981,24.4068,26,449,105273,0.512435,0.34,1,130537,130088,449
10781901,24.8814,26,448,105273,0.526487,0.27,1,130562,130114,448
10784821,20.9763,26,442,105273,0.601297,0.16,1,130582,130140,442
10787741,21.7953,26,438,105273,0.536259,0.13,1,130604,130166,438
10790661,26.7591,26,440,105273,0.579252,0.1,1,130632,130192,440
10793581,27.7518,26,442,105273,0.58785,0.15,1,130660,130218,442
10796501,24.7504,26,440,105273,0.62157,0.15,1,130684,130244,440
10799421,22.5501,26,436,105273,0.524314,0.02,1,130706,130270,436
10802341,23.71,26,434,105273,0.480863,0.01,1,130730,130296,434
10805261,26.342,26,435,105273,0.528173,0.07,1,130757,130322,435
10808181,29.2684,26,439,105273,0.537634,0.07,1,130787,130348,439
10811101,28.2537,26,441,105273,0.563527,0.14,1,130815,130374,441
10814021,28.0507,26,443,105273,0.576705,0.21,1,130843,130400,443
10816941,33.6101,26,452,105273,0.635341,0.37,1,130878,130426,452
10819861,29.922,26,455,108193,0.679068,0.4,1,130907,130452,455
10822781,30.7844,26,460,108193,0.727814,0.55,1,130938,130478,460
10825701,28.5569,26,462,108193,0.849563,0.56,2,130966,130504,462
10828621,25.7114,26,461,108193,0.865913,0.53,2,130991,130530,461
10831541,26.7423,26,462,108193,0.893183,0.62,2,131018,130556,462
11006741,13,22,478,122392,0.57,1,1,132457,131979,478
11009661,25,22,484,122392,0.37,1,1,132485,132001,484
11012581,33.8,22,498,122392,0.114,1,1,132521,132023,498
11015501,17.16,22,489,122392,0.0468,1,1,132534,132045,489
11018421,15.432,22,482,122392,0.01736,1,1,132549,132067,482
11021341,11.8864,22,471,122392,0.027472,1,1,132560,132089,471
11024261,23.1773,22,475,5840,0.0054944,1,1,132586,132111,475
11027181,44.6355,22,503,5840,0.00109888,1,1,132636,132133,503
11030101,20.1271,22,495,5840,0.0562198,1,1,132650,132155,495
11033021,14.4254,22,486,5840,0.019244,1,1,132663,132177,486
11035941,14.0851,22,478,5840,0.00384879,1,1,132677,132199,478
11038861,24.417,22,483,5840,0.000769758,1,1,132704,132221,483
11041781,26.4834,22,488,5840,0.00815395,0.95,1,132731,132243,488
11044701,15.6967,22,479,5840,0.00963079,0.77,1,132744,132265,479
11047621,20.7393,22,479,5840,0.0339262,0.92,1,132766,132287,479
11050541,22.5479,22,480,5840,0.00678523,0.98,1,132789,132309,480
11053461,21.3096,22,479,5840,0.00935705,1,1,132810,132331,479
11056381,15.4619,22,471,5840,0.00987141,1,1,132824,132353,471
11059301,26.2924,22,478,5840,0.00997428,1,1,132853,132375,478
11062221,24.4585,22,480,5840,0.0179949,0.76,1,132877,132397,480
11065141,16.8917,22,473,5840,0.019599,0.63,1,132892,132419,473
11068061,10.5783,22,460,5840,0.00391979,0.51,1,132901,132441,460
11070981,10.9157,22,449,5840,0.000783959,0.32,1,132912,132463,449
11073901,11.7831,22,439,5840,0.000156792,0.13,1,132924,132485,439
11076821,15.9566,22,434,5840,3.13583e-05,0.05,1,132941,132507,434
11079741,19.9913,22,433,5840,0.0240063,0.04,1,132962,132529,433
11081201,172.798,22,622,5840,0.00480125,0,1,133173,132551,622
11084121,202.56,316.4,442,5840,0.000960251,0.01,1,133383,132941,442
11085581,209.312,88.88,621,5840,0.00019205,0,1,133594,132973,621
11087041,202.662,177.776,622,7300,0.00803841,0,1,133795,133173,622
11089961,57.3325,203.555,433,8760,0.0256077,0,1,133816,133383,433
11092881,181.067,209.511,434,11680,0.00512154,0.01,1,134028,133594,434
11095801,196.213,202.702,433,14600,0.00902431,0.04,1,134228,133795,433
11098721,56.8427,58.1404,433,17520,0.0258049,0.03,1,134250,133817,433
11101641,28.1685,29.2281,432,20440,0.00516097,0,1,134271,133839,432
11104561,157.634,157.046,433,23360,0.00103219,0.03,1,134461,134028,433
11107481,49.1267,49.0091,433,26280,0.00820644,0.01,1,134483,134050,433
11110401,152.225,152.202,433,29200,0.0336413,0.03,1,134661,134228,433
11113321,48.0451,48.0404,433,32120,0.0307283,0.03,1,134683,134250,433
11116241,27.209,27.2081,433,35040,0.0381457,0.03,1,134705,134272,433
11119161,23.0418,23.0416,433,37960,0.0156291,0.04,1,134727,134294,433
11122081,22.2084,22.2083,433,40880,0.0271258,0.03,1,134749,134316,433
11125001,22.0417,22.0417,433,43800,0.0374252,0,1,134771,134338,433
11127921,102.008,102.808,432,46720,0.00748503,0.01,1,134893,134461,432
11130841,38.8017,38.1617,433,49640,0.017497,0.03,1,134916,134483,433
11133761,25.3603,25.2323,433,52560,0.0114994,0.03,1,134938,134505,433
11136681,21.8721,22.6465,432,55480,0.0342999,0.04,1,134959,134527,432
11139601,111.574,111.729,432,58400,0.03086,0.01,1,135093,134661,432
11142521,35.1149,36.7459,430,61320,0.014172,0,1,135109,134679,430
11145441,22.223,21.7492,431,64240,0.0428344,0.05,1,135128,134697,431
11148361,20.4446,18.7498,433,67160,0.0485669,0,1,135148,134715,433
11151281,17.6889,18.15,432,70080,0.0657134,0.01,1,135165,134733,432
11154201,17.1378,18.03,431,73000,0.0131427,0.05,1,135182,134751,431
11157121,17.0276,18.006,430,75920,0.00262853,0.03,1,135199,134769,430
11160041,18.6055,18.0012,431,78840,0.000525707,0.03,1,135218,134787,431
11162961,18.9211,18.0002,432,81760,0.000105141,0.01,1,135237,134805,432
11165881,16.5842,18,430,84680,2.10283e-05,0.01,1,135253,134823,430
11168801,18.5168,18,431,87600,0.0240042,0.01,1,135272,134841,431
11171721,18.1034,18,431,90520,0.0128008,0,1,135290,134859,431
11174641,30.0207,30.8,430,93440,0.00256017,0.01,1,135323,134893,430
11177561,21.2041,20.56,431,96360,0.000512034,0.01,1,135342,134911,431
11180481,17.8408,18.512,430,99280,0.000102407,0.01,1,135359,134929,430
11183401,18.7682,18.1024,431,102200,2.04813e-05,0.03,1,135378,134947,431
11186321,18.9536,18.0205,432,105120,0.0080041,0.01,1,135397,134965,432
11189241,16.5907,18.0041,430,108040,0.0256008,0.02,1,135413,134983,430
11192161,17.7181,18.0008,430,110960,0.0131202,0.03,1,135431,135001,430
11195081,19.5436,18.0002,432,113880,0.026624,0.03,1,135451,135019,432
11198001,62.3087,62.8,431,116800,0.0293248,0.05,1,135524,135093,431
11200921,28.4617,26.96,433,119720,0.053865,0.09,1,135544,135111,433
11203841,20.0923,19.792,433,122640,0.058773,0.06,1,135562,135129,433
11206761,17.6185,18.3584,432,125560,0.0997546,0.07,1,135579,135147,432
11209681,17.9237,18.0717,432,126902,0.0919509,0,1,135597,135165,432
11212601,16.3847,18.0143,430,126902,0.12239,0.03,1,135613,135183,430
11215521,18.4769,18.0029,431,126902,0.128478,0.05,1,135632,135201,431
11218441,18.0954,18.0006,431,126902,0.145696,0.03,1,135650,135219,431
11221361,18.0191,18.0001,431,126902,0.157139,0.03,1,135668,135237,431
11224281,17.2038,18,430,126902,0.151428,0.04,1,135685,135255,430
11227201,17.8408,18,430,126902,0.190286,0.01,1,135703,135273,430
11230121,17.9682,18,430,126902,0.198057,0.02,1,135721,135291,430
11233041,18.7936,18,431,126902,0.175611,0.01,1,135740,135309,431
11235961,18.1587,18,431,126902,0.0831223,0.02,1,135758,135327,431
11238881,18.8317,18,432,126902,0.0246245,0.03,1,135777,135345,432
11241801,18.1663,18,432,126902,0.00492489,0,1,135795,135363,432
11244721,17.2333,18,431,126902,0.016985,0.01,1,135812,135381,431
11247641,17.0467,18,430,126902,0.011397,0.04,1,135829,135399,430
11250561,17.8093,18,430,127149,0.0262794,0.04,1,135847,135417,430
11253481,18.7619,18,431,127149,0.0132559,0.02,1,135866,135435,431
11256401,18.9524,18,432,127149,0.0186512,0.04,1,135885,135453,432
11259321,18.1905,18,432,127149,0.0277302,0.01,1,135903,135471,432
11262241,17.2381,18,431,127149,0.029546,0.04,1,135920,135489,431
11265161,18.6476,18,432,128575,0.0379092,0.05,1,135939,135507,432
11268081,19.7295,18,434,131495,0.0475818,0.07,1,135959,135525,434
11271001,17.5459,18,433,133721,0.0655164,0.07,1,135976,135543,433
11273921,20.3092,18,436,136641,0.141103,0.11,1,135997,135561,436
11276841,17.6618,18,435,139561,0.100221,0.11,1,136014,135579,435
11279761,19.5324,18,437,142481,0.100044,0.15,1,136034,135597,437
11282681,19.9065,18,439,143557,0.148009,0.15,1,136054,135615,439
11285601,17.5813,18,438,143557,0.181602,0.19,1,136071,135633,438
11288521,17.9163,18,438,143557,0.18032,0.15,1,136089,135651,438
11291441,17.9833,18,438,143557,0.196064,0.21,1,136107,135669,438
11294361,20.3967,18,441,143557,0.279213,0.22,1,136128,135687,441
11297281,16.8793,18,439,143557,0.279843,0.21,1,136144,135705,439
11300201,16.9759,18,438,143557,0.263969,0.19,1,136161,135723,438
11303121,14.5952,18,434,143557,0.308794,0.05,1,136175,135741,434
11306041,14.919,18,431,143557,0.365759,0.01,1,136190,135759,431
11308961,17.3838,18,431,144150,0.409152,0.02,1,136208,135777,431
11311881,17.0768,18,430,144150,0.44983,0.03,1,136225,135795,430
11314801,19.4154,18,432,144748,0.441966,0,1,136245,135813,432
11317721,18.2831,18,432,144748,0.408393,0.01,1,136263,135831,432
11320641,17.2566,18,431,144748,0.353679,0.03,1,136280,135849,431
11323561,17.0513,18,430,144748,0.302736,0.04,1,136297,135867,430
11326481,19.4103,18,432,144748,0.220547,0.07,1,136317,135885,432
11329401,16.6821,18,430,144748,0.188109,0.02,1,136333,135903,430
11332321,18.5364,18,431,144748,0.149622,0.05,1,136352,135921,431
11335241,16.5073,16.4,431,144748,0.0779244,0.02,1,136368,135937,431
11338161,16.9015,16.08,432,144748,0.0955849,0.03,1,136385,135953,432
11341081,17.7803,16.016,434,145351,0.075117,0.1,1,136403,135969,434
11344001,17.1561,16.0032,435,145960,0.127023,0.16,1,136420,135985,435
11346921,15.4312,16.0006,434,148880,0.129405,0.08,1,136435,136001,434
11349841,15.8862,16.0001,434,151616,0.0898809,0.11,1,136451,136017,434
11352761,17.5772,16,436,151616,0.0739762,0.16,1,136469,136033,436
11355681,17.9155,16,438,151616,0.0707952,0.19,1,136487,136049,438
11358601,16.3831,16,438,151616,0.062159,0.19,1,136503,136065,438
11361521,18.4766,16,441,151616,0.0924318,0.23,1,136522,136081,441
11364441,16.4953,16,441,151616,0.146486,0.21,1,136538,136097,441
11367361,16.8991,16,442,154536,0.133297,0.26,1,136555,136113,442
11370281,16.9798,16,443,154989,0.154659,0.29,1,136572,136129,443
11373201,16.996,16,444,154989,0.174932,0.3,1,136589,136145,444
11376121,17.7992,16,446,154989,0.162986,0.34,1,136607,136161,446
11379041,18.7598,16,449,154989,0.168597,0.4,1,136626,136177,449
11381961,18.152,16,451,154989,0.161719,0.43,1,136644,136193,451
11384881,18.0304,16,453,154989,0.160344,0.49,1,136662,136209,453
11387801,15.6061,16,452,154989,0.176069,0.45,1,136677,136225,452
11390721,11.9212,14.4,449,154989,0.227214,0.42,1,136688,136239,449
11393641,11.9842,14.08,447,154989,0.245443,0.45,1,136700,136253,447
11396561,11.1968,14.016,444,156661,0.233089,0.32,1,136711,136267,444
11399481,11.0394,14.0032,441,156661,0.222618,0.29,1,136722,136281,441
11402401,12.6079,14.0006,440,157937,0.204524,0.25,1,136735,136295,440
11405321,11.3216,14.0001,437,159236,0.184905,0.19,1,136746,136309,437
11408241,14.2643,14,438,162156,0.148981,0.19,1,136761,136323,438
11411161,12.4529,14,436,164755,0.117796,0.19,1,136773,136337,436
11414081,10.4906,14,432,164755,0.119559,0.11,1,136783,136351,432
11417001,14.8981,14,434,166472,0.0479118,0.13,1,136799,136365,434
11419921,12.5796,14,432,167521,0.0335824,0.08,1,136811,136379,432
11422841,15.3159,14,434,168941,0.0547165,0.09,1,136827,136393,434
11425761,13.4632,14,433,171861,0.0749433,0.16,1,136840,136407,433
11428681,14.6926,14,434,174609,0.0949887,0.14,1,136855,136421,434
11431601,14.1385,14,434,174609,0.130998,0.11,1,136869,136435,434
11434521,11.6277,14,431,174609,0.1622,0.09,1,136880,136449,431
11437441,13.5255,14,431,174609,0.19244,0.1,1,136894,136463,431
11440361,14.7051,14,432,174609,0.174488,0.08,1,136909,136477,432
11443281,14.141,14,432,177529,0.202898,0.1,1,136923,136491,432
11446201,14.8282,14,433,180278,0.22458,0.09,1,136938,136505,433
11449121,16.5656,14,436,180278,0.244916,0.16,1,136955,136519,436
11452041,14.5131,14,436,180278,0.272983,0.15,1,136969,136533,436
11454961,14.1026,14,436,180278,0.294597,0.17,1,136983,136547,436
11457881,15.6205,14,438,182830,0.258919,0.19,1,136999,136561,438
11460801,13.5241,14,437,182830,0.267784,0.2,1,137012,136575,437
11463721,13.9048,14,437,182830,0.269557,0.21,1,137026,136589,437
11466641,13.981,14,437,182830,0.269911,0.18,1,137040,136603,437
11469561,12.3962,14,435,182830,0.277982,0.13,1,137052,136617,435
11472481,14.4792,14,436,185750,0.263596,0.19,1,137067,136631,436
11475401,14.8958,14,437,188398,0.276719,0.18,1,137082,136645,437
11478321,14.1792,14,437,188398,0.303344,0.2,1,137096,136659,437
11481241,16.4358,14,440,188398,0.300669,0.25,1,137113,136673,440
11484161,14.4872,14,440,188398,0.348134,0.26,1,137127,136687,440
11487081,11.6974,14,437,188794,0.381627,0.19,1,137138,136701,437
11490001,14.3395,14,438,188794,0.348325,0.24,1,137153,136715,438
11492921,12.4679,14,436,188794,0.309665,0.19,1,137165,136729,436
11495841,12.0936,14,434,188794,0.261933,0.17,1,137177,136743,434
11498761,13.6187,14,434,188794,0.252387,0.11,1,137191,136757,434
11501681,12.3237,14,432,188794,0.242477,0.13,1,137203,136771,432
11504601,11.2647,14,429,188794,0.296495,0.06,1,137214,136785,429
11507521,12.653,12.4,430,188794,0.331299,0.07,1,137227,136797,430
11510441,12.9306,12.08,431,188794,0.33026,0.13,1,137240,136809,431
11513361,12.9861,12.016,432,188794,0.306052,0.11,1,137253,136821,432
11516281,12.9972,12.0032,433,188794,0.32521,0.13,1,137266,136833,433
11519201,12.9994,12.0006,434,191714,0.353042,0.14,1,137279,136845,434
11522121,13.7999,12.0001,436,192026,0.374608,0.18,1,137293,136857,436
11525041,12.36,12,436,192026,0.386922,0.19,1,137305,136869,436
11527961,12.872,12,437,192026,0.429384,0.21,1,137318,136881,437
11530881,12.1744,12,437,192026,0.437877,0.21,1,137330,136893,437
11533801,13.6349,12,439,192026,0.399575,0.24,1,137344,136905,439
11536721,12.327,12,439,192026,0.399915,0.26,1,137356,136917,439
11539641,12.0654,12,439,192026,0.367983,0.26,1,137368,136929,439
11542561,12.8131,12,440,194946,0.361597,0.29,1,137381,136941,440
11545481,12.9626,12,441,195610,0.408319,0.29,1,137394,136953,441
11548401,12.1925,12,441,195610,0.441664,0.28,1,137406,136965,441
11551321,11.2385,12,440,195610,0.440333,0.3,1,137417,136977,440
11554241,11.8477,12,440,195610,0.480067,0.27,1,137429,136989,440
11557161,12.7695,12,441,198530,0.504013,0.28,1,137442,137001,441
11560081,12.1539,12,441,200802,0.524803,0.31,1,137454,137013,441
11563001,12.8308,12,442,200802,0.504961,0.32,1,137467,137025,442
11565921,8.16616,12,437,200802,0.532992,0.25,1,137474,137037,437
11568841,11.2332,12,437,200802,0.522598,0.21,1,137486,137049,437
11571761,15.0466,12,441,201656,0.53652,0.28,1,137502,137061,441
11574681,15.0093,12,444,201656,0.571304,0.33,1,137517,137073,444
11577601,13.4019,12,445,204576,0.586261,0.35,1,137530,137085,445
11580521,12.2804,12,445,205535,0.581252,0.33,1,137542,137097,445
11583441,12.0561,12,445,205535,0.59625,0.39,1,137554,137109,445
11586361,12.8112,12,446,205535,0.63925,0.4,1,137567,137121,446
11589281,11.3622,12,445,205535,0.64785,0.37,1,137578,137133,445
11592201,11.0724,12,444,205535,0.68157,0.39,1,137589,137145,444
11595121,11.0145,12,443,208455,0.712314,0.34,1,137600,137157,443
11598041,10.2029,12,441,210670,0.718463,0.29,1,137610,137169,441
11600961,10.8406,12,440,210670,0.711693,0.29,1,137621,137181,440
11603881,13.3681,12,442,210670,0.742338,0.3,1,137635,137193,442
11606801,13.0736,12,443,210670,0.732468,0.35,1,137648,137205,443
11609721,13.8147,12,445,210670,0.762494,0.4,2,137662,137217,445
11612641,10.7629,12,443,210670,0.808499,0.32,2,137672,137229,443
11615561,11.7526,12,443,210670,0.8577,0.3,2,137684,137241,443
11618481,12.7505,12,444,210670,0.86754,0.34,2,137697,137253,444
11621401,14.5501,12,447,210670,0.853508,0.4,2,137712,137265,447
11624321,12.51,12,447,210670,0.842702,0.36,2,137724,137277,447
11627241,13.702,12,449,210670,0.80854,0.42,2,137738,137289,449
11630161,13.1404,12,450,210670,0.809708,0.45,2,137751,137301,450
11633081,12.2281,12,450,210670,0.825942,0.45,2,137763,137313,450
11636001,10.4456,12,448,210670,0.813188,0.42,2,137773,137325,448
11638921,11.6891,12,448,210670,0.842638,0.4,2,137785,137337,448
11641841,11.9378,12,448,213590,0.800528,0.41,2,137797,137349,448
11644761,12.7876,12,449,214427,0.792105,0.41,2,137810,137361,449
11647681,8.95751,12,445,214427,0.798421,0.39,2,137818,137373,445
11650601,12.1915,10.4,448,214427,0.791684,0.44,2,137831,137383,448
11653521,12.0383,10.08,450,214427,0.822337,0.48,2,137843,137393,450
11656441,10.4077,10.016,450,214427,0.828467,0.45,2,137853,137403,450
11659361,10.8815,10.0032,451,214427,0.885693,0.51,2,137864,137413,451
11662281,10.1763,10.0006,451,214427,0.841139,0.52,2,137874,137423,451
11665201,11.6353,10.0001,453,217347,0.888228,0.55,2,137886,137433,453
11668121,9.52705,10,452,218572,0.905646,0.54,2,137895,137443,452
11671041,9.90541,10,452,218572,0.901129,0.56,2,137905,137453,452
11673961,10.7811,10,453,218572,0.884226,0.56,2,137916,137463,453
11676881,10.9562,10,454,218572,0.840845,0.58,2,137927,137473,454
11679801,11.7912,10,456,218572,0.840169,0.57,2,137939,137483,456
11682721,11.1582,10,457,218572,0.848034,0.61,2,137950,137493,457
11685641,9.43165,10,456,220836,0.817607,0.59,2,137959,137503,456
11688561,10.6863,10,457,220836,0.811521,0.6,2,137970,137513,457
11691481,10.1373,10,457,220836,0.778304,0.62,2,137980,137523,457
11694401,10.0275,10,457,223756,0.795661,0.62,2,137990,137533,457
11697321,11.6055,10,459,224852,0.775132,0.61,2,138002,137543,459
11700241,11.1211,10,460,224852,0.731026,0.63,1,138013,137553,460
11703161,11.0242,10,461,224852,0.738205,0.67,1,138024,137563,461
11706081,10.2048,10,461,224852,0.731641,0.71,1,138034,137573,461
11709001,13.241,10,465,225312,0.730328,0.72,1,138048,137583,465
11711921,9.04819,10,463,228232,0.762066,0.73,2,138056,137593,463
11714841,10.6096,10,464,230689,0.728413,0.74,1,138067,137603,464
11717761,10.1219,10,464,230689,0.721683,0.73,1,138077,137613,464
11720681,9.22439,10,463,230689,0.720337,0.77,1,138086,137623,463
11723601,9.84488,10,463,230689,0.720067,0.77,1,138096,137633,463
11726521,12.369,10,466,230689,0.688013,0.8,1,138109,137643,466
11729441,11.2738,10,467,230689,0.681603,0.8,1,138120,137653,467
11732361,12.6548,10,470,232731,0.680321,0.88,1,138133,137663,470
11735281,9.73095,10,469,232731,0.696064,0.9,1,138142,137673,469
11738201,9.94619,10,469,232731,0.683213,0.9,1,138152,137683,469
11741121,9.98924,10,469,232731,0.696643,0.91,1,138162,137693,469
11744041,10.7978,10,470,232731,0.683329,0.85,1,138173,137703,470
11746961,9.35957,10,469,235651,0.680666,0.88,1,138182,137713,469
11749881,9.87191,10,469,236122,0.744133,0.85,1,138192,137723,469
11752801,9.17438,10,468,236122,0.748827,0.83,1,138201,137733,468
11755721,9.83488,10,468,236596,0.765765,0.85,2,138211,137743,468
11758641,9.96698,10,468,239516,0.761153,0.87,2,138221,137753,468
11761561,10.7934,10,469,241861,0.776231,0.85,2,138232,137763,469
11764481,9.35868,10,468,241861,0.755246,0.86,2,138241,137773,468
11766561,8.27174,10,466,241861,0.775049,0.81,2,138249,137783,466
11769481,9.65435,9.2,467,241861,0.81101,0.79,2,138259,137792,467
11772401,11.5309,9.84,469,241861,0.810202,0.82,2,138271,137802,469
11774261,10.3062,9.968,469,244781,0.78604,0.81,2,138281,137812,469
11776341,6.86123,9.1936,466,246641,0.797208,0.81,2,138287,137821,466
11779261,9.37225,7.43872,469,248120,0.831442,0.84,2,138297,137828,469
11782181,10.6744,9.48774,470,248120,0.782288,0.84,2,138308,137838,470
11784241,10.9349,9.89755,471,248120,0.812458,0.86,2,138319,137848,471
11787161,6.98698,9.17951,468,248120,0.842492,0.9,2,138325,137857,468
11788821,6.9974,9.8359,465,248120,0.840498,0.85,2,138332,137867,465
11790901,7.79948,6.76718,467,248120,0.7841,0.86,2,138340,137873,467
11792561,7.9599,6.95344,468,248120,0.78882,0.92,2,138348,137880,468
11795481,15.192,12.5907,471,248120,0.861764,0.95,2,138365,137894,471
11798401,8.6384,10.5181,468,248120,0.844353,0.92,2,138372,137904,468
11800261,5.72768,10.1036,463,248120,0.840871,0.88,2,138377,137914,463
11801921,8.34554,7.62073,465,248120,0.800174,0.85,2,138386,137921,465
11804001,8.06911,6.32415,467,248120,0.816035,0.84,2,138394,137927,467
11806921,11.2138,10.8648,467,248120,0.787207,0.88,2,138406,137939,467
11809841,8.64276,10.173,465,248120,0.837441,0.84,2,138414,137949,465
11812761,9.72855,10.0346,465,248120,0.911488,0.83,2,138424,137959,465
11815681,11.5457,10.0069,467,248120,0.942298,0.8,2,138436,137969,467
11818601,8.70914,10.0014,465,248120,0.92446,0.82,2,138444,137979,465
11821521,10.5418,10.0003,466,248120,0.912892,0.77,2,138455,137989,466
11824441,10.9084,10.0001,467,248120,0.870578,0.79,2,138466,137999,467
11826261,7.78167,10,464,248120,0.902116,0.75,2,138473,138009,464
11827921,6.35633,9.2,461,248120,0.932423,0.76,2,138479,138018,461
11840821,7,10,460,248120,0.91,0.75,2,138527,138067,460
11843741,9.4,8.4,462,248120,0.926,0.74,2,138537,138075,462
11846661,8.28,9.68,460,248120,0.9052,0.74,2,138545,138085,460
11849581,10.456,9.936,461,248120,0.89304,0.7,2,138556,138095,461
11852501,9.2912,9.9872,460,248120,0.906608,0.71,2,138565,138105,460
11855381,9.05824,9.99744,459,248120,0.917322,0.69,2,138574,138115,459
11857041,9.01165,9.19949,459,248120,0.911464,0.68,2,138583,138124,459
11859961,10.6023,9.0399,461,248120,0.926293,0.68,2,138594,138133,461
11890541,9,7,467,248189,0.94,0.79,2,138703,138236,467
11893461,9,7.8,468,248189,0.956,0.81,2,138712,138244,468
11895521,7.4,7.96,467,248189,0.9432,0.85,2,138719,138252,467
11897601,7.08,6.392,468,248189,0.92464,0.83,2,138726,138258,468
11985801,12,11,474,248189,0.92,0.95,2,139059,138585,474
11988721,10.4,8.6,476,248189,0.936,0.95,2,139069,138593,476
12057141,21,12,492,248189,0.94,1,2,139334,138842,492
12060061,11.4,17.6,482,248189,0.916,1,2,139343,138861,482
12062341,12.68,9.92,487,248189,0.8792,1,2,139356,138869,487
12065261,10.536,14.784,481,248189,0.87984,1,2,139366,138885,481
12067541,11.7072,9.3568,485,248189,0.903968,1,2,139378,138893,485
12069201,8.74144,11.4714,481,248189,0.940794,1,2,139386,138905,481
12071281,4.94829,6.29427,480,248189,0.948159,1,2,139390,138910,480
12074201,8.18966,7.65885,481,248189,0.933632,1,2,139399,138918,481
12089801,9,8,479,248189,0.91,0.98,2,139446,138967,479
12091461,10.6,8,482,248189,0.942,1,2,139457,138975,482
12094161,10.92,12.8,479,248189,0.9324,1,2,139468,138989,479
12118921,11,9,479,248189,0.94,1,2,139550,139071,479
12120581,7,8.2,477,248189,0.94,1,2,139556,139079,477
12165721,7,9,477,248189,0.87,1,2,139724,139247,477
12168641,7.8,8.2,477,248189,0.934,1,2,139732,139255,477
12317761,20,21,477,248189,0.94,1,2,140293,139816,477
12320681,12.8,13.8,476,248189,0.94,0.96,2,140304,139828,476
12322961,8.16,9.16,475,248189,0.948,0.99,2,140311,139836,475
12325041,11.232,9.832,477,248189,0.9496,1,2,140323,139846,477
12471681,8,8,475,248189,0.9,0.95,2,140866,140391,475
12474601,9.6,7.2,478,248189,0.868,0.99,2,140876,140398,478
12476881,9.12,7.84,479,248189,0.7976,1,2,140885,140406,479
12478961,12.224,8.768,483,248189,0.79152,1,2,140898,140415,483
12481881,10.4448,12.9536,479,248189,0.806304,1,2,140908,140429,479
12484801,10.089,8.99072,481,248189,0.817261,1,2,140918,140437,481
12487281,6.81779,8.19814,479,248189,0.795452,1,2,140924,140445,479
12489361,6.16356,7.23963,478,248189,0.76709,0.93,2,140930,140452,478
12492281,10.8327,9.44793,480,248189,0.713418,1,1,140942,140462,480
12494981,8.56654,8.28959,480,248189,0.678684,1,1,140950,140470,480
12497061,12.9133,11.2579,482,248189,0.631737,1,1,140964,140482,482
12499981,9.78266,11.0516,480,248189,0.614347,1,1,140973,140493,480
12502261,11.5565,8.61032,484,248189,0.586869,1,1,140985,140501,484
12503921,8.71131,11.3221,480,248189,0.573374,1,1,140993,140513,480
12506841,6.54226,8.66441,478,248189,0.554675,1,1,140999,140521,478
12509761,7.70845,8.13288,478,248189,0.510935,1,1,141007,140529,478
12512681,9.54169,8.02658,480,248189,0.486187,1,1,141017,140537,480
12515601,9.10834,8.00532,481,248189,0.473237,1,1,141026,140545,481
12517861,7.42167,8.00106,480,248189,0.414647,1,1,141033,140553,480
12519941,8.68433,8.80021,480,248189,0.42693,1,1,141042,140562,480
12522021,17.7369,8.96004,491,248189,0.389386,1,1,141062,140571,491
12524941,11.5474,19.392,479,248189,0.341877,1,1,141072,140593,479
12527861,11.1095,10.2784,482,248189,0.284375,1,1,141083,140601,482
12530781,11.0219,8.45568,485,248189,0.280875,1,1,141094,140609,485
12533701,8.60438,8.09114,485,248189,0.272175,1,1,141102,140617,485
12536621,9.72088,8.01823,487,248189,0.230435,1,1,141112,140625,487
12539541,8.34418,8.00365,487,248189,0.182087,1,1,141120,140633,487
12541781,8.86884,8.00073,488,248189,0.116417,1,1,141129,140641,488
12543441,8.17377,12.8001,482,248189,0.119283,1,1,141137,140655,482
12545521,8.83475,8.96003,483,248189,0.119857,1,1,141146,140663,483
12548441,5.76695,6.59201,482,248189,0.135971,1,1,141151,140669,482
12550101,8.35339,7.7184,483,248189,0.0831943,1,1,141160,140677,483
12553021,7.27068,11.1437,478,248189,0.0406389,1,1,141167,140689,478
12555301,7.05414,8.62874,477,248189,0.0241278,1,1,141174,140697,477
12556961,10.2108,6.52575,482,248189,0.00482555,1,1,141185,140703,482
12559041,6.84217,5.30515,483,248189,0.00896511,1,1,141191,140708,483
12561961,6.96843,5.86103,484,248189,0.00179302,1,1,141198,140714,484
12563621,7.79369,7.57221,484,248189,0.000358604,1,1,141206,140722,484
12566541,7.15874,7.91444,483,248189,0.0240717,1,1,141213,140730,483
12568821,7.83175,7.98289,483,248189,0.0288143,1,1,141221,140738,483
12571741,10.3663,11.1966,482,248189,0.00576287,1,1,141232,140750,482
12573601,8.47327,8.63932,482,248189,0.00115257,1,1,141240,140758,482
12576521,8.09465,9.72786,480,248189,0.00823051,1,1,141248,140768,480
12578801,11.2189,8.34557,484,248189,0.0096461,1,1,141260,140776,484
12580881,9.44379,15.2691,476,248189,0.00992922,1,1,141269,140793,476
12583801,8.28876,7.85382,478,248189,0.00198584,1,1,141277,140799,478
12585461,5.65775,7.97076,475,248189,0.0243972,1,1,141282,140807,475
12588381,9.13155,5.59415,480,248189,0.00487943,1,1,141292,140812,480
12590661,24.2263,7.51883,500,248189,0.0249759,0.95,1,141320,140820,500
12593581,12.0453,26.3038,478,248189,0.0369952,0.9,1,141329,140851,478
12596501,8.80905,11.6608,478,248189,0.015399,0.91,1,141337,140859,478
12599421,5.76181,8.73215,475,248189,0.00307981,0.87,1,141342,140867,475
12602341,5.15236,8.14643,472,248189,0.016616,0.81,1,141347,140875,472
12604181,8.23047,8.02929,473,248189,0.00332319,0.79,1,141356,140883,473
12607101,7.24609,10.4059,469,248189,0.00866464,0.83,1,141363,140894,469
12609381,6.24922,8.48117,467,248189,0.0257329,0.83,1,141369,140902,467
12611461,7.64984,6.49623,469,248189,0.0291466,0.83,1,141377,140908,469
12613541,7.12997,8.49925,467,248189,0.0138293,0.79,1,141384,140917,467
12616461,5.42599,8.09985,464,248189,0.0267659,0.76,1,141389,140925,464
12619381,5.8852,8.01997,462,248189,0.0293532,0.72,1,141395,140933,462
12621861,9.17704,8.00399,464,248189,0.0218706,0.67,1,141405,140941,464
12623941,7.43541,11.2008,459,248189,0.0363741,0.65,1,141412,140953,459
12625601,6.28708,8.64016,457,248189,0.0152748,0.64,1,141418,140961,457
12627681,8.45742,9.72803,456,248189,0.011055,0.61,1,141427,140971,456
12630601,8.89148,10.7456,454,248189,0.010211,0.55,1,141436,140982,454
12632881,7.3783,8.54912,453,248189,0.0180422,0.55,1,141443,140990,453
12635801,10.2757,12.9098,450,248189,0.0276084,0.48,1,141454,141004,450
12638501,9.25513,8.98196,451,248189,0.0215217,0.5,1,141463,141012,451
12640161,5.05103,8.19639,447,248189,0.0203043,0.46,1,141467,141020,447
12643081,7.41021,8.03928,447,248189,0.0200609,0.42,1,141475,141028,447
12646001,7.88204,8.00786,447,248189,0.0200122,0.42,1,141483,141036,447
12648481,5.57641,8.00157,444,248189,0.0280024,0.46,1,141488,141044,444
12650561,6.71528,7.20031,444,248189,0.0216005,0.34,1,141495,141051,444
12652641,14.9431,17.4401,441,248189,0.0523201,0.31,1,141512,141071,441
12655561,9.38861,8.28801,443,248189,0.058464,0.29,1,141520,141077,443
12657221,6.67772,8.0576,441,248189,0.0436928,0.33,1,141526,141085,441
12658881,4.53554,9.61152,435,248189,0.0167386,0.29,1,141530,141095,435
12661801,8.10711,11.5223,432,248189,0.00334771,0.21,1,141539,141107,432
12664721,7.22142,8.70446,431,248189,0.0406695,0.15,1,141546,141115,431
12667641,7.84428,8.14089,431,248189,0.0161339,0.14,1,141554,141123,431
12670561,7.96886,8.02818,431,248189,0.0272268,0.15,1,141562,141131,431
12672401,6.39377,8.00564,429,248189,0.0134454,0.13,1,141568,141139,429
12674481,5.27875,5.60113,429,248189,0.0106891,0.12,1,141573,141144,429
12677401,9.05575,10.7202,427,248189,0.0501378,0.02,1,141583,141156,427
12680101,10.6112,8.54405,430,248189,0.0260276,0.03,1,141594,141164,430
12683021,8.52223,12.1088,425,248189,0.0292055,0.01,1,141602,141177,425
12685941,8.90445,8.82176,426,248189,0.0138411,0,1,141611,141185,426
12688001,8.18089,8.16435,426,248189,0.0187682,0,1,141619,141193,426
12690921,8.83618,8.83287,426,248189,0.0117536,0.04,1,141628,141202,426
12693841,8.16724,8.16657,426,247638,0.0103507,0.04,1,141636,141210,426
12696761,8.03345,8.03331,426,247087,0.00207015,0.03,1,141644,141218,426
12699441,7.20669,8.00666,425,246536,0.000414029,0.03,1,141651,141226,425
12702361,10.2413,10.4013,425,245985,0.0240828,0.04,1,141662,141237,425
12704021,8.44827,8.48027,425,245434,0.0128166,0.01,1,141670,141245,425
12706101,8.88965,7.29605,427,245434,0.0185633,0.04,1,141679,141252,427
12708181,11.3779,9.45921,429,245434,0.0117127,0.02,1,141691,141262,429
12709841,7.87559,10.6918,425,245434,0.00234253,0.03,1,141698,141273,425
12712761,8.77512,9.33837,425,245434,0.000468506,0.01,1,141707,141282,425
12715681,9.75502,8.26767,427,245434,0.0240937,0.01,1,141717,141290,427
12717541,7.551,8.05353,426,245434,0.0368187,0.05,1,141724,141298,426
12719201,7.1102,8.01071,425,245434,0.0153637,0.03,1,141731,141306,425
12721281,15.022,15.2021,425,245434,0.0350728,0.01,1,141748,141323,425
12724201,14.2044,14.2404,425,245434,0.00701455,0,1,141762,141337,425
12725861,7.64088,9.24809,423,245434,0.00140291,0.03,1,141768,141345,423
12728781,7.92818,5.84962,426,244882,0.0162806,0.05,1,141776,141350,426
12731701,7.98564,7.56992,426,244882,0.0192561,0.06,1,141784,141358,426
12734621,7.99713,7.91398,426,244882,0.00385122,0.05,1,141792,141366,426
12737541,7.99943,7.9828,426,244882,0.0247702,0.03,1,141800,141374,426
12740461,8.79989,7.99656,427,244882,0.036954,0.02,1,141809,141382,427
12743381,7.35998,7.99931,426,244882,0.0313908,0.03,1,141816,141390,426
12746301,8.672,7.99986,427,244882,0.00627816,0.01,1,141825,141398,427
12749221,8.1344,7.99997,427,244882,0.0172556,0.04,1,141833,141406,427
12752141,7.22688,7.99999,426,247566,0.0194511,0.05,1,141840,141414,426
12755061,7.04538,8,425,248118,0.0278902,0.02,1,141847,141422,425
12756641,7.00907,8,424,251038,0.021578,0.03,1,141854,141430,424
12759561,8.60182,7.2,426,252618,0.0283156,0.03,1,141863,141437,426
12762261,11.3204,7.84,430,253719,0.0296631,0.03,1,141875,141445,430
12763921,8.66407,11.968,425,253719,0.0219326,0.05,1,141883,141458,425
12766841,8.13281,7.9936,426,254840,0.0203865,0.06,1,141891,141465,426
12769761,8.02656,7.99872,426,254840,0.0280773,0.06,1,141899,141473,426
12772681,8.00531,7.99974,426,254840,0.0616155,0.06,1,141907,141481,426
12775601,8.80106,7.99995,427,254840,0.0363231,0.06,1,141916,141489,427
12778521,8.16021,7.99999,427,254840,0.0232646,0.08,1,141924,141497,427
12781441,8.03204,8,427,254840,0.0206529,0.07,1,141932,141505,427
12783061,10.4064,8,430,256242,0.0441306,0.08,1,141943,141513,430
12785761,8.48128,11.2,426,256242,0.0488261,0.04,1,141951,141525,426
12788681,8.09626,8.64,426,256739,0.0417652,0.05,1,141959,141533,426
12791381,8.01925,8.128,426,259659,0.048353,0.05,1,141967,141541,426
12793461,6.40385,8.0256,424,262359,0.0496706,0.05,1,141973,141549,424
12795121,6.88077,6.40512,425,262787,0.0339341,0.02,1,141980,141555,425
12798041,6.97615,5.28102,427,262787,0.0467868,0.01,1,141987,141560,427
12800961,7.79523,7.4562,427,262787,0.0333574,0.03,1,141995,141568,427
12802821,9.55905,7.89124,429,263015,0.0306715,0.05,1,142005,141576,429
12805521,8.31181,10.3782,426,263015,0.0301343,0.03,1,142013,141587,426
12808441,8.86236,10.0756,425,263015,0.0140269,0.01,1,142022,141597,425
12811361,8.17247,8.41513,425,263015,0.00280537,0.01,1,142030,141605,425
12814281,8.03449,8.08303,425,263015,0.0165611,0.04,1,142038,141613,425
12817201,8.0069,8.01661,425,263015,0.00331221,0.04,1,142046,141621,425
12819041,7.20138,8.00332,424,263105,0.0246624,0.02,1,142053,141629,424
12821961,11.0403,9.60066,426,263105,0.0449325,0,1,142065,141639,426
12824881,8.60806,8.32013,426,263105,0.0169865,0.04,1,142073,141647,426
12827801,7.32161,8.06403,425,263105,0.0033973,0.04,1,142080,141655,425
12830481,8.66432,8.01281,426,264967,0.00867946,0.04,1,142089,141663,426
12833401,7.33286,8.00256,425,264967,0.0177359,0.05,1,142096,141671,425
12836101,15.0666,8.00051,434,264967,0.00354718,0.03,1,142113,141679,434
12838181,10.2133,14.4001,427,264967,0.0247094,0.01,1,142122,141695,427
12840881,7.64266,10.08,425,264967,0.00494189,0.05,1,142129,141704,425
12842961,7.92853,8.416,425,264967,0.00898838,0,1,142137,141712,425
12845881,9.58571,8.8832,426,267047,0.0177977,0.03,1,142147,141721,426
12848801,9.11714,8.17664,427,267410,0.00355953,0.02,1,142156,141729,427
12851701,21.8234,8.03533,444,267410,0.0327119,0.01,1,142181,141737,444
12853781,9.16469,22.4071,424,267410,0.00654238,0.03,1,142187,141763,424
12855861,5.83294,9.28141,423,267410,0.0333085,0.04,1,142192,141769,423
12857941,13.1666,6.65628,432,267612,0.00666169,0.02,1,142207,141775,432
12860861,9.83332,13.3313,426,267612,0.00933234,0,1,142216,141790,426
12863781,8.36666,9.06625,426,267612,0.00986647,0.03,1,142224,141798,426
12866261,8.87333,8.21325,427,267612,0.0259733,0.04,1,142233,141806,427
12869181,8.97467,9.64265,426,267612,0.0131947,0,1,142242,141816,426
12872101,8.19493,8.32853,426,267612,0.0106389,0.05,1,142250,141824,426
12875021,8.03899,8.06571,426,267612,0.00212779,0.04,1,142258,141832,426
12877941,8.0078,8.01314,426,267612,0.0244256,0.06,1,142266,141840,426
12880861,8.00156,8.00263,426,267612,0.0448851,0.06,1,142274,141848,426
12883781,8.00031,8.00053,426,267612,0.040977,0.05,1,142282,141856,426
12886701,8.00006,8.00011,426,267612,0.0161954,0.05,1,142290,141864,426
12889141,7.20001,8.00002,425,267612,0.0112391,0.05,1,142297,141872,425
12891221,11.84,7.2,431,267612,0.0102478,0.02,1,142310,141879,431
12894141,8.768,11.04,427,267612,0.0100496,0.03,1,142318,141891,427
12897041,8.1536,8.608,427,267612,0.00200991,0.07,1,142326,141899,427
12899961,11.2307,12.1216,426,267612,0.00840198,0.01,1,142338,141912,426
12902881,9.44614,8.82432,427,267612,0.0096804,0.04,1,142347,141920,427
12905801,8.28923,8.16486,427,267612,0.00993608,0.06,1,142355,141928,427
12908721,8.05785,8.03297,427,267612,0.00998722,0.06,1,142363,141936,427
12911641,8.01157,8.00659,427,267612,0.0419974,0.04,1,142371,141944,427
12914561,8.00231,8.00132,427,267612,0.0403995,0.05,1,142379,141952,427
12917481,8.00046,8.00026,427,267612,0.0160799,0.06,1,142387,141960,427
12920341,8.00009,8.00005,427,267612,0.027216,0.05,1,142395,141968,427
12922001,5.60002,8.00001,424,267612,0.0134432,0.05,1,142400,141976,424
12924921,9.92,8.8,426,267612,0.0106886,0.01,1,142411,141985,426
12927841,8.384,8.16,426,267612,0.0181377,0.03,1,142419,141993,426
12930761,8.0768,8.032,426,267612,0.0596275,0.03,1,142427,142001,426
12933441,8.01536,8.0064,426,267612,0.0519255,0.04,1,142435,142009,426
12936361,12.8031,12.8013,426,267612,0.0503851,0.02,1,142449,142023,426
12938641,8.16061,8.96026,425,267612,0.050077,0.06,1,142456,142031,425
12941561,12.0321,10.5921,427,267612,0.0580154,0.03,1,142469,142042,427
12944481,8.80642,8.51841,427,267612,0.0676031,0.05,1,142477,142050,427
12947401,6.56129,8.10368,425,267612,0.0535206,0.05,1,142483,142058,425
12950081,7.71226,8.02074,425,267612,0.0267041,0.01,1,142491,142066,425
12952161,7.14245,7.20415,425,267612,0.0133408,0.01,1,142498,142073,425
12955081,6.22849,6.24083,425,267612,0.0106682,0.03,1,142504,142079,425
12958001,8.4457,7.64817,426,267612,0.0261336,0.03,1,142513,142087,426
12960921,8.88914,7.92963,427,267612,0.0292267,0.01,1,142522,142095,427
12962981,10.5778,7.98593,430,267612,0.0138453,0.01,1,142533,142103,430
12965061,10.1156,11.1972,428,267612,0.00276907,0.04,1,142543,142115,428
12967981,9.22311,11.0394,426,267612,0.000553814,0.01,1,142552,142126,426
12970901,8.24462,8.60789,426,267612,0.0401108,0.06,1,142560,142134,426
12973821,7.24892,8.12158,425,267612,0.0560222,0.03,1,142567,142142,425
12975461,7.84978,8.02432,425,268709,0.0432044,0.04,1,142575,142150,425
12977541,7.96996,8.00486,425,268709,0.0326409,0.03,1,142583,142158,425
12979201,7.19399,6.40097,426,268709,0.0145282,0.01,1,142590,142164,426
12982121,18.2388,18.8802,425,268709,0.0429056,0.01,1,142611,142186,425
12985041,10.8478,10.176,426,268709,0.0405811,0.01,1,142620,142194,426
12987941,13.3696,8.43521,432,268709,0.0161162,0.03,1,142634,142202,432
12990861,9.87391,13.687,426,268709,0.0112232,0.03,1,142643,142217,426
12993141,9.17478,9.13741,427,268709,0.0102446,0,1,142652,142225,427
12996061,8.23496,9.02748,426,268709,0.0100489,0.03,1,142660,142234,426
12998341,14.447,8.2055,434,268709,0.0100098,0.02,1,142676,142242,434
13001261,9.2894,13.6411,427,268709,0.00200196,0.04,1,142684,142257,427
13004181,8.25788,9.12822,427,268709,0.0244004,0.06,1,142692,142265,427
13006661,6.45158,8.22564,425,268709,0.0368801,0.04,1,142698,142273,425
13009581,6.89032,7.24513,425,268709,0.015376,0.06,1,142705,142280,425
13012501,7.77806,7.84903,425,268709,0.0110752,0.03,1,142713,142288,425
13014561,7.95561,7.96981,425,268709,0.010215,0.02,1,142721,142296,425
13017481,7.19112,6.39396,426,268709,0.00204301,0.02,1,142728,142302,426
13019761,7.83822,7.67879,426,268709,0.0084086,0.04,1,142736,142310,426
13021841,7.16764,6.33576,427,268709,0.00968172,0.02,1,142743,142316,427
13024761,7.83353,8.46715,426,268709,0.00193634,0.02,1,142751,142325,426
13027681,7.16671,8.09343,425,268709,0.00838727,0.03,1,142758,142333,425
13029541,7.83334,8.01869,425,268709,0.0416775,0.05,1,142766,142341,425
13031621,11.1667,8.00374,429,268709,0.0403355,0.02,1,142778,142349,429
13034541,8.63333,9.60075,427,268709,0.0560671,0.02,1,142786,142359,427
13037461,8.12667,8.32015,427,268709,0.0432134,0.06,1,142794,142367,427
13040381,8.02533,8.06403,427,268709,0.0486427,0.05,1,142802,142375,427
13042641,6.40507,8.01281,425,268709,0.0657285,0.06,1,142808,142383,425
13045561,7.68101,6.40256,427,268709,0.0451457,0.01,1,142816,142389,427
13047841,6.3362,7.68051,425,268709,0.0330291,0.05,1,142822,142397,425
13050761,6.86724,6.3361,426,268709,0.0306058,0.05,1,142829,142403,426
13053041,10.1734,7.66722,429,268709,0.0141212,0.08,1,142840,142411,429
13055961,9.23469,10.3334,427,268709,0.0268242,0.07,1,142849,142422,427
13058881,8.24694,8.46669,427,268709,0.0373648,0.06,1,142857,142430,427
13061801,8.84939,8.09334,428,268709,0.023473,0.06,1,142866,142438,428
13064481,8.16988,8.01867,428,268709,0.0206946,0.07,1,142874,142446,428
13066561,7.23398,7.20373,428,268709,0.0361389,0.06,1,142881,142453,428
13069481,8.6468,8.64075,428,268709,0.0232278,0.06,1,142890,142462,428
13071761,8.12936,8.12815,428,268709,0.0286456,0.05,1,142898,142470,428
13074681,9.62587,12.0256,425,268709,0.0137291,0.04,1,142908,142483,425
13077601,8.32517,8.80513,425,268709,0.0107458,0.03,1,142916,142491,425
13080521,8.06503,8.16103,425,268709,0.0101492,0.02,1,142924,142499,425
13083441,8.81301,8.03221,426,268709,0.0260298,0.04,1,142933,142507,426
13086361,8.1626,8.00644,426,268709,0.037206,0.06,1,142941,142515,426
13089281,8.03252,8.00129,426,268709,0.0314412,0.01,1,142949,142523,426
13091521,7.2065,8.00026,425,268709,0.0142882,0.01,1,142956,142531,425
13093601,10.2413,10.4001,425,268709,0.0268576,0.02,1,142967,142542,425
13095681,6.84826,6.88001,425,268709,0.0293715,0.03,1,142973,142548,425
13098601,7.76965,6.176,427,268709,0.00587431,0.1,1,142981,142554,427
13101521,6.35393,7.6352,425,268834,0.00917486,0.08,1,142987,142562,425
13103381,5.27079,7.92704,422,268834,0.033835,0.04,1,142992,142570,422
13105461,6.65416,5.58541,424,268834,0.014767,0.06,1,142999,142575,424
13107541,9.33083,5.91708,428,268834,0.0109534,0.01,1,143009,142581,428
13109621,12.2662,9.18342,431,268834,0.0101907,0,1,143022,142591,431
13111701,20.0532,11.4367,441,268834,0.00203814,0.02,1,143044,142603,441
13114621,11.2106,21.4873,426,268834,0.0164076,0.01,1,143053,142627,426
13116901,10.2421,10.6975,428,268834,0.00328153,0,1,143063,142635,428
13118561,7.64843,10.9395,424,268834,0.00865631,0.03,1,143070,142646,424
13121481,8.72969,7.7879,426,268834,0.00173126,0.01,1,143079,142653,426
13124401,7.34594,7.95758,425,268834,0.0243463,0.05,1,143086,142661,425
13126881,7.86919,7.99152,425,268834,0.0128693,0.06,1,143094,142669,425
13129801,15.1738,15.1983,425,268834,0.0105739,0.05,1,143111,142686,425
13132721,9.43477,9.43966,425,268834,0.00211477,0.03,1,143119,142694,425
13135641,8.28695,8.28793,425,268834,0.000422954,0.02,1,143127,142702,425
13138561,8.05739,8.05759,425,268834,8.45908e-05,0.04,1,143135,142710,425
13141481,8.01148,8.01152,425,268834,1.69182e-05,0.04,1,143143,142718,425
13144401,8.8023,8.0023,426,268834,0.0320034,0.03,1,143152,142726,426
13147321,7.36046,8.00046,425,268834,0.0224007,0.03,1,143159,142734,425
13150241,7.87209,8.00009,425,268834,0.0364801,0.01,1,143167,142742,425
13152881,7.97442,8.00002,425,268834,0.031296,0.01,1,143175,142750,425
13155801,11.1949,9.6,427,268834,0.0302592,0.03,1,143187,142760,427
13158081,7.83898,8.32,426,268834,0.0140518,0.06,1,143194,142768,426
13160161,6.3678,6.464,426,268834,0.0108104,0.06,1,143200,142774,426
13162241,10.8736,10.8928,426,268834,0.0421621,0.05,1,143212,142786,426
13165161,9.37471,6.97856,429,268834,0.0244324,0.08,1,143221,142792,429
13166821,5.87494,7.79571,426,268834,0.00488648,0.08,1,143226,142800,426
13169741,6.77499,7.15914,426,268834,0.0249773,0.06,1,143233,142807,426
13172661,8.555,7.83183,427,268834,0.0129955,0.04,1,143242,142815,427
13175581,7.311,7.96637,426,268834,0.00259909,0.07,1,143249,142823,426
13178501,7.0622,7.99327,425,268834,0.00851982,0.03,1,143256,142831,425
13181421,9.41244,7.99865,427,268834,0.041704,0,1,143266,142839,427
13184081,7.48249,7.99973,426,268834,0.00834079,0.07,1,143273,142847,426
13186161,7.8965,7.19995,427,268834,0.00166816,0.06,1,143281,142854,427
13189081,7.1793,7.83999,426,268834,0.000333632,0.05,1,143288,142862,426
13190741,7.03586,7.968,425,268834,0.0320667,0.03,1,143295,142870,425
13193661,7.80717,7.1936,426,268834,0.0144133,0.06,1,143303,142877,426
13196581,7.96143,7.83872,426,268834,0.00288267,0.06,1,143311,142885,426
13199061,8.79229,7.96774,427,268834,0.00857653,0.03,1,143320,142893,427
13201141,8.95846,8.79355,427,268834,0.00171531,0.03,1,143329,142902,427
13204061,8.19169,9.75871,425,268834,0.000343061,0.05,1,143337,142912,425
13206341,11.2383,8.35174,429,268834,0.0160686,0.04,1,143349,142920,429
13209261,8.64767,11.2703,425,268834,0.00321372,0.05,1,143357,142932,425
13212181,8.92953,8.65407,426,268834,0.000642744,0.05,1,143366,142940,426
13215101,8.18591,8.13081,426,268834,0.000128549,0.05,1,143374,142948,426
13218021,8.03718,8.02616,426,268834,2.57098e-05,0.06,1,143382,142956,426
13220941,8.00744,8.00523,426,268834,5.14195e-06,0.06,1,143390,142964,426
13223861,7.20149,8.00105,425,268834,0.048001,0.01,1,143397,142972,425
13226721,7.8403,8.00021,425,268834,0.0336002,0.03,1,143405,142980,425
13229641,8.76806,8.00004,426,268834,0.00672004,0.02,1,143414,142988,426
13232561,8.15361,8.00001,426,268834,0.00134401,0.02,1,143422,142996,426
13235481,8.03072,8,426,268834,0.0082688,0.04,1,143430,143004,426
13237541,5.60614,8,423,268834,0.0336538,0.04,1,143435,143012,423
13239621,13.1212,6.4,432,268834,0.00673075,0.01,1,143450,143018,432
13241701,22.6242,12.48,443,268834,0.0253462,0.04,1,143475,143032,443
13243781,10.9248,22.496,426,268834,0.00506923,0.06,1,143483,143057,426
13245441,7.78497,10.8992,425,268834,0.00901385,0.02,1,143490,143065,425
13248361,11.157,10.9798,426,268834,0.00980277,0,1,143502,143076,426
13251061,10.2314,8.59597,428,268834,0.00196055,0.02,1,143512,143084,428
13253981,9.24628,9.71919,427,268834,0.000392111,0.05,1,143521,143094,427
13256901,7.44926,8.34384,426,268834,0.00807842,0.03,1,143528,143102,426
13259381,10.2899,8.06877,429,268834,0.00161568,0.02,1,143539,143110,429
13261461,8.45797,10.4138,426,268834,0.000323137,0.06,1,143547,143121,426
13264381,8.89159,8.48275,427,268834,0.00806463,0.01,1,143556,143129,427
13267301,8.17832,8.09655,427,268834,0.0336129,0.06,1,143564,143137,427
13269361,7.23566,8.01931,426,268834,0.00672258,0.06,1,143571,143145,426
13272281,7.84713,6.40386,428,268834,0.0173445,0.05,1,143579,143151,428
13275201,7.16943,7.68077,427,268834,0.0114689,0.06,1,143586,143159,427
13277681,7.83389,7.93615,427,268834,0.0262938,0.05,1,143594,143167,427
13280601,7.16678,7.18723,427,268834,0.0132588,0.05,1,143601,143174,427
13282261,8.63336,7.83745,428,268834,0.0106518,0.03,1,143610,143182,428
13285181,9.72667,10.3675,427,268834,0.0101304,0,1,143620,143193,427
13288101,7.54533,8.4735,426,268834,0.00202607,0.06,1,143627,143201,426
13291021,7.90907,8.0947,426,268834,0.00840521,0.05,1,143635,143209,426
13293281,7.18181,8.01894,425,268834,0.00168104,0.01,1,143642,143217,425
13296201,16.6364,16.0038,426,268834,0.000336209,0.01,1,143661,143235,426
13299121,9.72727,9.60076,426,268834,0.00806724,0.04,1,143669,143243,426
13302041,9.14545,8.32015,427,268834,0.00161345,0.04,1,143678,143251,427
13304961,7.42909,8.06403,426,268834,0.0163227,0.06,1,143685,143259,426
13307881,7.88582,8.01281,426,268834,0.0352645,0.04,1,143693,143267,426
13310801,7.97716,8.00256,426,268834,0.0390529,0.04,1,143701,143275,426
13313721,7.19543,8.00051,425,268834,0.0238106,0.03,1,143708,143283,425
13316581,7.83909,8.0001,425,268834,0.00476212,0.01,1,143716,143291,425
13319501,7.96782,8.00002,425,268834,0.000952423,0.02,1,143724,143299,425
13322421,7.99356,8,425,268834,0.000190485,0.03,1,143732,143307,425
13325341,7.99871,8,425,268834,3.80969e-05,0.03,1,143740,143315,425
13327601,7.99974,8,425,268834,0.0160076,0.01,1,143748,143323,425
13329681,7.19995,6.4,426,268834,0.0112015,0,1,143755,143329,426
13331761,7.03999,7.68,425,268834,0.0262403,0.03,1,143762,143337,425
13334681,11.008,10.336,426,268834,0.0452481,0.01,1,143774,143348,426
13336341,9.4016,8.4672,427,268834,0.0410496,0.04,1,143783,143356,427
13339261,7.48032,8.09344,426,268834,0.0402099,0.05,1,143790,143364,426
13342181,8.69606,8.01869,427,268834,0.024042,0.02,1,143799,143372,427
13345101,8.13921,8.00374,427,268834,0.0208084,0.04,1,143807,143380,427
13346741,5.62784,8.00075,424,268834,0.0121617,0.04,1,143812,143388,424
13348401,5.92557,6.40015,424,268834,0.00243234,0.03,1,143818,143394,424
13351321,9.98511,9.28003,425,268834,0.0244865,0.01,1,143829,143404,425
13354241,8.39702,8.25601,425,268834,0.0208973,0.01,1,143837,143412,425
13357161,8.8794,8.0512,426,268834,0.0121795,0,1,143846,143420,426
13360081,7.37588,8.01024,425,268834,0.0104359,0.01,1,143853,143428,425
13363001,8.67518,8.00205,426,268834,0.0180872,0,1,143862,143436,426
13365921,7.33504,8.00041,425,268834,0.0516174,0.02,1,143869,143444,425
13368161,7.86701,8.00008,425,268834,0.0183235,0,1,143877,143452,425
13370241,8.7734,8.00002,426,268834,0.0116647,0.01,1,143886,143460,426
13373161,20.1547,20.8,425,268834,0.00233294,0,1,143909,143484,425
13376081,10.4309,10.56,425,268834,0.000466588,0.01,1,143917,143492,425
13377941,9.28619,8.512,426,268834,0.00809332,0.02,1,143926,143500,426
13380021,9.05724,8.9024,426,268834,0.00961866,0.01,1,143935,143509,426
13381681,7.41145,8.98048,424,268834,0.0259237,0.04,1,143942,143518,424
13384601,8.68229,7.3961,426,268834,0.0131847,0,1,143951,143525,426
13387521,8.13646,7.87922,426,268834,0.0106369,0.04,1,143959,143533,426
13389381,4.82729,7.97584,422,268834,0.00212739,0,1,143963,143541,422
13391461,9.76546,5.59517,428,268227,0.000425478,0.02,1,143974,143546,428
13393541,9.95309,9.11903,428,268227,8.50956e-05,0.04,1,143984,143556,428
13395201,7.59062,10.6238,424,268227,0.00801702,0.01,1,143991,143567,424
13398121,6.31812,6.12476,425,268227,0.0096034,0.01,1,143997,143572,425
13400401,8.46362,7.62495,426,268227,0.00192068,0.03,1,144006,143580,426
13403321,5.69272,6.32499,425,268227,0.00838414,0.04,1,144011,143586,425
13406241,7.53855,7.665,425,268227,0.00167683,0.03,1,144019,143594,425
13408721,7.90771,7.933,425,268227,0.0243354,0.03,1,144027,143602,425
13411641,7.18154,7.1866,425,268227,0.00486707,0.03,1,144034,143609,425
13414341,7.03631,7.83732,424,268227,0.00897342,0.02,1,144041,143617,424
13416001,7.00726,7.16746,424,268227,0.00179468,0.03,1,144048,143624,424
13418921,11.0015,9.43349,426,268227,0.00835894,0,1,144060,143634,426
13420581,5.40029,8.2867,422,268227,0.0176718,0,1,144064,143642,422
13423501,8.28006,5.65734,426,267619,0.0195344,0.03,1,144073,143647,426
13425781,16.056,7.53147,436,267619,0.0199069,0.01,1,144091,143655,436
13427861,9.6112,15.9063,426,267619,0.0279814,0.04,1,144099,143673,426
13429521,7.52224,9.58126,425,267619,0.00559627,0,1,144106,143681,425
13432441,6.30445,5.91625,426,267619,0.00911925,0.03,1,144112,143686,426
13435361,7.66089,7.58325,426,267619,0.0418238,0.01,1,144120,143694,426
13438281,7.13218,7.91665,425,267619,0.00836477,0.03,1,144127,143702,425
13440961,7.82644,7.98333,425,267619,0.025673,0.01,1,144135,143710,425
13443881,11.9653,11.9967,425,267619,0.0131346,0,1,144148,143723,425
13446801,8.79306,8.79933,425,267619,0.0426269,0.01,1,144156,143731,425
13449721,8.15861,8.15987,425,267619,0.0325254,0.03,1,144164,143739,425
13452641,8.83172,8.03197,426,267619,0.00650508,0.01,1,144173,143747,426
13455561,8.96634,8.00639,427,267619,0.017301,0.03,1,144182,143755,427
13458481,8.19327,8.00128,427,267619,0.0274602,0.04,1,144190,143763,427
13461401,8.83865,8.00026,428,267619,0.013492,0.04,1,144199,143771,428
13464261,8.16773,8.00005,428,267619,0.0106984,0.04,1,144207,143779,428
13466961,8.03355,10.4,425,267619,0.0101397,0.05,1,144215,143790,425
13469881,7.20671,7.68,425,267619,0.0100279,0.04,1,144222,143797,425
13472801,8.64134,7.936,426,267619,0.00200559,0.01,1,144231,143805,426
13475721,8.12827,7.9872,426,267619,0.0244011,0.04,1,144239,143813,426
13478641,8.02565,7.99744,426,267619,0.0128802,0.03,1,144247,143821,426
13480901,14.4051,7.99949,434,267619,0.018576,0.01,1,144263,143829,434
13483821,8.48103,14.3999,425,267619,0.0277152,0.01,1,144270,143845,425
13486741,8.89621,9.27998,426,267619,0.013543,0.03,1,144279,143853,426
13489221,8.97924,8.256,427,267619,0.0107086,0.03,1,144288,143861,427
13492141,8.19585,9.6512,425,267619,0.0261417,0.01,1,144296,143871,425
13495061,8.83917,8.33024,426,267619,0.0532283,0.01,1,144305,143879,426
13497981,7.36783,8.06605,425,267619,0.0266457,0.01,1,144312,143887,425
13500901,7.87357,8.01321,425,267619,0.0293291,0.03,1,144320,143895,425
13502741,13.5747,8.00264,432,267619,0.0138658,0.02,1,144335,143903,432
13504821,7.51494,13.6005,423,267619,0.0107732,0.03,1,144341,143918,423
13506481,7.10299,7.52011,424,267619,0.0101546,0,1,144348,143924,424
13508561,8.6206,7.90402,425,267619,0.0260309,0.04,1,144357,143932,425
13510641,8.92412,7.9808,426,267619,0.0372062,0,1,144366,143940,426
13512721,8.18482,8.79616,425,267619,0.0314412,0.02,1,144374,143949,425
13515641,8.03696,8.15923,425,267619,0.0302882,0,1,144382,143957,425
13517921,8.00739,8.03185,425,267619,0.0220577,0,1,144390,143965,425
13520841,9.60148,8.80637,426,267619,0.00441153,0.01,1,144400,143974,426
13523541,11.5203,8.16127,430,267619,0.000882306,0.01,1,144412,143982,430
13525621,11.9041,12.0323,429,267619,0.00817646,0.02,1,144424,143995,429
13528541,9.58081,11.2065,427,267619,0.00963529,0.04,1,144433,144006,427
13531441,7.51616,8.64129,426,267619,0.0179271,0.05,1,144440,144014,426
13534361,9.50323,10.5283,425,267619,0.0115854,0.01,1,144450,144025,425
13536641,8.30065,8.50565,425,267619,0.0183171,0.01,1,144458,144033,425
13539561,8.06013,8.10113,425,267619,0.0116634,0.02,1,144466,144041,425
13542481,8.01203,8.02023,425,267619,0.0263327,0.03,1,144474,144049,425
13545401,8.80241,8.00405,426,267619,0.0292665,0.04,1,144483,144057,426
13548321,7.36048,8.00081,425,267619,0.0378533,0.02,1,144490,144065,425
13551201,8.6721,8.00016,426,267619,0.0555707,0.04,1,144499,144073,426
13554121,8.93442,9.60003,425,267619,0.0111141,0.02,1,144508,144083,425
13555781,11.3869,8.32001,429,267619,0.0102228,0.02,1,144520,144091,429
13557861,8.67738,11.264,425,267619,0.0100446,0.03,1,144528,144103,425
13559941,10.5355,7.0528,430,267619,0.0100089,0.02,1,144539,144109,430
13562641,9.3071,11.0106,427,267619,0.00200178,0.05,1,144548,144121,427
13565561,6.66142,7.80211,426,267619,0.0484004,0.04,1,144554,144128,426
13568481,7.73228,7.96042,426,267619,0.0336801,0.03,1,144562,144136,426
13571401,8.74646,7.99208,427,267619,0.030736,0.01,1,144571,144144,427
13573461,10.5493,7.99842,430,267619,0.0301472,0.04,1,144582,144152,430
13576381,7.70986,10.3997,426,267619,0.0300294,0.03,1,144589,144163,426
13578661,7.14197,8.47994,425,267619,0.0140059,0.05,1,144596,144171,425
13581581,7.02839,6.49599,426,267619,0.0188012,0.05,1,144603,144177,426
13583441,6.20568,7.6992,424,267619,0.0117602,0.05,1,144609,144185,424
13586361,7.64114,5.53984,427,267619,0.00235205,0.01,1,144617,144190,427
13588641,7.12823,7.50797,426,267619,0.0244704,0.02,1,144624,144198,426
13591561,7.82565,7.90159,426,267619,0.0128941,0.02,1,144632,144206,426
13593221,11.1651,7.98032,430,267619,0.0265788,0.05,1,144644,144214,430
13596141,8.63303,10.3961,427,267619,0.0133158,0.05,1,144652,144225,427
13599061,7.3266,8.47921,426,267619,0.0426632,0.03,1,144659,144233,426
13601981,7.86532,8.09584,426,267619,0.0325326,0.04,1,144667,144241,426
13604901,8.77306,8.01917,427,267619,0.0225065,0.04,1,144676,144249,427
13607821,7.35461,8.00383,426,267619,0.0285013,0.06,1,144683,144257,426
13609441,7.07092,8.00077,425,267619,0.0137003,0.06,1,144690,144265,425
13612361,7.81418,8.00015,425,267619,0.0187401,0.01,1,144698,144273,425
13615281,8.76284,8.00003,426,267619,0.027748,0.01,1,144707,144281,426
13617761,8.15257,8.00001,426,267619,0.0295496,0.05,1,144715,144289,426
13620681,10.4305,10.4,426,267619,0.0139099,0.07,1,144726,144300,426
13623601,7.6861,8.48,425,267619,0.010782,0.02,1,144733,144308,425
13626521,8.73722,8.096,426,267619,0.0101564,0.01,1,144742,144316,426
13628161,7.34744,8.0192,425,267619,0.0260313,0.03,1,144749,144324,425
13631081,7.86949,6.40384,427,267619,0.0212063,0.04,1,144757,144330,427
13632741,6.3739,7.68077,425,267619,0.00424125,0.06,1,144763,144338,425
13634821,12.4748,7.13615,432,267619,0.00884825,0.05,1,144777,144345,432
13637741,8.89496,12.6272,426,267619,0.0337697,0.05,1,144785,144359,426
13640661,8.17899,8.92545,426,267619,0.00675393,0.04,1,144793,144367,426
13643141,7.2358,8.18509,425,267619,0.0413508,0.03,1,144800,144375,425
13645221,7.84716,7.23702,426,267619,0.0162702,0,1,144808,144382,426
13647301,11.9694,8.6474,430,267619,0.011254,0.02,1,144821,144391,430
13648961,7.19389,10.5295,425,267619,0.0182508,0.04,1,144827,144402,425
13651041,7.83878,8.5059,425,267619,0.00365016,0.05,1,144835,144410,425
13653961,7.96776,8.10118,425,267619,0.00873003,0.03,1,144843,144418,425
13655621,9.59355,8.02024,427,267619,0.00974601,0.06,1,144853,144426,427
13657701,5.91871,8.80405,423,267619,0.0259492,0.03,1,144858,144435,423
13660621,8.38374,6.56081,426,267619,0.0211898,0.03,1,144867,144441,426
13662481,7.27675,7.71216,425,267619,0.036238,0.04,1,144874,144449,425
13664561,6.25535,5.54243,426,267619,0.0152476,0.03,1,144880,144454,426
13667481,10.8511,9.90849,427,267619,0.0110495,0.03,1,144892,144465,427
13669761,7.77021,8.3817,426,267619,0.0262099,0.08,1,144899,144473,426
13672681,6.35404,6.47634,426,267619,0.013242,0.04,1,144905,144479,426
13675601,7.67081,7.69527,426,267619,0.0106484,0.04,1,144913,144487,426
13677461,12.7342,7.93905,432,267619,0.0101297,0.02,1,144927,144495,432
13680381,7.34683,11.1878,426,267619,0.0180259,0.05,1,144933,144507,426
13683301,7.86937,8.63756,426,267619,0.0116052,0.06,1,144941,144515,426
13685781,7.17387,8.12751,425,267619,0.026321,0.05,1,144948,144523,425
13687861,14.2348,7.2255,434,267619,0.0292642,0,1,144964,144530,434
13690781,8.44695,14.2451,425,267619,0.0298528,0.06,1,144971,144546,425
13693681,8.88939,9.24902,426,267619,0.0139706,0.03,1,144980,144554,426
13695761,7.37788,8.2498,425,267619,0.0107941,0.05,1,144987,144562,425
13698681,7.87558,8.04996,425,267619,0.0101588,0.05,1,144995,144570,425
13701601,7.97512,8.00999,425,267619,0.0100318,0.01,1,145003,144578,425
13703461,9.59502,8.002,427,267619,0.00200635,0.04,1,145013,144586,427
13706381,7.519,8.8004,425,267619,0.0484013,0.05,1,145020,144595,425
13709301,7.9038,8.16008,425,267619,0.0416803,0.01,1,145028,144603,425
13712221,7.98076,8.03202,425,267619,0.024336,0.03,1,145036,144611,425
13714481,8.79615,8.0064,426,267619,0.0288672,0.03,1,145045,144619,426
13717401,9.75923,9.60128,426,267619,0.0297734,0,1,145055,144629,426
13720321,7.55185,8.32026,425,267619,0.0139547,0.02,1,145062,144637,425
13723221,11.9104,8.06405,430,267619,0.0347909,0.07,1,145075,144645,430
13726141,8.78207,12.0128,425,267619,0.0229582,0.03,1,145083,144658,425
13729061,8.95641,8.80256,426,267619,0.00459164,0.05,1,145092,144666,426
13731541,7.39128,8.16051,425,267619,0.00891833,0.05,1,145099,144674,425
13734461,8.67826,7.2321,427,267619,0.00978367,0.03,1,145108,144681,427
13737381,8.13565,7.84642,427,267619,0.0259567,0.03,1,145116,144689,427
13740301,7.22713,7.96928,426,267619,0.0131913,0.03,1,145123,144697,426
13742561,8.64543,7.99386,427,267619,0.0106383,0.04,1,145132,144705,427
13745481,9.72909,10.3988,426,267619,0.0181277,0.05,1,145142,144716,426
13748401,9.14582,8.47975,427,267619,0.0116255,0.03,1,145151,144724,427
13750881,6.62916,8.09595,425,267619,0.0183251,0.01,1,145157,144732,425
13753801,10.1258,9.61919,426,267619,0.019665,0.04,1,145168,144742,426
13755461,8.42517,8.32384,426,267619,0.027933,0.05,1,145176,144750,426
13758381,7.28503,8.06477,425,267619,0.0135866,0.03,1,145183,144758,425
13761301,7.85701,8.01295,425,267619,0.0267173,0.01,1,145191,144766,425
13763361,8.7714,8.00259,426,267619,0.0373435,0.04,1,145200,144774,426
13765441,10.5543,9.60052,427,267619,0.0154687,0,1,145211,144784,427
13768361,7.71086,9.1201,425,267619,0.00309374,0.04,1,145218,144793,425
13770021,9.54217,8.22402,427,267619,0.000618748,0.01,1,145228,144801,427
13772941,7.50843,8.8448,425,267619,0.00812375,0.05,1,145235,144810,425
13775841,7.90169,8.16896,425,267619,0.00962475,0,1,145243,144818,425
13778761,12.7803,12.8338,425,267619,0.00192495,0.01,1,145257,144832,425
13781461,11.3561,8.96676,428,267619,0.00038499,0.05,1,145268,144840,428
13784161,8.67121,9.79335,426,267619,0.008077,0.04,1,145276,144850,426
13786241,7.33424,7.55867,426,267619,0.0096154,0.04,1,145283,144857,426
13789161,11.8668,12.7117,425,267619,0.0419231,0.03,1,145296,144871,425
13792081,9.57337,8.94235,426,267619,0.0403846,0.03,1,145305,144879,426
13795001,7.51467,8.18847,425,267619,0.0160769,0.06,1,145312,144887,425
13797061,6.30293,8.03769,423,267619,0.00321538,0.02,1,145318,144895,423
13799141,6.86059,6.40754,424,267619,0.00864308,0.03,1,145325,144901,424
13800801,6.97212,6.08151,425,267619,0.00172862,0.05,1,145332,144907,425
13803721,8.59442,6.8163,427,267619,0.00834572,0.02,1,145341,144914,427
13806001,7.31888,7.76326,426,267619,0.0416691,0.03,1,145348,144922,426
13808921,12.6638,11.9527,427,267619,0.0243338,0.03,1,145362,144935,427
13811841,8.93276,8.79053,427,267619,0.0128668,0.06,1,145370,144943,427
13814321,7.38655,8.15811,426,267619,0.0105734,0.07,1,145377,144951,426
13816401,7.07731,7.23162,426,267619,0.00211467,0.03,1,145384,144958,426
13819321,12.6155,13.4463,425,267619,0.0404229,0,1,145398,144973,425
13822241,9.72309,9.08926,426,267619,0.0320846,0.03,1,145407,144981,426
13825161,8.34462,8.21785,426,267619,0.0384169,0.02,1,145415,144989,426
13826801,6.46892,8.04357,424,267619,0.0316834,0.04,1,145421,144997,424
13829721,10.0938,7.20871,428,267619,0.0303367,0,1,145432,145004,428
13832641,7.61876,7.84174,427,267619,0.0140673,0.06,1,145439,145012,427
13835541,7.92375,7.96835,427,267619,0.0108135,0.06,1,145447,145020,427
13838461,8.78475,9.59367,426,267619,0.00216269,0.05,1,145456,145030,426
13841381,7.35695,8.31873,425,267619,0.000432539,0.03,1,145463,145038,425
13843861,7.07139,8.06375,424,267619,0.0320865,0.05,1,145470,145046,424
13846781,7.81428,7.21275,425,267619,0.0384173,0.01,1,145478,145053,425
13849061,7.96286,7.84255,425,267619,0.0476835,0.03,1,145486,145061,425
13850721,7.19257,6.36851,426,267619,0.0255367,0.05,1,145493,145067,426
13853641,15.0385,15.6737,425,267619,0.0531073,0.04,1,145510,145085,425
13856561,9.4077,9.53474,425,267619,0.0346215,0.01,1,145518,145093,425
13859481,9.08154,8.30695,426,267619,0.0149243,0.03,1,145527,145101,426
13862161,8.21631,8.06139,426,267619,0.0269849,0.03,1,145535,145109,426
13865081,12.0433,11.2123,427,267619,0.021397,0.03,1,145548,145121,427
13868001,8.80865,8.64246,427,267619,0.0202794,0.03,1,145556,145129,427
13870921,7.36173,8.12849,426,267619,0.0440559,0.04,1,145563,145137,426
13873601,7.07235,8.0257,425,267619,0.00881117,0.03,1,145570,145145,425
13875681,7.81447,7.20514,426,267619,0.0177622,0.04,1,145578,145152,426
13878601,7.96289,7.84103,426,267619,0.0195524,0.06,1,145586,145160,426
13881521,7.19258,7.96821,425,267619,0.0119105,0.05,1,145593,145168,425
13884441,8.63852,7.99364,426,267619,0.0263821,0.04,1,145602,145176,426
13887361,8.9277,7.99873,427,267619,0.0292764,0.04,1,145611,145184,427
13890281,7.38554,7.99975,426,267619,0.0218553,0.06,1,145618,145192,426
13892321,7.07711,7.99995,425,267619,0.0363711,0.02,1,145625,145200,425
13895241,9.41542,8.79999,426,267619,0.0152742,0,1,145635,145209,426
13897941,10.6831,8.16,429,267619,0.00305484,0.03,1,145646,145217,429
13900021,11.7366,11.232,429,267619,0.000610968,0.05,1,145658,145229,429
13902941,8.74732,11.0464,426,267619,0.00812219,0.06,1,145666,145240,426
13905221,6.54946,8.60928,424,267619,0.0576244,0.06,1,145672,145248,424
13906881,6.90989,6.52186,425,267619,0.0515249,0.03,1,145679,145254,425
13908961,10.182,10.1044,425,267619,0.018305,0,1,145690,145265,425
13911881,7.6364,6.82087,426,267619,0.019661,0.02,1,145697,145271,426
13914801,9.52728,7.76417,428,267619,0.0199322,0.01,1,145707,145279,428
13916661,5.90546,7.95283,425,267619,0.0439864,0.09,1,145712,145287,425
13918741,10.7811,7.19057,430,267619,0.0167973,0.03,1,145724,145294,430
13920821,7.75622,11.0381,425,267619,0.0273595,0.04,1,145731,145306,425
13922481,6.35124,7.00762,425,267619,0.0534719,0.05,1,145737,145312,425
13925401,10.8702,10.2015,426,267619,0.0426944,0,1,145749,145323,426
13928321,9.37405,8.4403,427,267619,0.0165389,0.05,1,145758,145331,427
13931241,8.27481,8.08806,427,267619,0.0113078,0.06,1,145766,145339,427
13933921,7.25496,8.01761,426,267619,0.00226155,0.05,1,145773,145347,426
13936841,8.65099,8.80352,426,267619,0.00845231,0.02,1,145782,145356,426
13938501,8.9302,8.1607,427,267619,0.00969046,0.04,1,145791,145364,427
13940581,11.386,9.63214,429,267619,0.0179381,0.03,1,145803,145374,429
13943501,8.67721,11.5264,425,267619,0.00358762,0.05,1,145811,145386,425
13946421,8.93544,8.70529,426,267619,0.000717524,0.04,1,145820,145394,426
13949341,7.38709,8.14106,425,267619,0.0401435,0.05,1,145827,145402,425
13952261,9.47742,8.02821,427,267619,0.0160287,0.04,1,145837,145410,427
13955181,7.49548,8.00564,426,267619,0.0192057,0.05,1,145844,145418,426
13957841,7.0991,8.00113,425,267619,0.0198411,0.03,1,145851,145426,425
13960761,18.2198,17.6002,426,269043,0.0359682,0.03,1,145872,145446,426
13963681,10.844,9.92005,427,269043,0.0151936,0.02,1,145881,145454,427
13966601,9.36879,8.38401,428,269043,0.0190387,0.04,1,145890,145462,428
13969521,7.47376,8.0768,427,269043,0.0358077,0.04,1,145897,145470,427
13972441,7.09475,8.01536,426,269043,0.0231615,0.05,1,145904,145478,426
13975361,7.81895,8.00307,426,269043,0.0286323,0.04,1,145912,145486,426
13978281,8.76379,8.00061,427,269043,0.0297265,0.02,1,145921,145494,427
13981201,7.35276,8.00012,426,269043,0.0459453,0.06,1,145928,145502,426
13983221,10.2706,8.00002,429,269043,0.0171891,0.03,1,145939,145510,429
13985301,11.6541,11.2,429,269043,0.0194378,0.03,1,145951,145522,429
13988221,7.93082,10.24,426,269043,0.0118876,0.04,1,145958,145532,426
13991141,7.98616,8.448,426,269043,0.0103775,0.06,1,145966,145540,426
13994061,8.79723,8.0896,427,269043,0.0020755,0.04,1,145975,145548,427
13996741,8.95945,8.01792,428,269043,0.0164151,0.05,1,145984,145556,428
13999661,8.19189,9.60358,426,269043,0.011283,0.06,1,145992,145566,426
14001521,7.23838,8.32072,425,269043,0.0102566,0.03,1,145999,145574,425
14004441,11.8477,10.4641,427,269043,0.00205132,0.02,1,146012,145585,427
14007361,7.96953,8.49283,426,269043,0.00841026,0.04,1,146019,145593,426
14010281,8.79391,8.09857,427,269043,0.00968205,0.02,1,146028,145601,427
14013201,7.35878,8.01971,426,269043,0.0419364,0.03,1,146035,145609,426
14016121,7.87176,8.00394,426,269043,0.0163873,0.04,1,146043,145617,426
14019041,7.97435,8.00079,426,269043,0.00327746,0.04,1,146051,145625,426
14021961,7.19487,8.00016,425,269043,0.0246555,0.02,1,146058,145633,425
14024881,7.83897,8.00003,425,269043,0.0209311,0.02,1,146066,145641,425
14027801,8.76779,8.00001,426,269043,0.0121862,0.02,1,146075,145649,426
14030021,7.35356,8,425,269043,0.0104372,0.03,1,146082,145657,425
14032101,8.67071,6.4,428,269043,0.00208745,0.09,1,146091,145663,428
14035021,8.13414,8.48,427,269043,0.00841749,0.07,1,146099,145672,427
14037301,8.82683,8.096,428,269043,0.0496835,0.03,1,146108,145680,428
14039381,9.76537,9.6192,428,269043,0.0179367,0.02,1,146118,145690,428
14041461,8.35307,10.7238,425,269043,0.0115873,0.04,1,146126,145701,425
14043541,6.47061,6.94477,425,269043,0.0183175,0.04,1,146132,145707,425
14045201,6.89412,7.78895,424,269043,0.00366349,0.01,1,146139,145715,424
14047281,10.1788,8.75779,426,269043,0.0087327,0.05,1,146150,145724,426
14050201,10.0358,9.75156,426,269043,0.00974654,0.03,1,146160,145734,426
14053121,8.40715,8.35031,426,269043,0.00194931,0.03,1,146168,145742,426
14054981,8.08143,8.07006,426,269043,0.00838986,0.04,1,146176,145750,426
14057061,10.4163,8.81401,428,269043,0.00967797,0.02,1,146187,145759,428
14058721,6.88326,9.7628,424,269043,0.00993559,0.03,1,146193,145769,424
14061641,8.57665,8.35256,425,269043,0.0339871,0.03,1,146202,145777,425
14064561,8.11533,8.07051,425,269043,0.0227974,0.03,1,146210,145785,425
14067481,8.82307,8.0141,426,269043,0.0125595,0.04,1,146219,145793,426
14070401,7.36461,8.00282,425,269043,0.0345119,0.05,1,146226,145801,425
14072661,11.0729,8.00056,429,269043,0.0309024,0.04,1,146238,145809,429
14074321,7.01458,10.4001,424,269043,0.00618048,0.05,1,146244,145820,424
14077241,9.40292,7.68002,427,269043,0.00923609,0,1,146254,145827,427
14079521,7.48058,7.936,426,269043,0.0178472,0.02,1,146261,145835,426
14082441,15.8961,14.3872,428,269043,0.0115694,0.01,1,146279,145851,428
14085361,8.77922,9.27744,427,269043,0.0103139,0.05,1,146286,145859,427
14088281,7.35584,8.25549,426,269043,0.0260628,0.04,1,146293,145867,426
14090961,7.07117,8.0511,425,269043,0.0132126,0.03,1,146300,145875,425
14093881,10.2142,9.61022,426,269043,0.0106425,0.03,1,146311,145885,426
14095541,11.6428,8.32204,430,269043,0.0101285,0.01,1,146323,145893,430
14098461,8.72857,11.2644,426,269043,0.0020257,0.06,1,146331,145905,426
14101381,8.94571,8.65288,427,269043,0.0164051,0.07,1,146340,145913,427
14104301,8.18914,8.13058,427,269043,0.043281,0.06,1,146348,145921,427
14106981,7.23783,8.02612,426,269043,0.0326562,0.07,1,146355,145929,426
14109901,6.24757,7.20522,425,269043,0.0465312,0.05,1,146361,145936,425
14112821,7.64951,7.84104,425,269043,0.0493063,0.01,1,146369,145944,425
14115301,10.3299,7.96821,428,269043,0.0338612,0.04,1,146380,145952,428
14118221,9.26598,10.3936,426,269043,0.0387722,0.01,1,146389,145963,426
14121141,8.2532,8.47873,426,269043,0.0157545,0.02,1,146397,145971,426
14123621,7.25064,8.09575,425,269043,0.00315089,0.03,1,146404,145979,425
14125701,11.8501,7.21915,431,269043,0.0246302,0.03,1,146417,145986,431
14128621,8.77003,11.8438,426,269043,0.012926,0.01,1,146425,145999,426
14131541,8.15401,8.76877,426,269043,0.0185852,0.03,1,146433,146007,426
14134461,8.8308,8.15375,427,269043,0.011717,0.03,1,146442,146015,427
14136101,11.3662,8.03075,431,269043,0.0183434,0.03,1,146454,146023,431
14139021,8.67323,12.8061,425,269043,0.0436687,0.03,1,146462,146037,425
14141941,8.13465,8.96123,425,269043,0.0407337,0.05,1,146470,146045,425
14144861,8.02693,8.19225,425,269043,0.0481467,0.05,1,146478,146053,425
14147781,8.80539,8.03845,426,269043,0.0176293,0.03,1,146487,146061,426
14150701,7.36108,8.00769,425,269043,0.0355259,0.06,1,146494,146069,425
14153621,8.67222,8.00154,426,269043,0.0231052,0.02,1,146503,146077,426
14156541,8.93444,8.00031,427,269043,0.020621,0.04,1,146512,146085,427
14159461,8.18689,8.00006,427,269043,0.00412421,0.04,1,146520,146093,427
14162381,8.03738,8.00001,427,269043,0.00882484,0.03,1,146528,146101,427
14165301,7.20748,8,426,269043,0.025765,0.05,1,146535,146109,426
14167301,4.6415,8,422,269043,0.021153,0.06,1,146539,146117,422
14170001,8.1283,5.6,426,269043,0.0042306,0.01,1,146548,146122,426
14172081,6.42566,6.72,425,269043,0.0408461,0.03,1,146554,146129,425
14174161,6.08513,6.144,425,269043,0.00816922,0.02,1,146560,146135,425
14176241,7.61703,7.6288,425,269043,0.0416338,0.03,1,146568,146143,425
14178321,10.3234,10.3258,425,269645,0.0323268,0.03,1,146579,146154,425
14180401,7.66468,6.86515,426,269645,0.0144654,0.06,1,146586,146160,426
14183321,11.1329,11.773,425,269645,0.0348931,0.03,1,146598,146173,425
14185601,8.62659,8.75461,425,269645,0.0309786,0.03,1,146606,146181,425
14187681,10.5253,8.95092,427,269645,0.0141957,0.05,1,146617,146190,427
14189761,9.30506,9.79018,426,269645,0.0188391,0.02,1,146626,146200,426
14192681,13.861,13.958,426,269645,0.00376783,0.01,1,146641,146215,426
14195601,9.1722,9.19161,426,269645,0.0167536,0.03,1,146649,146223,426
14198521,7.43444,8.23832,425,269645,0.0353507,0.03,1,146656,146231,425
14201441,7.88689,8.04766,425,269645,0.0390701,0.05,1,146664,146239,425
14204361,8.77738,8.00953,426,269645,0.015814,0.05,1,146673,146247,426
14207281,7.35548,8.00191,425,269645,0.0271628,0.05,1,146680,146255,425
14208901,11.0711,8.00038,429,269645,0.0294326,0.01,1,146692,146263,429
14210561,7.81422,11.2001,424,269645,0.0298865,0.03,1,146699,146275,424
14212641,9.56284,8.64002,426,269645,0.0139773,0.04,1,146709,146283,426
14215561,8.31257,8.928,425,269645,0.0107955,0.05,1,146717,146292,425
14218481,8.06251,8.1856,425,269645,0.0501591,0.03,1,146725,146300,425
14221401,8.0125,8.03712,425,269645,0.0260318,0.05,1,146733,146308,425
14224081,8.0025,8.00742,425,269645,0.0132064,0.03,1,146741,146316,425
14226161,11.2005,10.4015,426,269645,0.0186413,0.02,1,146753,146327,426
14229081,7.8401,6.8803,427,269645,0.0277283,0.04,1,146760,146333,427
14230741,6.36802,7.77606,425,269645,0.0295457,0.06,1,146766,146341,425
14233661,7.6736,7.15521,426,269645,0.0139091,0.06,1,146774,146348,426
14235941,10.3347,7.83104,429,269645,0.0267818,0.06,1,146785,146356,429
14238861,8.46694,11.1662,425,269645,0.0453564,0.05,1,146793,146368,425
14241781,8.89339,8.63324,426,269645,0.0570713,0.05,1,146802,146376,426
14244701,8.17868,8.12665,426,269645,0.0594143,0.03,1,146810,146384,426
14247381,11.2357,8.02533,430,269645,0.0518828,0.04,1,146822,146392,430
14250301,8.64715,11.2051,426,269645,0.0423766,0.05,1,146830,146404,426
14253221,8.92943,8.64101,427,269645,0.00847531,0.05,1,146839,146412,427
14256141,7.38589,8.1282,426,269645,0.0336951,0.05,1,146846,146420,426
14259061,7.87718,8.02564,426,269645,0.030739,0.02,1,146854,146428,426
14261981,8.77544,8.00513,427,269645,0.0061478,0.03,1,146863,146436,427
14264641,7.35509,8.00103,426,269645,0.0332296,0.05,1,146870,146444,426
14266721,11.071,10.4002,427,269645,0.0146459,0.07,1,146882,146455,427
14269641,10.2142,10.88,426,269645,0.00292918,0.05,1,146892,146466,426
14271301,6.84284,8.57601,424,269645,0.0405858,0.05,1,146898,146474,424
14274221,7.76857,7.3152,425,269645,0.0721172,0.03,1,146906,146481,425
14276501,7.15371,7.86304,424,269645,0.0544234,0.03,1,146913,146489,424
14279421,8.63074,6.37261,427,269645,0.0508847,0.02,1,146922,146495,427
14282341,7.32615,7.67452,426,269645,0.0101769,0.03,1,146929,146503,426
14284401,7.86523,7.9349,426,269645,0.0100354,0,1,146937,146511,426
14287321,8.77305,8.78698,426,269645,0.0100071,0.05,1,146946,146520,426
14289601,8.15461,8.1574,426,269645,0.0100014,0.03,1,146954,146528,426
14292521,13.6309,12.8315,427,269645,0.0100003,0.02,1,146969,146542,427
14295441,9.92618,8.9663,428,269645,0.00200006,0.04,1,146978,146550,428
14298361,8.38524,8.19326,428,269645,0.00840001,0.07,1,146986,146558,428
14301281,5.67705,8.03865,425,269645,0.01768,0.06,1,146991,146566,425
14304201,7.53541,8.00773,425,269645,0.019536,0.01,1,146999,146574,425
14307121,8.70708,8.00155,426,269645,0.0039072,0.04,1,147008,146582,426
14310041,8.14142,8.00031,426,269645,0.00878144,0.04,1,147016,146590,426
14312961,7.22828,8.00006,425,269645,0.00975629,0.04,1,147023,146598,425
14315881,8.64566,8.00001,426,269645,0.00995126,0,1,147032,146606,426
14318101,14.5291,8,434,269645,0.00199025,0.01,1,147048,146614,434
14320801,10.1058,15.2,426,269645,0.016398,0.04,1,147057,146631,426
14322881,13.2212,14.24,426,269645,0.0112796,0.03,1,147071,146645,426
14325801,8.24423,7.648,427,269645,0.00225592,0.03,1,147078,146651,427
14327461,8.04885,7.9296,427,269645,0.000451184,0.06,1,147086,146659,427
14330381,8.80977,8.78592,427,269645,0.00809024,0.04,1,147095,146668,427
14333301,8.16195,8.15718,427,269645,0.00961805,0.05,1,147103,146676,427
14336221,7.23239,8.03144,426,269645,0.00192361,0.05,1,147110,146684,426
14338901,7.04648,8.00629,425,269645,0.0563847,0.03,1,147117,146692,425
14340981,11.8093,7.20126,431,269645,0.0192769,0.02,1,147130,146699,431
14343061,7.96186,11.8403,425,269645,0.0358554,0.03,1,147137,146712,425
14345141,9.59237,7.16805,429,269645,0.0231711,0.04,1,147147,146718,429
14347221,14.7185,10.2336,434,269645,0.0526342,0,1,147163,146729,434
14350141,9.34369,14.0467,427,269645,0.0505268,0.03,1,147171,146744,427
14353061,8.26874,9.20934,427,269645,0.0341054,0.05,1,147179,146752,427
14355981,8.05375,8.24187,427,269645,0.0228211,0.04,1,147187,146760,427
14358901,7.21075,8.04837,426,269645,0.0125642,0.06,1,147194,146768,426
14361821,7.84215,8.00967,426,269645,0.0425128,0.06,1,147202,146776,426
14364481,7.16843,8.00193,425,269645,0.0325026,0.05,1,147209,146784,425
14367401,8.63369,7.20039,427,269645,0.0225005,0,1,147218,146791,427
14369681,8.12674,7.84008,427,269645,0.0365001,0.07,1,147226,146799,427
14372601,5.62535,6.36802,426,269645,0.0313,0.06,1,147231,146805,426
14374881,7.52507,7.6736,426,269645,0.02226,0.04,1,147239,146813,426
14377801,15.105,15.1347,426,269645,0.012452,0.01,1,147256,146830,426
14380721,8.621,9.42694,425,269645,0.0104904,0.04,1,147263,146838,425
14383641,8.1242,8.28539,425,269645,0.0260981,0.03,1,147271,146846,425
14386561,8.82484,8.05708,426,269645,0.0132196,0.01,1,147280,146854,426
14389441,8.16497,8.01142,426,269645,0.0106439,0.04,1,147288,146862,426
14392361,7.23299,8.00228,425,269645,0.0261288,0.02,1,147295,146870,425
14394021,7.8466,8.00046,425,269645,0.0612258,0.01,1,147303,146878,425
14395681,7.96932,8.00009,425,269645,0.0602452,0,1,147311,146886,425
14398601,8.79386,5.60002,429,269645,0.028049,0.05,1,147320,146891,429
14401301,8.95877,7.52,430,269645,0.0296098,0.11,1,147329,146899,430
14403381,12.9918,10.304,433,269645,0.029922,0.03,1,147343,146910,433
14406301,8.19835,13.2608,426,269645,0.0139844,0.05,1,147350,146924,426
14409221,8.03967,9.05216,426,269645,0.00279688,0.03,1,147358,146932,426
14412141,7.20793,8.21043,425,269645,0.0245594,0.04,1,147365,146940,425
14415061,7.84159,8.04209,425,269645,0.0289119,0.03,1,147373,146948,425
14417981,7.96832,8.00842,425,269645,0.0457824,0.03,1,147381,146956,425
14420641,7.99366,8.00168,425,269645,0.0251565,0.02,1,147389,146964,425
14422721,8.79873,8.80034,425,269645,0.0290313,0.02,1,147398,146973,425
14425641,8.95975,8.96007,425,269645,0.0218063,0.03,1,147407,146982,425
14427301,7.39195,8.19201,424,269645,0.0363613,0.02,1,147414,146990,424
14430221,7.07839,5.6384,426,269645,0.0152723,0.03,1,147421,146995,426
14433141,7.81568,7.52768,426,269645,0.0110545,0.04,1,147429,147003,426
14436061,7.96314,7.90554,426,269645,0.00221089,0.03,1,147437,147011,426
14438981,7.19263,7.98111,425,269645,0.00844218,0.04,1,147444,147019,425
14441861,8.63853,7.99622,426,269645,0.0176884,0.03,1,147453,147027,426
14444781,7.3277,7.99924,425,269645,0.0275377,0.03,1,147460,147035,425
14446641,7.86554,7.99985,425,269645,0.0455075,0,1,147468,147043,425
14448721,6.37311,5.59997,426,269645,0.0171015,0.01,1,147474,147048,426
14451641,11.6746,11.52,426,269645,0.0114203,0,1,147487,147061,426
14453301,10.3349,8.704,428,269645,0.0342841,0.02,1,147497,147069,428
14455381,10.867,10.5408,428,269645,0.0308568,0.02,1,147508,147080,428
14457461,8.5734,10.1082,426,269645,0.00617136,0.03,1,147516,147090,426
14459541,6.51468,8.42163,424,269645,0.0252343,0.05,1,147522,147098,424
14461201,7.70294,6.48433,426,269645,0.0290469,0.03,1,147530,147104,426
14464121,8.74059,8.49687,426,269645,0.0218094,0.03,1,147539,147113,426
14467041,8.94812,8.09937,427,269645,0.0203619,0.03,1,147548,147121,427
14469961,7.38962,8.01987,426,269645,0.0200724,0.04,1,147555,147129,426
14472881,7.87792,8.00397,426,269645,0.0200145,0.03,1,147563,147137,426
14475141,10.3756,8.00079,429,269645,0.0520029,0.04,1,147574,147145,429
14477221,18.8751,9.60016,440,269645,0.0184006,0.04,1,147595,147155,440
14480141,10.175,20.32,425,269645,0.0276801,0.03,1,147603,147178,425
14483061,10.035,10.464,427,269645,0.00553602,0.01,1,147613,147186,427
14485981,7.607,8.4928,426,269645,0.00910721,0.05,1,147620,147194,426
14488901,7.9214,8.09856,426,269645,0.0338214,0.05,1,147628,147202,426
14491821,8.78428,8.01971,427,269645,0.00676429,0.04,1,147637,147210,427
14493861,6.55686,8.00394,425,269645,0.0333529,0.07,1,147643,147218,425
14496781,6.91137,6.40079,426,269645,0.0306706,0.06,1,147650,147224,426
14499701,6.98227,7.68016,425,269645,0.0141341,0.03,1,147657,147232,425
14502621,7.79645,7.93603,425,269645,0.0428268,0.05,1,147665,147240,425
14505541,7.95929,7.98721,425,269645,0.0325654,0.03,1,147673,147248,425
14507381,8.79186,7.99744,426,269645,0.0385131,0.03,1,147682,147256,426
14509461,9.75837,7.99949,428,269645,0.0557026,0.02,1,147692,147264,428
14512381,8.35167,10.3999,425,269645,0.0591405,0.03,1,147700,147275,425
14514241,8.07033,8.47998,425,269645,0.0358281,0.01,1,147708,147283,425
14517161,11.2141,8.896,428,269645,0.0311656,0,1,147720,147292,428
14520081,7.84281,8.1792,427,269645,0.0542331,0.06,1,147727,147300,427
14523001,8.76856,8.03584,428,269645,0.0428466,0.04,1,147736,147308,428
14525921,6.55371,8.00717,426,269645,0.0165693,0.06,1,147742,147316,426
14528801,7.71074,8.00143,426,269645,0.00331386,0.06,1,147750,147324,426
14531721,7.94215,8.00029,426,269645,0.0166628,0.06,1,147758,147332,426
14533381,8.78843,8.00006,427,269645,0.00333255,0.04,1,147767,147340,427
14535461,8.95769,9.60001,426,269645,0.00866651,0,1,147776,147350,426
14538381,8.19154,8.32,426,269645,0.0097333,0.04,1,147784,147358,426
14541301,8.83831,8.064,427,269645,0.00994666,0.04,1,147793,147366,427
14543781,12.1677,8.0128,432,269645,0.0179893,0.04,1,147806,147374,432
14546701,9.63353,12.8026,427,269645,0.0355979,0.06,1,147815,147388,427
14549621,6.72671,8.96051,425,269645,0.0631196,0.04,1,147821,147396,425
14552541,8.54534,8.1921,426,269645,0.0526239,0.03,1,147830,147404,426
14555221,9.70907,8.03842,428,269645,0.0345248,0.02,1,147840,147412,428
14558141,8.34181,10.4077,425,269645,0.022905,0.01,1,147848,147423,425
14561041,8.06836,8.48154,425,269645,0.044581,0.01,1,147856,147431,425
14563961,8.81367,8.09631,426,269645,0.0169162,0.02,1,147865,147439,426
14566241,7.36273,8.01926,425,269645,0.00338324,0.06,1,147872,147447,425
14569161,8.67255,8.00385,426,269645,0.00867665,0.04,1,147881,147455,426
14572081,8.13451,8.00077,426,269645,0.00973533,0.05,1,147889,147463,426
14575001,7.2269,8.00015,425,269645,0.0179471,0.03,1,147896,147471,425
14577061,7.04538,8.00003,424,269645,0.0115894,0.01,1,147903,147479,424
14579761,7.80908,6.40001,426,269645,0.0103179,0.03,1,147911,147485,426
14581841,6.36182,6.88,425,269645,0.0340636,0.01,1,147917,147492,425
14583921,10.8724,10.976,425,269645,0.0148127,0.01,1,147929,147504,425
14586841,12.5745,12.5952,425,269645,0.00296254,0.03,1,147942,147517,425
14589761,9.71489,8.91904,426,269645,0.000592509,0.03,1,147951,147525,426
14592241,8.34298,8.18381,426,269645,0.000118502,0.05,1,147959,147533,426
14595161,15.2686,15.2368,426,269645,0.0240237,0.02,1,147976,147550,426
14598081,10.2537,9.44735,427,269645,0.0528047,0.04,1,147985,147558,427
14601001,6.85074,8.28947,425,269645,0.0105609,0.06,1,147991,147566,425
14603921,7.77015,8.05789,425,269645,0.0181122,0.05,1,147999,147574,425
14605761,7.15403,8.01158,424,269645,0.0116224,0.01,1,148006,147582,424
14607841,15.0308,14.4023,425,269645,0.00232449,0.03,1,148023,147598,425
14610761,10.2062,10.0805,425,269645,0.0244649,0.04,1,148032,147607,425
14612421,11.6412,8.41609,429,269645,0.036893,0.05,1,148044,147615,429
14615341,9.52825,11.2832,426,269645,0.0233786,0.03,1,148053,147627,426
14618261,8.30565,8.65664,426,269645,0.00467572,0.06,1,148061,147635,426
14621181,8.86113,8.13133,427,269645,0.00893514,0.05,1,148070,147643,427
14623861,6.57223,8.02627,425,269645,0.033787,0.07,1,148076,147651,425
14626781,7.71445,7.20525,426,269645,0.0147574,0.05,1,148084,147658,426
14629701,7.94289,7.84105,426,269645,0.0269515,0.04,1,148092,147666,426
14632621,8.78858,7.96821,427,269645,0.0133903,0.04,1,148101,147674,427
14634261,8.15772,7.99364,427,269645,0.0106781,0.1,1,148109,147682,427
14637181,7.23154,7.19873,427,269645,0.0101356,0.07,1,148116,147689,427
14639461,6.24631,7.83975,425,269645,0.0340271,0.06,1,148122,147697,425
14642381,7.64926,6.36795,427,269645,0.0228054,0.05,1,148130,147703,427
14644661,7.12985,7.67359,426,269645,0.0205611,0.05,1,148137,147711,426
14646741,10.226,6.33472,431,269645,0.0281122,0.05,1,148148,147717,431
14648821,8.44519,10.8669,427,269645,0.0296224,0.04,1,148156,147729,427
14650481,6.48904,9.37339,424,269645,0.0139245,0.03,1,148162,147738,424
14653401,6.89781,5.87468,426,269645,0.0107849,0.03,1,148169,147743,426
14656321,6.97956,7.57494,425,269645,0.00215698,0.05,1,148176,147751,425
14659241,7.79591,7.91499,425,269645,0.0324314,0.02,1,148184,147759,425
14661921,7.95918,7.983,425,269645,0.0224863,0.03,1,148192,147767,425
14664841,10.3918,10.3966,425,269645,0.0124973,0.01,1,148203,147778,425
14667541,9.27837,8.47932,426,269645,0.0264995,0.01,1,148212,147786,426
14669201,6.65567,7.29586,425,269645,0.0292999,0.04,1,148218,147793,425
14672121,9.33113,7.85917,427,269645,0.02986,0,1,148228,147801,427
14673781,5.86623,7.97183,424,269645,0.029972,0.03,1,148233,147809,424
14675861,8.37325,5.59437,428,269645,0.0139944,0.05,1,148242,147814,428
14678781,8.07465,8.31887,427,269645,0.0107989,0.06,1,148250,147823,427
14681701,8.01493,8.06377,427,269645,0.0261598,0.06,1,148258,147831,427
14684181,8.00299,8.01275,427,269645,0.029232,0.06,1,148266,147839,427
14685841,5.6006,7.20255,425,269645,0.0298464,0.04,1,148271,147846,425
14688761,5.12012,5.44051,425,269645,0.0379693,0.04,1,148276,147851,425
14691681,8.22402,7.4881,426,269645,0.0315939,0.01,1,148285,147859,426
14693541,11.2448,7.89762,430,269645,0.0143188,0.03,1,148297,147867,430
14696461,9.44896,11.9795,426,269645,0.0108638,0.01,1,148306,147880,426
14699361,7.48979,8.7959,425,269645,0.0101728,0.06,1,148313,147888,425
14702281,7.89796,8.15918,425,269645,0.0100345,0.02,1,148321,147896,425
14705201,7.97959,8.03184,425,269645,0.0100069,0.01,1,148329,147904,425
14708121,7.99592,8.00637,425,269645,0.0340014,0.03,1,148337,147912,425
14710801,8.79918,8.00127,426,269645,0.00680028,0.02,1,148346,147920,426
14712881,6.55984,7.20025,425,269645,0.0333601,0.02,1,148352,147927,425
14714961,14.112,12.6401,427,269645,0.014672,0.04,1,148368,147941,427
14717881,12.4224,12.128,427,269645,0.0109344,0.01,1,148380,147953,427
14720161,8.88448,8.8256,427,269645,0.00218688,0.05,1,148388,147961,427
14723081,8.9769,8.96512,427,269645,0.00843738,0.02,1,148397,147970,427
14724741,8.19538,8.19302,427,269645,0.0416875,0.03,1,148405,147978,427
14727661,8.03908,8.0386,427,269645,0.0323375,0.03,1,148413,147986,427
14729941,6.40782,8.00772,425,269645,0.0384675,0.03,1,148419,147994,425
14732861,8.48156,8.00154,426,269645,0.0316935,0.01,1,148428,148002,426
14735781,8.09631,8.00031,426,269645,0.0303387,0.03,1,148436,148010,426
14738261,15.2193,8.00006,435,269645,0.0220677,0,1,148453,148018,435
14740341,10.2439,14.4,428,269645,0.0444135,0.05,1,148462,148034,428
14742421,11.6488,10.88,430,269645,0.0328827,0.04,1,148474,148044,430
14745341,8.72975,11.776,426,269645,0.0545765,0.02,1,148482,148056,426
14747621,7.34595,8.7552,425,269645,0.0349153,0.05,1,148489,148064,425
14750541,7.86919,6.55104,427,269645,0.0309831,0.07,1,148497,148070,427
14752821,6.37384,7.71021,425,269645,0.0461966,0.07,1,148503,148078,425
14755741,6.87477,6.34204,426,269645,0.0332393,0.06,1,148510,148084,426
14757601,6.17495,7.66841,424,269645,0.0226479,0.04,1,148516,148092,424
14760521,11.635,11.1337,425,269645,0.0125296,0.02,1,148529,148104,425
14763441,8.727,8.62674,425,269645,0.0265059,0.05,1,148537,148112,425
14766341,8.1454,8.12535,425,269645,0.0293012,0.03,1,148545,148120,425
14769261,8.02908,8.02507,425,269645,0.0138602,0.04,1,148553,148128,425
14772181,8.80582,8.00501,426,269645,0.00277205,0.04,1,148562,148136,426
14775101,8.16116,8.001,426,269645,0.0245544,0.04,1,148570,148144,426
14777361,8.03223,8.0002,426,269645,0.0129109,0.04,1,148578,148152,426
14780281,12.8064,12.8,426,269645,0.0265822,0.03,1,148592,148166,426
14783201,8.96129,8.96001,426,269645,0.0373164,0.05,1,148600,148174,426
14786121,7.39226,8.192,425,269645,0.0234633,0.05,1,148607,148182,425
14789041,8.67845,8.0384,426,269645,0.0206927,0.02,1,148616,148190,426
14791301,6.53569,8.00768,424,269645,0.0361385,0.03,1,148622,148198,424
14794221,7.70714,6.40154,426,269645,0.0152277,0.05,1,148630,148204,426
14796501,7.94143,7.68031,426,269645,0.0110455,0.05,1,148638,148212,426
14799421,7.18829,7.93606,425,269645,0.0582091,0.05,1,148645,148220,425
14801701,11.0377,7.98721,429,269645,0.0596418,0.03,1,148657,148228,429
14804401,8.60753,10.3974,426,269645,0.0599284,0.03,1,148665,148239,426
14806481,9.72151,10.0795,426,269645,0.0439857,0.03,1,148675,148249,426
14809401,11.5443,10.8159,427,269645,0.0327971,0.01,1,148687,148260,427
14812321,8.70886,8.56318,427,269645,0.0145594,0.04,1,148695,148268,427
14815241,8.14177,8.11264,427,269645,0.0269119,0.04,1,148703,148276,427
14818161,6.42835,8.02253,425,269645,0.0453824,0.04,1,148709,148284,425
14821081,8.48567,8.00451,426,269645,0.0570765,0.01,1,148718,148292,426
14824001,8.09713,8.0009,426,269645,0.0514153,0.04,1,148726,148300,426
14825621,8.01943,8.00018,426,269645,0.0342831,0.01,1,148734,148308,426
14828541,8.00389,8.80004,425,269645,0.0228566,0.02,1,148742,148317,425
14831461,9.60078,8.16001,427,269645,0.0125713,0.03,1,148752,148325,427
14834381,7.52016,8.032,426,269645,0.0105143,0.06,1,148759,148333,426
14837301,7.10403,8.0064,425,269645,0.00210285,0.02,1,148766,148341,425
14840221,7.82081,8.00128,425,269645,0.00842057,0.01,1,148774,148349,425
14843141,8.76416,8.00026,426,269645,0.00168411,0.03,1,148783,148357,426
14845381,7.35283,8.00005,425,269645,0.000336823,0.03,1,148790,148365,425
14847461,14.2706,8.00001,433,269645,0.0240674,0.02,1,148806,148373,433
14849541,11.6541,14.4,428,269645,0.0128135,0,1,148817,148389,428
14851201,7.13082,10.08,425,269645,0.00256269,0.07,1,148823,148398,425
14854121,10.2262,10.016,426,269645,0.0325125,0.03,1,148834,148408,426
14857041,8.44523,8.4032,426,269645,0.0305025,0.01,1,148842,148416,426
14859961,8.08905,8.08064,426,269645,0.0141005,0.03,1,148850,148424,426
14862021,5.61781,8.01613,423,269645,0.0188201,0.04,1,148855,148432,423
14863681,7.52356,6.40323,425,269645,0.00376402,0.02,1,148863,148438,425
14866601,14.3047,13.2806,426,269645,0.0087528,0.05,1,148879,148453,426
14868261,10.0609,9.05613,427,269645,0.0257506,0.04,1,148888,148461,427
14870961,8.41219,9.01123,426,269645,0.0291501,0.07,1,148896,148470,426
14873041,8.08244,7.40224,427,269645,0.04583,0.06,1,148904,148477,427
14875961,10.4165,10.2804,427,269645,0.025166,0.05,1,148915,148488,427
14877621,8.4833,8.45609,427,269645,0.0290332,0.07,1,148923,148496,427
14880541,7.29666,8.89122,425,269645,0.0298066,0.06,1,148930,148505,425
14883461,7.85933,8.17824,425,269645,0.0219613,0.03,1,148938,148513,425
14886381,7.97187,8.03565,425,269645,0.0283923,0.05,1,148946,148521,425
14888641,7.99437,8.00713,425,269645,0.0136785,0.03,1,148954,148529,425
14891561,9.59887,9.60143,425,269645,0.0427357,0.01,1,148964,148539,425
14893841,8.31977,8.32029,425,269645,0.0325471,0.03,1,148972,148547,425
14896761,7.26395,6.46406,426,269645,0.0145094,0.02,1,148979,148553,426
14899681,7.85279,7.69281,426,269645,0.0109019,0.05,1,148987,148561,426
14902601,7.97056,7.93856,426,269645,0.0101804,0.04,1,148995,148569,426
14905281,7.99411,7.98771,426,269645,0.0260361,0.05,1,149003,148577,426
14908201,12.7988,12.7975,426,269645,0.00520721,0.04,1,149017,148591,426
14910481,8.15976,8.95951,425,269645,0.0250414,0.05,1,149024,148599,425
14913401,10.432,9.7919,426,269645,0.0290083,0.03,1,149035,148609,426
14916321,8.48639,8.35838,426,269645,0.0138017,0.04,1,149043,148617,426
14919241,8.09728,8.07168,426,269645,0.0347603,0.03,1,149051,148625,426
14922161,9.61946,8.01434,428,269645,0.00695207,0.04,1,149061,148633,428
14925081,8.32389,8.00287,428,269645,0.00939041,0.06,1,149069,148641,428
14928001,8.06478,8.00057,428,269645,0.0178781,0.06,1,149077,148649,428
14930241,7.21296,8.00011,427,269645,0.00357562,0.06,1,149084,148657,427
14933161,7.84259,8.00002,427,269645,0.00871512,0.05,1,149092,148665,427
14935441,7.16852,8,426,269645,0.00974302,0.03,1,149099,148673,426
14937521,8.6337,8.8,426,269645,0.0099486,0.03,1,149108,148682,426
14939601,9.72674,9.76,426,269645,0.0419897,0.03,1,149118,148692,426
14942521,8.34535,6.752,428,269645,0.0403979,0.04,1,149126,148698,428
14944181,6.46907,7.7504,426,269645,0.0160796,0.07,1,149132,148706,426
14947101,7.69381,7.15008,427,269645,0.0272159,0.07,1,149140,148713,427
14950021,7.13876,7.83002,426,269645,0.00544318,0.04,1,149147,148721,426
14952081,7.02775,7.966,425,269645,0.0170886,0.06,1,149154,148729,425
14955001,7.00555,6.3932,426,269645,0.0514177,0.04,1,149161,148735,426
14957701,7.00111,7.67864,425,269645,0.0662835,0.04,1,149168,148743,425
14960621,7.00022,7.13573,425,269645,0.0532567,0.03,1,149175,148750,425
14962481,7.00004,7.82715,424,269645,0.0346513,0,1,149182,148758,424
14964561,8.60001,7.96543,425,269645,0.0309303,0.02,1,149191,148766,425
14967481,10.52,9.59309,426,269645,0.0141861,0,1,149202,148776,426
14970401,8.504,8.31862,426,269645,0.0108372,0.02,1,149210,148784,426
14973321,8.1008,8.06372,426,269645,0.00216744,0.06,1,149218,148792,426
14976001,7.22016,8.01274,425,269645,0.00843349,0.05,1,149225,148800,425
14978081,8.64403,8.80255,425,269645,0.0336867,0.02,1,149234,148809,425
14980161,12.1288,10.5605,427,269645,0.0147373,0.06,1,149247,148820,427
14982241,11.2258,10.9121,427,269645,0.00294747,0.03,1,149258,148831,427
14984321,9.44515,10.9824,425,269645,0.00858949,0.06,1,149267,148842,425
14987241,14.689,14.1965,426,269645,0.0097179,0.04,1,149283,148857,426
14990161,10.1378,9.2393,427,269645,0.00994358,0.06,1,149292,148865,427
14993081,7.62756,8.24786,426,269645,0.00198872,0.06,1,149299,148873,426
14994721,6.32551,8.04957,424,269645,0.0163977,0.05,1,149305,148881,424
14997641,11.6651,10.4099,426,269645,0.0192795,0.03,1,149318,148892,426
15000561,8.73302,8.48198,426,269645,0.0198559,0.05,1,149326,148900,426
15003481,8.1466,8.0964,426,269645,0.00397118,0.05,1,149334,148908,426
15005541,10.4293,8.01928,429,269645,0.0327942,0.03,1,149345,148916,429
15008241,8.48586,10.4039,426,269645,0.0545589,0.03,1,149353,148927,426
15011161,7.29717,7.68077,426,269645,0.0429118,0.02,1,149360,148934,426
15014081,8.65943,7.93615,427,269645,0.0165824,0.03,1,149369,148942,427
15015941,7.33189,7.98723,426,269645,0.0273165,0.1,1,149376,148950,426
15018021,11.0664,7.19745,431,269645,0.0294633,0.04,1,149388,148957,431
15020941,8.61328,11.8395,426,269645,0.0138927,0.03,1,149396,148970,426
15023221,6.52266,8.7679,424,269645,0.0267785,0.04,1,149402,148978,424
15026141,6.90453,6.55358,425,269645,0.0133557,0.03,1,149409,148984,425
15028421,14.1809,7.71072,433,269645,0.00267114,0.04,1,149425,148992,433
15031341,9.23618,13.5421,426,269645,0.0165342,0.04,1,149433,149007,426
15034261,8.24724,9.10843,426,269645,0.00330685,0.06,1,149441,149015,426
15037181,8.04945,8.22169,426,269645,0.00866137,0.05,1,149449,149023,426
15040101,8.00989,8.04434,426,269645,0.0177323,0.04,1,149457,149031,426
15042981,8.80198,8.00887,427,269645,0.0115465,0.04,1,149466,149039,427
15045061,12.1604,8.00177,432,269645,0.00230929,0.03,1,149479,149047,432
15047981,9.63208,13.6004,426,269645,0.00846186,0.03,1,149488,149062,426
15050901,8.32642,9.12007,426,269645,0.0176924,0.04,1,149496,149070,426
15053821,8.06528,8.22401,426,269645,0.0355385,0.06,1,149504,149078,426
15056741,8.01306,8.0448,426,269645,0.0151077,0.06,1,149512,149086,426
15059661,8.00261,8.00896,426,269645,0.0270215,0.04,1,149520,149094,426
15062581,8.80052,8.00179,427,269645,0.0134043,0.06,1,149529,149102,427
15065501,7.3601,8.00036,426,269645,0.00268086,0.06,1,149536,149110,426
15068421,7.07202,8.00007,425,269645,0.000536172,0.06,1,149543,149118,425
15070641,8.6144,8.00001,426,269645,0.00810723,0.02,1,149552,149126,426
15073561,8.12288,8,426,269645,0.00962145,0.02,1,149560,149134,426
15076261,12.0246,8,431,269645,0.0339243,0.05,1,149573,149142,431
15079181,8.80492,10.4,428,269645,0.0307849,0.06,1,149581,149153,428
15082101,7.36098,8.48,427,269645,0.046157,0.06,1,149588,149161,427
15084581,7.0722,8.096,426,269645,0.0332314,0.06,1,149595,149169,426
15087501,7.01444,7.2192,426,269645,0.0466463,0.05,1,149602,149176,426
15090421,7.00289,7.84384,425,269645,0.0173293,0.03,1,149609,149184,425
15092901,9.40058,7.96877,427,269645,0.0354659,0.03,1,149619,149192,427
15095601,8.28012,8.79375,426,269645,0.0390932,0.05,1,149627,149201,426
15098521,6.45602,7.35875,425,269645,0.00781863,0.01,1,149633,149208,425
15100801,8.4912,7.87175,426,269645,0.00956373,0.01,1,149642,149216,426
15103721,7.29824,6.37435,427,269645,0.00191275,0.05,1,149649,149222,427
15106641,7.05965,7.67487,426,269645,0.00838255,0.06,1,149656,149230,426
15109121,7.01193,7.93497,425,269645,0.0416765,0.04,1,149663,149238,425
15111201,9.40239,9.58699,425,269645,0.0323353,0.02,1,149673,149248,425
15113281,13.8805,13.1174,426,269645,0.0144671,0,1,149688,149262,426
15115361,8.3761,9.02348,425,269645,0.0188934,0,1,149695,149270,425
15117441,17.6752,17.0047,426,269645,0.0357787,0.03,1,149715,149289,426
15120361,8.33504,8.20094,426,269645,0.0151557,0.01,1,149721,149295,426
15122021,4.86701,8.04019,422,269645,0.00303115,0.05,1,149725,149303,422
15123681,6.5734,5.60804,424,269645,0.0326062,0.05,1,149732,149308,424
15125761,8.51468,7.52161,425,269645,0.0145212,0.02,1,149741,149316,425
15128681,10.5029,9.50432,426,269645,0.00290425,0,1,149752,149326,426
15130961,8.50059,8.30086,426,269645,0.0245809,0.03,1,149760,149334,426
15133881,8.10012,6.46017,428,269645,0.0449162,0.07,1,149768,149340,428
15135541,8.82002,7.69203,429,269645,0.0489832,0.05,1,149777,149348,429
15138461,8.164,10.3384,426,269645,0.0577966,0.06,1,149785,149359,426
15141361,8.0328,8.46768,426,269645,0.0355593,0.06,1,149793,149367,426
15144281,8.00656,8.09354,426,269645,0.0231119,0.03,1,149801,149375,426
15146561,8.00131,8.01871,426,269645,0.0206224,0.05,1,149809,149383,426
15148641,6.40026,6.40374,426,269645,0.0281245,0.01,1,149815,149389,426
15151561,7.68005,8.48075,425,269645,0.0456249,0.03,1,149823,149398,425
15153841,8.73601,8.09615,426,269645,0.025125,0.05,1,149832,149406,426
15156761,10.5472,10.4192,426,269645,0.045025,0.04,1,149843,149417,426
15158421,14.1094,8.48385,433,269645,0.033005,0.01,1,149858,149425,433
15161341,9.22189,13.6968,426,269645,0.014601,0.04,1,149866,149440,426
15163621,8.24438,9.13935,426,269645,0.0269202,0.05,1,149874,149448,426
15166541,8.04888,8.22787,426,269645,0.013384,0.06,1,149882,149456,426
15168821,5.60978,8.04557,423,269645,0.0106768,0.02,1,149887,149464,423
15171741,8.32196,6.40911,426,269645,0.0181354,0.01,1,149896,149470,426
15173601,6.46439,7.68182,424,269645,0.0276271,0.01,1,149902,149478,424
15175681,6.89288,5.53636,426,269645,0.0295254,0.03,1,149909,149483,426
15178601,8.57858,7.50727,427,269645,0.0379051,0.06,1,149918,149491,427
15180261,8.91572,7.90145,428,269645,0.015581,0.05,1,149927,149499,428
15183181,8.18314,9.58029,426,269645,0.0191162,0.05,1,149935,149509,426
15186101,7.23663,8.31606,425,269645,0.0438232,0.05,1,149942,149517,425
15188581,11.0473,8.06321,429,269645,0.00876465,0.04,1,149954,149525,429
15191501,8.60947,11.2126,425,269645,0.0417529,0.03,1,149962,149537,425
15194421,8.12189,8.64253,425,269645,0.0323506,0.04,1,149970,149545,425
15197341,8.02438,8.12851,425,269645,0.0304701,0.05,1,149978,149553,425
15200261,9.60488,8.0257,427,269645,0.022094,0.04,1,149988,149561,427
15203141,8.32098,8.00514,427,269645,0.0204188,0.08,1,149996,149569,427
15206061,7.26419,8.00103,426,269645,0.0280838,0.07,1,150003,149577,426
15208341,7.05284,8.00021,425,269645,0.0296168,0.06,1,150010,149585,425
15210001,6.21057,6.40004,425,269645,0.00592335,0.05,1,150016,149591,425
15212921,8.44211,7.68001,426,269645,0.0171847,0.01,1,150025,149599,426
15215841,8.08842,7.936,426,269645,0.0434369,0.04,1,150033,149607,426
15218761,8.01768,7.9872,426,269645,0.0726874,0.04,1,150041,149615,426
15221681,7.20354,7.99744,425,269645,0.0865375,0.04,1,150048,149623,425
15223521,7.04071,7.99949,424,269645,0.0973075,0.03,1,150055,149631,424
15226441,10.2081,8.7999,426,269645,0.0994615,0,1,150066,149640,426
15229361,9.24163,8.15998,427,269645,0.0918923,0.01,1,150075,149648,427
15232281,8.24833,8.032,427,269645,0.0663785,0.04,1,150083,149656,427
15233921,6.44967,8.0064,425,269645,0.0132757,0.05,1,150089,149664,425
15236841,6.88993,6.40128,426,269645,0.00265514,0.05,1,150096,149670,426
15239761,8.57799,7.68026,427,269645,0.040531,0.02,1,150105,149678,427
15242681,6.5156,7.93605,425,269645,0.0401062,0.03,1,150111,149686,425
15244321,6.90312,7.98721,424,269645,0.0160212,0.03,1,150118,149694,424
15246401,9.38062,8.79744,425,269645,0.00320425,0.03,1,150128,149703,425
15249321,13.8761,12.9595,426,269645,0.00064085,0,1,150143,149717,426
15252021,9.97523,8.9919,427,269645,0.00012817,0.02,1,150152,149725,427
15254101,13.995,9.79838,432,269645,0.0240256,0.03,1,150167,149735,432
15256801,9.19901,13.1597,426,269645,0.0128051,0.05,1,150175,149749,426
15259721,9.0398,8.23193,428,269645,0.00256103,0.06,1,150184,149756,428
15262001,7.40796,8.04639,427,269645,0.000512205,0.09,1,150191,149764,427
15264081,6.28159,6.40928,427,269645,0.0641024,0.07,1,150197,149770,427
15266161,9.25632,9.28186,427,269645,0.0448205,0.05,1,150207,149780,427
15269081,9.85126,10.6564,426,269645,0.0489641,0.04,1,150217,149791,426
15272001,7.57025,8.53127,425,269645,0.0257928,0.06,1,150224,149799,425
15274481,7.91405,8.10625,425,269645,0.0371586,0.04,1,150232,149807,425
15277401,11.1828,11.2213,425,269645,0.0314317,0.04,1,150244,149819,425
15280321,9.43656,8.64425,426,269645,0.0382863,0.04,1,150253,149827,426
15283221,8.28731,8.12885,426,269645,0.0556573,0.05,1,150261,149835,426
15286141,8.05746,8.02577,426,269645,0.0591315,0.04,1,150269,149843,426
15288421,12.8115,8.00515,432,269645,0.0118263,0.03,1,150283,149851,432
15290501,12.1623,13.601,429,269645,0.0423653,0.03,1,150295,149866,429
15293421,8.83246,11.5202,426,269645,0.0484731,0.05,1,150303,149877,426
15295701,8.16649,8.70404,426,269645,0.0496946,0.04,1,150311,149885,426
15298621,7.2333,8.14081,425,269645,0.0499389,0.06,1,150318,149893,425
15301541,7.84666,8.02816,425,269645,0.00998778,0.05,1,150326,149901,425
15304021,7.96933,8.00563,425,269645,0.00199756,0.05,1,150334,149909,425
15306721,7.99387,7.20113,426,269645,0.00839951,0.04,1,150342,149916,426
15308801,7.99877,8.64023,425,269645,0.0256799,0.03,1,150350,149925,425
15310881,7.19975,6.52805,426,269645,0.029136,0,1,150357,149931,426
15313801,7.83995,8.50561,425,269645,0.0298272,0.03,1,150365,149940,425
15316721,9.56799,8.10112,427,269645,0.0139654,0,1,150375,149948,427
15319201,7.5136,8.02022,426,269645,0.0107931,0.06,1,150382,149956,426
15322121,7.10272,7.20404,426,269645,0.0101586,0.03,1,150389,149963,426
15323781,7.02054,7.84081,425,269645,0.0100317,0.03,1,150396,149971,425
15325441,7.00411,7.16816,425,269645,0.00200634,0.02,1,150403,149978,425
15327521,7.00082,5.43363,427,269645,0.0164013,0.04,1,150410,149983,427
15330441,9.40016,9.88673,426,269645,0.0272803,0.04,1,150420,149994,426
15333361,7.48003,8.37735,425,269645,0.00545605,0.04,1,150427,150002,425
15336281,7.89601,8.07547,425,269645,0.00909121,0.05,1,150435,150010,425
15338961,8.7792,8.01509,426,269645,0.0178182,0.11,1,150444,150018,426
15341881,12.9558,10.403,429,269645,0.0115636,0.07,1,150458,150029,429
15344801,8.99117,8.4806,429,269645,0.0103127,0.12,1,150466,150037,429
15347701,10.5982,8.09612,432,269645,0.0260625,0.1,1,150477,150045,432
15350621,8.51965,10.4192,429,269645,0.0372125,0.09,1,150485,150056,429
15353541,8.10393,8.48384,429,269645,0.0474425,0.09,1,150493,150064,429
15356461,4.82079,8.09677,425,269645,0.0494885,0.07,1,150497,150072,425
15359381,7.36416,8.01935,425,269645,0.0578977,0,1,150505,150080,425
15361221,11.0728,8.00387,429,269645,0.0515795,0.04,1,150517,150088,429
15364141,7.81457,9.60077,426,269645,0.0183159,0.04,1,150524,150098,426
15367061,7.16291,8.32015,425,269645,0.00366318,0.05,1,150531,150106,425
15369981,7.83258,8.06403,425,269645,0.000732636,0.04,1,150539,150114,425
15372901,7.96652,8.01281,425,269645,0.00814653,0.01,1,150547,150122,425
15375821,7.9933,8.00256,425,269645,0.00962931,0.01,1,150555,150130,425
15377441,7.19866,8.00051,424,269645,0.0179259,0.01,1,150562,150138,424
15379521,9.43973,8.0001,426,269645,0.0115852,0.02,1,150572,150146,426
15382441,6.68795,6.40002,426,269645,0.00231703,0.02,1,150578,150152,426
15384101,20.5376,7.68,442,269645,0.00846341,0.03,1,150602,150160,442
15387021,11.3075,21.536,426,269645,0.00169268,0.03,1,150611,150185,426
15389921,8.6615,10.7072,426,269645,0.0163385,0.07,1,150619,150193,426
15392841,7.3323,8.54144,425,269645,0.0112677,0.05,1,150626,150201,425
15395121,8.66646,8.10829,426,269645,0.0502535,0.05,1,150635,150209,426
15397201,8.13329,8.02166,426,269645,0.0500507,0.07,1,150643,150217,426
15400121,11.2267,11.2043,426,269645,0.0340101,0.04,1,150655,150229,426
15403041,8.64533,8.64087,426,269645,0.062802,0.04,1,150663,150237,426
15405961,8.12907,8.12817,426,269645,0.0525604,0.04,1,150671,150245,426
15408881,8.02581,8.02563,426,269645,0.0265121,0.06,1,150679,150253,426
15410721,7.20516,8.00513,425,269645,0.0133024,0.03,1,150686,150261,425
15413641,14.241,12.001,428,269645,0.0426605,0.02,1,150702,150274,428
15416561,9.24821,8.80021,428,269645,0.0325321,0.07,1,150710,150282,428
15419041,7.44964,8.16004,427,269645,0.00650642,0.06,1,150717,150290,427
15421121,7.88993,7.23201,428,269645,0.00130128,0.06,1,150725,150297,428
15424041,7.97799,8.6464,427,269645,0.0242603,0.05,1,150733,150306,427
15425701,7.1956,8.12928,426,269645,0.0288521,0.04,1,150740,150314,426
15427781,10.2391,8.02586,429,269645,0.0137704,0.03,1,150751,150322,429
15430701,8.44782,9.60517,427,269645,0.00275408,0.04,1,150759,150332,427
15433621,7.28956,8.32103,426,269645,0.0245508,0.02,1,150766,150340,426
15436541,8.65791,8.06421,427,269645,0.0129102,0.05,1,150775,150348,427
15439461,7.33158,8.01284,426,269645,0.010582,0.06,1,150782,150356,426
15441921,7.06632,8.00257,425,269645,0.0101164,0.03,1,150789,150364,425
15444001,10.2133,9.60051,426,269645,0.0100233,0.03,1,150800,150374,426
15446921,11.6427,11.5201,426,269645,0.0180047,0,1,150812,150386,426
15449841,9.52853,8.70402,427,269645,0.0276009,0.03,1,150821,150394,427
15452761,7.50571,8.1408,426,269645,0.0215202,0.02,1,150828,150402,426
15455681,7.90114,8.02816,426,269645,0.00430404,0.03,1,150836,150410,426
15458561,7.98023,8.00563,426,269645,0.00886081,0.02,1,150844,150418,426
15460641,7.99605,8.00113,426,269645,0.00977216,0.06,1,150852,150426,426
15463561,10.3992,10.4002,426,269645,0.0339544,0,1,150863,150437,426
15466481,8.47984,8.48005,426,269645,0.0307909,0.01,1,150871,150445,426
15469401,8.09597,8.09601,426,269645,0.0221582,0.03,1,150879,150453,426
15471461,15.2192,8.0192,435,269645,0.0124316,0.04,1,150896,150461,435
15474381,9.44384,15.2038,426,269645,0.00248633,0.04,1,150904,150478,426
15477301,8.28877,9.44077,426,269645,0.0324973,0.07,1,150912,150486,426
15479781,8.05775,8.28815,426,269645,0.0144995,0.05,1,150920,150494,426
15482701,7.21155,7.25763,426,269645,0.0188999,0.07,1,150927,150501,426
15485621,7.04231,7.85153,425,269645,0.01178,0.07,1,150934,150509,425
15488541,7.80846,7.97031,425,269645,0.010356,0.02,1,150942,150517,425
15491461,8.76169,7.99406,426,269645,0.0260712,0.03,1,150951,150525,426
15494381,8.15234,7.99881,426,269645,0.0292142,0.06,1,150959,150533,426
15497301,8.03047,7.99976,426,269645,0.0138428,0.02,1,150967,150541,426
15500221,7.20609,7.99995,425,269645,0.0427686,0.04,1,150974,150549,425
15503141,7.84122,7.99999,425,269645,0.0165537,0.02,1,150982,150557,425
15506061,8.76824,8,426,269645,0.0113107,0,1,150991,150565,426
15508981,8.15365,8,426,269645,0.0102621,0.04,1,150999,150573,426
15510561,6.43073,8,424,269645,0.00205243,0.03,1,151005,150581,424
15512641,8.48615,7.2,426,269645,0.00841049,0,1,151014,150588,426
15515561,20.8972,20.64,426,269645,0.0016821,0,1,151038,150612,426
15518481,11.3794,10.528,427,269645,0.0243364,0.02,1,151047,150620,427
15521401,8.67589,8.5056,427,269645,0.0128673,0.03,1,151055,150628,427
15523041,6.53518,8.10112,425,269645,0.0345735,0.05,1,151061,150636,425
15525961,8.50704,7.22022,427,269645,0.0229147,0.04,1,151070,150643,427
15528241,8.10141,7.84404,427,269645,0.00458294,0.03,1,151078,150651,427
15530321,8.02028,7.96881,427,269645,0.00891659,0.02,1,151086,150659,427
15533241,16.8041,17.5938,426,269645,0.0177833,0,1,151105,150679,426
15536161,10.5608,9.91875,427,269645,0.0115567,0.05,1,151114,150687,427
15539081,7.71216,8.38375,426,269645,0.0103113,0.05,1,151121,150695,426
15542001,7.14243,8.07675,425,269645,0.0180623,0.06,1,151128,150703,425
15543841,7.02849,8.01535,424,269645,0.0356125,0.02,1,151135,150711,424
15546761,7.0057,5.60307,426,269645,0.0151225,0.01,1,151142,150716,426
15549681,7.80114,7.52061,426,269645,0.0110245,0.06,1,151150,150724,426
15552601,7.96023,7.90412,426,269645,0.0102049,0.05,1,151158,150732,426
15554241,6.39205,7.98082,424,269645,0.018041,0.04,1,151164,150740,424
15556321,9.27841,8.79617,425,269645,0.0116082,0.01,1,151174,150749,425
15558401,6.65568,6.55923,425,269645,0.0183216,0.01,1,151180,150755,425
15561321,6.93114,6.11185,426,269645,0.0276643,0.01,1,151187,150761,426
15562981,7.78623,7.62237,426,269645,0.0295329,0.04,1,151195,150769,426
15564641,7.15725,7.92447,425,269645,0.00590657,0.02,1,151202,150777,425
15567561,5.43145,5.58489,425,269645,0.00918132,0.05,1,151207,150782,425
15570481,8.28629,7.51698,426,269645,0.0418363,0.04,1,151216,150790,426
15573401,7.25726,7.9034,425,269645,0.0163673,0.05,1,151223,150798,425
15575041,7.85145,7.98068,425,269645,0.0112735,0.03,1,151231,150806,425
15577121,13.5703,13.5961,425,269645,0.0342547,0.03,1,151246,150821,425
15580041,11.5141,10.7192,426,269645,0.0148509,0.01,1,151257,150831,426
15582961,8.70281,8.54385,426,269645,0.0109702,0.03,1,151265,150839,426
15585881,8.14056,8.10877,426,269645,0.026194,0.04,1,151273,150847,426
15588801,8.02811,8.02175,426,269645,0.0372388,0.06,1,151281,150855,426
15591681,8.00562,8.00435,426,269645,0.0154478,0.06,1,151289,150863,426
15594601,9.60112,10.4009,425,269645,0.0110896,0.03,1,151299,150874,425
15597521,9.12023,8.48017,426,269645,0.0342179,0.04,1,151308,150882,426
15600001,7.42404,8.09603,425,269645,0.0228436,0.03,1,151315,150890,425
15602081,9.48481,8.81921,426,269645,0.0125687,0.01,1,151325,150899,426
15605001,14.697,14.5638,426,269645,0.0425137,0.03,1,151341,150915,426
15607921,8.53939,9.31277,425,269645,0.00850275,0.05,1,151348,150923,425
15610841,8.10788,8.26255,425,269645,0.00170055,0.04,1,151356,150931,425
15613761,8.82158,8.05251,426,269645,0.0163401,0.01,1,151365,150939,426
15616681,8.16432,8.0105,426,269645,0.035268,0.03,1,151373,150947,426
15619601,8.83286,8.0021,427,269645,0.0070536,0.03,1,151382,150955,427
15622521,7.36657,8.00042,426,269645,0.0334107,0.08,1,151389,150963,426
15625441,7.87331,8.00008,426,269645,0.0306821,0.03,1,151397,150971,426
15628361,7.97466,8.00002,426,269645,0.00613643,0.03,1,151405,150979,426
15631281,7.19493,8,425,269645,0.0412273,0.03,1,151412,150987,425
15634201,7.83899,8,425,269645,0.0322455,0.03,1,151420,150995,425
15636401,7.9678,8,425,269645,0.0304491,0.01,1,151428,151003,425
15639321,9.59356,8.8,426,269645,0.0300898,0,1,151438,151012,426
15641601,7.51871,8.16,425,269645,0.014018,0.03,1,151445,151020,425
15643681,6.30374,6.432,425,269645,0.0188036,0.03,1,151451,151026,425
15645761,17.2607,17.2864,425,269645,0.0117607,0.04,1,151471,151046,425
15648681,15.4521,14.6573,426,269645,0.0103521,0.03,1,151486,151060,426
15651601,9.49043,9.33146,426,269645,0.0420704,0.05,1,151494,151068,426
15654521,9.09809,8.26629,427,269645,0.0324141,0.02,1,151503,151076,427
15657441,7.41962,8.05326,426,269645,0.0304828,0.06,1,151510,151084,426
15660361,7.88392,8.01065,426,269645,0.0300966,0.05,1,151518,151092,426
15662821,16.7768,8.00213,437,269645,0.0140193,0.01,1,151537,151100,437
15665741,9.75536,16.8004,426,269645,0.0108039,0.05,1,151545,151119,426
15668661,7.55107,9.76009,425,269645,0.0421608,0.04,1,151552,151127,425
15671581,7.91021,8.35202,425,269645,0.0164322,0.01,1,151560,151135,425
15674501,7.98204,8.0704,425,269645,0.0432864,0.03,1,151568,151143,425
15677421,7.99641,8.01408,425,269645,0.00865729,0.01,1,151576,151151,425
15680341,7.99928,8.00282,425,269645,0.0497315,0.02,1,151584,151159,425
15683261,7.99986,8.00056,425,269645,0.0579463,0.01,1,151592,151167,425
15686181,7.99997,8.00011,425,269645,0.0515893,0.03,1,151600,151175,425
15688821,13.6,8.00002,432,269645,0.0183179,0.01,1,151615,151183,432
15691741,9.92,12.8,427,269645,0.0116636,0.03,1,151624,151197,427
15694661,7.584,8.96,426,269645,0.0263327,0.05,1,151631,151205,426
15697581,7.9168,8.192,426,269645,0.0452665,0.02,1,151639,151213,426
15700501,7.98336,8.0384,426,269645,0.0330533,0.04,1,151647,151221,426
15703421,8.79667,8.00768,427,269645,0.0306107,0.05,1,151656,151229,427
15705461,5.75933,8.00154,424,269645,0.0141221,0.07,1,151661,151237,424
15707541,7.55187,6.40031,426,269645,0.0188244,0.04,1,151669,151243,426
15709621,13.5104,7.68006,433,269645,0.0277649,0.03,1,151684,151251,433
15711701,11.5021,13.536,429,269645,0.013553,0.01,1,151695,151266,429
15713361,6.30041,9.9072,425,269645,0.0267106,0.05,1,151700,151275,425
15716281,8.46008,9.18144,425,269645,0.00534212,0.03,1,151709,151284,425
15719201,8.89202,8.23629,426,269645,0.0250684,0.01,1,151718,151292,426
15722121,7.3784,8.04726,425,269645,0.0210137,0.04,1,151725,151300,425
15725041,7.87568,8.00945,425,269645,0.0122027,0.03,1,151733,151308,425
15727961,7.97514,8.00189,425,269645,0.0104405,0.03,1,151741,151316,425
15730881,8.79503,8.00038,426,269645,0.0420881,0.05,1,151750,151324,426
15733121,8.15901,8.00008,426,269645,0.0324176,0.04,1,151758,151332,426
15735201,13.6318,12.8,427,269645,0.0144835,0.05,1,151773,151346,427
15738121,10.7264,11.36,426,269645,0.0108967,0.02,1,151783,151357,426
15741041,8.54527,8.672,426,269645,0.0101793,0.04,1,151791,151365,426
15743961,8.90905,8.1344,427,269645,0.00203587,0.02,1,151800,151373,427
15746881,8.18181,8.02688,427,269645,0.0244072,0.04,1,151808,151381,427
15749761,7.23636,8.00538,426,269645,0.0288814,0.03,1,151815,151389,426
15752681,8.64727,8.00108,427,269645,0.00577629,0,1,151824,151397,427
15754341,7.32945,8.00022,426,269645,0.00915526,0.03,1,151831,151405,426
15757261,7.86589,8.00004,426,269645,0.0258311,0.04,1,151839,151413,426
15760181,8.77318,8.00001,427,269645,0.0371662,0.02,1,151848,151421,427
15763101,7.35464,8,426,269645,0.0234332,0.03,1,151855,151429,426
15766021,7.87093,8,426,269645,0.0286867,0.01,1,151863,151437,426
15768941,7.17419,8,425,269645,0.00573733,0.01,1,151870,151445,425
15771861,8.63484,8,426,269645,0.0251475,0.01,1,151879,151453,426
15774721,8.12697,8,426,269645,0.0210295,0.01,1,151887,151461,426
15776801,16.8254,16,427,269645,0.0122059,0.05,1,151906,151479,427
15778881,11.3651,12,426,269645,0.0104412,0.03,1,151916,151490,426
15781801,12.673,12.8,426,269645,0.0100882,0.02,1,151929,151503,426
15784721,8.9346,8.96,426,269645,0.0260176,0.04,1,151937,151511,426
15787641,8.18692,8.192,426,269645,0.0292035,0.04,1,151945,151519,426
15790561,8.83738,8.0384,427,269645,0.0378407,0.04,1,151954,151527,427
15792821,6.56748,8.00768,425,269645,0.00756814,0.05,1,151960,151535,425
15794901,15.7135,6.40154,437,269645,0.0255136,0.04,1,151978,151541,437
15797821,8.7427,15.6803,426,269645,0.00510273,0.06,1,151985,151559,426
15800741,8.94854,9.53606,427,269645,0.0330205,0.02,1,151994,151567,427
15803661,8.18971,8.30721,427,269645,0.0146041,0.07,1,152002,151575,427
15806581,9.63794,8.06144,429,269645,0.0189208,0.07,1,152012,151583,429
15809501,6.72759,8.01229,427,269645,0.00378416,0.06,1,152018,151591,427
15812421,6.14552,8.00246,425,269645,0.0327568,0.04,1,152024,151599,425
15815341,7.6291,8.00049,425,269645,0.0465514,0.03,1,152032,151607,425
15817781,9.52582,8.0001,427,269645,0.00931027,0.03,1,152042,151615,427
15820701,9.10516,8.80002,427,269645,0.00986205,0.06,1,152051,151624,427
15823621,7.42103,8.16,426,269645,0.0339724,0.06,1,152058,151632,426
15825681,7.08421,8.032,425,269645,0.0307945,0.04,1,152065,151640,425
15828601,9.41684,9.6064,425,269645,0.0301589,0.02,1,152075,151650,425
15831521,9.08337,8.32128,426,269645,0.0140318,0.04,1,152084,151658,426
15834441,8.21667,8.06426,426,269645,0.00280636,0.07,1,152092,151666,426
15837361,8.84333,8.01285,427,269645,0.0405613,0.06,1,152101,151674,427
15839621,8.16867,8.00257,427,269645,0.00811225,0.03,1,152109,151682,427
15841701,12.0337,8.80051,431,269645,0.0336225,0.01,1,152122,151691,431
15843781,9.60675,12.1601,427,269645,0.0387245,0.05,1,152131,151704,427
15845861,7.52135,9.63202,425,269645,0.0157449,0.05,1,152138,151713,425
15847941,11.9043,8.3264,430,269645,0.011149,0.03,1,152151,151721,430
15850861,10.3809,12.0653,427,269645,0.0182298,0.01,1,152161,151734,427
15853781,7.67617,8.81306,426,269645,0.011646,0.05,1,152168,151742,426
15856701,8.73523,8.16261,427,269645,0.0103292,0.04,1,152177,151750,427
15859621,6.54705,8.03252,425,269645,0.00206584,0.04,1,152183,151758,425
15862541,7.70941,8.0065,425,269645,0.0404132,0.03,1,152191,151766,425
15864161,7.14188,8.0013,424,269645,0.0480826,0.02,1,152198,151774,424
15867081,10.2284,9.60026,425,269645,0.0496165,0.02,1,152209,151784,425
15870001,10.0457,8.32005,427,269645,0.0499233,0.03,1,152219,151792,427
15872901,7.60913,8.06401,426,269645,0.0259847,0.06,1,152226,151800,426
15874561,6.32183,8.0128,424,269645,0.00519693,0.04,1,152232,151808,424
15877481,12.4644,11.2026,426,269645,0.0250394,0.01,1,152246,151820,426
15880401,8.89287,8.64051,426,269645,0.0130079,0.03,1,152254,151828,426
15883321,8.17857,8.1281,426,269645,0.0106016,0.02,1,152262,151836,426
15886241,8.83572,8.02562,427,269645,0.0101203,0.04,1,152271,151844,427
15889161,6.56714,8.00512,425,269645,0.0340241,0.06,1,152277,151852,425
15892081,8.51343,8.00102,426,269645,0.0148048,0.01,1,152286,151860,426
15895001,8.10269,8.0002,426,269645,0.026961,0.04,1,152294,151868,426
15897861,8.02054,8.00004,426,269645,0.00539219,0.03,1,152302,151876,426
15900781,8.00411,8.00001,426,269645,0.00107844,0.01,1,152310,151884,426
15903701,7.20082,8,425,269645,0.0162157,0.06,1,152317,151892,425
15905761,7.84016,8,425,269645,0.00324314,0.03,1,152325,151900,425
15907841,10.368,9.6,426,269645,0.00864863,0.03,1,152336,151910,426
15909921,14.0736,13.92,426,269645,0.0177297,0,1,152351,151925,426
15912001,10.0147,9.984,426,269645,0.0195459,0.05,1,152360,151934,426
15914921,8.40294,8.3968,426,269645,0.00390919,0.05,1,152368,151942,426
15917841,8.08059,8.07936,426,269645,0.00878184,0.05,1,152376,151950,426
15919701,5.61612,8.01587,423,269645,0.0257564,0.03,1,152381,151958,423
15922621,7.52322,5.60317,426,269645,0.0211513,0.04,1,152389,151963,426
15924901,13.5046,7.52063,433,269645,0.0202303,0.01,1,152404,151971,433
15926981,9.10093,11.9041,428,269645,0.0120461,0.05,1,152412,151984,428
15928641,6.62019,9.58083,425,269645,0.0104092,0.06,1,152418,151993,425
15931561,7.72404,7.51616,426,269645,0.0100818,0.02,1,152426,152000,426
15933221,12.7448,7.90323,432,269645,0.0180164,0.03,1,152440,152008,432
15936141,9.74896,12.7806,427,269645,0.0116033,0.04,1,152449,152022,427
15939061,6.74979,8.95613,425,269645,0.00232065,0.03,1,152455,152030,425
15941981,8.54996,8.19123,426,269645,0.0164641,0.01,1,152464,152038,426
15944901,8.10999,8.03825,426,269645,0.0272928,0.04,1,152472,152046,426
15947821,8.022,8.00765,426,269645,0.00545857,0.05,1,152480,152054,426
15950741,7.2044,8.00153,425,269645,0.00909171,0.05,1,152487,152062,425
15953661,7.84088,8.00031,425,269645,0.0258183,0.05,1,152495,152070,425
15956581,7.96818,8.00006,425,269645,0.0211637,0.05,1,152503,152078,425
15959501,9.59364,8.00001,427,269645,0.0282327,0.07,1,152513,152086,427
15961921,6.71873,8,425,269645,0.0136465,0.04,1,152519,152094,425
15964841,10.1437,10.4,425,269645,0.0107293,0.05,1,152530,152105,425
15967761,9.22875,8.48,426,269645,0.0421459,0.05,1,152539,152113,426
15970241,8.24575,8.096,426,269645,0.0164292,0.04,1,152547,152121,426
15972321,8.84915,9.6192,425,269645,0.0512858,0.02,1,152556,152131,425
15975241,8.96983,9.12384,425,269645,0.0182572,0.01,1,152565,152140,425
15977941,14.594,8.22477,433,269645,0.0596514,0.03,1,152581,152148,433
15980021,14.9188,14.445,432,269645,0.0439303,0.02,1,152596,152164,432
15982941,10.1838,14.089,427,269645,0.0247861,0.03,1,152605,152178,427
15985861,8.43675,9.2178,427,269645,0.0209572,0.06,1,152613,152186,427
15988781,8.08735,8.24356,427,269645,0.0281914,0.05,1,152621,152194,427
15991701,8.01747,8.04871,427,269645,0.0296383,0.06,1,152629,152202,427
15994621,7.20349,8.00974,426,269645,0.0139277,0.06,1,152636,152210,426
15997281,7.8407,8.00195,426,269645,0.0107855,0.03,1,152644,152218,426
16000201,7.16814,7.20039,426,269645,0.00215711,0.04,1,152651,152225,426
16003121,7.83363,7.84008,426,269645,0.00843142,0.05,1,152659,152233,426
16005601,7.16673,7.96802,425,269645,0.00168628,0.03,1,152666,152241,425
16007681,11.0333,11.1936,425,269645,0.0483373,0.03,1,152678,152253,425
16010601,9.40667,8.63872,426,269645,0.0496674,0.04,1,152687,152261,426
16013521,8.28133,8.12774,426,269645,0.0499335,0.04,1,152695,152269,426
16015381,6.45627,8.02555,424,269645,0.0179867,0.05,1,152701,152277,424
16018301,7.69125,7.20511,425,269645,0.0355973,0.05,1,152709,152284,425
16021221,7.93825,7.84102,425,269645,0.0391195,0.02,1,152717,152292,425
16023701,9.58765,7.9682,427,269645,0.0158239,0.01,1,152727,152300,427
16026621,7.51753,8.79364,425,269645,0.00316478,0.04,1,152734,152309,425
16029541,7.90351,8.15873,425,269645,0.000632956,0.01,1,152742,152317,425
16032461,8.7807,8.03175,426,269645,0.00812659,0.03,1,152751,152325,426
16035381,7.35614,8.00635,425,269645,0.00162532,0.04,1,152758,152333,425
16038261,9.47123,8.00127,427,269645,0.00832506,0,1,152768,152341,427
16040341,11.4942,8.00025,431,269645,0.00166501,0.01,1,152780,152349,431
16042421,11.8988,12.8001,429,269645,0.000333003,0.02,1,152792,152363,429
16045121,8.77977,11.36,426,269645,6.66005e-05,0.03,1,152800,152374,426
16048041,7.35595,7.872,426,269645,0.00801332,0.02,1,152807,152381,426
16050321,7.87119,7.9744,426,269645,0.00160266,0.02,1,152815,152389,426
16053241,12.7742,13.5949,425,269645,0.0243205,0.02,1,152829,152404,425
16054901,7.35485,9.11898,423,269645,0.0128641,0.03,1,152835,152412,423
16057821,7.87097,5.8238,426,269645,0.0265728,0.04,1,152843,152417,426
16060741,7.97419,7.56476,426,269645,0.0293146,0.04,1,152851,152425,426
16063221,11.9948,7.91295,431,269645,0.0138629,0.03,1,152864,152433,431
16065301,10.399,11.9826,428,269645,0.0427726,0.05,1,152874,152446,428
16068221,8.47979,10.3965,426,269645,0.0405545,0.04,1,152882,152456,426
16070081,7.29596,8.4793,425,269645,0.0241109,0.05,1,152889,152464,425
16073001,9.45919,9.69586,425,269645,0.0368222,0.05,1,152899,152474,425
16075921,9.09184,8.33917,426,269645,0.0153644,0.03,1,152908,152482,426
16078841,7.41837,8.06783,425,269645,0.0110729,0.05,1,152915,152490,425
16081761,8.68367,8.01357,426,269645,0.00221458,0.01,1,152924,152498,426
16084681,8.13673,8.00271,426,269645,0.0404429,0.04,1,152932,152506,426
16086721,7.22735,8.00054,425,269645,0.0480886,0.05,1,152939,152514,425
16089641,7.84547,6.40011,427,269645,0.0256177,0.04,1,152947,152520,427
16092561,7.96909,7.68002,427,269645,0.0291235,0.06,1,152955,152528,427
16094421,11.1938,7.936,431,269645,0.0378247,0,1,152967,152536,431
16097341,7.83876,11.1872,426,269645,0.0235649,0.06,1,152974,152548,426
16100261,8.76775,8.63744,427,269645,0.012713,0.04,1,152983,152556,427
16103181,8.95355,8.12749,428,269645,0.0425426,0.06,1,152992,152564,428
16104821,7.39071,8.0255,427,269645,0.0165085,0.08,1,152999,152572,427
16106901,8.67814,8.0051,428,269645,0.0353017,0.06,1,153008,152580,428
16108561,7.33563,10.401,424,269645,0.00706034,0.01,1,153015,152591,424
16111481,18.2671,17.2802,426,269645,0.0174121,0,1,153036,152610,426
16114401,10.0534,9.85604,426,269645,0.0274824,0.04,1,153044,152618,426
16117321,8.41069,8.37121,426,269645,0.0294965,0.04,1,153052,152626,426
16120241,8.08214,8.07424,426,269645,0.0298993,0.04,1,153060,152634,426
16123161,8.01643,8.01485,426,269645,0.0539799,0.03,1,153068,152642,426
16126081,7.20329,8.00297,425,269645,0.058796,0.04,1,153075,152650,425
16129001,8.64066,8.00059,426,269645,0.0357592,0.01,1,153084,152658,426
16131921,8.12813,8.00012,426,269645,0.0311518,0.04,1,153092,152666,426
16134841,8.02563,8.00002,426,269645,0.0222304,0.08,1,153100,152674,426
16137761,8.00513,8,426,269645,0.0444461,0.07,1,153108,152682,426
16140181,11.201,8,430,269645,0.0488892,0.05,1,153120,152690,430
16143101,8.64021,10.4,427,269645,0.0497778,0.07,1,153128,152701,427
16146001,6.52804,8.48,425,269645,0.0499556,0.06,1,153134,152709,425
16148921,7.70561,8.096,425,269645,0.0499911,0.03,1,153142,152717,425
16151841,8.74112,8.0192,426,269645,0.0419982,0,1,153151,152725,426
16154761,7.34822,8.00384,425,269645,0.0643996,0.01,1,153158,152733,425
16157681,7.86964,8.00077,425,269645,0.0608799,0,1,153166,152741,425
16160561,7.97393,8.00015,425,269645,0.012176,0.01,1,153174,152749,425
16163481,7.99479,8.00003,425,269645,0.0024352,0.02,1,153182,152757,425
16165761,7.99896,8.00001,425,269645,0.016487,0.01,1,153190,152765,425
16168681,13.5998,12.8,426,269645,0.0192974,0,1,153205,152779,426
16170961,8.31996,8.96,425,269645,0.0278595,0.03,1,153212,152787,425
16173041,11.264,10.592,426,269645,0.0295719,0.02,1,153224,152798,426
16175961,8.6528,8.5184,426,269645,0.0139144,0.01,1,153232,152806,426
16177621,8.13056,8.10368,426,269645,0.0107829,0.04,1,153240,152814,426
16180541,8.02611,8.02074,426,269645,0.00215657,0.04,1,153248,152822,426
16182821,9.60522,8.00415,428,269645,0.0164313,0.01,1,153258,152830,428
16184901,8.32104,8.80083,427,269645,0.0272863,0.05,1,153266,152839,427
16187821,8.06421,8.96017,426,269645,0.0294573,0.03,1,153274,152848,426
16190741,8.81284,8.19203,427,269645,0.0218915,0.03,1,153283,152856,427
16193221,9.76257,8.03841,429,269645,0.0123783,0.06,1,153293,152864,429
16195921,7.55251,9.60768,426,269645,0.0424757,0.04,1,153300,152874,426
16198841,11.9105,11.5215,427,269645,0.0404951,0,1,153313,152886,427
16200501,5.5821,8.70431,423,269645,0.056099,0.04,1,153317,152894,423
16202581,9.91642,5.74086,429,269645,0.0352198,0.04,1,153328,152899,429
16204661,9.98328,9.94817,428,269645,0.031044,0.01,1,153338,152910,428
16207581,8.39666,9.18963,427,269645,0.0222088,0.04,1,153346,152919,427
16209441,6.47933,8.23793,425,269645,0.00444176,0.08,1,153352,152927,425
16212361,6.89587,7.24759,425,269645,0.0488884,0.07,1,153359,152934,425
16215281,8.57917,7.84952,426,269645,0.0177777,0.01,1,153368,152942,426
16218201,8.91583,7.9699,427,269645,0.0115555,0.05,1,153377,152950,427
16221121,7.38317,7.99398,426,269645,0.0103111,0.05,1,153384,152958,426
16224041,7.87663,7.9988,426,269645,0.0100622,0.05,1,153392,152966,426
16226501,7.17533,7.99976,425,269645,0.00201244,0.03,1,153399,152974,425
16228161,7.03507,7.19995,425,269645,0.0244025,0.05,1,153406,152981,425
16231081,10.207,10.24,425,269645,0.0528805,0.03,1,153417,152992,425
16233361,8.4414,8.448,425,269645,0.0345761,0.05,1,153425,153000,425
16236281,6.48828,6.4896,425,269645,0.0149152,0.02,1,153431,153006,425
16238981,10.8977,7.69792,429,269645,0.026983,0.04,1,153443,153014,429
16241061,24.5795,10.3396,446,269645,0.0133966,0.02,1,153471,153025,446
16243981,12.9159,24.4679,428,269645,0.0106793,0.02,1,153481,153053,428
16246901,8.18318,11.2936,427,269645,0.00213586,0.08,1,153488,153061,427
16249821,7.23664,8.65872,426,269645,0.00842717,0.09,1,153495,153069,426
16252741,7.84733,8.13174,426,269645,0.0256854,0.06,1,153503,153077,426
16255621,7.16947,8.02635,425,269645,0.0211371,0.06,1,153510,153085,425
16258541,9.43389,8.00527,427,269645,0.0122274,0.01,1,153520,153093,427
16261461,8.28678,8.00105,427,269645,0.0104455,0.04,1,153528,153101,427
16264381,8.05736,8.00021,427,269645,0.0100891,0.05,1,153536,153109,427
16267301,8.81147,8.00004,428,269645,0.0100178,0.04,1,153545,153117,428
16270221,8.16229,8.00001,428,269645,0.0260036,0.06,1,153553,153125,428
16273141,8.03246,8,428,269645,0.0212007,0.06,1,153561,153133,428
16276061,8.00649,8,428,269645,0.0202401,0.06,1,153569,153141,428
16278981,8.8013,8,429,269645,0.028048,0.08,1,153578,153149,429
16280581,8.96026,8,430,269645,0.0296096,0.03,1,153587,153157,430
16283501,8.19205,11.2,426,269645,0.0219219,0.02,1,153595,153169,426
16286421,8.03841,8.64,426,269645,0.0363844,0.04,1,153603,153177,426
16289341,8.80768,8.128,427,269645,0.0392769,0.04,1,153612,153185,427
16292261,7.36154,8.0256,426,269645,0.0398554,0.05,1,153619,153193,426
16295181,7.87231,8.00512,426,269645,0.00797107,0.04,1,153627,153201,426
16296801,6.37446,8.00102,424,269645,0.0175942,0.01,1,153633,153209,424
16299721,9.27489,8.8002,425,269645,0.0115188,0,1,153643,153218,425
16302001,8.25498,8.16004,425,269645,0.0183038,0,1,153651,153226,425
16304921,9.651,8.03201,427,269645,0.00366075,0.02,1,153661,153234,427
16307621,10.7302,8.0064,430,269645,0.000732151,0.03,1,153672,153242,430
16310541,7.74604,11.2013,425,269645,0.00814643,0.06,1,153679,153254,425
16313461,8.74921,8.64026,426,269645,0.00962929,0,1,153688,153262,426
16315521,7.34984,8.12805,425,269645,0.0179259,0.03,1,153695,153270,425
16318441,9.46997,8.82561,426,269645,0.00358517,0.04,1,153705,153279,426
16321361,9.09399,8.16512,427,269645,0.024717,0.05,1,153714,153287,427
16323841,8.2188,8.03302,427,269645,0.0209434,0.07,1,153722,153295,427
16326761,7.24376,7.2066,427,269645,0.0201887,0.06,1,153729,153302,427
16328421,15.8488,7.84132,437,269645,0.0200377,0.05,1,153747,153310,437
16331121,8.76975,16.7683,425,269645,0.0360075,0.03,1,153754,153329,425
16333201,8.95395,10.5537,425,269645,0.0232015,0.02,1,153763,153338,425
16335281,8.99079,8.51073,426,269645,0.0126403,0.04,1,153772,153346,426
16338201,9.79816,10.5021,425,269645,0.00252806,0.03,1,153782,153357,425
16341121,8.35963,8.50043,425,269645,0.00850561,0.01,1,153790,153365,425
16344041,8.07193,8.10009,425,269645,0.00970112,0.05,1,153798,153373,425
16346961,8.01439,8.02002,425,269645,0.00994022,0.03,1,153806,153381,425
16348801,7.20288,8.004,424,269645,0.00198804,0,1,153813,153389,424
16351721,7.04058,5.6008,426,269645,0.0403976,0.03,1,153820,153394,426
16354641,8.60812,7.52016,427,269645,0.00807952,0.02,1,153829,153402,427
16357561,7.32162,7.90403,426,269645,0.0256159,0.03,1,153836,153410,426
16360481,7.86432,7.98081,426,269645,0.0531232,0.04,1,153844,153418,426
16362741,9.57286,7.99616,428,269645,0.0106246,0.03,1,153854,153426,428
16365661,7.51457,9.59923,425,269445,0.0421249,0.06,1,153861,153436,425
16367941,12.7029,8.31985,431,269445,0.032425,0.05,1,153875,153444,431
16369601,8.14058,12.064,425,269445,0.046485,0.01,1,153882,153457,425
16371681,19.2281,19.2128,426,269645,0.017297,0,1,153904,153478,426
16374601,11.8456,11.8426,426,269645,0.0034594,0.03,1,153914,153488,426
16376261,8.76912,8.76851,426,269645,0.00869188,0.03,1,153922,153496,426
16379181,8.15382,8.9537,425,269645,0.00173838,0.02,1,153930,153505,425
16382101,8.03076,8.19074,425,269645,0.000347675,0.03,1,153938,153513,425
16385021,8.00615,8.03815,425,269645,6.9535e-05,0.03,1,153946,153521,425
16387941,8.00123,8.00763,425,269645,0.0160139,0.01,1,153954,153529,425
16390821,8.80025,8.00153,426,269645,0.0272028,0.01,1,153963,153537,426
16393741,8.16005,8.00031,426,269645,0.0214406,0.03,1,153971,153545,426
16396661,8.03201,8.00006,426,269645,0.00428811,0.04,1,153979,153553,426
16399581,8.0064,8.00001,426,269645,0.000857622,0.04,1,153987,153561,426
16402261,7.20128,8,425,269645,0.000171524,0.03,1,153994,153569,425
16405181,7.84026,7.2,426,269645,3.43049e-05,0.05,1,154002,153576,426
16408101,7.96805,7.84,426,269645,6.86098e-06,0.04,1,154010,153584,426
16411021,8.79361,7.968,427,269645,0.00800137,0.07,1,154019,153592,427
16413941,8.15872,7.9936,427,269645,0.00960027,0.08,1,154027,153600,427
16416861,6.43174,7.99872,425,269645,0.00992006,0.06,1,154033,153608,425
16418901,9.28635,7.99974,427,269645,0.00998401,0.04,1,154043,153616,427
16421821,8.25727,8.79995,426,269645,0.0099968,0.03,1,154051,153625,426
16424741,8.05145,8.15999,426,269645,0.0259994,0.05,1,154059,153633,426
16427661,7.21029,8.032,425,269645,0.00519987,0.06,1,154066,153641,425
16430581,8.64206,8.0064,426,269645,0.00103997,0.01,1,154075,153649,426
16433041,7.32841,8.00128,425,5840,0.024208,0.04,1,154082,153657,425
16435121,7.86568,7.20026,426,5840,0.0128416,0.01,1,154090,153664,426
16438041,16.7731,16.6401,426,5840,0.00256832,0.03,1,154109,153683,426
16440961,8.95463,9.72801,425,5840,0.000513664,0.06,1,154116,153691,425
16443881,8.99093,8.3456,426,5840,0.000102733,0.03,1,154125,153699,426
16446801,7.39818,8.06912,425,5840,0.00802055,0.03,1,154132,153707,425
16448641,7.87964,8.01382,425,5840,0.00160411,0.03,1,154140,153715,425
16451561,11.1759,11.2028,425,5840,0.000320822,0.03,1,154152,153727,425
16454481,9.43519,8.64055,426,5840,6.41644e-05,0.03,1,154161,153735,426
16456961,8.28704,8.12811,426,5840,1.28329e-05,0.05,1,154169,153743,426
16459041,8.05741,8.82562,425,5840,2.56657e-06,0.05,1,154177,153752,425
16461961,8.01148,8.16512,425,5840,5.13315e-07,0.05,1,154185,153760,425
16464241,8.0023,8.03302,425,5840,0.0080001,0.03,1,154193,153768,425
16466321,12.0005,11.2066,426,5840,0.00160002,0.05,1,154206,153780,426
16468401,8.00009,8.64132,425,5840,0.00832,0.02,1,154213,153788,425
16471321,15.2,13.7283,427,5840,0.001664,0,1,154230,153803,427
16474241,9.44,9.14565,427,5840,0.0003328,0.06,1,154238,153811,427
16477161,8.288,8.22913,427,5840,6.656e-05,0.04,1,154246,153819,427
16480081,8.0576,8.04583,427,5840,1.3312e-05,0.04,1,154254,153827,427
16481921,6.41152,8.00917,425,5840,0.00800266,0.03,1,154260,153835,425
16484841,6.0823,5.60183,426,5840,0.00160053,0.05,1,154266,153840,426
16487761,8.41646,7.52037,427,5840,0.000320106,0.04,1,154275,153848,427
16490681,8.08329,7.90407,427,5840,0.00806402,0.05,1,154283,153856,427
16492741,7.21666,7.98081,426,5840,0.0016128,0.05,1,154290,153864,426
16495661,7.04333,6.39616,427,5840,0.000322561,0.07,1,154297,153870,427
16497941,10.2087,7.67923,430,5840,6.45122e-05,0.03,1,154308,153878,430
16500641,8.44173,11.1358,426,5840,1.29024e-05,0.01,1,154316,153890,426
16502721,16.0883,17.4272,425,5840,2.58049e-06,0.03,1,154334,153909,425
16504801,13.6177,13.0854,426,5840,5.16097e-07,0,1,154347,153921,426
16506881,9.92353,9.81709,426,5840,0.0080001,0.04,1,154356,153930,426
16509801,6.78471,6.76342,426,5840,0.00160002,0.04,1,154362,153936,426
16512721,7.75694,7.75268,426,5840,0.000320004,0.06,1,154370,153944,426
16515641,7.95139,7.95054,426,5840,6.40008e-05,0.04,1,154378,153952,426
16518321,7.19028,7.99011,425,5840,1.28002e-05,0.04,1,154385,153960,425
16521241,7.03806,7.19802,425,5840,0.00800256,0.02,1,154392,153967,425
16522901,9.40761,7.8396,427,5840,0.00960051,0.02,1,154402,153975,427
16525821,8.28152,9.56792,425,5840,0.0099201,0.01,1,154410,153985,425
16528741,8.8563,8.31358,426,5840,0.00198402,0,1,154419,153993,426
16531661,7.37126,8.06272,425,5840,0.0163968,0.01,1,154426,154001,425
16534581,7.87425,8.01254,425,5840,0.0112794,0.01,1,154434,154009,425
16537501,7.97485,8.00251,425,5840,0.0102559,0.01,1,154442,154017,425
16540421,8.79497,8.0005,426,5840,0.00205117,0.01,1,154451,154025,426
16543341,7.35899,8.0001,425,5840,0.0164102,0.03,1,154458,154033,425
16545781,7.8718,8.00002,425,5840,0.019282,0.03,1,154466,154041,425
16548701,7.97436,7.2,426,5840,0.00385641,0.06,1,154474,154048,426
16551621,7.99487,7.84,426,5840,0.000771282,0.04,1,154482,154056,426
16554101,6.39897,7.968,424,5840,0.00815426,0.02,1,154488,154064,424
16555561,165.28,7.1936,622,5840,0.00963085,0,1,154693,154071,622
16558481,205.856,330.239,427,5840,0.00192617,0.03,1,154909,154482,427
16559941,205.171,74.8477,621,5840,0.000385234,0.01,1,155114,154493,621
16561401,201.034,174.97,621,7300,7.70468e-05,0,1,155314,154693,621
16564321,57.0068,207.794,426,8760,1.54094e-05,0,1,155335,154909,426
16567241,175.401,205.559,426,11680,0.00800308,0,1,155540,155114,426
16570161,195.88,201.112,427,14600,0.00960062,0,1,155741,155314,427
16573081,55.9761,57.0223,427,17520,0.00992012,0.03,1,155762,155335,427
16576001,18.3952,19.4045,426,20440,0.00198402,0.01,1,155771,155345,426
16578921,159.679,159.881,426,23360,0.000396805,0.01,1,155966,155540,426
16581841,39.9358,39.9762,426,26280,0.0160794,0.01,1,155976,155550,426
16584761,160.787,160.795,426,29200,0.0112159,0.03,1,156167,155741,426
16587681,40.9574,40.159,427,32120,0.0342432,0.01,1,156178,155751,427
16590601,17.7915,16.8318,428,35040,0.0148486,0.03,1,156190,155762,428
16593521,9.9583,11.3664,426,37960,0.0269697,0.05,1,156198,155772,426
16596441,9.99166,10.2733,426,40880,0.0373939,0.06,1,156208,155782,426
16599361,11.5983,10.0547,428,43800,0.0474788,0,1,156220,155792,428
16602281,139.92,141.211,426,46720,0.0334958,0.05,1,156392,155966,426
16605201,35.9839,36.2422,426,49640,0.0386992,0.04,1,156402,155976,426
16608121,16.7968,15.2484,428,52560,0.0317398,0.01,1,156414,155986,428
16611041,10.5594,11.0497,427,55480,0.030348,0.01,1,156423,155996,427
16613961,139.712,139.01,428,58400,0.0140696,0.05,1,156595,156167,428
16616881,35.1424,35.802,427,61320,0.00281392,0.03,1,156604,156177,427
16619801,15.0285,15.1604,427,64240,0.0245628,0.04,1,156614,156187,427
16622721,9.40569,10.2321,426,67160,0.0289126,0.01,1,156622,156196,426
16625641,7.48114,8.44642,425,70080,0.00578251,0.06,1,156629,156204,425
16628561,7.89623,8.08928,425,73000,0.0091565,0.05,1,156637,156212,425
16631481,7.97925,8.01786,425,75920,0.0178313,0.04,1,156645,156220,425
16634401,7.99585,8.00357,425,78840,0.0115663,0.01,1,156653,156228,425
16637321,7.99917,8.00071,425,81760,0.0343133,0.05,1,156661,156236,425
16640241,7.99983,8.00014,425,84680,0.0308627,0.04,1,156669,156244,425
16643161,8.79997,8.00003,426,87600,0.0141725,0.02,1,156678,156252,426
16646081,7.35999,8.00001,425,90520,0.0108345,0.03,1,156685,156260,425
16649001,107.872,107.2,426,93440,0.0021669,0.03,1,156818,156392,426
16651921,27.9744,27.84,426,96360,0.00843338,0.04,1,156826,156400,426
16654841,11.9949,11.968,426,99280,0.0256867,0.03,1,156834,156408,426
16657761,8.79898,8.7936,426,102200,0.0291373,0.03,1,156842,156416,426
16660681,8.9598,8.15872,427,105120,0.00582747,0.03,1,156851,156424,427
16663601,8.99196,8.03174,428,108040,0.00116549,0.04,1,156860,156432,428
16666521,6.59839,8.00635,426,110960,0.0322331,0.04,1,156866,156440,426
16669441,7.71968,8.00127,426,113880,0.0384466,0.01,1,156874,156448,426
16672361,119.144,119.2,426,116800,0.00768932,0,1,157021,156595,426
16675281,30.2288,30.24,426,119720,0.00953786,0.04,1,157029,156603,426
16678201,12.4458,12.448,426,122640,0.00990757,0.04,1,157037,156611,426
16681121,8.88915,8.8896,426,125560,0.0259815,0.04,1,157045,156619,426
16684041,8.97783,8.17792,427,128480,0.0291963,0.05,1,157054,156627,427
16686961,6.59557,8.03558,425,131400,0.0138393,0.04,1,157060,156635,425
16689881,8.51911,8.00712,426,134320,0.0187679,0.03,1,157069,156643,426
16692801,8.10382,8.00142,426,137240,0.0277536,0.06,1,157077,156651,426
16695721,7.22076,8.00028,425,140160,0.0135507,0.05,1,157084,156659,425
16698641,7.84415,8.00006,425,143080,0.0267101,0.02,1,157092,156667,425
16701561,7.96883,8.00001,425,146000,0.045342,0.03,1,157100,156675,425
16704481,7.99377,8,425,148920,0.0490684,0.03,1,157108,156683,425
16707401,7.99875,8,425,151840,0.0658137,0.01,1,157116,156691,425
16710321,7.99975,8,425,154760,0.0611627,0,1,157124,156699,425
16713241,8.79995,8,426,157680,0.0282325,0.01,1,157133,156707,426
16716161,7.35999,8,425,160600,0.0296465,0.02,1,157140,156715,425
16719081,8.672,8,426,163520,0.0219293,0.01,1,157149,156723,426
16722001,7.3344,8,425,166440,0.0283859,0.03,1,157156,156731,425
16724921,8.66688,8,426,169360,0.0376772,0.05,1,157165,156739,426
16727841,8.13338,8,426,172280,0.0235354,0.06,1,157173,156747,426
16730761,8.02668,8,426,175200,0.0287071,0.05,1,157181,156755,426
16733681,7.20533,8,425,178120,0.0297414,0.06,1,157188,156763,425
16736601,7.84107,8,425,181040,0.0539483,0.04,1,157196,156771,425
16739521,7.96821,8,425,183960,0.0507897,0,1,157204,156779,425
16742441,32.7936,32.8,425,186880,0.0261579,0.01,1,157243,156818,425
16745361,12.9587,12.96,425,189800,0.0292316,0.03,1,157251,156826,425
16748281,8.99175,8.992,425,192720,0.0138463,0.03,1,157259,156834,425
16751201,8.99835,8.1984,426,195640,0.0107693,0.01,1,157268,156842,426
16754121,8.19967,8.03968,426,198560,0.0101539,0.04,1,157276,156850,426
16757041,8.03993,8.00794,426,201480,0.0100308,0.06,1,157284,156858,426
16759961,8.80799,8.00159,427,204400,0.0100062,0.06,1,157293,156866,427
16762881,7.3616,8.00032,426,207320,0.0180012,0.05,1,157300,156874,426
16765801,8.67232,8.00006,427,210240,0.00360025,0.02,1,157309,156882,427
16768721,8.13446,8.00001,427,213160,0.0247201,0.05,1,157317,156890,427
16771641,7.22689,8,426,216080,0.044944,0.03,1,157324,156898,426
16774561,7.84538,8,426,219000,0.0409888,0.04,1,157332,156906,426
16777481,7.16908,8,425,221920,0.0321978,0.06,1,157339,156914,425
16780401,9.43382,8,427,224840,0.0304396,0.04,1,157349,156922,427
16783321,9.08676,8,428,227760,0.0140879,0.07,1,157358,156930,428
16786241,8.21735,8,428,230680,0.00281758,0,1,157366,156938,428
16789161,66.4435,68,426,233600,0.0245635,0.05,1,157447,157021,426
16792081,19.6887,20,426,236520,0.0289127,0.04,1,157455,157029,426
16795001,10.3377,10.4,426,239440,0.0137825,0.05,1,157463,157037,426
16797921,7.66755,8.48,425,242360,0.0187565,0.06,1,157470,157045,425
16800841,7.93351,8.096,425,245280,0.0277513,0.03,1,157478,157053,425
16803761,7.9867,8.0192,425,248200,0.0295503,0.02,1,157486,157061,425
16806681,7.99734,8.00384,425,251120,0.0299101,0.03,1,157494,157069,425
16809601,8.79947,8.00077,426,254040,0.029982,0,1,157503,157077,426
16812521,8.95989,8.00015,427,256960,0.0539964,0.05,1,157512,157085,427
16815441,8.19198,8.00003,427,259880,0.0587993,0.06,1,157520,157093,427
16818361,8.8384,8.00001,428,262800,0.0517599,0.05,1,157529,157101,428
16821281,7.36768,8,427,265720,0.058352,0.06,1,157536,157109,427
16824201,7.07354,8,426,268640,0.0596704,0.06,1,157543,157117,426
16827121,7.81471,8,426,270870,0.0679341,0.05,1,157551,157125,426
16830041,7.96294,8,426,270870,0.0535868,0.02,1,157559,157133,426
16832961,7.99259,8,426,270870,0.0427174,0.04,1,157567,157141,426
16835881,7.99852,8,426,270870,0.0165435,0.04,1,157575,157149,426
16838801,7.9997,8,426,270870,0.0113087,0.04,1,157583,157157,426
16841721,8.79994,8,427,270870,0.0262617,0.02,1,157592,157165,427
16844641,7.35999,8,426,270870,0.0132523,0.03,1,157599,157173,426
16847561,8.672,8,427,270870,0.0106505,0.02,1,157608,157181,427
16850481,8.1344,8,427,270870,0.0501301,0.05,1,157616,157189,427
16853401,7.22688,8,426,270870,0.026026,0.04,1,157623,157197,426
16856321,7.84538,8,426,270870,0.0132052,0.03,1,157631,157205,426
16859241,7.96908,8,426,270870,0.010641,0.03,1,157639,157213,426
16862161,7.19381,8,425,270870,0.0101282,0.03,1,157646,157221,425
16865081,8.63876,8,426,270870,0.0100256,0.01,1,157655,157229,426
16868001,7.32775,8,425,270870,0.0180051,0.04,1,157662,157237,425
16869841,7.06555,8,424,270870,0.027601,0.04,1,157669,157245,424
16872761,8.61311,8,425,270870,0.00552021,0.03,1,157678,157253,425
16875681,8.12262,8,425,270870,0.041104,0.01,1,157686,157261,425
16878601,8.02452,8,425,270870,0.0482208,0,1,157694,157269,425
16881521,8.80491,8,426,270870,0.0496442,0,1,157703,157277,426
16884401,8.16098,8,426,270870,0.0419288,0.01,1,157711,157285,426
16887321,7.2322,8,425,270870,0.0243858,0.03,1,157718,157293,425
16890241,9.44644,8,427,270870,0.0288772,0.01,1,157728,157301,427
16893161,8.28929,8,427,270870,0.0217754,0.03,1,157736,157309,427
16895841,7.25786,8,426,270870,0.0203551,0.04,1,157743,157317,426
16898761,10.2516,10.4,426,270870,0.012071,0.03,1,157754,157328,426
16901681,8.45031,8.48,426,270870,0.0024142,0.06,1,157762,157336,426
16904601,8.09006,8.096,426,270870,0.0164828,0.05,1,157770,157344,426
16907521,7.21801,8.0192,425,270870,0.0192966,0.04,1,157777,157352,425
16910441,9.4436,8.00384,427,270870,0.00385931,0.01,1,157787,157360,427
16913361,7.48872,8.00077,426,270870,0.0247719,0.06,1,157794,157368,426
16916281,8.69774,8.00015,427,270870,0.0129544,0.05,1,157803,157376,427
16918101,62.5395,8.00003,495,270870,0.00259087,0.05,1,157879,157384,495
16921021,18.9079,63.2,426,270870,0.00851818,0.05,1,157887,157461,426
16923941,10.9816,19.04,427,270870,0.00170363,0.06,1,157896,157469,427
16926861,8.59632,10.208,427,270870,0.000340727,0.04,1,157904,157477,427
16929781,8.11926,8.4416,427,270870,6.81454e-05,0.04,1,157912,157485,427
16932701,8.02385,8.08832,427,270870,0.00801363,0.03,1,157920,157493,427
16934321,7.20477,8.01766,426,270870,0.0416027,0.06,1,157927,157501,426
16937241,8.64095,7.20353,428,270870,0.0163205,0.05,1,157936,157508,428
16940161,7.32819,7.84071,427,270870,0.0272641,0.06,1,157943,157516,427
16943081,7.86564,7.96814,427,270870,0.0214528,0.04,1,157951,157524,427
16946001,8.77313,7.99363,428,270870,0.0122906,0.05,1,157960,157532,428
16948921,7.35463,7.99873,427,270870,0.0104581,0.06,1,157967,157540,427
16951841,7.87093,7.99975,427,270870,0.0100916,0.07,1,157975,157548,427
16954761,6.37419,7.99995,425,270870,0.00201832,0.04,1,157981,157556,425
16957681,7.67484,7.99999,425,270870,0.0244037,0,1,157989,157564,425
16960601,7.93497,8,425,270870,0.0208807,0.03,1,157997,157572,425
16963521,7.98699,8,425,270870,0.00417615,0.05,1,158005,157580,425
16966441,7.9974,8,425,270870,0.000835229,0.03,1,158013,157588,425
16969361,8.79948,8,426,270870,0.00816705,0.03,1,158022,157596,426
16972281,8.1599,8,426,270870,0.00963341,0.03,1,158030,157604,426
16975201,7.23198,8,425,270870,0.00992668,0.05,1,158037,157612,425
16978121,7.8464,8,425,270870,0.00998534,0.04,1,158045,157620,425
16981041,8.76928,8,426,270870,0.0419971,0.01,1,158054,157628,426
16983961,7.35386,8,425,270870,0.0163994,0.04,1,158061,157636,425
16986881,7.87077,8,425,270870,0.00327988,0.03,1,158069,157644,425
16989801,8.77415,8,426,270870,0.024656,0.04,1,158078,157652,426
16992721,8.15483,8,426,270870,0.0129312,0.06,1,158086,157660,426
16995641,8.83097,8,427,270870,0.0425862,0.04,1,158095,157668,427
16998561,8.16619,8,427,270870,0.0485172,0.05,1,158103,157676,427
17001481,8.03324,8,427,270870,0.0497034,0.07,1,158111,157684,427
17004401,8.00665,8,427,270870,0.0419407,0.04,1,158119,157692,427
17007321,8.00133,8,427,270870,0.0163881,0.05,1,158127,157700,427
17010241,6.40027,8,425,270870,0.0112776,0.05,1,158133,157708,425
17013161,8.48005,8,426,270870,0.0102555,0.03,1,158142,157716,426
17016081,8.09601,8,426,270870,0.0100511,0.04,1,158150,157724,426
17019001,7.2192,8,425,270870,0.0100102,0.03,1,158157,157732,425
17021921,8.64384,8,426,270870,0.010002,0.01,1,158166,157740,426
17024841,8.12877,8,426,270870,0.0100004,0.03,1,158174,157748,426
17026881,7.22575,8,425,270870,0.0180001,0.07,1,158181,157756,425
17029801,10.2452,10.4,425,270870,0.00360002,0.04,1,158192,157767,425
17032721,9.24903,8.48,426,270870,0.00872,0.04,1,158201,157775,426
17035641,8.24981,8.096,426,270870,0.009744,0.04,1,158209,157783,426
17038561,8.04996,8.0192,426,270870,0.0099488,0.06,1,158217,157791,426
17041441,7.20999,8.00384,425,270870,0.0259898,0.05,1,158224,157799,425
17044361,7.842,8.00077,425,270870,0.037198,0.02,1,158232,157807,425
17046641,7.9684,8.00015,425,270870,0.0474396,0.03,1,158240,157815,425
17049561,63.1937,63.2,425,270870,0.00948792,0.04,1,158317,157892,425
17052481,19.0387,19.04,425,269850,0.0178976,0.03,1,158325,157900,425
17055401,10.2077,10.208,425,269850,0.0195795,0.04,1,158333,157908,425
17058321,8.44155,8.4416,425,269850,0.0039159,0.07,1,158341,157916,425
17061241,8.88831,8.08832,426,269850,0.00878318,0.02,1,158350,157924,426
17064161,8.17766,8.01766,426,269850,0.00175664,0.04,1,158358,157932,426
17066821,9.63553,8.00353,428,269850,0.0403513,0.03,1,158368,157940,428
17069741,8.32711,10.4007,425,269850,0.0640703,0.03,1,158376,157951,425
17072661,8.06542,8.48014,425,269850,0.0368141,0.03,1,158384,157959,425
17075581,8.01308,8.09603,425,269850,0.0393628,0.03,1,158392,157967,425
17078501,8.00262,8.01921,425,269850,0.0478726,0.04,1,158400,157975,425
17081421,8.00052,8.00384,425,269850,0.0415745,0.05,1,158408,157983,425
17084341,8.0001,8.00077,425,269850,0.0323149,0.03,1,158416,157991,425
17087261,8.00002,8.00015,425,269850,0.030463,0.03,1,158424,157999,425
17090181,8,8.00003,425,269850,0.0220926,0.01,1,158432,158007,425
17093101,8,8.00001,425,269850,0.0204185,0.03,1,158440,158015,425
17096021,8,8,425,269850,0.0200837,0.03,1,158448,158023,425
17098941,8.8,8,426,269850,0.0360167,0.02,1,158457,158031,426
17101861,8.96,8,427,269850,0.0472034,0.05,1,158466,158039,427
17104781,6.592,8,425,269850,0.0494407,0.07,1,158472,158047,425
17107701,8.5184,8,426,269850,0.0498881,0.01,1,158481,158055,426
17110621,8.10368,8,426,269850,0.0259776,0.06,1,158489,158063,426
17112581,5.62074,8,423,269850,0.0131955,0.03,1,158494,158071,423
17115501,7.52415,5.6,426,269850,0.0106391,0.03,1,158502,158076,426
17118421,8.70483,7.52,427,269850,0.0261278,0.04,1,158511,158084,427
17121341,8.14097,7.904,427,269850,0.0532256,0.04,1,158519,158092,427
17124261,8.02819,7.9808,427,269850,0.0426451,0.04,1,158527,158100,427
17127141,7.20564,7.99616,426,269850,0.016529,0.04,1,158534,158108,426
17130061,7.04113,7.99923,425,269850,0.0113058,0.07,1,158541,158116,425
17132981,7.80823,7.99985,425,269850,0.0342612,0.03,1,158549,158124,425
17135901,8.76165,7.99997,426,269850,0.0148522,0.01,1,158558,158132,426
17138821,7.35233,7.99999,425,269850,0.0429704,0.04,1,158565,158140,425
17141741,7.87047,8,425,269850,0.0565941,0.03,1,158573,158148,425
17144661,7.97409,8,425,269850,0.0753188,0,1,158581,158156,425
17147581,8.79482,8,426,269850,0.0630638,0.01,1,158590,158164,426
17150501,7.35896,8,425,269850,0.0446128,0.04,1,158597,158172,425
17153421,7.87179,8,425,269850,0.0249225,0.01,1,158605,158180,425
17155841,8.77436,8,426,269850,0.0129845,0.01,1,158614,158188,426
17158761,8.15487,7.2,427,269850,0.0105969,0.05,1,158622,158195,427
17161681,8.03097,7.84,427,269850,0.0101194,0.05,1,158630,158203,427
17164601,8.00619,7.968,427,269850,0.0100239,0.05,1,158638,158211,427
17167521,8.00124,7.9936,427,269850,0.0260048,0.04,1,158646,158219,427
17170441,8.80025,7.99872,428,269850,0.061201,0.06,1,158655,158227,428
17173361,6.56005,7.99974,426,269850,0.0602402,0.05,1,158661,158235,426
17176021,8.51201,7.99995,427,269850,0.052048,0.02,1,158670,158243,427
17177681,6.5024,8.79999,424,269850,0.0504096,0.04,1,158676,158252,424
17180601,62.1005,61.76,425,269850,0.0260819,0.03,1,158752,158327,425
17183521,18.8201,18.752,425,269850,0.0292164,0.03,1,158760,158335,425
17186001,10.164,10.1504,425,269850,0.0378433,0.04,1,158768,158343,425
17188921,10.0328,9.23008,426,269850,0.00756866,0.01,1,158778,158352,426
17191841,9.20656,8.24602,427,269850,0.0255137,0.05,1,158787,158360,427
17194321,7.44131,8.0492,426,269850,0.0131027,0.08,1,158794,158368,426
17197241,7.88826,7.20984,427,269850,0.0266206,0.06,1,158802,158375,427
17198901,5.57765,7.84197,424,269850,0.0293241,0.01,1,158807,158383,424
17201821,7.51553,5.56839,427,269850,0.0298648,0.03,1,158815,158388,427
17203681,6.30311,7.51368,425,269850,0.029973,0.05,1,158821,158396,425
17206601,8.46062,7.90274,426,269850,0.0299946,0.01,1,158830,158404,426
17209521,8.89212,7.98055,427,269850,0.0299989,0.03,1,158839,158412,427
17212441,7.37842,7.99611,426,269850,0.0299998,0.06,1,158846,158420,426
17215361,7.87568,7.99922,426,269850,0.014,0.04,1,158854,158428,426
17218281,9.57514,7.99984,428,269850,0.00279999,0.04,1,158864,158436,428
17221201,8.31503,7.99997,428,269850,0.000559998,0.06,1,158872,158444,428
17224121,8.06301,7.99999,428,269850,0.008112,0.06,1,158880,158452,428
17227041,7.2126,8,427,269850,0.0176224,0.07,1,158887,158460,427
17229961,8.64252,8,428,269850,0.0195245,0.05,1,158896,158468,428
17232881,6.5285,8,426,269850,0.0359049,0.05,1,158902,158476,426
17235801,7.7057,8,426,269850,0.031181,0.02,1,158910,158484,426
17238721,7.94114,8,426,269850,0.0302362,0.02,1,158918,158492,426
17241641,8.78823,8,427,269850,0.00604724,0.03,1,158927,158500,427
17244561,8.15765,8,427,269850,0.00120945,0.03,1,158935,158508,427
17247481,7.23153,8,426,269850,0.0242419,0.03,1,158942,158516,426
17250401,7.84631,8,426,269850,0.0448484,0.01,1,158950,158524,426
17252981,12.7693,8,432,269850,0.0169697,0.03,1,158964,158532,432
17255901,8.95385,12,427,269850,0.00339394,0.05,1,158972,158545,427
17258821,8.19077,8.8,427,269850,0.0166788,0.06,1,158980,158553,427
17261741,8.83815,8.16,428,269850,0.0113358,0.08,1,158989,158561,428
17264661,8.96763,8.032,429,269850,0.00226715,0.08,1,158998,158569,429
17267581,6.59353,8.0064,427,269850,0.0324534,0.09,1,159004,158577,427
17270501,7.71871,8.00128,427,269850,0.0384907,0.07,1,159012,158585,427
17273421,7.14374,8.00026,426,269850,0.0396981,0.03,1,159019,158593,426
17276341,7.82875,8.00005,426,269850,0.0559396,0.02,1,159027,158601,426
17279261,7.16575,8.00001,425,269850,0.0351879,0.03,1,159034,158609,425
17282181,7.83315,8,425,269850,0.00703758,0.03,1,159042,158617,425
17285101,7.96663,8,425,269850,0.00940752,0.01,1,159050,158625,425
17288021,7.99333,8,425,269850,0.0018815,0.05,1,159058,158633,425
17290941,10.3987,8,428,269850,0.0243763,0.07,1,159069,158641,428
17293861,8.47973,8,428,269850,0.0128753,0.11,1,159077,158649,428
17296781,8.09595,8,428,269850,0.0425751,0.09,1,159085,158657,428
17299701,7.21919,8,427,269850,0.032515,0.04,1,159092,158665,427
17302621,7.84384,8,427,269850,0.014503,0.06,1,159100,158673,427
17305541,7.16877,8,426,269850,0.0109006,0.04,1,159107,158681,426
17308461,7.83375,8,426,269850,0.0261801,0.04,1,159115,158689,426
17310181,51.9668,8,481,269850,0.029236,0.03,1,159178,158697,481
17312261,19.9934,52,430,269850,0.0218472,0.01,1,159190,158760,430
17315181,10.3987,20,426,270730,0.0283694,0.04,1,159198,158772,426
17318101,8.47973,10.4,426,270730,0.0216739,0.04,1,159206,158780,426
17320581,9.69595,8.48,428,270730,0.0123348,0.06,1,159216,158788,428
17322241,8.33919,9.696,426,270730,0.026467,0.05,1,159224,158798,426
17325161,8.06784,8.3392,426,270730,0.0292934,0.06,1,159232,158806,426
17328081,8.81357,8.06784,427,270730,0.0138587,0.01,1,159241,158814,427
17331001,8.16271,8.01357,427,270730,0.0507717,0.03,1,159249,158822,427
17333921,7.23254,8.00271,426,270730,0.0421543,0.04,1,159256,158830,426
17336181,5.44651,8.00054,423,270730,0.0484309,0.05,1,159261,158838,423
17339101,7.4893,6.40011,425,270730,0.0576862,0.03,1,159269,158844,425
17342021,7.89786,7.68002,425,270730,0.0355372,0.03,1,159277,158852,425
17344941,7.97957,7.936,425,270730,0.0551075,0.02,1,159285,158860,425
17347621,11.1959,7.9872,429,270730,0.0430215,0.02,1,159297,158868,429
17350541,7.83918,10.3974,425,270730,0.0406043,0.03,1,159304,158879,425
17352821,7.96784,8.47949,425,270730,0.0161209,0.03,1,159312,158887,425
17355741,7.19357,6.4959,426,270730,0.0112242,0.05,1,159319,158893,426
17358661,7.83871,7.69918,426,270730,0.00224483,0.06,1,159327,158901,426
17361581,7.96774,7.93984,426,270730,0.000448967,0.06,1,159335,158909,426
17364501,7.99355,7.98797,426,270730,0.00808979,0.05,1,159343,158917,426
17367421,7.99871,7.99759,426,270730,0.00161796,0.04,1,159351,158925,426
17369041,6.39974,7.99952,424,270730,0.0403236,0.03,1,159357,158933,424
17371961,7.67995,6.3999,426,270730,0.0320647,0.04,1,159365,158939,426
17374881,7.13599,7.67998,425,270730,0.0144129,0.05,1,159372,158947,425
17377801,7.8272,7.936,425,270730,0.00288259,0.03,1,159380,158955,425
17380721,8.76544,7.9872,426,270730,0.0405765,0,1,159389,158963,426
17383601,7.35309,7.99744,425,270730,0.0241153,0.05,1,159396,158971,425
17386521,8.67062,7.99949,426,270730,0.0448231,0.04,1,159405,158979,426
17388181,5.73412,7.9999,423,270730,0.0329646,0.01,1,159410,158987,423
17389841,6.74682,5.59998,425,270118,0.0305929,0.04,1,159417,158992,425
17392761,6.94936,6.72,425,270118,0.0141186,0.04,1,159424,158999,425
17395681,8.58987,7.744,426,270118,0.0108237,0.05,1,159433,159007,426
17398601,8.11797,7.9488,426,270118,0.0101647,0.06,1,159441,159015,426
17401281,7.22359,7.98976,425,270118,0.00203295,0.07,1,159448,159023,425
17404201,7.04472,7.19795,425,270118,0.0244066,0.05,1,159455,159030,425
17407121,7.80894,7.83959,425,270118,0.0448813,0.04,1,159463,159038,425
17410041,8.76179,7.96792,426,270118,0.0329763,0.01,1,159472,159046,426
17412961,8.15236,7.99358,426,270118,0.0385953,0.05,1,159480,159054,426
17415841,7.23047,7.99872,425,270118,0.023719,0.06,1,159487,159062,425
17418761,9.44609,7.99974,427,270118,0.0127438,0.02,1,159497,159070,427
17421041,7.48922,7.99995,426,270118,0.0105488,0.06,1,159504,159078,426
17423961,8.69784,8.79999,426,270118,0.0101098,0.05,1,159513,159087,426
17426881,8.13957,8.16,426,270118,0.018022,0.01,1,159521,159095,426
17429801,7.22791,8.032,425,270118,0.0516044,0.02,1,159528,159103,425
17432721,8.64558,8.0064,426,270118,0.0503209,0.01,1,159537,159111,426
17435641,8.12912,8.00128,426,270118,0.0340642,0.03,1,159545,159119,426
17438561,8.82582,8.00026,427,270118,0.0228128,0.01,1,159554,159127,427
17440181,40.9652,8.00005,468,270118,0.0125626,0.05,1,159603,159135,468
17442261,18.593,42.4,430,270118,0.00251251,0.03,1,159616,159186,430
17444341,11.7186,18.08,428,270118,0.0245025,0.02,1,159626,159198,428
17447261,9.54372,12.416,426,270118,0.0049005,0.01,1,159635,159209,426
17450181,8.30874,8.8832,426,270118,0.0009801,0.04,1,159643,159217,426
17452661,11.2617,8.17664,430,270118,0.00819602,0.03,1,159655,159225,430
17454741,7.05235,10.4353,425,270118,0.0336392,0.05,1,159661,159236,425
17457661,7.81047,6.88707,427,270118,0.0147278,0.07,1,159669,159242,427
17459941,7.16209,7.77741,426,270118,0.0429456,0.06,1,159676,159250,426
17462861,7.83242,6.35548,428,270118,0.0485891,0.06,1,159684,159256,428
17465781,7.16648,7.6711,427,270118,0.0337178,0.07,1,159691,159264,427
17468701,8.6333,7.93422,428,270118,0.0147436,0.05,1,159700,159272,428
17471621,7.32666,7.98684,427,270118,0.0109487,0.06,1,159707,159280,427
17474501,7.06533,7.99737,426,270118,0.0181897,0.05,1,159714,159288,426
17476581,8.61307,7.99947,427,270118,0.00363795,0.02,1,159723,159296,427
17478241,7.32261,9.59989,424,270118,0.0487276,0.01,1,159730,159306,424
17481161,7.86452,7.51998,425,270118,0.0177455,0.01,1,159738,159313,425
17484081,7.9729,7.904,425,270118,0.0035491,0.03,1,159746,159321,425
17486561,7.99458,7.9808,425,270118,0.00870982,0.03,1,159754,159329,425
17489481,13.5989,11.9962,427,270118,0.033742,0.01,1,159769,159342,427
17492401,8.31978,8.79923,426,270118,0.0307484,0.07,1,159776,159350,426
17495321,8.06396,8.15985,426,270118,0.0141497,0.04,1,159784,159358,426
17498241,8.01279,8.03197,426,270118,0.0108299,0.03,1,159792,159366,426
17501161,8.80256,8.00639,427,270118,0.010166,0.08,1,159801,159374,427
17504081,8.16051,8.00128,427,270118,0.0100332,0.07,1,159809,159382,427
17507001,8.0321,8.00026,427,270118,0.0100066,0.07,1,159817,159390,427
17509921,8.00642,8.00005,427,270118,0.0100013,0.05,1,159825,159398,427
17512841,6.40128,8.00001,425,270118,0.0100003,0.05,1,159831,159406,425
17515761,7.68026,8,425,270118,0.00200005,0.05,1,159839,159414,425
17518681,7.93605,8,425,270118,0.0164,0.03,1,159847,159422,425
17521601,7.98721,8,425,270118,0.00328,0.02,1,159855,159430,425
17524521,7.99744,8,425,270118,0.016656,0.04,1,159863,159438,425
17527441,7.99949,8,425,270118,0.0353312,0.05,1,159871,159446,425
17530361,8.7999,8,426,270118,0.0230662,0.05,1,159880,159454,426
17533281,7.35998,8,425,270118,0.00461325,0.06,1,159887,159462,425
17536201,8.672,8,426,270118,0.0249227,0.05,1,159896,159470,426
17539121,7.3344,8,425,270118,0.0129845,0.04,1,159903,159478,425
17542041,7.86688,8,425,270118,0.00259691,0.01,1,159911,159486,425
17544961,7.97338,8,425,270118,0.00851938,0.02,1,159919,159494,425
17546881,7.19468,8,424,270118,0.00170388,0.03,1,159926,159502,424
17549801,9.43893,7.2,427,270118,0.0243408,0,1,159936,159509,427
17552721,8.28779,7.84,427,270118,0.0368682,0.05,1,159944,159517,427
17555621,7.25756,7.968,426,270118,0.0473736,0.03,1,159951,159525,426
17558541,7.85151,7.9936,426,270118,0.0414747,0.05,1,159959,159533,426
17561461,7.9703,7.99872,426,270118,0.0402949,0.06,1,159967,159541,426
17564381,7.19406,7.99974,425,270118,0.024059,0.06,1,159974,159549,425
17566641,7.83881,7.99995,425,270118,0.0208118,0.03,1,159982,159557,425
17568721,9.56776,8.79999,426,270118,0.0121624,0.01,1,159992,159566,426
17570801,33.9136,34.56,425,270118,0.0104325,0.02,1,160032,159607,425
17572881,18.7827,18.112,426,270118,0.0260865,0.01,1,160047,159621,426
17574961,13.3565,14.0224,425,270118,0.0372173,0.02,1,160059,159634,425
17577881,10.6713,10.8045,425,270118,0.00744346,0.01,1,160069,159644,425
17580801,9.33426,8.5609,426,270118,0.00148869,0.05,1,160078,159652,426
17583281,7.46685,8.11218,425,270118,0.000297738,0.01,1,160085,159660,425
17585361,9.49337,8.82244,426,270118,5.95477e-05,0.05,1,160095,159669,426
17588281,9.09867,8.96449,426,270118,0.0240119,0.04,1,160104,159678,426
17591201,7.41973,8.1929,425,270118,0.0208024,0.05,1,160111,159686,425
17593681,8.68395,8.03858,426,270118,0.0361605,0.01,1,160120,159694,426
17596601,8.13679,7.20772,427,270118,0.0392321,0.02,1,160128,159701,427
17598881,7.22736,7.84154,426,270118,0.0318464,0.05,1,160135,159709,426
17601801,8.64547,8.76831,426,270118,0.0383693,0.03,1,160144,159718,426
17604721,7.32909,8.15366,425,270118,0.0236739,0.05,1,160151,159726,425
17607641,7.86582,8.03073,425,270118,0.00473477,0.02,1,160159,159734,425
17609281,7.17316,8.00615,424,270118,0.032947,0.01,1,160166,159742,424
17612201,9.43463,7.20123,427,270118,0.00658939,0.01,1,160176,159749,427
17615121,8.28693,7.84025,427,270118,0.00131788,0.07,1,160184,159757,427
17617601,6.45739,7.96805,425,270118,0.0402636,0.03,1,160190,159765,425
17619681,10.0915,10.3936,425,270118,0.0320527,0.04,1,160201,159776,425
17622601,10.0183,10.0787,425,270118,0.0224105,0.03,1,160211,159786,425
17625521,8.40366,8.41574,425,270118,0.00448211,0.05,1,160219,159794,425
17628441,8.08073,8.08315,425,270118,0.000896422,0.04,1,160227,159802,425
17631361,8.01615,8.01663,425,270118,0.00817928,0.03,1,160235,159810,425
17634241,8.00323,8.00333,425,270118,0.0416359,0.03,1,160243,159818,425
17637161,8.80065,8.00067,426,270118,0.0243272,0.02,1,160252,159826,426
17640081,8.96013,8.00013,427,270118,0.0128654,0.01,1,160261,159834,427
17641941,6.59203,8.00003,425,270118,0.0345731,0.05,1,160267,159842,425
17644861,7.71841,7.20001,426,270118,0.0469146,0.06,1,160275,159849,426
17647781,8.74368,7.84,427,270118,0.0413829,0.05,1,160284,159857,427
17650701,7.34874,7.968,426,270118,0.0402766,0.03,1,160291,159865,426
17653621,7.86975,7.9936,426,270118,0.0160553,0.03,1,160299,159873,426
17656541,7.97395,7.99872,426,270118,0.0272111,0.06,1,160307,159881,426
17659461,7.19479,7.99974,425,270118,0.0294422,0.04,1,160314,159889,425
17662381,8.63896,7.99995,426,270118,0.0298884,0.01,1,160323,159897,426
17665301,8.12779,7.99999,426,270118,0.0139777,0.04,1,160331,159905,426
17667941,6.42556,8,424,270118,0.0347955,0.05,1,160337,159913,424
17670861,8.48511,7.2,426,270118,0.0309591,0.05,1,160346,159920,426
17673781,8.09702,7.84,426,270118,0.0221918,0.03,1,160354,159928,426
17676701,8.8194,7.968,427,270118,0.0284384,0.04,1,160363,159936,427
17679621,8.16388,7.9936,427,270118,0.0296877,0.04,1,160371,159944,427
17682541,8.03278,7.99872,427,270118,0.00593753,0.03,1,160379,159952,427
17685461,8.00656,7.99974,427,270118,0.00118751,0.03,1,160387,159960,427
17687701,5.60131,7.99995,424,270118,0.0242375,0.06,1,160392,159968,424
17690621,7.52026,6.39999,426,270118,0.0288475,0.04,1,160400,159974,426
17693541,7.90405,7.68,426,270118,0.0457695,0.04,1,160408,159982,426
17696461,8.78081,7.936,427,270118,0.0171539,0.04,1,160417,159990,427
17699381,7.35616,7.9872,426,270118,0.0274308,0.05,1,160424,159998,426
17701221,30.2712,7.99744,454,270118,0.00548616,0.04,1,160460,160006,454
17703301,14.8542,31.1995,428,270118,0.00909723,0.03,1,160471,160043,428
17705381,12.5708,13.4399,431,270238,0.0338194,0.01,1,160483,160052,431
17707461,9.71417,13.888,426,270238,0.0467639,0,1,160492,160066,426
17709541,15.5428,9.9776,434,270238,0.0333528,0,1,160509,160075,434
17711201,6.30857,13.1955,424,270238,0.0226706,0.08,1,160513,160089,424
17714121,10.0617,10.6391,425,270238,0.0365341,0.02,1,160524,160099,425
17717041,8.41234,8.52782,425,270238,0.00730682,0.05,1,160532,160107,425
17719961,8.08247,8.10556,425,270238,0.00946136,0.05,1,160540,160115,425
17722881,8.01649,8.02111,425,270238,0.0178923,0.04,1,160548,160123,425
17725801,8.0033,8.00422,425,270238,0.0115785,0.05,1,160556,160131,425
17728261,8.00066,8.00084,425,270238,0.00231569,0.05,1,160564,160139,425
17729921,6.40013,7.20017,424,270238,0.00846314,0.03,1,160570,160146,424
17732841,12.48,11.04,426,270238,0.00969263,0.04,1,160584,160158,426
17735761,8.89601,8.60801,426,270238,0.00193853,0.04,1,160592,160166,426
17738681,8.9792,8.1216,427,270238,0.00838771,0.04,1,160601,160174,427
17741601,7.39584,8.02432,426,270238,0.00967754,0.05,1,160608,160182,426
17744521,7.87917,8.00486,426,270238,0.00993551,0.06,1,160616,160190,426
17747441,7.97583,8.00097,426,270238,0.0099871,0.05,1,160624,160198,426
17750361,8.79517,8.00019,427,270238,0.0259974,0.03,1,160633,160206,427
17752181,13.759,8.00004,434,270238,0.00519948,0.01,1,160648,160214,434
17755101,9.15181,14.4,426,270238,0.0170399,0.06,1,160656,160230,426
17758021,7.43036,9.28,425,270238,0.00340798,0.06,1,160663,160238,425
17760941,7.88607,8.256,425,270238,0.0086816,0.05,1,160671,160246,425
17763861,7.97721,8.0512,425,270238,0.0257363,0.05,1,160679,160254,425
17766781,9.59544,8.01024,427,270238,0.0291473,0.04,1,160689,160262,427
17769701,8.31909,8.00205,427,270238,0.0218295,0.05,1,160697,160270,427
17772621,8.06382,8.00041,427,270238,0.0443659,0.05,1,160705,160278,427
17775541,6.41276,8.00008,425,270238,0.0408732,0.05,1,160711,160286,425
17778461,9.28255,8.00002,427,270238,0.0321746,0.03,1,160721,160294,427
17780881,6.65651,8,425,270238,0.0304349,0.05,1,160727,160302,425
17783801,7.7313,7.2,426,270238,0.030087,0.02,1,160735,160309,426
17786721,7.14626,7.84,425,270238,0.0140174,0.05,1,160742,160317,425
17789641,8.62925,7.968,426,270238,0.0108035,0.03,1,160751,160325,426
17792561,7.32585,7.9936,425,270238,0.0181607,0.05,1,160758,160333,425
17795481,8.66517,7.99872,426,270238,0.00363214,0.02,1,160767,160341,426
17798401,8.93303,7.99974,427,270238,0.00872643,0.02,1,160776,160349,427
17801321,7.38661,7.99995,426,270238,0.00974529,0.03,1,160783,160357,426
17804241,7.87732,7.99999,426,270238,0.00194906,0.01,1,160791,160365,426
17807161,7.97546,8,426,270238,0.00838981,0.04,1,160799,160373,426
17810081,7.99509,8,426,270238,0.00967796,0.02,1,160807,160381,426
17813001,8.79902,8,427,270238,0.0179356,0.02,1,160816,160389,427
17815921,7.3598,8,426,270238,0.00358712,0.03,1,160823,160397,426
17818841,7.87196,8,426,270238,0.0167174,0.03,1,160831,160405,426
17821761,8.77439,8,427,270238,0.0193435,0.04,1,160840,160413,427
17824561,7.35488,8,426,270238,0.0358687,0.06,1,160847,160421,426
17827481,8.67098,8,427,270238,0.0231737,0.06,1,160856,160429,427
17829761,6.5342,8,425,270238,0.0526347,0.01,1,160862,160437,425
17832681,29.3068,28.8,426,270238,0.034527,0.03,1,160897,160471,426
17835381,14.6614,12.16,429,270238,0.00690539,0.06,1,160908,160479,429
17837461,12.5323,12.032,429,270238,0.0253811,0.03,1,160920,160491,429
17839541,14.5065,11.2064,433,270238,0.0130762,0.01,1,160935,160502,433
17841621,10.9013,14.2413,428,270238,0.00261524,0.02,1,160945,160517,428
17844321,7.78026,10.8483,425,270238,0.032523,0.03,1,160952,160527,425
17847241,9.55605,9.36965,426,270238,0.00650461,0,1,160962,160536,426
17850161,8.31121,8.27393,426,270238,0.00930092,0.03,1,160970,160544,426
17853081,7.26224,8.05479,425,270238,0.00186018,0.02,1,160977,160552,425
17856001,8.65245,8.01096,426,270238,0.00837204,0.01,1,160986,160560,426
17858261,8.13049,8.00219,426,270238,0.00967441,0.03,1,160994,160568,426
17860961,8.0261,8.80044,425,270238,0.0259349,0.02,1,161002,160577,425
17863881,14.4052,14.5601,425,270238,0.029187,0.03,1,161018,160593,425
17866801,9.28104,9.31202,425,270238,0.0298374,0.01,1,161026,160601,425
17869721,8.25621,8.2624,425,270238,0.0299675,0.05,1,161034,160609,425
17872641,8.05124,8.05248,425,270238,0.0299935,0.04,1,161042,160617,425
17875521,8.01025,8.0105,425,270238,0.0459987,0.03,1,161050,160625,425
17877601,8.00205,8.0021,425,270238,0.0651997,0.03,1,161058,160633,425
17880521,11.2004,10.4004,426,270238,0.0610399,0.01,1,161070,160644,426
17882181,8.64008,8.48008,426,270238,0.028208,0.02,1,161078,160652,426
17884261,11.328,7.29602,431,270238,0.0136416,0.01,1,161090,160659,431
17887181,8.6656,11.8592,426,270238,0.0107283,0.05,1,161098,160672,426
17890101,8.13312,8.77184,426,270238,0.0261457,0.05,1,161106,160680,426
17893021,8.02662,8.15437,426,270238,0.0452291,0.04,1,161114,160688,426
17895941,8.80533,8.03087,427,270238,0.0410458,0.07,1,161123,160696,427
17898861,6.56107,8.00617,425,270238,0.00820917,0.05,1,161129,160704,425
17901781,8.51221,8.00123,426,270238,0.0416418,0.05,1,161138,160712,426
17904701,8.10244,8.00025,426,270238,0.0483284,0.06,1,161146,160720,426
17907621,7.22049,8.00005,425,270238,0.0176657,0.06,1,161153,160728,425
17910261,10.2441,8.00001,428,270238,0.0355331,0.04,1,161164,160736,428
17913181,8.44882,9.6,426,270238,0.0151066,0.04,1,161172,160746,426
17916101,8.08976,8.32,426,270238,0.0190213,0.03,1,161180,160754,426
17919021,8.01795,8.064,426,270238,0.0278043,0.02,1,161188,160762,426
17921941,8.00359,8.0128,426,270238,0.0295609,0.02,1,161196,160770,426
17924861,8.00072,8.00256,426,270238,0.0459122,0.03,1,161204,160778,426
17927781,8.00014,8.00051,426,270238,0.0491824,0.03,1,161212,160786,426
17930701,8.00003,8.0001,426,270238,0.0418365,0.02,1,161220,160794,426
17933621,8.00001,8.00002,426,270238,0.0083673,0.01,1,161228,160802,426
17936541,7.2,8,425,270238,0.0256735,0.01,1,161235,160810,425
17939461,7.84,8,425,270238,0.0291347,0.01,1,161243,160818,425
17942381,9.568,8,427,270238,0.0138269,0.03,1,161253,160826,427
17945301,8.3136,8,427,270238,0.0107654,0.06,1,161261,160834,427
17948221,8.86272,8,428,270238,0.0101531,0.05,1,161270,160842,428
17951141,7.37254,8,427,270238,0.0260306,0.05,1,161277,160850,427
17954061,7.07451,8,426,270238,0.0372061,0.05,1,161284,160858,426
17956981,8.6149,8,427,270238,0.0314412,0.04,1,161293,160866,427
17959901,8.12298,8,427,270238,0.0462882,0.06,1,161301,160874,427
17962261,20.8246,8,443,270238,0.0492577,0.03,1,161325,160882,443
17964341,12.1649,20.8,429,270238,0.0338515,0.03,1,161335,160906,429
17967261,8.83298,12.96,426,270238,0.0147703,0.03,1,161343,160917,426
17969541,16.9666,8.992,437,270238,0.0109541,0.01,1,161362,160925,437
17971621,8.19332,16.9984,424,270238,0.0181908,0.03,1,161368,160944,424
17973701,12.8387,8.19968,432,270238,0.0116382,0,1,161382,160950,432
17976621,9.76773,13.6399,426,270238,0.0183276,0.02,1,161391,160965,426
17978901,12.3535,9.12799,431,270238,0.0116655,0.04,1,161404,160973,431
17981821,9.67071,13.0256,426,270238,0.0263331,0.01,1,161413,160987,426
17984741,8.33414,9.00512,426,270238,0.0132666,0.04,1,161421,160995,426
17987661,8.06683,8.20102,426,270238,0.0266533,0.04,1,161429,161003,426
17990581,8.01337,8.0402,426,270238,0.0453307,0.06,1,161437,161011,426
17993461,8.00267,8.00804,426,270238,0.00906613,0.04,1,161445,161019,426
17996381,8.00053,8.00161,426,270238,0.00981323,0.05,1,161453,161027,426
17999301,8.80011,8.00032,427,270238,0.00996265,0.04,1,161462,161035,427
18001781,6.56002,8.00006,425,270238,0.00199253,0.06,1,161468,161043,425
18004701,7.712,7.20001,426,270238,0.00839851,0.07,1,161476,161050,426
18007621,7.9424,7.84,426,270238,0.0096797,0.07,1,161484,161058,426
18010101,11.1885,7.968,430,270238,0.00993594,0.04,1,161496,161066,430
18012181,15.0377,10.3936,435,270238,0.00998719,0.01,1,161512,161077,435
18014261,7.80754,15.6787,424,270238,0.0419974,0.05,1,161518,161094,424
18016341,13.5615,7.93574,433,270238,0.0483995,0.05,1,161533,161100,433
18019261,9.9123,13.5871,427,270238,0.0096799,0.04,1,161542,161115,427
18022181,8.38246,9.11743,427,270238,0.041936,0.06,1,161550,161123,427
18025101,8.07649,8.22349,427,270238,0.0163872,0.06,1,161558,161131,427
18028021,7.2153,8.0447,426,270238,0.00327744,0.06,1,161565,161139,426
18030941,8.64306,8.00894,427,270238,0.0486555,0.03,1,161574,161147,427
18033861,7.32861,8.00179,426,270238,0.0097311,0.05,1,161581,161155,426
18036781,7.06572,8.00036,425,270238,0.0499462,0.05,1,161588,161163,425
18039701,7.81314,8.00007,425,270238,0.0499892,0.04,1,161596,161171,425
18042341,11.1626,8.00001,429,270238,0.0499979,0.02,1,161608,161179,429
18045261,9.43253,10.4,427,270238,0.0339996,0.05,1,161617,161190,427
18048181,8.28651,8.48,427,270238,0.0147999,0.05,1,161625,161198,427
18051101,8.0573,8.096,427,270238,0.01096,0.07,1,161633,161206,427
18054021,7.21146,8.0192,426,270238,0.026192,0.05,1,161640,161214,426
18056941,7.84229,8.00384,426,270238,0.0612384,0.04,1,161648,161222,426
18059861,7.16846,8.00077,425,270238,0.0522477,0.04,1,161655,161230,425
18062781,7.83369,8.00015,425,270238,0.0344495,0.02,1,161663,161238,425
18065701,7.96674,8.00003,425,270238,0.0148899,0.03,1,161671,161246,425
18068621,8.79335,8.00001,426,270238,0.050978,0.01,1,161680,161254,426
18071541,8.15867,8,426,270238,0.0181956,0.03,1,161688,161262,426
18074461,8.03173,8,426,270238,0.0356391,0.03,1,161696,161270,426
18077381,8.00635,8,426,270238,0.0471278,0.04,1,161704,161278,426
18080301,8.80127,8,427,270238,0.0494256,0.02,1,161713,161286,427
18083221,7.36025,8,426,270238,0.0418851,0.04,1,161720,161294,426
18086141,7.87205,8,426,270238,0.032377,0.04,1,161728,161302,426
18089061,7.97441,8,426,270238,0.0384754,0.05,1,161736,161310,426
18090801,7.99488,8,426,270238,0.0556951,0.08,1,161744,161318,426
18092881,9.59898,9.6,426,270238,0.011139,0.03,1,161754,161328,426
18094961,12.3198,13.12,425,270238,0.0102278,0.04,1,161767,161342,425
18097881,14.464,13.824,426,270238,0.0100456,0.01,1,161782,161356,426
18099541,6.09279,9.1648,422,270238,0.0260091,0.03,1,161786,161364,422
18101621,14.0186,5.83296,433,270238,0.0292018,0,1,161802,161369,433
18103701,10.0037,13.1666,427,270238,0.0138404,0,1,161811,161384,427
18105781,12.4007,9.83332,431,270238,0.0267681,0.02,1,161824,161393,431
18107441,6.48015,11.5667,424,270238,0.0293536,0.06,1,161829,161405,424
18109521,7.69603,7.91333,425,270238,0.00587072,0.03,1,161837,161412,425
18112441,7.93921,6.38267,427,270238,0.00917414,0.02,1,161845,161418,427
18115361,7.18784,7.67653,426,270238,0.0178348,0.05,1,161852,161426,426
18117221,6.23757,7.93531,424,270238,0.011567,0.06,1,161858,161434,424
18119301,8.44751,5.58706,428,270238,0.0343134,0.06,1,161867,161439,428
18120961,6.4895,9.11741,424,270258,0.0148627,0,1,161873,161449,424
18123881,10.8979,9.02348,427,270258,0.0349725,0.03,1,161885,161458,427
18126801,7.77958,8.2047,426,270258,0.0309945,0.05,1,161892,161466,426
18129721,7.95592,8.04094,426,270258,0.0301989,0.04,1,161900,161474,426
18132641,7.99118,8.00819,426,270258,0.00603978,0.03,1,161908,161482,426
18135561,7.99824,8.00164,426,270258,0.025208,0.04,1,161916,161490,426
18138481,8.79965,8.00033,427,270258,0.0290416,0.04,1,161925,161498,427
18140721,7.35993,8.00007,426,270258,0.0138083,0.07,1,161932,161506,426
18142801,8.67199,8.00001,427,270258,0.0107617,0.07,1,161941,161514,427
18144881,8.9344,9.6,426,270258,0.0261523,0.05,1,161950,161524,426
18146961,12.1869,12.32,426,270258,0.00523047,0.01,1,161963,161537,426
18149881,8.83738,8.864,426,270258,0.0250461,0.02,1,161971,161545,426
18151541,9.76748,8.1728,428,270258,0.0290092,0.01,1,161981,161553,428
18153201,6.7535,8.83456,425,270258,0.00580184,0.09,1,161987,161562,425
18156121,10.9507,9.76691,427,270258,0.00116037,0.01,1,161999,161572,427
18159041,8.59014,8.35338,427,270258,0.00823207,0.06,1,162007,161580,427
18161961,8.11803,8.07068,427,270258,0.0176464,0.05,1,162015,161588,427
18164881,7.22361,8.01414,426,270258,0.0275293,0.06,1,162022,161596,426
18167801,7.84472,8.00283,426,270258,0.0295059,0.06,1,162030,161604,426
18170721,7.96894,8.00057,426,270258,0.0299012,0.06,1,162038,161612,426
18172961,7.19379,8.00011,425,270258,0.00598023,0.01,1,162045,161620,425
18175881,10.2388,8.80002,427,270258,0.049196,0.02,1,162056,161629,427
18178801,9.24775,8.16,428,270258,0.0338392,0.05,1,162065,161637,428
18181721,8.24955,8.032,428,270258,0.0227678,0.05,1,162073,161645,428
18184641,7.24991,8.0064,427,270258,0.0525536,0.05,1,162080,161653,427
18187561,7.84998,8.00128,427,270258,0.0665107,0.06,1,162088,161661,427
18190481,7.97,8.00026,427,270258,0.0693021,0.05,1,162096,161669,427
18193401,7.194,8.00005,426,270258,0.0458604,0.02,1,162103,161677,426
18195841,8.6388,8.00001,427,270258,0.0331721,0.04,1,162112,161685,427
18198761,7.32776,7.2,427,270258,0.00663442,0.05,1,162119,161692,427
18201681,7.86555,7.84,427,270258,0.00932688,0.06,1,162127,161700,427
18204601,7.97311,7.968,427,270258,0.00986538,0.08,1,162135,161708,427
18207521,6.39462,7.9936,425,270258,0.00997308,0.06,1,162141,161716,425
18210441,8.47892,7.99872,426,270258,0.0259946,0.03,1,162150,161724,426
18213361,8.89579,7.99974,427,270258,0.0451989,0.04,1,162159,161732,427
18216281,7.37916,7.99995,426,270258,0.0490398,0.05,1,162166,161740,426
18219201,7.07583,7.99999,425,270258,0.033808,0.03,1,162173,161748,425
18222121,7.81517,8,425,270258,0.0227616,0.03,1,162181,161756,425
18223921,7.16303,8,424,270258,0.0285523,0.03,1,162188,161764,424
18226001,11.8326,10.4,426,270258,0.0537105,0.01,1,162201,161775,426
18228921,12.7665,12.48,426,270258,0.0267421,0,1,162214,161788,426
18231621,17.7533,8.896,437,270258,0.0213484,0.01,1,162233,161796,437
18234321,10.7507,17.7792,426,270258,0.0122697,0.04,1,162242,161816,426
18236401,10.9501,13.1558,425,270258,0.00245394,0.02,1,162253,161828,425
18239321,14.19,14.6312,425,270258,0.00849079,0.03,1,162268,161843,425
18242241,10.838,9.32623,427,270258,0.00169816,0.01,1,162278,161851,427
18245161,8.5676,8.26525,427,270258,0.000339631,0.04,1,162286,161859,427
18248081,8.11352,8.05305,427,270258,0.00806793,0.06,1,162294,161867,427
18249921,5.6227,8.01061,424,270258,0.00961359,0.06,1,162299,161875,424
18252841,10.7245,8.80212,427,270258,0.0419227,0.05,1,162311,161884,427
18255541,10.1449,8.16042,429,270258,0.0403845,0.02,1,162321,161892,429
18257201,7.62898,10.4321,425,270258,0.0640769,0,1,162328,161903,425
18260121,7.1258,6.08642,427,270258,0.0528154,0.05,1,162335,161908,427
18263041,6.22516,7.61728,425,270258,0.0185631,0.04,1,162341,161916,425
18265961,7.64503,7.92346,425,270258,0.00371261,0.03,1,162349,161924,425
18268641,8.72901,7.98469,426,270258,0.00874252,0.05,1,162358,161932,426
18271561,11.3458,11.9969,425,270258,0.0017485,0.02,1,162370,161945,425
18274481,8.66916,8.79939,425,270258,0.0083497,0.03,1,162378,161953,425
18277381,11.3338,8.15988,429,270258,0.00966994,0.04,1,162390,161961,429
18279461,11.0668,9.63198,430,270258,0.025934,0.02,1,162401,161971,430
18281541,11.8134,11.5264,430,270258,0.0131868,0.02,1,162413,161983,430
18284241,8.76267,12.7053,425,270258,0.00263736,0.02,1,162421,161996,425
18287161,12.9525,12.9411,426,270258,0.0165275,0.03,1,162435,162009,426
18289441,8.99051,8.98821,426,270258,0.0353055,0.06,1,162443,162017,426
18292361,10.5981,11.3976,425,270258,0.0150611,0.03,1,162454,162029,425
18295281,10.1196,8.67953,427,270258,0.0270122,0,1,162464,162037,427
18298201,8.42392,8.13591,427,270258,0.0134024,0.03,1,162472,162045,427
18301121,8.08478,8.02718,427,270258,0.0266805,0.03,1,162480,162053,427
18304041,7.21696,8.00544,426,270258,0.0133361,0.03,1,162487,162061,426
18306961,8.64339,8.00109,427,270258,0.0266672,0.02,1,162496,162069,427
18309881,8.92868,8.00022,428,270258,0.0133334,0.05,1,162505,162077,428
18312801,8.18574,8.00004,428,270258,0.00266669,0.05,1,162513,162085,428
18315721,7.23715,8.00001,427,270258,0.00853334,0.05,1,162520,162093,427
18318641,6.24743,8,425,270258,0.0657067,0.05,1,162526,162101,425
18321561,7.64949,8,425,270258,0.0211413,0.02,1,162534,162109,425
18324481,8.7299,8,426,270258,0.0282283,0.03,1,162543,162117,426
18327401,7.34598,8,425,270258,0.00564565,0.03,1,162550,162125,425
18330321,8.6692,8,426,270258,0.00112913,0.03,1,162559,162133,426
18333241,8.93384,8,427,270258,0.0402258,0.06,1,162568,162141,427
18336161,8.18677,8,427,270258,0.0160452,0.08,1,162576,162149,427
18339081,8.03735,8,427,270258,0.00320903,0.08,1,162584,162157,427
18342001,7.20747,8,426,270258,0.0246418,0.04,1,162591,162165,426
18344921,7.84149,8,426,270258,0.0449284,0.03,1,162599,162173,426
18347841,7.9683,8,426,270258,0.0649857,0.03,1,162607,162181,426
18350761,7.99366,8,426,270258,0.0609971,0.06,1,162615,162189,426
18353681,7.99873,8,426,270258,0.0361994,0.05,1,162623,162197,426
18356601,7.99975,8,426,270258,0.0152399,0.04,1,162631,162205,426
18358501,7.19995,8,425,270258,0.011048,0.05,1,162638,162213,425
18360581,23.84,8,445,270258,0.0342096,0.03,1,162666,162221,445
18363501,11.168,24,425,270298,0.0148419,0.03,1,162674,162249,425
18365361,7.8336,11.2,424,270298,0.0509684,0.03,1,162681,162257,424
18367441,8.76672,7.84,426,270298,0.0181937,0.01,1,162690,162264,426
18369521,11.3533,11.968,425,270298,0.0276387,0.01,1,162702,162277,425
18372441,14.2707,12.7936,427,270298,0.0295277,0.02,1,162717,162290,427
18375361,9.25413,8.95872,427,270298,0.00590555,0.04,1,162725,162298,427
18378281,8.25083,8.19174,427,270298,0.00118111,0.06,1,162733,162306,427
18381201,9.65017,8.03835,429,270298,0.000236222,0.06,1,162743,162314,429
18383041,5.93003,8.00767,426,270298,0.0240472,0.09,1,162748,162322,426
18385961,6.78601,7.20153,426,270298,0.00480945,0.07,1,162755,162329,426
18388881,7.7572,7.84031,426,270298,0.00096189,0.05,1,162763,162337,426
18391801,7.15144,7.96806,425,270298,0.0241924,0.04,1,162770,162345,425
18394721,8.63029,7.99361,426,270298,0.0128385,0,1,162779,162353,426
18397641,8.12606,7.99872,426,270298,0.0345677,0.02,1,162787,162361,426
18400561,8.02521,7.99974,426,270298,0.0309135,0.04,1,162795,162369,426
18403221,12.005,7.99995,431,270298,0.00618271,0.03,1,162808,162377,431
18404881,8.00101,12,425,270298,0.00923654,0.02,1,162815,162390,425
18407801,8.0002,8,426,270298,0.0258473,0.04,1,162823,162397,426
18409461,4.80004,8,422,270298,0.00516946,0.05,1,162827,162405,422
18411541,12.96,5.6,432,270298,0.0170339,0.01,1,162842,162410,432
18413621,11.392,12.32,429,270298,0.0114068,0.02,1,162853,162424,429
18415281,7.8784,11.264,425,270298,0.0342814,0.03,1,162860,162435,425
18418201,10.3757,10.2528,426,270298,0.00685627,0.01,1,162871,162445,426
18421121,8.47514,8.45056,426,270298,0.00937125,0.03,1,162879,162453,426
18424021,7.29503,8.09011,425,270298,0.00987425,0.04,1,162886,162461,425
18426941,8.65901,8.01802,426,270298,0.0259749,0.01,1,162895,162469,426
18429861,8.1318,8.0036,426,270298,0.053195,0.04,1,162903,162477,426
18432781,8.02636,8.00072,426,270298,0.026639,0.04,1,162911,162485,426
18435041,8.00527,8.00014,426,270298,0.0293278,0.05,1,162919,162493,426
18437961,9.60105,9.60003,426,270298,0.0298656,0.01,1,162929,162503,426
18440241,9.92021,8.32001,428,270298,0.0379731,0.09,1,162939,162511,428
18443161,11.584,12.864,426,270298,0.00759462,0.03,1,162951,162525,426
18446081,7.91681,8.9728,425,270298,0.0255189,0.03,1,162958,162533,425
18449001,7.98336,8.19456,425,270298,0.0371038,0.01,1,162966,162541,425
18451921,8.79667,8.03891,426,270298,0.0314208,0.01,1,162975,162549,426
18454841,8.15933,8.00778,426,270298,0.0222842,0.05,1,162983,162557,426
18457761,7.23187,8.00156,425,270298,0.0364568,0.03,1,162990,162565,425
18459381,7.84637,8.00031,425,270298,0.0232914,0.01,1,162998,162573,425
18462301,7.96927,6.40006,427,270298,0.0206583,0.03,1,163006,162579,427
18465221,8.79386,7.68001,428,270298,0.0121317,0.05,1,163015,162587,428
18468141,8.15877,7.936,428,270298,0.00242633,0.09,1,163023,162595,428
18471061,7.23175,7.9872,427,270298,0.0244853,0.06,1,163030,162603,427
18473941,7.84635,7.99744,427,270298,0.0288971,0.02,1,163038,162611,427
18476861,6.36927,7.99949,425,270298,0.0297794,0.04,1,163044,162619,425
18479781,7.67385,7.9999,425,270298,0.0299559,0.03,1,163052,162627,425
18482701,7.93477,7.99998,425,270298,0.0139912,0.01,1,163060,162635,425
18485381,8.78695,8,426,270298,0.0187982,0.03,1,163069,162643,426
18488301,8.15739,7.2,427,270298,0.0357596,0.06,1,163077,162650,427
18490581,14.4315,7.84,435,270298,0.0311519,0.02,1,163093,162658,435
18492661,13.2863,14.368,432,270298,0.0142304,0.05,1,163106,162674,432
18495581,9.05726,14.0736,426,270298,0.0348461,0.05,1,163114,162688,426
18498481,8.21145,9.21472,426,270298,0.0949692,0.05,1,163122,162696,426
18500561,9.64229,9.84294,426,270298,0.0669938,0.01,1,163132,162706,426
18503481,20.3285,20.3686,426,270298,0.0293988,0,1,163155,162729,426
18506401,10.4657,10.4737,426,270298,0.00587975,0.03,1,163163,162737,426
18509321,8.49314,8.49474,426,270298,0.00117595,0.04,1,163171,162745,426
18512001,7.29863,8.09895,425,270298,0.0162352,0.05,1,163178,162753,425
18514921,7.05973,7.21979,425,270298,0.027247,0.06,1,163185,162760,425
18517841,8.61195,7.84396,426,270298,0.0214494,0.02,1,163194,162768,426
18520761,8.12239,7.96879,426,270298,0.0362899,0.03,1,163202,162776,426
18523681,8.02448,7.99376,426,270298,0.031258,0.01,1,163210,162784,426
18526601,7.2049,7.99875,425,270298,0.00625159,0.05,1,163217,162792,425
18529521,7.84098,7.99975,425,270298,0.00925032,0.03,1,163225,162800,425
18532441,8.7682,7.99995,426,270298,0.0338501,0.03,1,163234,162808,426
18535301,11.3536,7.99999,430,270298,0.05477,0.01,1,163246,162816,430
18538221,8.67073,11.2,426,270298,0.034954,0.06,1,163254,162828,426
18540081,6.53415,8.64,424,270298,0.0149908,0.06,1,163260,162836,424
18542161,9.30683,8.128,426,270298,0.0429982,0.01,1,163270,162844,426
18545081,17.0614,17.6256,425,270298,0.0165996,0.03,1,163289,162864,425
18548001,9.81227,9.92512,425,270298,0.0113199,0.03,1,163297,162872,425
18549861,9.16245,8.38502,426,270298,0.010264,0.02,1,163306,162880,426
18552781,9.03249,8.077,427,270298,0.0100528,0.04,1,163315,162888,427
18554641,6.6065,8.0154,425,270298,0.0100106,0.06,1,163321,162896,425
18557561,8.5213,7.20308,427,270298,0.0100021,0.02,1,163330,162903,427
18560481,7.30426,7.84062,426,270298,0.0260004,0.03,1,163337,162911,426
18563401,8.66085,7.96812,427,270298,0.0292001,0.02,1,163346,162919,427
18566321,8.13217,7.99362,427,270298,0.02984,0.03,1,163354,162927,427
18568161,5.62643,7.99872,424,270298,0.029968,0.05,1,163359,162935,424
18571081,9.92529,8.79975,426,270298,0.0059936,0.03,1,163370,162944,426
18572741,8.38506,8.15995,426,270298,0.0251987,0.05,1,163378,162952,426
18575661,8.07701,8.03199,426,270298,0.0450397,0.05,1,163386,162960,426
18577941,7.2154,8.0064,425,270298,0.0170079,0.06,1,163393,162968,425
18580861,7.84308,6.40128,427,270298,0.0514016,0.03,1,163401,162974,427
18583781,7.16862,7.68026,426,270298,0.0342803,0.04,1,163408,162982,426
18586701,7.83372,7.93605,426,270298,0.0148561,0.06,1,163416,162990,426
18589381,8.76674,7.98721,427,270298,0.0189712,0.02,1,163425,162998,427
18591461,9.75335,9.59744,427,270298,0.00379424,0.05,1,163435,163008,427
18593121,7.55067,9.91949,424,270298,0.0327588,0.04,1,163442,163018,424
18596041,10.3101,9.1839,426,270298,0.0225518,0.03,1,163453,163027,426
18598321,8.46203,8.23678,426,270298,0.00451035,0.06,1,163461,163035,426
18601241,6.49241,6.44736,426,270298,0.0169021,0.05,1,163467,163041,426
18604161,6.89848,7.68947,425,270298,0.0353804,0.03,1,163474,163049,425
18607081,8.5797,7.93789,426,270298,0.0310761,0.01,1,163483,163057,426
18610001,8.11594,7.98758,426,270298,0.0142152,0.03,1,163491,163065,426
18612921,8.02319,7.99752,426,270298,0.026843,0.04,1,163499,163073,426
18615841,7.20464,7.9995,425,270298,0.0133686,0.05,1,163506,163081,425
18618761,8.64093,7.9999,426,270298,0.00267372,0.02,1,163515,163089,426
18620581,8.12819,7.99998,426,270298,0.0165347,0.05,1,163523,163097,426
18622661,9.62564,7.2,429,270298,0.00330695,0.07,1,163533,163104,429
18624741,6.72513,7.84,427,270298,0.0406614,0.1,1,163539,163112,427
18626401,6.14503,6.368,427,270298,0.0161323,0.11,1,163545,163118,427
18629321,8.42901,7.6736,428,270298,0.0272265,0.06,1,163554,163126,428
18631601,7.2858,7.93472,427,270298,0.0214453,0,1,163561,163134,427
18634521,26.2572,27.1869,426,270298,0.00428906,0,1,163592,163166,426
18637441,10.8514,11.8374,425,270298,0.0168578,0.04,1,163599,163174,425
18640361,9.37029,8.76748,426,270298,0.00337156,0,1,163608,163182,426
18643041,8.27406,8.1535,426,270298,0.0166743,0.02,1,163616,163190,426
18645961,8.85481,8.8307,426,270298,0.0193349,0.03,1,163625,163199,426
18648881,8.17096,8.16614,426,270298,0.027867,0.05,1,163633,163207,426
18651801,8.83419,8.03323,427,270298,0.0375734,0.05,1,163642,163215,427
18654721,7.36684,8.00665,426,270298,0.00751468,0.06,1,163649,163223,426
18657641,8.67337,8.00133,427,270298,0.0495029,0.01,1,163658,163231,427
18660561,7.33467,8.00027,426,270298,0.0179006,0.03,1,163665,163239,426
18663481,7.86693,8.00005,426,270298,0.0195801,0.02,1,163673,163247,426
18666401,8.77339,8.00001,427,270298,0.027916,0.03,1,163682,163255,427
18669321,7.35468,8,426,270298,0.0055832,0.04,1,163689,163263,426
18672241,7.87094,8,426,270298,0.00911664,0.02,1,163697,163271,426
18674661,21.5742,8,443,270298,0.00982333,0.03,1,163722,163279,443
18677581,10.7148,22.4,425,270298,0.00996467,0.03,1,163730,163305,425
18680501,9.34297,10.88,426,270298,0.00999293,0.01,1,163739,163313,426
18683421,8.26859,8.576,426,270298,0.00199859,0.03,1,163747,163321,426
18686341,8.05372,8.1152,426,270298,0.000399717,0.03,1,163755,163329,426
18689221,9.61074,8.02304,428,270298,0.0240799,0.05,1,163765,163337,428
18692141,7.52215,9.60461,425,270298,0.00481599,0.04,1,163772,163347,425
18694001,7.10443,8.32092,424,270298,0.000963198,0.04,1,163779,163355,424
18696921,9.42089,7.26418,427,270298,0.0401926,0.03,1,163789,163362,427
18699841,7.48418,7.85284,426,270298,0.0160385,0.05,1,163796,163370,426
18702741,7.09684,7.97057,425,270298,0.0192077,0.05,1,163803,163378,425
18704821,9.41937,7.99411,427,270298,0.0118415,0.01,1,163813,163386,427
18707741,8.28387,7.99882,427,270298,0.0343683,0.03,1,163821,163394,427
18710021,4.85677,7.99976,423,270298,0.0308737,0.07,1,163825,163402,423
18712941,8.17136,6.39995,426,270298,0.0301747,0.03,1,163834,163408,426
18715861,7.23427,7.67999,425,270298,0.0220349,0.05,1,163841,163416,425
18718341,11.0469,7.936,429,270298,0.012407,0.03,1,163853,163424,429
18721261,8.60937,9.5872,427,270298,0.0024814,0.04,1,163861,163434,427
18723541,6.52187,8.31744,425,270298,0.00849628,0.03,1,163867,163442,425
18725621,11.7044,8.06349,430,270298,0.0336993,0.03,1,163880,163450,430
18728541,8.74088,11.2127,426,270298,0.0307399,0.05,1,163888,163462,426
18730821,6.54818,8.64254,424,270298,0.046148,0.05,1,163894,163470,424
18733741,6.90963,6.52851,425,270298,0.0172296,0.06,1,163901,163476,425
18736021,8.58193,7.7057,426,270298,0.0194459,0.03,1,163910,163484,426
18737681,7.31639,7.94114,425,270298,0.00388918,0.03,1,163917,163492,425
18740601,8.66328,8.78823,425,270298,0.000777837,0.01,1,163926,163501,425
18743521,8.13266,8.15765,425,270298,0.00815557,0.02,1,163934,163509,425
18746001,8.82653,8.03153,426,270298,0.0256311,0.03,1,163943,163517,426
18748921,10.5653,10.4063,426,270298,0.00512622,0.02,1,163954,163528,426
18751841,8.51306,8.48126,426,270298,0.00102524,0.04,1,163962,163536,426
18754741,8.90261,8.09625,427,270298,0.016205,0.02,1,163971,163544,427
18757661,7.38052,8.01925,426,270298,0.027241,0.03,1,163978,163552,426
18760581,7.8761,8.00385,426,270298,0.0294482,0.06,1,163986,163560,426
18762641,7.97522,8.00077,426,270298,0.0298896,0.01,1,163994,163568,426
18764721,23.995,24.0002,426,270298,0.0219779,0.02,1,164022,163596,426
18767641,11.199,12,425,270298,0.0123956,0.05,1,164030,163605,425
18769301,11.8398,8.80001,429,270298,0.00247912,0.02,1,164042,163613,429
18772221,9.56796,9.76,428,270298,0.0324958,0.03,1,164051,163623,428
18775141,7.51359,8.352,427,270298,0.0384992,0.05,1,164058,163631,427
18777621,5.50272,8.0704,424,270298,0.0476998,0.05,1,164063,163639,424
18779281,6.70054,7.21408,424,270298,0.01754,0.02,1,164070,163646,424
18782201,7.74011,5.44282,427,270298,0.011508,0.03,1,164078,163651,427
18785121,7.14802,7.48856,426,270298,0.0103016,0.03,1,164085,163659,426
18788041,7.8296,7.89771,426,270298,0.0180603,0.01,1,164093,163667,426
18790961,7.16592,7.97954,425,270298,0.0116121,0.05,1,164100,163675,425
18793881,9.43318,7.99591,427,270298,0.0103224,0,1,164110,163683,427
18796801,7.48664,7.99918,426,270298,0.0180645,0.04,1,164117,163691,426
18798421,6.29733,7.99984,424,270298,0.0116129,0.04,1,164123,163699,424
18801341,7.65947,7.19997,425,270298,0.00232258,0,1,164131,163706,425
18803201,7.13189,7.83999,424,270298,0.0324645,0.03,1,164138,163714,424
18805281,12.6264,11.168,426,270298,0.0624929,0.01,1,164152,163726,426
18808201,9.72528,8.6336,427,270298,0.0204986,0.02,1,164161,163734,427
18809861,11.5451,8.12672,431,270298,0.0120997,0.02,1,164173,163742,431
18812781,8.70901,11.2253,427,270298,0.0184199,0.03,1,164181,163754,427
18815701,7.3418,8.64507,426,270298,0.00368399,0.04,1,164188,163762,426
18818621,8.66836,8.12901,427,270298,0.0247368,0.02,1,164197,163770,427
18821541,7.33367,8.0258,426,270298,0.0129474,0.03,1,164204,163778,426
18824461,8.66673,8.00516,427,270298,0.0105895,0.02,1,164213,163786,427
18826501,12.9333,8.00103,433,270298,0.0101179,0.04,1,164227,163794,433
18829421,9.78667,13.6002,427,270298,0.0100236,0.05,1,164236,163809,427
18832341,8.35733,9.12004,427,270298,0.0180047,0.05,1,164244,163817,427
18835261,7.27147,8.22401,426,270298,0.0276009,0.04,1,164251,163825,426
18838181,7.85429,8.0448,426,270298,0.0135202,0.02,1,164259,163833,426
18841101,7.17086,8.00896,425,270298,0.050704,0.03,1,164266,163841,425
18844021,8.63417,8.00179,426,270298,0.0501408,0.01,1,164275,163849,426
18846941,8.92683,8.00036,427,270298,0.0180282,0.01,1,164284,163857,427
18849861,7.38537,8.00007,426,270298,0.0276056,0.08,1,164291,163865,426
18852781,7.87707,8.00001,426,270298,0.0135211,0.04,1,164299,163873,426
18855621,16.7754,8,437,270298,0.00270423,0.02,1,164318,163881,437
18858541,9.75508,16.8,426,270298,0.000540845,0.03,1,164326,163900,426
18861461,8.35102,9.76,426,270298,0.0321082,0.03,1,164334,163908,426
18864381,8.8702,8.352,427,270298,0.0224216,0.03,1,164343,163916,427
18867301,7.37404,8.0704,426,270298,0.0284843,0.05,1,164350,163924,426
18870221,7.87481,8.01408,426,270298,0.0296969,0.06,1,164358,163932,426
18873141,7.97496,8.00282,426,270298,0.00593937,0.05,1,164366,163940,426
18876061,7.99499,8.00056,426,270298,0.0251879,0.04,1,164374,163948,426
18878501,7.199,8.00011,425,270298,0.0130376,0.07,1,164381,163956,425
18880581,7.8398,7.20002,426,270298,0.00260751,0.06,1,164389,163963,426
18882241,7.16796,7.84,425,270298,0.0165215,0.03,1,164396,163971,425
18885161,11.8336,10.368,427,270298,0.0353043,0.01,1,164409,163982,427
18888081,8.76672,8.4736,427,270298,0.0310609,0.03,1,164417,163990,427
18891001,8.15334,8.09472,427,270298,0.0302122,0.03,1,164425,163998,427
18893681,7.23067,8.01894,426,270298,0.0460424,0,1,164432,164006,426
18896601,28.6461,28.0038,427,270298,0.00920849,0.02,1,164466,164039,427
18899521,12.1292,12.0008,427,270298,0.0098417,0.04,1,164474,164047,427
18901381,10.4258,8.80015,429,270298,0.0179683,0.04,1,164484,164055,429
18904301,8.48517,11.36,425,270298,0.0515937,0.05,1,164492,164067,425
18907221,8.89703,8.67201,426,270298,0.0183187,0.02,1,164501,164075,426
18910141,7.37941,8.1344,425,270298,0.00366375,0.06,1,164508,164083,425
18913061,7.87588,8.02688,425,270298,0.0167328,0.03,1,164516,164091,425
18915981,7.97518,8.00538,425,270298,0.0113465,0.02,1,164524,164099,425
18918901,7.99504,8.00108,425,270298,0.0182693,0.04,1,164532,164107,425
18921761,7.99901,8.00022,425,270298,0.0116539,0.04,1,164540,164115,425
18924681,11.1998,9.60004,427,270298,0.0263308,0.01,1,164552,164125,427
18927601,8.63996,8.32001,427,270298,0.0212662,0.04,1,164560,164133,427
18930521,8.92799,8.064,428,270298,0.00425323,0.08,1,164569,164141,428
18933441,5.7856,8.0128,425,270298,0.00885065,0.04,1,164574,164149,425
18935701,7.55712,8.00256,425,270298,0.00977013,0.03,1,164582,164157,425
18937781,6.31142,6.40051,425,270298,0.033954,0.06,1,164588,164163,425
18939861,17.2623,6.0801,439,270298,0.0307908,0.04,1,164608,164169,439
18942781,9.05246,18.016,425,270298,0.0461582,0.06,1,164615,164190,425
18945701,8.21049,10.0032,425,270298,0.0332316,0.05,1,164623,164198,425
18948621,8.8421,8.40064,426,270298,0.00664633,0.03,1,164632,164206,426
18950261,6.56842,8.08013,424,270298,0.0413293,0.05,1,164638,164214,424
18953181,7.71368,7.21603,425,270298,0.0402659,0.02,1,164646,164221,425
18955041,7.94274,7.84321,425,270298,0.0400532,0.04,1,164654,164229,425
18957961,10.3885,9.56864,426,270298,0.0560106,0.01,1,164665,164239,426
18960881,8.47771,8.31373,426,270298,0.0432021,0.02,1,164673,164247,426
18963361,8.89554,8.06275,427,270298,0.0406404,0.05,1,164682,164255,427
18966281,8.17911,8.81255,426,270298,0.0241281,0.06,1,164690,164264,426
18968561,8.03582,8.16251,426,270298,0.0448256,0.06,1,164698,164272,426
18971481,7.20716,6.4325,427,270298,0.0169651,0.05,1,164705,164278,427
18974401,7.04143,7.6865,426,270298,0.011393,0.03,1,164712,164286,426
18977321,7.80829,7.9373,426,270298,0.0022786,0.02,1,164720,164294,426
18980241,7.16166,7.98746,425,270298,0.0244557,0.03,1,164727,164302,425
18983121,7.83233,7.99749,425,270298,0.0288911,0.04,1,164735,164310,425
18986041,10.3665,9.5995,426,270298,0.0137782,0.03,1,164746,164320,426
18987701,11.6733,8.3199,430,270298,0.0107556,0,1,164758,164328,430
18990621,7.93466,10.464,426,270298,0.0261511,0.04,1,164765,164339,426
18993541,7.98693,8.4928,426,270298,0.0292302,0.06,1,164773,164347,426
18996021,11.1974,8.09856,430,270298,0.045846,0.03,1,164785,164355,430
18998941,9.43948,11.2197,427,270298,0.0251692,0.05,1,164794,164367,427
19001861,8.2879,8.64394,427,270298,0.0130338,0.04,1,164802,164375,427
19004781,7.25758,8.12879,426,270298,0.0106068,0.04,1,164809,164383,426
19007701,7.85152,8.02576,426,270298,0.0261214,0.04,1,164817,164391,426
19010621,7.9703,8.00515,426,270298,0.00522427,0.06,1,164825,164399,426
19013541,7.99406,8.00103,426,270298,0.0410449,0.05,1,164833,164407,426
19015361,7.19881,8.00021,425,270298,0.040209,0.04,1,164840,164415,425
19018281,11.8398,10.4,427,270298,0.0320418,0.03,1,164853,164426,427
19021201,7.96795,8.48001,426,270298,0.0304084,0.05,1,164860,164434,426
19024121,7.99359,8.096,426,270298,0.0380817,0.05,1,164868,164442,426
19026181,23.9987,8.0192,446,270298,0.0396163,0.03,1,164896,164450,446
19029101,11.9997,24.8038,426,270298,0.00792327,0.05,1,164905,164479,426
19032001,8.79995,11.3608,426,270298,0.0175847,0.03,1,164913,164487,426
19034921,12.16,12.6722,426,270298,0.0275169,0,1,164926,164500,426
19036581,11.232,8.93443,429,270298,0.0295034,0,1,164937,164508,429
19039501,8.6464,10.5869,426,270298,0.0379007,0.04,1,164945,164519,426
19042421,7.32928,8.51738,425,270298,0.0315801,0.03,1,164952,164527,425
19045341,7.86586,8.10348,425,270298,0.022316,0.05,1,164960,164535,425
19048261,8.77317,8.0207,426,270298,0.0364632,0.04,1,164969,164543,426
19051181,7.35463,8.00414,425,270298,0.0312926,0.04,1,164976,164551,425
19054101,7.87093,8.00083,425,270298,0.0142585,0,1,164984,164559,425
19056341,7.97419,8.00017,425,270298,0.00285171,0.01,1,164992,164567,425
19059261,7.19484,6.40003,426,270298,0.0165703,0.04,1,164999,164573,426
19062181,7.83897,7.68001,426,270298,0.00331407,0.03,1,165007,164581,426
19065101,7.96779,7.936,426,270298,0.000662814,0.03,1,165015,164589,426
19068021,7.99356,7.9872,426,270298,0.000132563,0.01,1,165023,164597,426
19069861,11.1987,7.99744,430,270298,0.0240265,0.04,1,165035,164605,430
19071941,10.2397,11.1995,428,270298,0.0288053,0.04,1,165045,164617,428
19073601,8.44795,9.4399,427,270298,0.0217611,0.08,1,165053,164626,427
19076521,8.08959,8.28798,427,270298,0.00435221,0.06,1,165061,164634,427
19079441,8.01792,8.0576,427,270298,0.00887044,0.06,1,165069,164642,427
19082341,8.00358,8.01152,427,270298,0.0257741,0.05,1,165077,164650,427
19085261,8.00072,8.0023,427,270298,0.0291548,0.06,1,165085,164658,427
19087541,8.80014,8.00046,428,270298,0.029831,0.09,1,165094,164666,428
19089621,14.56,10.4001,433,270298,0.0139662,0,1,165110,164677,433
19092541,8.51201,13.28,426,270298,0.0347932,0.02,1,165117,164691,426
19095461,8.1024,9.056,426,270298,0.0149586,0.03,1,165125,164699,426
19097941,8.82048,8.2112,427,270298,0.00299173,0.03,1,165134,164707,427
19100861,8.1641,8.84224,426,270298,0.0245983,0.05,1,165142,164716,426
19103781,8.03282,8.16845,426,270298,0.0449197,0.03,1,165150,164724,426
19106701,8.00656,8.03369,426,270298,0.0409839,0.06,1,165158,164732,426
19109621,7.20131,8.00674,425,270298,0.0321968,0.01,1,165165,164740,425
19112541,7.84026,8.00135,425,270298,0.0304394,0,1,165173,164748,425
19115461,8.76805,8.00027,426,270298,0.0140879,0.03,1,165182,164756,426
19118321,7.35361,8.00005,425,270298,0.0188176,0.04,1,165189,164764,425
19121241,11.8707,11.2,426,270298,0.00376351,0.05,1,165202,164776,426
19124161,7.97414,8.64,425,270298,0.0487527,0.05,1,165209,164784,425
19126641,7.99483,8.128,425,270298,0.0577505,0.01,1,165217,164792,425
19129561,10.399,9.6256,426,270298,0.0675501,0,1,165228,164802,426
19131221,10.8798,8.32512,429,270298,0.03751,0.01,1,165239,164810,429
19134141,8.57596,9.66502,427,270298,0.015502,0.04,1,165247,164820,427
19137061,7.31519,8.333,426,270298,0.0031004,0.05,1,165254,164828,426
19139981,7.86304,8.0666,426,270298,0.00862008,0.06,1,165262,164836,426
19142901,7.97261,8.01332,426,270298,0.033724,0.06,1,165270,164844,426
19145821,7.99452,8.00266,426,270298,0.0307448,0.04,1,165278,164852,426
19148741,7.9989,8.00053,426,270298,0.046149,0.04,1,165286,164860,426
19151661,7.99978,8.00011,426,270298,0.0412298,0.04,1,165294,164868,426
19154581,8.79996,8.00002,427,270298,0.040246,0.04,1,165303,164876,427
19156181,21.76,8,444,270298,0.0160492,0.02,1,165328,164884,444
19159101,10.752,22.4,426,270298,0.0112098,0.03,1,165336,164910,426
19162021,8.5504,10.88,426,270298,0.010242,0.03,1,165344,164918,426
19164501,8.91008,8.576,427,270298,0.0100484,0.04,1,165353,164926,427
19166581,8.18202,9.7152,425,270298,0.00200968,0.05,1,165361,164936,425
19168661,11.2364,8.34304,429,270298,0.00840194,0.05,1,165373,164944,429
19171581,8.64728,11.2686,425,270298,0.0256804,0.03,1,165381,164956,425
19174501,8.92946,8.65372,426,270298,0.0131361,0.04,1,165390,164964,426
19177421,7.38589,8.13074,425,270298,0.0506272,0.05,1,165397,164972,425
19180101,7.87718,8.02615,425,270298,0.0501254,0.02,1,165405,164980,425
19181761,6.37544,7.20523,424,270298,0.0340251,0.03,1,165411,164987,424
19184681,11.6751,10.241,426,270298,0.014805,0,1,165424,164998,426
19187601,7.93502,8.44821,425,270298,0.002961,0.02,1,165431,165006,425
19190521,8.787,8.08964,426,270298,0.0245922,0,1,165440,165014,426
19193441,8.1574,8.01793,426,270298,0.00491844,0.06,1,165448,165022,426
19196361,8.03148,8.00359,426,270298,0.000983688,0.05,1,165456,165030,426
19198401,7.2063,8.00072,425,270298,0.0481967,0.03,1,165463,165038,425
19201321,8.64126,8.80014,425,270298,0.0416393,0.03,1,165472,165047,425
19204241,8.12825,8.16003,425,270298,0.0323279,0.01,1,165480,165055,425
19206101,6.42565,8.03201,423,270298,0.00646557,0.03,1,165486,165063,423
19208181,9.28513,5.6064,428,270298,0.00929311,0.04,1,165496,165068,428
19209841,7.45703,9.12128,425,270298,0.00185862,0.03,1,165503,165078,425
19212761,6.29141,5.82426,426,270298,0.0403717,0.04,1,165509,165083,426
19214421,9.25828,7.56485,428,270298,0.0480743,0.04,1,165519,165091,428
19217341,8.25166,9.51297,426,270298,0.0176149,0.04,1,165527,165101,426
19219621,17.6503,8.30259,438,270298,0.011523,0.01,1,165547,165109,438
19222541,12.3301,17.6605,429,270298,0.0103046,0.04,1,165558,165129,429
19225461,8.86601,9.9321,429,270298,0.0100609,0.08,1,165566,165137,429
19228381,7.3732,8.38642,428,270298,0.0260122,0.07,1,165573,165145,428
19231301,6.27464,8.07728,426,270298,0.0532024,0.05,1,165579,165153,426
19234221,6.85493,8.01546,425,270298,0.0586405,0.02,1,165586,165161,425
19236261,8.57099,8.00309,426,270298,0.0437281,0,1,165595,165169,426
19239181,8.1142,8.00062,426,270298,0.0327456,0.01,1,165603,165177,426
19242101,8.02284,8.00012,426,270298,0.0385491,0.04,1,165611,165185,426
19245021,9.60457,8.00002,428,270298,0.0157098,0.02,1,165621,165193,428
19247941,8.32091,8,428,270298,0.035142,0.06,1,165629,165201,428
19250861,8.06418,8,428,270298,0.0150284,0.06,1,165637,165209,428
19253781,8.01284,8,428,270298,0.0110057,0.05,1,165645,165217,428
19256021,4.80257,8,424,270298,0.0102011,0.11,1,165649,165225,424
19257681,5.76051,6.4,424,270298,0.0180402,0.03,1,165655,165231,424
19259761,8.3521,7.68,425,270298,0.00360805,0,1,165664,165239,425
19262681,15.2704,13.536,427,270298,0.0327216,0.01,1,165681,165254,427
19265601,9.45408,9.1072,427,270298,0.0305443,0.06,1,165689,165262,427
19268521,9.09082,8.22144,428,270298,0.0621089,0.06,1,165698,165270,428
19271441,7.41816,8.04429,427,270298,0.0524218,0.07,1,165705,165278,427
19274361,7.88363,8.00886,427,270298,0.0344844,0.05,1,165713,165286,427
19277281,6.37673,8.00177,425,270298,0.0148969,0.06,1,165719,165294,425
19280201,8.47535,8.00035,426,270298,0.0109794,0.02,1,165728,165302,426
19283121,8.09507,8.00007,426,270298,0.00219587,0.04,1,165736,165310,426
19284721,7.21901,8.00001,425,270298,0.000439175,0.04,1,165743,165318,425
19286801,11.8438,11.2,426,270298,0.0320878,0.03,1,165756,165330,426
19289721,16.7688,16.64,426,270298,0.0464176,0.02,1,165774,165348,426
19292641,8.95375,9.728,425,270298,0.0332835,0.03,1,165781,165356,425
19295121,8.19075,8.3456,425,270298,0.0306567,0.03,1,165789,165364,425
19297201,8.03815,7.26912,426,270298,0.0301313,0.04,1,165797,165371,426
19300121,13.6076,12.6538,427,270298,0.0140263,0.01,1,165812,165385,427
19303041,9.12153,8.93076,427,270298,0.0108053,0.05,1,165820,165393,427
19305961,8.22431,8.18615,427,270298,0.0101611,0.04,1,165828,165401,427
19308881,6.44486,8.03723,425,270298,0.0340322,0.05,1,165834,165409,425
19311801,7.68897,8.00745,425,270298,0.0308064,0.01,1,165842,165417,425
19314261,7.93779,8.00149,425,270298,0.0381613,0.04,1,165850,165425,425
19316341,7.18756,7.2003,425,270298,0.0396323,0.04,1,165857,165432,425
19318001,7.83751,7.84006,425,270298,0.0399265,0.01,1,165865,165440,425
19320921,7.9675,7.16801,426,270298,0.0159853,0.01,1,165873,165447,426
19323841,7.1935,7.8336,425,270298,0.0111971,0.06,1,165880,165455,425
19326761,7.8387,7.96672,425,270298,0.0102394,0.05,1,165888,165463,425
19329441,7.96774,7.99334,425,270298,0.0100479,0.03,1,165896,165471,425
19331521,7.99355,7.19867,426,270298,0.0260096,0.03,1,165904,165478,426
19334441,11.9987,11.0397,427,270298,0.0132019,0.02,1,165917,165490,427
19336721,7.99974,8.60795,426,270298,0.0426404,0.06,1,165924,165498,426
19339641,7.99995,8.12159,426,270298,0.0165281,0.05,1,165932,165506,426
19342341,7.19999,8.02432,425,270298,0.0113056,0.05,1,165939,165514,425
19344421,11.04,7.20486,430,270298,0.00226112,0.05,1,165951,165521,430
19347341,8.608,11.041,426,270298,0.0404522,0.06,1,165959,165533,426
19349621,17.7216,8.60819,438,270298,0.00809044,0.05,1,165979,165541,438
19351701,10.7443,18.5216,426,270298,0.0176181,0.03,1,165988,165562,426
19354621,8.54886,8.50433,428,270298,0.00352362,0.08,1,165996,165568,428
19356481,6.50977,8.10087,426,270298,0.0167047,0.06,1,166002,165576,426
19359401,9.30195,9.62017,426,270298,0.0353409,0.05,1,166012,165586,426
19362321,8.26039,8.32403,426,270298,0.0230682,0.06,1,166020,165594,426
19365241,7.25208,8.06481,425,270298,0.0446136,0.06,1,166027,165602,425
19368161,7.85042,8.01296,425,270298,0.0169227,0.03,1,166035,165610,425
19371081,8.77008,8.00259,426,270298,0.0113845,0,1,166044,165618,426
19374001,7.35402,8.00052,425,270298,0.0102769,0.01,1,166051,165626,425
19376921,7.8708,8.0001,425,270298,0.00205538,0.04,1,166059,165634,425
19379781,9.57416,8.00002,427,270298,0.0244111,0.05,1,166069,165642,427
19381441,5.91483,8,424,270298,0.0288822,0.06,1,166074,165650,424
19384361,9.98297,8,427,270298,0.0297764,0.02,1,166085,165658,427
19387281,7.59659,8,426,270298,0.0139553,0.04,1,166092,165666,426
19390201,7.91932,8,426,270298,0.0267911,0.04,1,166100,165674,426
19392261,8.78386,8,427,270298,0.0373582,0.04,1,166109,165682,427
19394341,8.95677,8,428,270298,0.0474716,0.06,1,166118,165690,428
19397261,7.39135,8.8,426,270298,0.0174943,0.06,1,166125,165699,426
19400181,7.87827,8.16,426,270298,0.0354989,0.03,1,166133,165707,426
19403101,7.97565,8.032,426,270298,0.0310998,0.04,1,166141,165715,426
19406021,7.19513,8.0064,425,270298,0.03022,0.04,1,166148,165723,425
19408901,9.43903,8.00128,427,270298,0.030044,0,1,166158,165731,427
19410561,8.28781,8.00026,427,270298,0.0220088,0.07,1,166166,165739,427
19413481,11.2576,11.2001,427,270298,0.00440176,0.02,1,166178,165751,427
19416401,8.65151,8.64001,427,270298,0.00888035,0.06,1,166186,165759,427
19419301,20.9303,8.128,443,270298,0.0257761,0.05,1,166210,165767,443
19422221,11.3861,22.4256,426,270298,0.0211552,0.04,1,166219,165793,426
19425141,7.87721,10.8851,425,270298,0.028231,0.05,1,166226,165801,425
19428061,7.97544,8.57702,425,270298,0.0456462,0.05,1,166234,165809,425
19430321,7.99509,8.1154,425,270298,0.0411292,0.05,1,166242,165817,425
19433241,7.99902,8.02308,425,270298,0.0242258,0.05,1,166250,165825,425
19434901,11.1998,8.00462,429,270298,0.0448452,0.05,1,166262,165833,429
19437821,9.43996,11.2009,426,270298,0.016969,0.03,1,166271,165845,426
19440741,8.28799,8.64018,426,270298,0.0193938,0.04,1,166279,165853,426
19443661,7.2576,8.12804,425,270298,0.0118788,0.03,1,166286,165861,425
19446581,7.85152,8.02561,425,270298,0.0343758,0.02,1,166294,165869,425
19449501,7.9703,8.00512,425,270298,0.0388752,0.03,1,166302,165877,425
19451121,7.19406,8.00102,424,270298,0.015775,0.01,1,166309,165885,424
19454041,8.63881,6.4002,427,270298,0.011155,0,1,166318,165891,427
19456961,8.12776,7.68004,427,270298,0.010231,0.07,1,166326,165899,427
19459881,8.02555,7.93601,427,270298,0.0100462,0.05,1,166334,165907,427
19462801,7.20511,7.9872,426,270298,0.0260092,0.06,1,166341,165915,426
19464641,6.24102,7.99744,424,270298,0.0132018,0.02,1,166347,165923,424
19467561,10.0482,9.59949,425,270298,0.0186404,0,1,166358,165933,425
19469841,9.20964,8.3199,426,270298,0.0117281,0.03,1,166367,165941,426
19472761,8.24193,6.46398,428,270298,0.0103456,0.04,1,166375,165947,428
19474421,6.44839,7.6928,426,270298,0.0100691,0.06,1,166381,165955,426
19476501,10.8897,7.13856,431,270298,0.0100138,0.05,1,166393,165962,431
19478161,7.77794,11.8277,425,270298,0.0260028,0.02,1,166400,165975,425
19480241,13.5556,12.7655,427,270298,0.0372006,0.04,1,166415,165988,427
19483161,11.5111,12.1531,426,270298,0.0154401,0.03,1,166426,166000,426
19486081,9.50222,8.83062,427,270298,0.035088,0.07,1,166435,166008,427
19488981,8.30044,8.16612,427,270298,0.0390176,0.06,1,166443,166016,427
19491061,9.66009,8.03322,429,270298,0.0158035,0.03,1,166453,166024,429
19493981,7.53202,9.60664,426,270298,0.0191607,0.04,1,166460,166034,426
19496901,7.9064,8.32133,426,270298,0.0198321,0.04,1,166468,166042,426
19499821,7.98128,8.06427,426,270298,0.0199664,0.02,1,166476,166050,426
19502741,8.79626,8.01285,427,270298,0.0279933,0.03,1,166485,166058,427
19505661,7.35925,8.00257,426,270298,0.0135987,0.03,1,166492,166066,426
19508581,8.67185,8.00051,427,270298,0.0107197,0.04,1,166501,166074,427
19511501,8.13437,8.0001,427,270298,0.0101439,0.03,1,166509,166082,427
19514421,7.22687,8.00002,426,270298,0.0340288,0.03,1,166516,166090,426
19517341,8.64537,8,427,270298,0.0148058,0.01,1,166525,166098,427
19520261,7.32907,8,426,270298,0.0349612,0.05,1,166532,166106,426
19522881,7.06581,8,425,270298,0.0309922,0.04,1,166539,166114,425
19524961,8.61316,7.2,427,270298,0.0461984,0.04,1,166548,166121,427
19527881,9.72263,10.24,426,270298,0.0332397,0.04,1,166558,166132,426
19529541,8.34453,8.448,426,270298,0.00664794,0.03,1,166566,166140,426
19532461,8.06891,8.0896,426,270298,0.0253296,0.03,1,166574,166148,426
19535381,7.21378,8.01792,425,270298,0.0210659,0.05,1,166581,166156,425
19538301,7.84276,8.00358,425,270298,0.0122132,0.02,1,166589,166164,425
19541221,9.56855,8.00072,427,270298,0.0184426,0.02,1,166599,166172,427
19543061,5.91371,8.00014,424,270298,0.0116885,0.07,1,166604,166180,424
19545141,8.38274,7.20003,426,270298,0.00233771,0.03,1,166613,166187,426
19546801,8.07655,8.64001,425,270298,0.000467541,0.05,1,166621,166196,425
19549721,18.4153,18.528,425,270298,0.00809351,0.03,1,166642,166217,425
19552641,10.8831,10.1056,426,270298,0.0096187,0.05,1,166651,166225,426
19555561,7.77661,8.42112,425,270298,0.00992374,0.06,1,166658,166233,425
19558241,8.75532,8.08422,426,270298,0.0499847,0.02,1,166667,166241,426
19561161,8.95106,8.81684,426,270298,0.081997,0.05,1,166676,166250,426
19563441,7.39021,8.16337,425,270298,0.0723994,0.03,1,166683,166258,425
19565521,9.47804,8.83267,426,270298,0.0464799,0.03,1,166693,166267,426
19568441,10.6956,10.5665,426,270298,0.00929597,0.01,1,166704,166278,426
19571361,8.53912,8.51331,426,270298,0.0338592,0.04,1,166712,166286,426
19573841,8.10782,8.10266,426,270298,0.0307718,0.05,1,166720,166294,426
19576761,7.22156,7.22053,426,270298,0.0221544,0.03,1,166727,166301,426
19578421,7.84431,7.84411,426,270298,0.0124309,0.01,1,166735,166309,426
19581341,7.96886,8.76882,425,270298,0.0104862,0.01,1,166743,166318,425
19584261,8.79377,8.15376,426,270298,0.0260972,0.02,1,166752,166326,426
19587181,8.15875,8.03075,426,270298,0.0292194,0.04,1,166760,166334,426
19590101,8.03175,8.00615,426,270298,0.0298439,0.04,1,166768,166342,426
19591941,8.00635,8.00123,426,270298,0.0299688,0.03,1,166776,166350,426
19594861,6.40127,7.20025,425,270298,0.0139938,0.04,1,166782,166357,425
19597761,7.68025,7.84005,425,270298,0.0107988,0.01,1,166790,166365,425
19600681,7.93605,7.96801,425,270298,0.0101597,0.01,1,166798,166373,425
19602961,7.98721,7.9936,425,270298,0.026032,0.01,1,166806,166381,425
19605041,7.99744,6.39872,427,270298,0.0292064,0.05,1,166814,166387,427
19607121,4.79949,6.07974,425,270298,0.0138413,0.04,1,166818,166393,425
19609201,8.9599,7.61595,427,270298,0.0107683,0.02,1,166828,166401,427
19611281,19.392,19.9232,426,270298,0.0261537,0.04,1,166850,166424,426
19613361,11.0784,11.9846,425,270298,0.00523073,0.05,1,166859,166434,425
19616281,11.0157,10.3969,426,270298,0.00904615,0.01,1,166870,166444,426
19619201,8.60314,8.47939,426,270258,0.00180923,0.04,1,166878,166452,426
19621061,8.12063,8.09588,426,270258,0.00836185,0.04,1,166886,166460,426
19623981,8.02413,8.01918,426,270258,0.0256724,0.05,1,166894,166468,426
19626901,7.20482,8.00384,425,270258,0.0131345,0.06,1,166901,166476,425
19629381,7.04096,8.00077,424,270258,0.0106269,0.03,1,166908,166484,424
19632301,7.80819,7.20015,425,270258,0.0101254,0,1,166916,166491,425
19634581,6.36164,7.84003,423,270258,0.0340251,0.03,1,166922,166499,423
19637501,8.47233,6.36801,426,270258,0.014805,0.01,1,166931,166505,426
19639361,7.29447,7.6736,425,270258,0.002961,0.05,1,166938,166513,425
19642281,7.85889,7.13472,426,270258,0.0085922,0.04,1,166946,166520,426
19645201,7.97178,7.82694,426,270258,0.0257184,0.05,1,166954,166528,426
19648121,8.79436,7.96539,427,270258,0.0131437,0.06,1,166963,166536,427
19651041,7.35887,7.99308,426,270258,0.0266287,0.05,1,166970,166544,426
19653961,7.87177,7.99862,426,270258,0.0213257,0.03,1,166978,166552,426
19656881,8.77436,7.99972,427,270258,0.0202652,0.02,1,166987,166560,427
19659801,8.15487,7.99994,427,270258,0.00405303,0.03,1,166995,166568,427
19661621,9.63097,7.99999,429,270258,0.0168106,0.04,1,167005,166576,429
19664541,8.32619,10.4,426,270258,0.0113621,0.03,1,167013,166587,426
19667461,8.06524,8.48,426,270258,0.0262724,0.04,1,167021,166595,426
19669941,11.213,8.096,430,270258,0.0292545,0.01,1,167033,166603,430
19672861,8.64261,11.2192,426,270258,0.0058509,0.06,1,167041,166615,426
19675761,8.12852,8.64384,426,270258,0.0171702,0.05,1,167049,166623,426
19677841,8.8257,9.72877,425,270258,0.019434,0,1,167058,166633,425
19680761,20.9651,17.9458,429,270258,0.00388681,0.02,1,167082,166653,429
19683681,10.593,9.98915,429,270258,0.0247774,0.08,1,167090,166661,429
19686601,7.71861,8.39783,428,270258,0.0289555,0.08,1,167097,166669,428
19689281,7.14372,8.07957,427,270258,0.0297911,0.07,1,167104,166677,427
19692201,8.62874,9.61591,426,270258,0.0219582,0.03,1,167113,166687,426
19695121,7.32575,8.32318,425,270258,0.0443916,0.02,1,167120,166695,425
19698021,7.86515,8.06464,425,270258,0.0408783,0.05,1,167128,166703,425
19700101,7.97303,8.01293,425,270258,0.0401757,0.03,1,167136,166711,425
19701761,6.39461,6.40259,425,270258,0.0320351,0.05,1,167142,166717,425
19704681,8.47892,8.48052,425,270258,0.038407,0.01,1,167151,166726,425
19706961,8.89578,8.0961,426,270258,0.0316814,0.01,1,167160,166734,426
19709881,10.5792,10.4192,426,270258,0.00633628,0.02,1,167171,166745,426
19712801,8.51583,8.48384,426,270258,0.00926726,0.05,1,167179,166753,426
19715721,8.90317,8.09677,427,270258,0.0258535,0.04,1,167188,166761,427
19718641,7.38063,8.01935,426,270258,0.0211707,0.02,1,167195,166769,426
19720481,7.07613,8.00387,425,270258,0.0282341,0.04,1,167202,166777,425
19723401,5.41523,5.60077,425,270258,0.00564683,0.05,1,167207,166782,425
19726321,7.48305,7.52015,425,270258,0.00912937,0.04,1,167215,166790,425
19729241,8.69661,7.90403,426,270258,0.0418259,0.03,1,167224,166798,426
19730881,6.53932,7.98081,424,270258,0.0563652,0.03,1,167230,166806,424
19733801,10.1079,7.99616,427,270258,0.011273,0.01,1,167241,166814,427
19735461,7.62157,7.99923,426,270258,0.0582546,0.04,1,167248,166822,426
19738161,7.12431,7.99985,425,270258,0.0356509,0.04,1,167255,166830,425
19740241,7.82486,7.19997,426,270258,0.0391302,0.04,1,167263,166837,426
19742321,13.565,14.24,425,270258,0.023826,0,1,167278,166853,425
19744401,9.91299,10.048,425,270258,0.0287652,0.04,1,167287,166862,425
19746481,11.5826,10.0096,427,270258,0.021753,0.06,1,167299,166872,427
19749401,8.71652,10.0019,425,270258,0.00435061,0.03,1,167307,166882,425
19752321,8.1433,8.40038,425,270258,0.000870122,0.03,1,167315,166890,425
19754801,8.02866,8.08008,425,270258,0.00817402,0.01,1,167323,166898,425
19757721,11.2057,9.61602,427,270258,0.0176348,0.03,1,167335,166908,427
19759381,5.44115,8.3232,423,270258,0.011527,0.05,1,167339,166916,423
19762301,6.68823,5.66464,425,270258,0.0263054,0.05,1,167346,166921,425
19765201,7.73765,7.53293,425,270258,0.0132611,0.01,1,167354,166929,425
19768121,7.94753,7.90659,425,270258,0.0106522,0.03,1,167362,166937,425
19771041,8.78951,7.98132,426,270258,0.00213044,0.04,1,167371,166945,426
19773941,9.7579,7.99626,428,270258,0.000426089,0.02,1,167381,166953,428
19775601,7.55158,9.59925,425,270258,8.52177e-05,0.02,1,167388,166963,425
19778521,6.31032,5.91985,426,270258,0.00801704,0,1,167394,166968,426
19781441,6.86206,7.58397,425,270258,0.00960341,0.03,1,167401,166976,425
19783301,6.97241,7.91679,424,270258,0.0259207,0.03,1,167408,166984,424
19786221,7.79448,7.18336,425,270258,0.0131841,0.01,1,167416,166991,425
19789141,8.7589,7.83667,426,270258,0.00263683,0.04,1,167425,166999,426
19791621,7.35178,7.96733,425,270258,0.0245274,0.05,1,167432,167007,425
19793701,7.87036,7.19347,426,270258,0.0209055,0.05,1,167440,167014,426
19795361,6.37407,7.83869,424,270258,0.0121811,0.04,1,167446,167022,424
19798281,9.27481,8.76774,425,270258,0.0344362,0.03,1,167456,167031,425
19801201,9.05496,8.15355,426,270258,0.0548872,0.04,1,167465,167039,426
19803681,7.41099,8.03071,425,270258,0.0189774,0.03,1,167472,167047,425
19806601,8.6822,7.20614,427,270258,0.0197955,0,1,167481,167054,427
19808881,7.33644,7.84123,426,270258,0.0359591,0.04,1,167488,167062,426
19811801,27.0673,27.9682,425,270258,0.0151918,0.04,1,167520,167095,425
19814721,12.6135,11.9936,426,270258,0.0270384,0.03,1,167529,167103,426
19817641,8.92269,8.79873,426,270258,0.0134077,0.07,1,167537,167111,426
19820561,8.98454,8.15975,427,270258,0.0106815,0.06,1,167546,167119,427
19823481,7.39691,8.03195,426,270258,0.0341363,0.05,1,167553,167127,426
19826401,7.87938,8.00639,426,270258,0.0468273,0.06,1,167561,167135,426
19829321,7.97588,8.00128,426,270258,0.0493655,0.06,1,167569,167143,426
19832241,7.99518,8.00026,426,270258,0.0578731,0.06,1,167577,167151,426
19834881,7.19903,8.00005,425,270258,0.0675746,0,1,167584,167159,425
19837801,11.8398,11.2,426,270258,0.0455149,0.03,1,167597,167171,426
19840081,8.76796,8.64,426,270258,0.033103,0.06,1,167605,167179,426
19843001,8.15359,8.128,426,270258,0.0306206,0.03,1,167613,167187,426
19845921,8.03072,8.0256,426,270258,0.0381241,0.03,1,167621,167195,426
19848841,8.00614,8.00512,426,270258,0.0476248,0.03,1,167629,167203,426
19850901,7.20123,8.00102,425,270258,0.025525,0.03,1,167636,167211,425
19853821,7.04025,6.4002,426,270258,0.045105,0.1,1,167643,167217,426
19856721,7.80805,7.68004,426,270258,0.025021,0.07,1,167651,167225,426
19859641,8.76161,7.93601,427,270258,0.0130042,0.06,1,167660,167233,427
19862561,8.15232,7.9872,427,270258,0.0666008,0.06,1,167668,167241,427
19865461,10.4305,7.99744,430,270258,0.0693202,0.05,1,167679,167249,430
19868381,8.48609,10.3995,427,270258,0.085864,0.06,1,167687,167260,427
19870661,6.49722,8.4799,425,270258,0.0731728,0.07,1,167693,167268,425
19872741,12.4994,6.49598,433,270258,0.0626346,0.02,1,167707,167274,433
19874821,8.89989,12.4992,427,270258,0.0605269,0.04,1,167715,167288,427
19876901,14.58,10.4998,433,270258,0.0201054,0.02,1,167731,167298,433
19879821,9.316,14.1,426,270258,0.0200211,0.06,1,167739,167313,426
19882721,8.2632,9.21999,426,270258,0.0120042,0.05,1,167747,167321,426
19885641,8.05264,8.244,426,270258,0.0104008,0.04,1,167755,167329,426
19887301,7.21053,8.0488,425,270258,0.0340802,0.03,1,167762,167337,425
19890001,7.04211,7.20976,425,270258,0.030816,0.01,1,167769,167344,425
19892921,9.40842,9.44195,425,270258,0.0141632,0.01,1,167779,167354,425
19895841,8.28168,8.28839,425,270258,0.0108326,0.02,1,167787,167362,425
19897701,9.65634,8.05768,427,270258,0.0421665,0.03,1,167797,167370,427
19900621,7.53127,8.81154,425,270258,0.0084333,0.02,1,167804,167379,425
19903541,7.90625,8.16231,425,270258,0.00968666,0.01,1,167812,167387,425
19906461,7.98125,8.03246,425,270258,0.00993733,0.03,1,167820,167395,425
19909381,9.59625,8.00649,427,270258,0.0179875,0.02,1,167830,167403,427
19911841,7.51925,8.0013,426,270258,0.0275975,0.04,1,167837,167411,426
19914761,7.10385,7.20026,426,270258,0.0055195,0.03,1,167844,167418,426
19917681,7.02077,7.84005,425,270258,0.0091039,0.06,1,167851,167426,425
19920161,7.80415,7.96801,425,270258,0.00982078,0.03,1,167859,167434,425
19923081,11.1608,9.5936,427,270258,0.0579642,0,1,167871,167444,427
19926001,8.63217,8.31872,427,270258,0.0115928,0.06,1,167879,167452,427
19927861,7.32643,8.06374,426,270258,0.0263186,0.05,1,167886,167460,426
19929941,8.66529,8.01275,427,270258,0.0132637,0.01,1,167895,167468,427
19932861,7.33306,8.80255,425,270258,0.00265274,0.03,1,167902,167477,425
19935781,8.66661,8.16051,426,270258,0.0165305,0.01,1,167911,167485,426
19938261,7.33332,8.0321,425,270258,0.0113061,0.03,1,167918,167493,425
19939921,7.06666,7.20642,425,270258,0.0102612,0.02,1,167925,167500,425
19942841,26.2133,25.4413,426,270258,0.00205224,0,1,167956,167530,426
19945761,11.6427,11.4883,426,270258,0.0244105,0.03,1,167964,167538,426
19948681,9.52853,8.69765,427,270258,0.0208821,0.01,1,167973,167546,427
19951361,8.30571,8.13953,427,270258,0.00417642,0.05,1,167981,167554,427
19954281,8.06114,7.22791,428,270258,0.000835283,0.05,1,167989,167561,428
19957201,8.01223,7.84558,428,270258,0.0241671,0.06,1,167997,167569,428
19959681,8.00245,7.96912,428,270258,0.0368334,0.07,1,168005,167577,428
19962601,8.00049,10.3938,425,270258,0.0313667,0.05,1,168013,167588,425
19965521,8.8001,8.47876,426,270258,0.0222733,0.04,1,168022,167596,426
19968001,7.36002,8.09575,425,270258,0.0524547,0.03,1,168029,167604,425
19970921,9.472,8.81915,426,270258,0.0264909,0.04,1,168039,167613,426
19973201,7.4944,8.16383,425,270258,0.0132982,0.05,1,168046,167621,425
19976121,11.8989,10.4328,427,270258,0.0186596,0.02,1,168059,167632,427
19979041,7.97978,8.48655,426,270258,0.0117319,0.05,1,168066,167640,426
19981961,7.99596,8.09731,426,270258,0.0103464,0.04,1,168074,167648,426
19984881,9.59919,8.01946,428,270258,0.0340693,0.02,1,168084,167656,428
19987801,8.31984,8.00389,428,270258,0.0228139,0.07,1,168092,167664,428
19990721,8.86397,8.00078,429,270258,0.00456277,0.07,1,168101,167672,429
19993641,8.17279,8.00016,429,270258,0.00891255,0.07,1,168109,167680,429
19996561,7.23456,8.00003,428,270258,0.00978251,0.08,1,168116,167688,428
19999481,7.84691,8.00001,428,270258,0.0099565,0.06,1,168124,167696,428
20001281,6.36938,8,426,270258,0.0179913,0.06,1,168130,167704,426
20003361,9.27388,10.4,425,270258,0.0115983,0.03,1,168140,167715,425
20005441,9.85478,9.28,426,270258,0.0103197,0.03,1,168150,167724,426
20007521,9.97095,9.856,426,270258,0.0180639,0.05,1,168160,167734,426
20010441,5.99419,6.7712,425,270258,0.0196128,0.03,1,168165,167740,425
20013361,8.39884,7.75424,426,270258,0.0119226,0.01,1,168174,167748,426
20015221,8.07977,7.95085,426,270258,0.00238451,0.05,1,168182,167756,426
20017301,11.216,8.79017,429,270258,0.0484769,0.04,1,168194,167765,429
20020221,7.84319,10.558,425,270258,0.0496954,0.05,1,168201,167776,425
20022501,7.96864,8.51161,425,270258,0.0419391,0.03,1,168209,167784,425
20025421,7.99373,6.50232,427,270258,0.0243878,0.04,1,168217,167790,427
20027701,5.59875,7.70046,424,270258,0.00487756,0.05,1,168222,167798,424
20029781,7.51975,6.34009,426,270258,0.0249755,0.07,1,168230,167804,426
20032701,7.10395,7.66802,425,270258,0.0129951,0.05,1,168237,167812,425
20034561,7.82079,7.9336,425,270258,0.010599,0.02,1,168245,167820,425
20036641,5.56416,5.58672,425,270258,0.0101198,0.02,1,168250,167825,425
20039561,13.1128,12.3173,426,270258,0.00202396,0,1,168265,167839,426
20042481,9.02257,8.86347,426,270258,0.0404048,0.01,1,168273,167847,426
20045401,9.00451,8.17269,427,270258,0.056081,0.03,1,168282,167855,427
20048081,7.4009,8.03454,426,270258,0.0192162,0.08,1,168289,167863,426
20051001,7.08018,7.20691,426,270258,0.00384324,0.02,1,168296,167870,426
20052661,8.61604,7.84138,427,270258,0.0247686,0.03,1,168305,167878,427
20055581,8.12321,9.56828,425,270258,0.0289537,0.05,1,168313,167888,425
20058481,8.82464,8.31366,426,270258,0.00579075,0.03,1,168322,167896,426
20061401,7.36493,8.06273,425,270258,0.0251582,0.05,1,168329,167904,425
20064321,7.87299,8.01255,425,270258,0.0210316,0.03,1,168337,167912,425
20067241,7.9746,8.00251,425,270258,0.0442063,0.03,1,168345,167920,425
20070161,8.79492,8.0005,426,270258,0.0408413,0.02,1,168354,167928,426
20072421,24.959,8.0001,447,270258,0.0161683,0.04,1,168383,167936,447
20074501,8.9918,24.8,423,270258,0.0112337,0.04,1,168388,167965,423
20076161,7.39836,9.76,424,270258,0.0262467,0.03,1,168395,167971,424
20079081,15.0797,13.152,427,270258,0.0132493,0.03,1,168412,167985,427
20082001,8.61593,9.0304,426,270258,0.0346499,0.03,1,168419,167993,426
20084481,8.92319,8.20608,427,270258,0.02293,0.05,1,168428,168001,427
20087401,7.38464,7.24122,427,270258,0.028586,0.03,1,168435,168008,427
20090321,7.87693,7.84824,427,270258,0.0377172,0.07,1,168443,168016,427
20092801,6.37539,7.96965,425,270258,0.0315434,0.05,1,168449,168024,425
20095721,8.47508,8.79393,425,270258,0.0463087,0.03,1,168458,168033,425
20098641,8.89502,8.15879,426,270258,0.0252617,0.03,1,168467,168041,426
20101561,7.379,8.03176,425,270258,0.0370523,0.03,1,168474,168049,425
20104241,8.6758,8.00635,426,270258,0.0234105,0.01,1,168483,168057,426
20107161,11.3352,10.4013,427,270258,0.0126821,0,1,168495,168068,427
20110081,7.86703,8.48025,426,270258,0.00253642,0.04,1,168502,168076,426
20112561,7.97341,8.09605,426,270258,0.0245073,0.02,1,168510,168084,426
20115481,7.99468,8.01921,426,270258,0.0129015,0,1,168518,168092,426
20117141,7.19894,8.00384,425,270258,0.0105803,0.03,1,168525,168100,425
20120061,7.83979,7.20077,426,270258,0.0101161,0.04,1,168533,168107,426
20122341,6.36796,7.84015,424,270258,0.0260232,0.05,1,168539,168115,424
20125261,6.87359,6.36803,425,270258,0.0372046,0.04,1,168546,168121,425
20128181,7.77472,7.67361,425,270258,0.0394409,0.03,1,168554,168129,425
20131101,8.75494,7.93472,426,270258,0.00788819,0.01,1,168563,168137,426
20133781,8.95099,7.98694,427,270258,0.00957764,0.03,1,168572,168145,427
20135861,9.7902,8.79739,428,270258,0.0259155,0.04,1,168582,168154,428
20137941,12.358,9.75948,431,270258,0.0131831,0.03,1,168595,168164,431
20140641,10.4716,13.1519,427,270258,0.0186366,0.01,1,168605,168178,427
20143561,7.69432,8.23038,427,270258,0.0117273,0.07,1,168612,168185,427
20145841,7.13886,8.04608,426,270258,0.0183455,0.05,1,168619,168193,426
20148761,11.0278,11.2092,426,270258,0.0116691,0.03,1,168631,168205,426
20151681,9.40555,8.64184,427,270258,0.0183338,0.02,1,168640,168213,427
20154581,6.68111,8.12837,425,270258,0.0116668,0.04,1,168646,168221,425
20157501,7.73622,8.02567,425,270258,0.0103334,0.01,1,168654,168229,425
20159781,8.74724,8.00513,426,270258,0.00206667,0.01,1,168663,168237,426
20162701,8.14945,8.00103,426,270258,0.000413334,0.03,1,168671,168245,426
20164981,8.82989,8.00021,427,270258,0.0400827,0.04,1,168680,168253,427
20167901,8.96598,8.80004,427,270258,0.0160165,0.06,1,168689,168262,427
20169761,6.5932,8.16001,425,270258,0.0352033,0.08,1,168695,168270,425
20172681,6.91864,7.232,425,270258,0.0630407,0.05,1,168702,168277,425
20174341,7.78373,7.8464,425,270258,0.0526081,0.03,1,168710,168285,425
20177261,7.95675,7.16928,426,270258,0.0105216,0.02,1,168718,168292,426
20180181,7.99135,7.83386,426,270258,0.0101043,0.06,1,168726,168300,426
20182661,9.59827,7.96677,428,270258,0.0420209,0.02,1,168736,168308,428
20185581,8.31965,9.59335,426,270258,0.0324042,0.06,1,168744,168318,426
20187861,7.26393,8.31867,425,270258,0.0144808,0.05,1,168751,168326,425
20189521,6.25279,6.46373,425,270258,0.0188962,0.06,1,168757,168332,425
20192441,10.8506,9.29275,427,270258,0.0117792,0.02,1,168769,168342,427
20194721,7.77011,8.25855,426,270258,0.0103558,0.07,1,168776,168350,426
20197641,5.55402,6.45171,425,270258,0.0100712,0.04,1,168781,168356,425
20200561,8.3108,7.69034,426,270258,0.0100142,0.03,1,168790,168364,426
20202421,21.6622,7.93807,443,270258,0.00200285,0.02,1,168815,168372,443
20205121,10.7324,22.3876,425,270258,0.00840057,0.03,1,168823,168398,425
20207201,10.1465,11.6775,426,270258,0.00968011,0.04,1,168833,168407,426
20209281,10.8293,11.9355,425,270258,0.00993602,0.02,1,168844,168419,425
20212201,10.9659,9.5871,427,270258,0.0179872,0.01,1,168855,168428,427
20215121,9.39317,8.31742,428,270258,0.0195974,0.05,1,168864,168436,428
20218041,8.27863,8.06348,428,270258,0.00391949,0.05,1,168872,168444,428
20220721,5.65573,8.0127,425,270258,0.000783898,0.06,1,168877,168452,425
20223641,7.53115,7.20254,426,270258,0.00815678,0.04,1,168885,168459,426
20225921,7.90623,7.84051,426,270258,0.00963136,0.04,1,168893,168467,426
20228841,7.98125,7.1681,427,270258,0.00992627,0.05,1,168901,168474,427
20230501,7.99625,7.83362,427,270258,0.0179853,0.04,1,168909,168482,427
20233421,7.99925,9.56672,425,270258,0.0115971,0.03,1,168917,168492,425
20236341,7.99985,8.31334,425,270258,0.0103194,0.05,1,168925,168500,425
20238821,7.99997,8.06267,425,270258,0.00206388,0.05,1,168933,168508,425
20241741,7.19999,7.21253,425,270258,0.00841278,0.03,1,168940,168515,425
20244661,9.44,7.84251,427,270258,0.00168256,0.01,1,168950,168523,427
20247581,7.488,7.9685,426,270258,0.0323365,0.05,1,168957,168531,426
20250501,7.8976,7.9937,426,270258,0.0544673,0.03,1,168965,168539,426
20252341,7.17952,7.99874,425,270258,0.0588935,0.04,1,168972,168547,425
20255261,8.6359,7.19975,427,270258,0.0357787,0.02,1,168981,168554,427
20258181,8.12718,7.83995,427,270258,0.0311557,0.02,1,168989,168562,427
20261101,8.02544,7.96799,427,270258,0.0222311,0.03,1,168997,168570,427
20262741,7.20509,7.9936,426,270258,0.0524462,0.06,1,169004,168578,426
20265661,7.84102,7.19872,427,270258,0.0584892,0.06,1,169012,168585,427
20267941,5.5682,7.83974,424,270258,0.0356978,0.06,1,169017,168593,424
20270021,14.7136,6.36795,435,270258,0.0151396,0.04,1,169034,168599,435
20272941,8.54273,14.8736,425,270258,0.0350279,0.04,1,169041,168616,425
20275861,8.90855,9.37472,426,270258,0.0470056,0.01,1,169050,168624,426
20278781,8.18171,8.27494,426,270258,0.0174011,0.04,1,169058,168632,426
20280421,8.03634,8.05499,426,270258,0.00348022,0.02,1,169066,168640,426
20283341,8.00727,8.811,425,270258,0.032696,0.01,1,169074,168649,425
20285201,7.20145,8.1622,424,270258,0.00653921,0.01,1,169081,168657,424
20288121,11.8403,10.4324,426,270258,0.00930784,0.06,1,169094,168668,426
20291041,8.76806,8.48649,426,270258,0.00186157,0.03,1,169102,168676,426
20293521,8.95361,8.0973,427,270258,0.000372314,0.06,1,169111,168684,427
20296441,8.19072,7.21946,428,270258,0.00807446,0.05,1,169119,168691,428
20299361,7.23814,7.84389,427,270258,0.0256149,0.04,1,169126,168699,427
20302261,9.44763,7.96878,429,270258,0.00512298,0.03,1,169136,168707,429
20305181,8.28953,9.59376,427,270258,0.0250246,0.02,1,169144,168717,427
20308081,6.45791,8.31875,425,270258,0.0130049,0.02,1,169150,168725,425
20311001,8.49158,8.06375,426,270258,0.026601,0.03,1,169159,168733,426
20312661,7.29832,8.01275,425,270258,0.0213202,0.05,1,169166,168741,425
20314741,7.85966,7.20255,426,270258,0.020264,0.04,1,169174,168748,426
20317661,7.17193,7.84051,425,270258,0.0120528,0.05,1,169181,168756,425
20320561,7.83439,7.9681,425,270258,0.0104106,0.01,1,169189,168764,425
20322641,7.96688,7.99362,425,270258,0.0420821,0.03,1,169197,168772,425
20325561,11.9934,10.3987,427,270258,0.0324164,0.03,1,169210,168783,427
20328481,7.99867,8.47974,426,270258,0.0144833,0.07,1,169217,168791,426
20330961,7.99973,8.09595,426,270258,0.0268967,0.01,1,169225,168799,426
20333041,16.7999,16.8192,426,270258,0.00537933,0.04,1,169244,168818,426
20335961,8.95999,8.16384,427,270258,0.0250759,0.04,1,169251,168824,427
20337621,8.192,8.03277,427,270258,0.0210152,0.04,1,169259,168832,427
20339701,12.0384,8.80655,431,270258,0.012203,0.03,1,169272,168841,431
20341781,8.00768,12.1613,425,270258,0.0104406,0.06,1,169279,168854,425
20343861,12.8015,8.83226,431,270258,0.0100881,0.02,1,169293,168862,431
20346781,9.76031,12.9665,426,270258,0.0180176,0.01,1,169302,168876,426
20349701,8.35206,8.99329,426,270258,0.0276035,0.03,1,169310,168884,426
20352621,8.87041,8.19866,427,270258,0.00552071,0.03,1,169319,168892,427
20355301,8.17408,8.03973,427,270258,0.00110414,0.06,1,169327,168900,427
20358221,8.03482,9.60795,425,270258,0.000220828,0.02,1,169335,168910,425
20361121,8.00696,8.32159,425,270258,4.41656e-05,0.01,1,169343,168918,425
20364041,8.00139,8.06432,425,270258,0.0160088,0,1,169351,168926,425
20365701,8.00028,8.01286,425,270258,0.00320177,0.03,1,169359,168934,425
20368621,8.80006,7.20257,427,270258,0.00864035,0.03,1,169368,168941,427
20371541,8.96001,7.84051,428,270258,0.00972807,0.04,1,169377,168949,428
20374021,6.592,7.9681,426,270258,0.00194561,0.07,1,169383,168957,426
20376941,6.1184,7.19362,425,270258,0.000389123,0.06,1,169389,168964,425
20379861,7.62368,7.83872,425,270258,7.78246e-05,0.05,1,169397,168972,425
20382781,8.72474,7.96774,426,270258,0.0480156,0.03,1,169406,168980,426
20384421,8.14495,7.99355,426,270258,0.0336031,0.05,1,169414,168988,426
20387341,8.02899,7.99871,426,270258,0.0307206,0.06,1,169422,168996,426
20390261,8.0058,7.99974,426,270258,0.0221441,0.06,1,169430,169004,426
20392741,9.60116,7.99995,428,270258,0.00442882,0.06,1,169440,169012,428
20395661,9.12023,10.4,426,270258,0.0168858,0.04,1,169449,169023,426
20398581,9.02405,8.48,427,270258,0.0113772,0.06,1,169458,169031,427
20400641,7.40481,8.096,426,270258,0.0102754,0.05,1,169465,169039,426
20403561,9.48096,10.4192,425,270258,0.00205509,0.03,1,169475,169050,425
20406481,9.89619,8.48384,427,270258,0.032411,0.01,1,169485,169058,427
20408341,8.37924,8.09677,427,270258,0.0064822,0.05,1,169493,169066,427
20411261,9.67585,9.61935,427,270258,0.00129644,0,1,169503,169076,427
20414181,6.73517,8.32387,425,270258,0.0242593,0.03,1,169509,169084,425
20417101,7.74703,8.06477,425,270258,0.0128519,0.02,1,169517,169092,425
20419781,10.3494,8.01295,428,270258,0.00257037,0.02,1,169528,169100,428
20421441,6.86988,9.60259,424,270258,0.000514074,0.03,1,169534,169110,424
20424361,6.97398,5.92052,426,270258,0.000102815,0.04,1,169541,169115,426
20426021,4.5948,7.5841,422,270258,2.0563e-05,0.03,1,169545,169123,422
20428101,7.31896,5.51682,425,270258,0.0160041,0,1,169553,169128,425
20431021,8.66379,7.50336,426,270258,0.0192008,0.05,1,169562,169136,426
20433941,8.13276,7.90067,426,270258,0.0278402,0.03,1,169570,169144,426
20436861,8.02655,7.98013,426,270258,0.00556803,0.06,1,169578,169152,426
20439781,8.80531,7.99603,427,270258,0.00111361,0.06,1,169587,169160,427
20442661,8.16106,7.99921,427,270258,0.00822272,0.03,1,169595,169168,427
20444741,12.8322,7.99984,433,270258,0.00964454,0,1,169609,169176,433
20447661,8.16644,12.8,426,270258,0.00992891,0.04,1,169616,169190,426
20450581,7.23329,8.95999,425,270258,0.00198578,0.07,1,169623,169198,425
20453501,7.84666,8.192,425,270258,0.000397156,0.03,1,169631,169206,425
20455761,7.96933,8.0384,425,270258,7.94313e-05,0,1,169639,169214,425
20458681,12.7939,12.0077,426,270258,0.0160159,0.01,1,169653,169227,426
20461601,9.75877,8.80154,427,270258,0.0112032,0.02,1,169662,169235,427
20463461,7.55175,8.16031,426,270258,0.0102406,0.03,1,169669,169243,426
20465541,10.3104,8.03206,429,270258,0.0100481,0.02,1,169680,169251,429
20468241,8.46207,10.4064,426,270258,0.0100096,0.03,1,169688,169262,426
20470321,11.2924,12.4813,425,270258,0.00200192,0.02,1,169700,169275,425
20472401,15.0585,14.4963,426,270258,0.0164004,0.03,1,169716,169290,426
20474481,7.8117,7.69925,426,270258,0.0192801,0.05,1,169722,169296,426
20477401,9.56234,9.53985,426,270258,0.011856,0.03,1,169732,169306,426
20480321,8.31247,8.30797,426,270258,0.0103712,0.02,1,169740,169314,426
20482181,8.06249,8.06159,426,270258,0.00207424,0.01,1,169748,169322,426
20484261,8.0125,8.81232,425,270258,0.0164148,0.01,1,169756,169331,425
20485921,7.2025,8.16246,424,270258,0.00328297,0.01,1,169763,169339,424
20488841,7.8405,7.23249,425,270258,0.000656594,0,1,169771,169346,425
20491761,7.9681,7.8465,425,270258,0.0241313,0,1,169779,169354,425
20494681,7.99362,7.9693,425,270258,0.0128263,0,1,169787,169362,425
20496321,7.19872,7.99386,424,270258,0.00256525,0.01,1,169794,169370,424
20499241,7.83974,7.19877,425,270258,0.00051305,0.03,1,169802,169377,425
20500901,10.3679,7.83975,428,270258,0.00010261,0,1,169813,169385,428
20503821,8.47359,9.56795,426,270258,2.0522e-05,0.02,1,169821,169395,426
20506741,8.09472,8.31359,426,270258,4.1044e-06,0.02,1,169829,169403,426
20509661,8.01894,8.06272,426,270258,0.00800082,0.02,1,169837,169411,426
20512581,8.00379,8.01254,426,270258,0.00160016,0.02,1,169845,169419,426
20515501,8.00076,8.00251,426,270258,0.000320033,0.01,1,169853,169427,426
20518421,7.20015,8.0005,425,270258,0.024064,0.01,1,169860,169435,425
20521341,7.84003,8.0001,425,270258,0.0288128,0.01,1,169868,169443,425
20524261,7.96801,8.00002,425,270258,0.0137626,0.01,1,169876,169451,425
20527181,7.9936,8,425,270258,0.00275251,0.01,1,169884,169459,425
20529601,7.99872,8,425,270258,0.000550502,0.01,1,169892,169467,425
20531681,7.19974,7.2,425,270258,0.0081101,0.04,1,169899,169474,425
20533761,10.2399,10.24,425,270258,0.00962202,0,1,169910,169485,425
20536681,10.048,9.248,426,270258,0.0019244,0,1,169920,169494,426
20538961,7.6096,8.2496,425,270258,0.0163849,0.03,1,169927,169502,425
20541881,9.52192,9.64992,425,270258,0.00327698,0.01,1,169937,169512,425
20544801,8.30438,8.32998,425,270258,0.0166554,0,1,169945,169520,425
20547281,8.06088,8.066,425,270258,0.0193311,0.01,1,169953,169528,425
20550201,10.4122,9.6132,426,270258,0.00386622,0,1,169964,169538,426
20553121,7.68243,8.32264,425,270258,0.000773243,0.01,1,169971,169546,425
20556041,7.93649,8.06453,425,270258,0.000154649,0.05,1,169979,169554,425
20558721,7.9873,8.01291,425,270258,3.09297e-05,0,1,169987,169562,425
20561641,14.3975,14.4026,425,270258,6.18594e-06,0,1,170003,169578,425
20564561,9.27949,9.28052,425,270258,0.0400012,0.01,1,170011,169586,425
20567481,8.2559,8.2561,425,270258,0.00800025,0.01,1,170019,169594,425
20570161,8.05118,8.05122,425,270258,0.00160005,0.01,1,170027,169602,425
20573081,8.81024,7.21024,427,270258,0.00032001,0,1,170036,169609,427
20576001,8.16205,7.84205,427,270258,6.4002e-05,0.04,1,170044,169617,427
20578921,8.03241,7.96841,427,270258,1.28004e-05,0.04,1,170052,169625,427
20581601,7.20648,7.99368,426,270258,2.56008e-06,0.04,1,170059,169633,426
20584521,11.0413,11.1987,426,270258,5.12016e-07,0.02,1,170071,169645,426
20586801,7.80826,8.63975,425,270258,0.0080001,0.03,1,170078,169653,425
20588881,7.16165,6.52795,426,270258,0.00160002,0.03,1,170085,169659,426
20591801,10.2323,10.9056,425,270258,0.00832,0.01,1,170096,169671,425
20594721,8.44647,8.58112,425,270258,0.009664,0.01,1,170104,169679,425
20597621,8.08929,8.11622,425,270258,0.0179328,0,1,170112,169687,425
20599281,7.21786,8.02324,424,270258,0.00358656,0.01,1,170119,169695,424
20601361,8.64357,8.00465,425,270258,0.00871731,0.01,1,170128,169703,425
20604281,20.1287,20.0009,425,270258,0.00974346,0.01,1,170151,169726,425
20606981,14.4257,10.4002,430,270258,0.0259487,0.01,1,170164,169734,430
20609901,8.48515,11.68,425,270258,0.0371897,0.01,1,170171,169746,425
20612801,8.09703,8.73601,425,270258,0.0154379,0.01,1,170179,169754,425
20614881,8.01941,8.1472,425,270258,0.0190876,0.02,1,170187,169762,425
20616961,7.20388,6.42944,426,270258,0.0438175,0.03,1,170194,169768,426
20619041,9.44078,10.0859,425,270258,0.0407635,0.01,1,170204,169779,425
20621961,10.6882,10.0172,426,270258,0.0321527,0,1,170215,169789,426
20624881,7.73763,8.40344,425,270258,0.0224305,0.03,1,170222,169797,425
20627801,7.94753,8.08069,425,270258,0.0124861,0.02,1,170230,169805,425
20630721,7.98951,8.01614,425,270258,0.0264972,0.02,1,170238,169813,425
20633641,8.7979,8.00323,426,270258,0.0372994,0.01,1,170247,169821,426
20636101,10.5596,8.00065,429,270258,0.0234599,0,1,170258,169829,429
20637761,7.71192,10.4001,425,270258,0.020692,0.04,1,170265,169840,425
20640681,8.74238,7.68003,427,270258,0.0361384,0.03,1,170274,169847,427
20643601,8.14848,7.93601,427,270258,0.0232277,0.04,1,170282,169855,427
20646521,6.4297,7.9872,425,270258,0.00464554,0.06,1,170288,169863,425
20649201,7.68594,7.99744,425,270258,0.0249291,0.01,1,170296,169871,425
20652121,7.93719,7.19949,426,270258,0.0449858,0.02,1,170304,169878,426
20654401,7.98744,7.8399,426,270258,0.0249972,0.03,1,170312,169886,426
20657321,5.59749,6.36798,425,270258,0.0129994,0.02,1,170317,169892,425
20660241,7.5195,7.6736,425,270258,0.00259989,0.01,1,170325,169900,425
20662721,7.9039,7.93472,425,270258,0.000519977,0.01,1,170333,169908,425
20664801,7.98078,7.18694,426,270258,0.016104,0.01,1,170341,169915,426
20666881,7.99616,8.63739,425,270258,0.0272208,0.02,1,170349,169924,425
20669801,11.1992,11.3275,425,270258,0.00544416,0.03,1,170361,169936,425
20672081,8.63985,8.6655,425,270258,0.00908883,0.01,1,170369,169944,425
20675001,6.52797,6.5331,425,270258,0.0338178,0,1,170375,169950,425
20677921,8.50559,7.70662,426,270258,0.0387636,0,1,170384,169958,426
20680401,7.30112,7.94132,425,270258,0.0317527,0.01,1,170391,169966,425
20683321,11.8602,11.1883,426,270258,0.0143505,0.02,1,170404,169978,426
20686241,7.97204,8.63765,425,270258,0.0108701,0.03,1,170411,169986,425
20689161,9.59441,8.12753,427,270258,0.026174,0.01,1,170421,169994,427
20691221,9.11888,8.02551,428,270258,0.0212348,0.03,1,170430,170002,428
20694141,8.22378,10.4051,425,270258,0.012247,0.04,1,170438,170013,425
20696421,10.4448,8.48102,428,270258,0.0264494,0,1,170449,170021,428
20698081,6.88895,9.6962,424,270258,0.0292899,0.03,1,170455,170031,424
20701001,7.77779,7.53924,425,270258,0.00585798,0.01,1,170463,170038,425
20703921,7.95556,7.90785,425,270258,0.0331716,0.01,1,170471,170046,425
20706841,7.99111,7.98157,425,270258,0.0626343,0.01,1,170479,170054,425
20709521,7.99822,7.99631,425,270258,0.0365269,0,1,170487,170062,425
20712441,9.59964,8.79926,426,270258,0.0313054,0.01,1,170497,170071,426
20714101,9.11993,8.15985,427,270258,0.0142611,0,1,170506,170079,427
20717021,8.22399,8.83197,426,270258,0.0108522,0.01,1,170514,170088,426
20719921,8.0448,8.16639,426,270258,0.0101704,0.04,1,170522,170096,426
20722841,9.60896,10.4333,425,270258,0.00203409,0.02,1,170532,170107,425
20725761,9.12179,8.48666,426,270258,0.000406818,0.01,1,170541,170115,426
20728681,7.42436,8.09733,425,270258,0.0240814,0.04,1,170548,170123,425
20731601,8.68487,8.01947,426,270258,0.0288163,0.01,1,170557,170131,426
20733861,20.937,8.00389,442,270258,0.0297633,0.03,1,170581,170139,442
20735941,13.7874,20.8008,430,270258,0.0139527,0.05,1,170593,170163,430
20738861,9.15748,13.7602,426,270258,0.0107905,0.06,1,170601,170175,426
20741781,8.2315,9.15203,426,270258,0.0261581,0.04,1,170609,170183,426
20743841,7.2463,8.23041,425,270258,0.0132316,0.04,1,170616,170191,425
20746761,7.04926,6.44608,426,270258,0.0266463,0.02,1,170623,170197,426
20749461,12.6099,7.68922,432,270258,0.0133293,0.04,1,170637,170205,432
20751541,6.52197,12.7378,423,270258,0.0106659,0.05,1,170642,170219,423
20753621,6.90439,7.34757,424,270258,0.0261332,0.01,1,170649,170225,424
20756541,7.78088,6.26951,426,270258,0.0132266,0.06,1,170657,170231,426
20759461,8.75618,7.6539,427,270258,0.0106453,0.04,1,170666,170239,427
20761521,6.55124,7.93078,425,270258,0.0101291,0.06,1,170672,170247,425
20764441,8.51025,7.98616,426,270258,0.0100258,0.03,1,170681,170255,426
20766101,8.10205,7.99723,426,270258,0.0100052,0.04,1,170689,170263,426
20769021,8.02041,7.99945,426,270258,0.010001,0.06,1,170697,170271,426
20770881,8.00408,7.99989,426,270258,0.0180002,0.04,1,170705,170279,426
20773801,12.0008,11.2,427,270258,0.0116,0.04,1,170718,170291,427
20776721,8.80016,8.64,427,270258,0.01832,0.04,1,170726,170299,427
20779641,7.36003,8.128,426,270258,0.003664,0.03,1,170733,170307,426
20782561,7.87201,8.0256,426,270258,0.0007328,0.03,1,170741,170315,426
20785481,7.9744,8.00512,426,270258,0.0241466,0.04,1,170749,170323,426
20788401,7.99488,8.00102,426,270258,0.0128293,0.06,1,170757,170331,426
20791321,8.79898,8.0002,427,270258,0.0105659,0.04,1,170766,170339,427
20794241,6.5598,8.00004,425,270258,0.0101132,0.05,1,170772,170347,425
20797161,7.71196,8.00001,425,270258,0.0340226,0.05,1,170780,170355,425
20799381,10.3424,8,428,270258,0.0148045,0.04,1,170791,170363,428
20801461,7.66848,9.6,425,270258,0.00296091,0.05,1,170798,170373,425
20804381,7.9337,6.72,427,270258,0.00859218,0.05,1,170806,170379,427
20806661,11.1867,7.744,431,270258,0.00971844,0,1,170818,170387,431
20809581,7.83735,11.9488,425,270258,0.0259437,0.04,1,170825,170400,425
20812501,7.96747,8.78976,425,270258,0.00518874,0,1,170833,170408,425
20815421,7.99349,8.15795,425,270258,0.00103775,0.05,1,170841,170416,425
20818101,7.1987,8.03159,424,270258,0.000207549,0.03,1,170848,170424,424
20819761,7.83974,7.20632,425,270258,4.15099e-05,0.03,1,170856,170431,425
20822681,5.56795,5.44126,425,270258,0.0080083,0.05,1,170861,170436,425
20824961,9.11359,7.48825,427,270258,0.0336017,0.03,1,170871,170444,427
20827881,9.82272,10.2977,426,270258,0.00672033,0.02,1,170881,170455,426
20830801,9.96454,8.45953,428,270258,0.0173441,0.04,1,170891,170463,428
20833721,6.79291,8.09191,426,270258,0.0114688,0.07,1,170897,170471,426
20835781,11.7586,8.01838,431,270258,0.0262938,0.04,1,170910,170479,431
20838701,7.95172,12.0037,425,270258,0.00525875,0.05,1,170917,170492,425
20841621,7.99034,8.80074,425,270258,0.0330518,0.05,1,170925,170500,425
20844101,11.1981,8.16015,429,270258,0.00661035,0.05,1,170937,170508,429
20847021,8.63961,11.232,425,270258,0.0333221,0.05,1,170945,170520,425
20849301,12.9279,8.64641,431,270258,0.0226644,0,1,170959,170528,431
20852221,8.98558,12.1293,426,270258,0.0125329,0.06,1,170967,170541,426
20855141,8.99712,8.82586,427,270258,0.0265066,0.03,1,170976,170549,427
20857621,7.39942,8.16517,426,270258,0.00530132,0.03,1,170983,170557,426
20860541,8.67988,8.83303,426,270258,0.0250603,0.02,1,170992,170566,426
20862401,7.33598,8.16661,425,270258,0.0290121,0,1,170999,170574,425
20865321,19.8672,19.2333,426,270258,0.0138024,0.03,1,171022,170596,426
20868021,8.77344,10.2467,424,270258,0.0187605,0.03,1,171028,170604,424
20869681,8.15469,7.64933,425,270258,0.0037521,0.06,1,171036,170611,425
20872601,9.63094,8.72987,426,270258,0.00875042,0.03,1,171046,170620,426
20875521,8.32619,8.14597,426,270258,0.0257501,0.04,1,171054,170628,426
20878421,16.0652,8.02919,436,270258,0.04515,0.01,1,171072,170636,436
20881341,9.61305,16.8058,425,270258,0.04103,0.03,1,171080,170655,425
20884261,8.32261,9.76117,425,270258,0.032206,0.03,1,171088,170663,425
20887181,8.06452,8.35223,425,270258,0.0464412,0.05,1,171096,170671,425
20890101,8.8129,8.07045,426,270258,0.0572882,0.03,1,171105,170679,426
20893021,7.36258,8.01409,425,270258,0.0514576,0.06,1,171112,170687,425
20895941,7.87252,8.00282,425,270258,0.0662915,0.05,1,171120,170695,425
20898181,7.9745,8.00056,425,270258,0.0372583,0.03,1,171128,170703,425
20901101,8.7949,8.00011,426,270258,0.0234517,0.04,1,171137,170711,426
20904001,8.15898,8.00002,426,270258,0.0126903,0.05,1,171145,170719,426
20906921,13.6318,13.6,426,270258,0.0185381,0.03,1,171160,170734,426
20909841,8.32636,9.12,425,270258,0.0277076,0.04,1,171167,170742,425
20912761,8.06527,8.224,425,270258,0.0295415,0.04,1,171175,170750,425
20915681,8.01305,8.0448,425,270258,0.0299083,0.01,1,171183,170758,425
20918561,8.80261,8.00896,426,270258,0.0219817,0.03,1,171192,170766,426
20921481,8.16052,8.00179,426,270258,0.0123963,0.02,1,171200,170774,426
20924401,7.2321,8.00036,425,270258,0.0344793,0.04,1,171207,170782,425
20927321,8.64642,8.00007,426,270258,0.0148959,0.03,1,171216,170790,426
20929381,9.72928,8.00001,428,270258,0.0349792,0.02,1,171226,170798,428
20932301,7.54586,8.8,426,270258,0.0549958,0.05,1,171233,170807,426
20935221,7.90917,8.16,426,270258,0.0429992,0.05,1,171241,170815,426
20937281,7.18183,8.032,425,270258,0.0325998,0.03,1,171248,170823,425
20940201,11.0364,11.2064,425,270258,0.04652,0.02,1,171260,170835,425
20943121,9.40727,8.64128,426,270258,0.041304,0,1,171269,170843,426
20945601,7.48145,8.12826,425,270258,0.0242608,0.05,1,171276,170851,425
20948521,7.09629,7.22565,425,270258,0.0208522,0.04,1,171283,170858,425
20950801,7.81926,7.84513,425,270258,0.00417043,0.03,1,171291,170866,425
20953721,7.16385,6.36903,426,270258,0.000834086,0.02,1,171298,170872,426
20956001,7.83277,7.67381,426,270258,0.00816682,0.05,1,171306,170880,426
20958081,5.56655,6.33476,425,270258,0.0256334,0.01,1,171311,170886,425
20961001,9.91331,10.067,425,270258,0.0291267,0.01,1,171322,170897,425
20962661,13.1827,8.41339,431,270258,0.0138253,0.03,1,171336,170905,431
20965581,8.23653,11.2827,426,270258,0.00276507,0.06,1,171343,170917,426
20968501,8.04731,8.65654,426,270258,0.00855301,0.03,1,171351,170925,426
20971421,8.00946,8.13131,426,270258,0.0097106,0.04,1,171359,170933,426
20974101,7.20189,8.02626,425,270258,0.0339421,0.05,1,171366,170941,425
20976181,13.4404,7.20525,433,270258,0.0307884,0.03,1,171381,170948,433
20977841,7.48808,13.4411,424,270258,0.0141577,0.04,1,171387,170963,424
20980761,12.6976,12.2882,426,270258,0.0108315,0.03,1,171401,170975,426
20983041,8.13952,8.85764,425,270258,0.0181663,0.05,1,171408,170983,425
20985961,7.2279,6.57153,426,270258,0.0356333,0.01,1,171415,170989,426
20988881,7.04558,7.71431,425,270258,0.0471267,0.02,1,171422,170997,425
20991801,8.60912,7.94286,426,270258,0.00942533,0.01,1,171431,171005,426
20993441,7.32182,7.98857,425,270258,0.0258851,0.02,1,171438,171013,425
20995521,13.4644,13.5977,425,270258,0.00517701,0.05,1,171453,171028,425
20998441,11.4929,10.7195,426,270258,0.0090354,0.03,1,171464,171038,426
21000721,7.89857,8.54391,425,270258,0.00980708,0.02,1,171471,171046,425
21002801,6.37971,6.50878,425,270258,0.0259614,0.02,1,171477,171052,425
21005721,10.0759,8.50176,427,270258,0.00519228,0.04,1,171488,171061,427
21007381,14.8152,8.10035,435,270258,0.00903846,0.04,1,171504,171069,435
21010301,9.36304,14.4201,427,270258,0.00980769,0.06,1,171512,171085,427
21013221,8.27261,9.28401,427,270258,0.0179615,0.06,1,171520,171093,427
21016141,8.85452,8.2568,428,270258,0.0275923,0.05,1,171529,171101,428
21019061,8.1709,8.05136,428,270258,0.0295185,0.06,1,171537,171109,428
21021941,9.63418,8.01027,430,270258,0.0299037,0.04,1,171547,171117,430
21024861,8.32684,11.2021,426,270258,0.0139807,0.04,1,171555,171129,426
21027781,7.26537,8.64041,425,270258,0.0187961,0.04,1,171562,171137,425
21030261,7.85307,8.12808,425,270258,0.0197592,0.03,1,171570,171145,425
21033181,7.97061,7.22562,426,270258,0.0199518,0.04,1,171578,171152,426
21036101,7.99412,7.84512,426,270258,0.0119904,0.05,1,171586,171160,426
21038581,9.59882,7.96902,428,270258,0.0343981,0.02,1,171596,171168,428
21040241,7.51976,10.3938,424,270258,0.0308796,0.02,1,171603,171179,424
21043161,11.104,10.0788,426,270258,0.0141759,0.01,1,171615,171189,426
21046081,7.82079,8.41575,425,270258,0.0268352,0.05,1,171622,171197,425
21049001,7.96416,8.08315,425,270258,0.029367,0.01,1,171630,171205,425
21051921,8.79283,8.01663,426,270258,0.0378734,0.05,1,171639,171213,426
21054841,8.95857,8.00333,427,270258,0.00757468,0.06,1,171648,171221,427
21057761,7.39171,8.00067,426,270258,0.00151494,0.05,1,171655,171229,426
21060681,8.67834,8.00013,427,270258,0.024303,0.03,1,171664,171237,427
21063601,8.13567,8.00003,427,270258,0.0448606,0.04,1,171672,171245,427
21066521,8.02713,8.00001,427,270258,0.0329721,0.04,1,171680,171253,427
21069441,7.20543,8,426,270258,0.0305944,0.06,1,171687,171261,426
21071861,14.2411,8,434,270258,0.0381189,0.02,1,171703,171269,434
21074781,10.0482,15.2,426,270258,0.0156238,0,1,171712,171286,426
21077701,8.40964,9.44,426,270258,0.0111248,0.05,1,171720,171294,426
21080621,7.28193,8.288,425,270258,0.00222495,0.05,1,171727,171302,425
21083541,8.65639,8.0576,426,270258,0.024445,0.02,1,171736,171310,426
21086461,7.33128,8.01152,425,270258,0.004889,0.04,1,171743,171318,425
21089121,7.86626,8.0023,425,270258,0.0169778,0.01,1,171751,171326,425
21091201,7.97325,7.20046,426,270258,0.0273956,0,1,171759,171333,426
21093281,8.79465,9.44009,425,270258,0.0134791,0.01,1,171768,171343,425
21096201,8.95893,8.28802,426,270258,0.0266958,0.03,1,171777,171351,426
21099121,8.19179,8.0576,426,270258,0.00533916,0.02,1,171785,171359,426
21102041,8.03836,8.01152,426,270258,0.0170678,0.03,1,171793,171367,426
21104721,8.00767,8.0023,426,270258,0.00341357,0.04,1,171801,171375,426
21106801,7.20153,7.20046,426,270258,0.0326827,0.04,1,171808,171382,426
21108881,9.44031,9.44009,426,270258,0.0305365,0.02,1,171818,171392,426
21110961,11.4881,10.688,427,270258,0.0381073,0.06,1,171830,171403,427
21113881,13.4976,13.3376,427,270258,0.0156215,0.05,1,171844,171417,427
21116801,8.29952,9.06752,426,270258,0.0111243,0.04,1,171851,171425,426
21119281,7.2599,8.2135,425,270258,0.00222486,0.03,1,171858,171433,425
21122201,11.852,11.2427,426,270258,0.000444972,0,1,171871,171445,426
21125121,7.9704,8.64854,425,270258,0.032089,0.06,1,171878,171453,425
21128021,11.1941,8.12971,429,270258,0.0304178,0.03,1,171890,171461,429
21130101,11.0388,10.4259,429,270258,0.0140836,0.05,1,171901,171472,429
21133021,7.00776,10.0852,425,270258,0.0268167,0.04,1,171907,171482,425
21135921,7.80155,8.41704,425,270258,0.0133633,0.01,1,171915,171490,425
21138841,21.5603,20.8834,426,270258,0.0106727,0.04,1,171940,171514,426
21141761,10.7121,10.5767,426,270258,0.00213453,0.04,1,171948,171522,426
21144241,8.54241,8.51534,426,270258,0.0244269,0.04,1,171956,171530,426
21147161,12.9085,13.7031,425,270258,0.00488538,0.02,1,171970,171545,425
21150081,8.9817,9.14061,425,270258,0.00897708,0.03,1,171978,171553,425
21153001,8.19634,8.22812,425,270258,0.00979542,0.03,1,171986,171561,425
21155921,8.03927,8.04562,425,270258,0.0419591,0.03,1,171994,171569,425
21158841,8.80785,8.00912,426,270258,0.0483918,0.02,1,172003,171577,426
21161761,8.16157,8.00182,426,270258,0.0496784,0.03,1,172011,171585,426
21164681,7.23231,8.00036,425,270258,0.0259357,0.05,1,172018,171593,425
21167601,7.84646,8.00007,425,270258,0.0371871,0.02,1,172026,171601,425
21170521,8.76929,8.00001,426,270258,0.0634374,0.03,1,172035,171609,426
21172741,10.5539,8,429,270258,0.0606875,0.01,1,172046,171617,429
21175661,8.51077,10.4,426,270258,0.0521375,0.01,1,172054,171628,426
21178581,7.30215,8.48,425,270258,0.0264275,0.03,1,172061,171636,425
21181061,11.0604,8.096,429,270258,0.0052855,0.02,1,172073,171644,429
21183981,8.61209,10.4192,426,270258,0.0250571,0.05,1,172081,171655,426
21186901,8.92242,8.48384,427,270258,0.0210114,0.07,1,172090,171663,427
21189381,8.18448,8.09677,427,270258,0.0362023,0.04,1,172098,171671,427
21192301,8.8369,8.81935,427,270258,0.00724046,0.06,1,172107,171680,427
21195221,7.36738,8.16387,426,270258,0.0254481,0.07,1,172114,171688,426
21198141,7.07348,8.03277,425,270258,0.0290896,0.04,1,172121,171696,425
21200401,7.8147,8.00655,425,270258,0.0138179,0.04,1,172129,171704,425
21203321,10.3629,9.60131,426,270258,0.0107636,0.02,1,172140,171714,426
21206241,8.47259,8.32026,426,270258,0.0101527,0.02,1,172148,171722,426
21209161,7.29452,8.06405,425,270258,0.00203054,0.05,1,172155,171730,425
21212081,7.8589,8.01281,425,270258,0.0164061,0.01,1,172163,171738,425
21215001,8.77178,8.00256,426,270258,0.0112812,0.03,1,172172,171746,426
21217921,8.15436,8.00051,426,270258,0.00225624,0.07,1,172180,171754,426
21220841,8.03087,8.0001,426,270258,0.000451249,0.04,1,172188,171762,426
21223701,13.6062,8.00002,433,270258,0.0160902,0,1,172203,171770,433
21226401,9.12123,13.6,426,270258,0.011218,0.03,1,172211,171785,426
21229321,8.22425,8.32,427,270258,0.0342436,0.01,1,172219,171792,427
21230981,6.44485,8.064,425,270258,0.0388487,0.05,1,172225,171800,425
21233901,7.68897,7.2128,426,270258,0.00776974,0.05,1,172233,171807,426
21236821,7.93779,7.84256,426,270258,0.0175539,0.06,1,172241,171815,426
21239741,7.98756,7.96851,426,270258,0.0515108,0.07,1,172249,171823,426
21241381,10.3975,7.9937,429,270258,0.0503022,0.01,1,172260,171831,429
21243461,14.8795,10.3987,434,270258,0.0420604,0,1,172276,171842,434
21246381,9.3759,14.0797,427,270258,0.0404121,0.06,1,172284,171857,427
21249301,7.47518,9.21595,426,270258,0.0240824,0.05,1,172291,171865,426
21252221,7.89504,8.24319,426,270258,0.0128165,0.04,1,172299,171873,426
21253861,7.17901,8.04864,425,270258,0.0105633,0.03,1,172306,171881,425
21255521,6.2358,6.40973,425,270258,0.0101127,0.02,1,172312,171887,425
21258441,6.04716,5.28195,426,270258,0.0340225,0.05,1,172318,171892,426
21260101,4.40943,7.45639,422,270258,0.0388045,0.02,1,172322,171900,422
21262181,15.2819,5.49128,435,270258,0.0077609,0.01,1,172340,171905,435
21265101,7.85638,13.8983,425,270258,0.00155218,0.04,1,172346,171921,425
21266961,7.17128,9.17965,424,270258,0.0403104,0,1,172353,171929,424
21269041,18.2343,17.0359,426,270258,0.0240621,0.03,1,172374,171948,426
21271961,14.0469,13.0072,427,270258,0.0128124,0.04,1,172387,171960,427
21274881,9.20937,9.00144,427,270258,0.00256248,0.06,1,172395,171968,427
21277361,7.44187,8.20029,426,270258,0.0165125,0.05,1,172402,171976,426
21280281,7.88837,7.24006,427,270258,0.0033025,0.03,1,172410,171983,427
21283201,7.17767,7.84801,426,270258,0.0086605,0.05,1,172417,171991,426
21286121,7.83553,7.9696,426,270258,0.0497321,0.05,1,172425,171999,426
21288181,7.16711,7.99392,425,270258,0.0419464,0.06,1,172432,172007,425
21289841,7.03342,6.39878,426,270258,0.0643893,0.06,1,172439,172013,426
21292761,7.00668,5.27976,428,270258,0.0528779,0.06,1,172446,172018,428
21295681,7.80134,7.45595,428,270258,0.0585756,0.09,1,172454,172026,428
21298601,8.76027,7.89119,429,270258,0.0437151,0.09,1,172463,172034,429
21301281,6.55205,7.97824,427,270258,0.016743,0.07,1,172469,172042,427
21304201,10.9104,11.9956,426,270258,0.0113486,0.05,1,172481,172055,426
21306481,8.58208,8.79913,426,270258,0.0102697,0.03,1,172489,172063,426
21309401,6.51642,6.55983,426,270258,0.0260539,0.04,1,172495,172069,426
21311061,6.90328,7.71197,425,270258,0.0212108,0.04,1,172502,172077,425
21313141,14.9807,7.94239,434,270258,0.00424216,0.04,1,172519,172085,434
21316061,9.39613,14.3885,426,270258,0.000848431,0.06,1,172527,172101,426
21318981,8.27923,9.2777,426,270258,0.0161697,0.05,1,172535,172109,426
21321901,7.25585,8.25554,425,270258,0.0112339,0.06,1,172542,172117,425
21324821,7.85117,8.05111,425,270258,0.0102468,0.03,1,172550,172125,425
21327741,7.97023,8.01022,425,270258,0.0260494,0.04,1,172558,172133,425
21330661,7.99405,8.00204,425,270258,0.0212099,0.03,1,172566,172141,425
21332901,8.79881,8.00041,426,270258,0.052242,0.03,1,172575,172149,426
21335821,8.15976,8.80008,425,270258,0.0344484,0.02,1,172583,172158,425
21338741,8.03195,8.16002,425,270258,0.0308897,0.02,1,172591,172166,425
21341661,8.80639,8.032,426,270258,0.0221779,0,1,172600,172174,426
21344581,8.16128,8.0064,426,270258,0.0204356,0.04,1,172608,172182,426
21347501,8.03226,8.00128,426,270258,0.0120871,0.05,1,172616,172190,426
21350421,8.00645,8.00026,426,270258,0.0264174,0.04,1,172624,172198,426
21352661,7.20129,8.00005,425,270258,0.0452835,0.03,1,172631,172206,425
21354321,7.04026,6.40001,426,270258,0.0090567,0.06,1,172638,172212,426
21357241,11.8081,10.88,427,270258,0.00181134,0,1,172651,172224,427
21360161,9.56161,8.576,428,270258,0.000362268,0.05,1,172660,172232,428
21363081,8.31232,8.1152,428,270258,7.24536e-05,0.07,1,172668,172240,428
21366001,7.26246,8.02304,427,270258,0.00801449,0.06,1,172675,172248,427
21368921,8.65249,8.00461,428,270258,0.0016029,0.04,1,172684,172256,428
21371381,6.5305,8.00092,426,270258,0.0243206,0.08,1,172690,172264,426
21373461,14.9061,7.20018,436,270258,0.0368641,0.03,1,172707,172271,436
21376381,9.38122,16.64,425,270258,0.0553728,0.03,1,172715,172290,425
21379301,9.07624,9.72801,426,270258,0.0350746,0.03,1,172724,172298,426
21382221,8.21525,8.3456,426,270258,0.0150149,0.05,1,172732,172306,426
21383861,5.64305,8.06912,423,270258,0.019003,0.05,1,172737,172314,423
21386781,7.52861,6.41382,425,270258,0.0118006,0.03,1,172745,172320,425
21389701,7.90572,7.68276,425,270258,0.0103601,0.01,1,172753,172328,425
21392181,11.9811,7.93655,430,270258,0.034072,0.05,1,172766,172336,430
21394261,8.79623,11.1873,426,270258,0.0388144,0.06,1,172774,172348,426
21397181,6.55925,7.03746,426,270258,0.00776288,0.06,1,172780,172354,426
21399461,24.5118,7.80749,447,270258,0.0255526,0.03,1,172809,172362,447
21401541,15.3024,24.7615,431,270258,0.0371105,0.02,1,172822,172391,431
21404461,10.2605,15.3523,427,270258,0.0074221,0.04,1,172831,172404,427
21407381,9.25209,9.47046,428,270258,0.0174844,0.08,1,172840,172412,428
21409861,6.65042,8.29409,426,270258,0.0114969,0.07,1,172846,172420,426
21412781,7.73008,7.25882,427,270258,0.0262994,0.07,1,172854,172427,427
21415701,7.94602,7.85176,427,270258,0.0292599,0.07,1,172862,172435,427
21418621,7.1892,7.97035,426,270258,0.013852,0.07,1,172869,172443,426
21421541,7.83784,7.99407,426,270258,0.0027704,0.07,1,172877,172451,426
21424421,7.96757,7.99881,426,270258,0.0405541,0.06,1,172885,172459,426
21427341,7.99351,7.99976,426,270258,0.0401108,0.06,1,172893,172467,426
21430261,7.9987,7.99995,426,270258,0.0160222,0.06,1,172901,172475,426
21433181,7.99974,7.99999,426,270258,0.0112044,0.06,1,172909,172483,426
21435861,10.3999,8,429,270258,0.0182409,0.02,1,172920,172491,429
21438781,8.47999,10.4,426,270258,0.0196482,0.03,1,172928,172502,426
21441681,7.296,8.48,425,270258,0.0199296,0.05,1,172935,172510,425
21443761,9.4592,9.696,425,270258,0.0279859,0.04,1,172945,172520,425
21446681,11.4918,10.7392,426,270258,0.0295972,0.05,1,172957,172531,426
21448341,9.49837,8.54784,427,270258,0.0299194,0.03,1,172966,172539,427
21451261,9.09967,8.90957,427,270258,0.0219839,0.02,1,172975,172548,427
21454181,9.01993,8.18191,428,270258,0.0123968,0.03,1,172984,172556,428
21457101,6.60399,8.03638,426,270258,0.0184794,0.07,1,172990,172564,426
21460021,7.7208,8.00728,426,270258,0.0276959,0.03,1,172998,172572,426
21462941,7.94416,8.00146,426,270258,0.0215392,0.05,1,173006,172580,426
21465861,7.98883,8.00029,426,270258,0.0123078,0.02,1,173014,172588,426
21468781,7.19777,8.00006,425,270258,0.0104616,0.05,1,173021,172596,425
21471701,8.63955,8.00001,426,270258,0.0100923,0.02,1,173030,172604,426
21474621,8.12791,8,426,270258,0.0260185,0.05,1,173038,172612,426
21477541,8.02558,8,426,270258,0.0372037,0.05,1,173046,172620,426
21480461,8.00512,8,426,270258,0.00744074,0.04,1,173054,172628,426
21482661,5.60102,8,423,270258,0.0334881,0.03,1,173059,172636,423
21485361,7.5202,6.4,425,270258,0.0466976,0.03,1,173067,172642,425
21488281,19.104,17.28,427,270258,0.0173395,0.03,1,173089,172662,427
21491201,9.42081,9.856,426,270258,0.0034679,0.05,1,173096,172670,426
21493681,7.48416,8.3712,425,270258,0.00869358,0.02,1,173103,172678,425
21496601,10.2968,8.87424,427,270258,0.0337387,0.01,1,173114,172687,427
21499521,7.65937,8.17485,426,270258,0.0387477,0.05,1,173121,172695,426
21502001,7.93187,8.03497,426,270258,0.00774955,0.07,1,173129,172703,426
21504081,10.3864,10.407,426,270258,0.0415499,0.05,1,173140,172714,426
21507001,9.27728,9.2814,426,270258,0.00830998,0.03,1,173149,172723,426
21509921,8.25546,8.25628,426,270258,0.017662,0.06,1,173157,172731,426
21511781,6.45109,8.05126,424,270258,0.0275324,0.04,1,173163,172739,424
21514701,9.29022,7.21025,427,270258,0.0455065,0.02,1,173173,172746,427
21517601,6.65804,7.84205,425,270258,0.0331013,0.05,1,173179,172754,425
21520521,8.53161,7.96841,426,270258,0.0146203,0.03,1,173188,172762,426
21522181,6.50632,7.99368,424,270258,0.0189241,0.01,1,173194,172770,424
21524261,8.50126,5.59874,428,270258,0.0117848,0.06,1,173203,172775,428
21527181,8.10025,9.11975,426,270258,0.026357,0.08,1,173211,172785,426
21529461,27.2201,8.22395,450,270258,0.0132714,0.03,1,173243,172793,450
21531541,10.244,27.2448,424,270258,0.00265428,0.03,1,173249,172825,424
21533621,8.4488,10.249,426,270258,0.000530856,0.04,1,173257,172831,426
21535281,8.08976,9.24979,425,270258,0.0241062,0.04,1,173265,172840,425
21538201,6.41795,5.84996,426,270258,0.0208212,0.04,1,173271,172845,426
21539861,6.08359,7.56999,424,270258,0.0121642,0.07,1,173277,172853,424
21542781,8.41672,7.114,426,270258,0.0104328,0.02,1,173286,172860,426
21545701,9.68334,7.8228,428,270258,0.0180866,0.03,1,173296,172868,428
21548181,10.7367,7.96456,431,270258,0.0116173,0.05,1,173307,172876,431
21551101,7.74733,11.1929,426,270258,0.0103235,0.05,1,173314,172888,426
21554021,7.94947,8.63858,426,270258,0.00206469,0.04,1,173322,172896,426
21556941,7.98989,8.12772,426,270258,0.000412938,0.04,1,173330,172904,426
21559861,7.99798,8.02554,426,270258,0.0240826,0.04,1,173338,172912,426
21562781,7.9996,8.00511,426,270258,0.0288165,0.04,1,173346,172920,426
21564821,6.39992,8.00102,424,270258,0.0297633,0.04,1,173352,172928,424
21567741,7.67998,6.4002,426,270258,0.0299527,0.05,1,173360,172934,426
21570661,7.936,7.68004,426,270258,0.0299905,0.04,1,173368,172942,426
21573581,7.9872,7.93601,426,270258,0.0299981,0.04,1,173376,172950,426
21576261,6.39744,7.9872,424,270258,0.00599962,0.04,1,173382,172958,424
21578341,13.2795,7.19744,432,270258,0.00919992,0.02,1,173397,172965,432
21580421,9.0559,12.6395,426,270258,0.00983998,0.04,1,173405,172979,426
21583341,8.21118,8.9279,426,270258,0.009968,0.04,1,173413,172987,426
21586261,7.24224,8.18558,425,270258,0.0019936,0.04,1,173420,172995,425
21589181,7.84845,8.03712,425,270258,0.00039872,0.05,1,173428,173003,425
21591861,7.16969,8.00742,424,270258,0.0320797,0.01,1,173435,173011,424
21593521,7.03394,7.20148,424,270258,0.0464159,0.03,1,173442,173018,424
21596441,8.60679,7.0403,426,270258,0.0172832,0.03,1,173451,173025,426
21599361,8.12136,7.80806,426,270258,0.0194566,0.07,1,173459,173033,426
21602281,7.22427,7.96161,425,270258,0.00389133,0.03,1,173466,173041,425
21605201,8.64485,7.99232,426,270258,0.00877827,0.04,1,173475,173049,426
21608081,8.92897,7.99846,427,270258,0.00975565,0.02,1,173484,173057,427
21611001,6.58579,7.99969,425,270258,0.0179511,0.04,1,173490,173065,425
21613921,8.51716,7.99994,426,270258,0.0115902,0,1,173499,173073,426
21616401,7.30343,7.99999,425,270258,0.00231805,0.01,1,173506,173081,425
21618481,10.2607,10.4,425,270258,0.000463609,0,1,173517,173092,425
21621401,10.0521,9.28,426,270258,0.00809272,0.03,1,173527,173101,426
21624321,8.41043,8.256,426,270258,0.0416185,0.06,1,173535,173109,426
21626181,10.4821,8.0512,429,270258,0.0163237,0.02,1,173546,173117,429
21629101,8.49642,9.61024,427,270258,0.0112647,0.06,1,173554,173127,427
21632021,7.29928,8.32205,426,270258,0.00225295,0.04,1,173561,173135,426
21634941,7.85986,8.06441,426,270258,0.0164506,0.06,1,173569,173143,426
21636581,10.372,8.01288,429,270258,0.0192901,0.05,1,173580,173151,429
21638661,6.87439,9.60258,425,270258,0.011858,0.07,1,173586,173161,425
21641581,6.17488,6.72052,425,270258,0.0023716,0.07,1,173592,173167,425
21644501,8.43498,7.7441,426,270258,0.000474321,0.03,1,173601,173175,426
21646981,6.487,7.94882,424,270258,0.0240949,0.05,1,173607,173183,424
21649901,7.6974,7.18976,425,270258,0.020819,0.03,1,173615,173190,425
21652181,7.13948,7.83795,424,270258,0.0121638,0.01,1,173622,173198,424
21654881,7.8279,6.36759,426,270258,0.0104328,0.01,1,173630,173204,426
21657801,7.96558,8.47352,425,270258,0.0100866,0.02,1,173638,173213,425
21659461,27.9931,8.0947,450,270258,0.00201731,0.03,1,173671,173221,450
21662161,11.1986,27.2189,425,270258,0.000403462,0.03,1,173678,173253,425
21664241,11.8397,15.0438,425,270258,0.00808069,0.02,1,173690,173265,425
21667161,11.1679,11.8088,425,270258,0.0176161,0,1,173701,173276,425
21670081,9.43359,8.76175,426,270258,0.0115232,0.01,1,173710,173284,426
21673001,7.48672,8.15235,425,270258,0.0103046,0.04,1,173717,173292,425
21675061,7.09734,8.03047,424,270258,0.0260609,0.01,1,173724,173300,424
21676721,7.01947,6.40609,425,270258,0.00521219,0.02,1,173731,173306,425
21678801,7.00389,6.88122,425,270258,0.00904244,0,1,173738,173313,425
21681721,12.6008,10.9762,427,270258,0.00180849,0,1,173752,173325,427
21684641,8.92016,8.59525,427,270258,0.000361697,0.06,1,173760,173333,427
21687561,7.38403,8.11905,426,270258,7.23395e-05,0.05,1,173767,173341,426
21690481,7.87681,8.02381,426,270258,0.00801447,0.04,1,173775,173349,426
21693401,7.97536,8.00476,426,270258,0.00960289,0.02,1,173783,173357,426
21696321,7.99507,8.00095,426,270258,0.0259206,0.02,1,173791,173365,426
21699241,7.99901,8.00019,426,270258,0.0291841,0.01,1,173799,173373,426
21702161,7.9998,8.00004,426,270258,0.0138368,0.01,1,173807,173381,426
21705081,7.99996,8.00001,426,270258,0.00276736,0.01,1,173815,173389,426
21708001,7.99999,8,426,270258,0.0165535,0.01,1,173823,173397,426
21710421,10.4,8,429,270258,0.0353107,0.02,1,173834,173405,429
21712501,8.48,11.2,425,270258,0.0390621,0.03,1,173842,173417,425
21715421,8.096,7.04,427,270258,0.0398124,0.04,1,173850,173423,427
21717281,6.4192,7.808,425,270258,0.00796248,0.03,1,173856,173431,425
21720201,9.28384,8.7616,426,270258,0.0095925,0,1,173866,173440,426
21723121,7.45677,8.15232,425,270258,0.0019185,0.02,1,173873,173448,425
21726041,8.69135,8.03046,426,270258,0.0083837,0,1,173882,173456,426
21728961,7.33827,8.00609,425,270258,0.0256767,0.05,1,173889,173464,425
21731221,7.06765,8.00122,424,270258,0.0131353,0.01,1,173896,173472,424
21732881,6.21353,6.40024,424,270258,0.0106271,0.05,1,173902,173478,424
21735801,10.0427,9.28005,425,270258,0.0181254,0.03,1,173913,173488,425
21738721,8.40854,8.25601,425,270258,0.0116251,0.03,1,173921,173496,425
21741641,8.08171,8.0512,425,270258,0.034325,0.02,1,173929,173504,425
21744561,8.01634,8.01024,425,270258,0.022865,0.01,1,173937,173512,425
21747481,9.60327,8.00205,427,270258,0.004573,0,1,173947,173520,427
21750401,7.52065,8.00041,426,270258,0.0089146,0.04,1,173954,173528,426
21753321,7.10413,8.00008,425,270258,0.00178292,0.03,1,173961,173536,425
21756181,10.2208,8.00002,428,270258,0.00835658,0.02,1,173972,173544,428
21758261,9.24417,10.4,426,270258,0.0176713,0.03,1,173981,173555,426
21759921,7.44883,9.28,424,270258,0.0195343,0.01,1,173988,173564,424
21762841,6.28977,5.856,425,270258,0.00390685,0.01,1,173994,173569,425
21765121,7.65795,7.5712,425,270258,0.000781371,0.01,1,174002,173577,425
21768041,11.1316,10.3142,426,270258,0.000156274,0,1,174014,173588,426
21770961,8.62632,8.46285,426,270258,0.0400313,0.02,1,174022,173596,426
21773861,9.72526,8.09257,428,270258,0.0160062,0.02,1,174032,173604,428
21776781,8.34505,10.4185,425,270258,0.0272013,0.03,1,174040,173615,425
21779701,8.06901,8.4837,425,270258,0.0134403,0.03,1,174048,173623,425
21782621,8.8138,8.09674,426,270258,0.010688,0.03,1,174057,173631,426
21785541,8.16276,8.01935,426,270258,0.0101376,0.04,1,174065,173639,426
21788001,7.23255,8.00387,425,270258,0.0100275,0.03,1,174072,173647,425
21790921,27.8465,27.2008,426,270258,0.0020055,0.06,1,174105,173679,426
21793201,11.1693,11.8402,425,270258,0.000401101,0.06,1,174112,173687,425
21796121,11.8339,11.968,425,270258,8.02202e-05,0.03,1,174124,173699,425
21798821,15.1668,8.79361,433,270258,0.00801604,0.03,1,174140,173707,433
21801741,9.43335,14.5587,425,270258,0.00160321,0.03,1,174148,173723,425
21804661,8.28667,9.31174,425,270258,0.0163206,0.01,1,174156,173731,425
21807581,8.05733,8.26235,425,270258,0.00326413,0.01,1,174164,173739,425
21809841,8.01147,8.05247,425,270258,0.000652826,0.05,1,174172,173747,425
21811921,9.60229,9.61049,425,270258,0.00813057,0.02,1,174182,173757,425
21814841,8.32046,8.3221,425,270258,0.0256261,0.01,1,174190,173765,425
21816501,8.06409,8.06442,425,270258,0.0211252,0.03,1,174198,173773,425
21819421,8.01282,7.21288,426,270258,0.044225,0.04,1,174206,173780,426
21822341,8.00256,7.84258,426,270258,0.032845,0.04,1,174214,173788,426
21825261,7.20051,7.96852,425,270258,0.030569,0.03,1,174221,173796,425
21827941,11.0401,7.9937,429,270258,0.0141138,0.03,1,174233,173804,429
21830861,8.60802,9.59874,427,270258,0.0108228,0.03,1,174241,173814,427
21833781,7.3216,8.31975,426,270258,0.0181646,0.04,1,174248,173822,426
21836701,7.86432,8.06395,426,270258,0.0276329,0.04,1,174256,173830,426
21839621,7.97286,8.01279,426,270258,0.0135266,0.04,1,174264,173838,426
21842501,7.99457,8.00256,426,270258,0.0107053,0.04,1,174272,173846,426
21844581,5.59891,8.00051,423,270258,0.0101411,0.02,1,174277,173854,423
21847501,8.31978,6.4001,426,270258,0.0100282,0,1,174286,173860,426
21849781,5.66396,7.68002,423,270258,0.0260056,0.05,1,174291,173868,423
21851861,8.33279,6.336,426,270258,0.0532011,0.01,1,174300,173874,426
21853521,6.46656,7.6672,424,270258,0.0186402,0.01,1,174306,173882,424
21856441,9.29331,8.73344,425,270258,0.051728,0,1,174316,173891,425
21859361,8.25866,8.14669,425,270258,0.0343456,0.01,1,174324,173899,425
21861841,8.05173,8.02934,425,270258,0.00686912,0.01,1,174332,173907,425
21864761,8.01035,7.20587,426,270258,0.00937383,0.02,1,174340,173914,426
21867461,8.00207,7.84117,426,270258,0.00987476,0.03,1,174348,173922,426
21870381,8.00041,8.76823,425,270258,0.033975,0.03,1,174356,173931,425
21873301,8.00008,8.15365,425,270258,0.00679499,0.02,1,174364,173939,425
21875361,8.00002,8.03073,425,270258,0.033359,0.01,1,174372,173947,425
21878281,6.4,6.40615,425,270258,0.0466718,0,1,174378,173953,425
21881201,8.48,7.68123,426,270258,0.0173344,0,1,174387,173961,426
21883681,7.296,7.93625,425,270258,0.00346687,0,1,174394,173969,425
21886601,15.0592,14.3872,426,270258,0.0246934,0,1,174411,173985,426
21889521,8.61184,9.27745,425,270258,0.00493868,0.01,1,174418,173993,425
21892441,8.12237,8.25549,425,270258,0.000987735,0.01,1,174426,174001,425
21894501,8.02447,8.0511,425,270258,0.000197547,0.02,1,174434,174009,425
21897421,6.40489,6.41022,425,270258,0.0480395,0.04,1,174440,174015,425
21899701,6.88098,7.68204,424,270258,0.0496079,0.02,1,174447,174023,424
21901361,6.9762,6.33641,425,270258,0.00992158,0.04,1,174454,174029,425
21904281,7.79524,7.66728,425,270258,0.00198432,0,1,174462,174037,425
21905941,9.55905,7.93346,427,270258,0.000396863,0.02,1,174472,174045,427
21908861,8.31181,9.58669,425,270258,0.00807937,0.01,1,174480,174055,425
21911781,8.86236,8.31734,426,270258,0.0256159,0.02,1,174489,174063,426
21914261,7.37247,8.06347,425,270258,0.0131232,0.03,1,174496,174071,425
21917181,7.07449,7.21269,425,270258,0.00262463,0.04,1,174503,174078,425
21919041,7.0149,7.84254,424,270258,0.0325249,0.01,1,174510,174086,424
21921961,26.203,24.7685,426,270258,0.038505,0.01,1,174541,174115,426
21924881,10.8406,11.3537,425,270258,0.007701,0.04,1,174548,174123,425
21927781,14.9681,8.67074,433,270258,0.0095402,0.04,1,174564,174131,433
21930701,9.39362,13.7341,426,270258,0.025908,0.06,1,174572,174146,426
21932561,7.47872,9.14683,425,270258,0.0131816,0.04,1,174579,174154,425
21935481,11.0957,10.6294,426,270258,0.0186363,0.03,1,174591,174165,426
21938401,8.61915,8.52587,426,270258,0.00372726,0.04,1,174599,174173,426
21940881,8.92383,8.10517,427,270258,0.00874545,0.05,1,174608,174181,427
21943801,9.78477,9.62103,427,270258,0.00974909,0.07,1,174618,174191,427
21946501,6.75695,8.32421,425,270258,0.00194982,0.05,1,174624,174199,425
21948581,10.9514,7.26484,430,270258,0.000389964,0.04,1,174636,174206,430
21951501,7.79028,11.053,425,270258,7.79927e-05,0.06,1,174643,174218,425
21954421,7.95806,8.61059,425,270258,0.0160156,0.04,1,174651,174226,425
21956901,11.1916,8.12212,429,270258,0.0192031,0.06,1,174663,174234,429
21958561,8.63832,10.4244,426,270258,0.0518406,0.03,1,174671,174245,426
21961481,6.52766,7.68488,425,270258,0.0343681,0.06,1,174677,174252,425
21964401,8.50553,7.93698,426,270258,0.0308736,0.03,1,174686,174260,426
21967321,8.10111,7.9874,426,270258,0.0141747,0.05,1,174694,174268,426
21970241,8.02022,7.99748,426,270258,0.0268349,0.06,1,174702,174276,426
21973161,8.00404,7.9995,426,270258,0.029367,0.04,1,174710,174284,426
21976081,8.00081,7.9999,426,270258,0.0298734,0.06,1,174718,174292,426
21979001,9.60016,7.99998,428,270258,0.0139747,0.03,1,174728,174300,428
21981921,7.52003,8,427,270258,0.0587949,0.06,1,174735,174308,427
21984561,6.30401,8,425,270258,0.035759,0.05,1,174741,174316,425
21987481,9.2608,9.6,425,270258,0.0471518,0.05,1,174751,174326,425
21990401,8.25216,8.32,425,270258,0.0334304,0,1,174759,174334,425
21993321,8.85043,8.064,426,270258,0.0146861,0.04,1,174768,174342,426
21996241,8.97009,8.0128,427,270258,0.0189372,0.04,1,174777,174350,427
21999161,8.19402,8.00256,427,270258,0.0117874,0.05,1,174785,174358,427
22002081,7.2388,8.00051,426,270258,0.0423575,0.07,1,174792,174366,426
22005001,7.04776,8.0001,425,270258,0.0404715,0.04,1,174799,174374,425
22007921,7.80955,8.00002,425,270258,0.0320943,0.03,1,174807,174382,425
22010841,9.56191,8,427,270258,0.0144189,0,1,174817,174390,427
22013061,5.91238,8,424,270258,0.0268838,0.05,1,174822,174398,424
22014721,5.98248,6.4,424,270258,0.00537675,0.04,1,174828,174404,424
22016801,13.1965,11.68,426,270258,0.00907535,0.03,1,174843,174417,426
22019721,12.2393,11.136,427,270258,0.00981507,0.04,1,174855,174428,427
22022641,8.04786,8.6272,426,270258,0.033963,0.06,1,174862,174436,426
22025121,7.20957,8.12544,425,270258,0.0147926,0,1,174869,174444,425
22028041,10.2419,9.62509,426,270258,0.0189585,0.03,1,174880,174454,426
22030961,8.44838,8.32502,426,270258,0.0357917,0.05,1,174888,174462,426
22033881,8.88968,8.065,427,270258,0.0151583,0.02,1,174897,174470,427
22036561,6.57794,8.013,425,270258,0.0110317,0.03,1,174903,174478,425
22039481,10.9156,10.4026,426,270258,0.0102063,0.03,1,174915,174489,426
22041141,6.18312,8.48052,423,270258,0.0100413,0.02,1,174920,174497,423
22044061,7.63662,5.6961,426,270258,0.0100083,0.04,1,174928,174502,426
22046981,8.72732,7.53922,427,270258,0.0340017,0.03,1,174937,174510,427
22049901,7.34546,7.90784,426,270258,0.0148003,0.06,1,174944,174518,426
22051541,24.6691,7.98157,447,270258,0.0349601,0.01,1,174973,174526,447
22054461,10.5338,23.9963,426,270258,0.038992,0.03,1,174980,174554,426
22056741,6.90676,11.1993,424,270258,0.0077984,0.05,1,174986,174562,424
22058401,6.98135,7.03985,425,270258,0.0175597,0.01,1,174993,174568,425
22061321,10.1963,10.208,425,270258,0.0275119,0.03,1,175004,174579,425
22062981,9.23925,8.44159,426,270258,0.0135024,0.05,1,175013,174587,426
22065061,9.84785,8.08832,428,270258,0.0187005,0.02,1,175023,174595,428
22067981,9.96957,10.4177,427,270258,0.0037401,0.01,1,175033,174606,427
22070901,7.59391,8.48353,426,270258,0.024748,0.03,1,175040,174614,426
22073821,7.11878,8.09671,425,270258,0.0129496,0.04,1,175047,174622,425
22075461,7.82376,8.01934,425,270258,0.0105899,0.03,1,175055,174630,425
22077121,7.16475,7.20387,425,270258,0.010118,0.05,1,175062,174637,425
22080041,10.233,9.44077,426,270258,0.0020236,0.03,1,175073,174647,426
22082961,9.24659,8.28815,427,270258,0.0244047,0.04,1,175082,174655,427
22085881,8.24932,8.05763,427,270258,0.0368809,0.08,1,175090,174663,427
22087521,7.24986,8.01153,426,270258,0.00737619,0.06,1,175097,174671,426
22090441,9.44997,10.4023,425,270258,0.0174752,0.01,1,175107,174682,425
22093361,9.08999,8.48046,426,270258,0.011495,0,1,175116,174690,426
22096261,7.418,8.09609,425,270258,0.042299,0.04,1,175123,174698,425
22099181,7.8836,8.01922,425,270258,0.0484598,0.04,1,175131,174706,425
22102101,8.77672,8.00384,426,270258,0.049692,0.01,1,175140,174714,426
22104161,8.15534,8.00077,426,270258,0.0259384,0.03,1,175148,174722,426
22107081,9.63107,8.80015,427,270258,0.0131877,0.05,1,175158,174731,427
22110001,7.52621,8.16003,426,270258,0.0266375,0.04,1,175165,174739,426
22112921,7.90524,8.03201,426,270258,0.0133275,0.07,1,175173,174747,426
22115841,7.98105,8.0064,426,270258,0.0026655,0.03,1,175181,174755,426
22118761,7.99621,8.00128,426,270258,0.0005331,0.02,1,175189,174763,426
22120801,7.19924,8.00026,425,270258,0.0321066,0.04,1,175196,174771,425
22123721,9.43985,8.00005,427,270258,0.00642132,0,1,175206,174779,427
22126641,8.28797,8.00001,427,270258,0.00128426,0.06,1,175214,174787,427
22129561,8.85759,8,428,270258,0.000256853,0.04,1,175223,174795,428
22132481,6.57152,8,426,270258,0.0160514,0.06,1,175229,174803,426
22135361,6.9143,8,425,270258,0.0112103,0.04,1,175236,174811,425
22138281,8.58286,8,426,270258,0.0102421,0.01,1,175245,174819,426
22141201,8.11657,8,426,270258,0.0100484,0.04,1,175253,174827,426
22144121,8.02331,8,426,270258,0.0180097,0.03,1,175261,174835,426
22147041,7.20466,8,425,270258,0.0356019,0.05,1,175268,174843,425
22149301,10.2409,8,428,270258,0.00712039,0.04,1,175279,174851,428
22151381,10.0482,10.4,427,270258,0.0334241,0.04,1,175289,174862,427
22154301,9.20964,9.28,427,270258,0.0306848,0.05,1,175298,174871,427
22156161,5.84193,8.256,424,270258,0.030137,0.03,1,175303,174879,424
22159081,12.3684,11.2512,426,270258,0.0140274,0.03,1,175317,174891,426
22162001,8.07368,8.65024,425,270258,0.0268055,0.02,1,175324,174899,425
22164921,8.01474,8.13005,425,270258,0.0053611,0.01,1,175332,174907,425
22167841,8.80295,8.02601,426,270258,0.0170722,0,1,175341,174915,426
22170761,8.16059,8.0052,426,270258,0.0194144,0.06,1,175349,174923,426
22173221,8.83212,8.00104,427,270258,0.00388289,0.05,1,175358,174931,427
22174881,8.16642,8.80021,426,270258,0.00877658,0.03,1,175366,174940,426
22177801,8.83328,8.96004,426,270258,0.0417553,0.01,1,175375,174949,426
22180081,8.96666,8.19201,427,270258,0.0403511,0.02,1,175384,174957,427
22183001,20.9933,22.4384,425,270258,0.00807021,0.03,1,175408,174983,425
22185921,12.1987,10.8877,427,270258,0.017614,0.05,1,175418,174991,427
22188821,8.03973,8.57754,426,270258,0.0275228,0.05,1,175425,174999,426
22191521,8.00795,8.11551,426,270258,0.00550456,0.07,1,175433,175007,426
22193601,6.40159,7.2231,425,270258,0.0171009,0.03,1,175439,175014,425
22195681,12.4803,11.8446,426,270258,0.0114202,0.03,1,175453,175027,426
22198601,9.69606,10.3689,425,270258,0.018284,0.04,1,175462,175037,425
22200261,9.13921,8.47378,426,270258,0.0516568,0.02,1,175471,175045,426
22203181,7.42784,8.09476,425,270258,0.0343314,0.04,1,175478,175053,425
22206101,7.88557,8.01895,425,270258,0.0388663,0.05,1,175486,175061,425
22208161,7.97711,8.00379,425,270258,0.0157733,0.06,1,175494,175069,425
22210241,11.1954,11.2008,425,270258,0.0111547,0.03,1,175506,175081,425
22213161,7.83908,7.04015,426,270258,0.0102309,0.02,1,175513,175087,426
22216081,8.76782,7.80803,427,270258,0.0420462,0.04,1,175522,175095,427
22217941,5.75356,7.96161,424,270258,0.00840924,0.05,1,175527,175103,424
22220021,7.55071,7.19232,425,270258,0.00968185,0.03,1,175535,175110,425
22222101,7.91014,6.23846,427,270258,0.0419364,0.07,1,175543,175116,427
22223761,5.58203,7.64769,424,270258,0.0243873,0.05,1,175548,175124,424
22226681,6.71641,5.52954,426,270258,0.0288775,0.04,1,175555,175129,426
22228341,4.54328,7.50591,422,270258,0.00577549,0.03,1,175559,175137,422
22231261,7.30866,5.50118,425,270258,0.0491551,0.03,1,175567,175142,425
22234181,8.66173,7.50024,426,270258,0.049831,0.01,1,175576,175150,426
22236661,7.33235,7.90005,425,270258,0.0339662,0.07,1,175583,175158,425
22238741,6.26647,7.18001,424,270258,0.00679324,0.06,1,175589,175165,424
22240401,6.85329,6.236,425,270258,0.0253586,0.02,1,175596,175171,425
22243321,6.97066,5.2472,427,270258,0.00507173,0.03,1,175603,175176,427
22246241,6.99413,7.44944,426,270258,0.00901435,0.03,1,175610,175184,426
22248101,7.79883,7.88989,426,270258,0.0178029,0.04,1,175618,175192,426
22249761,7.15977,7.97798,425,270258,0.0355606,0.06,1,175625,175200,425
22252681,10.232,9.5956,426,270258,0.0391121,0,1,175636,175210,426
22255381,7.64639,8.31912,425,270258,0.0318224,0.03,1,175643,175218,425
22258301,7.92928,7.26382,426,270258,0.00636448,0.02,1,175651,175225,426
22261221,7.18586,7.85276,425,270258,0.0092729,0.02,1,175658,175233,425
22264141,8.63717,7.97055,426,270258,0.00985458,0.03,1,175667,175241,426
22267061,7.32743,7.99411,425,270258,0.00997092,0.01,1,175674,175249,425
22269981,8.66549,7.99882,426,270258,0.0179942,0.01,1,175683,175257,426
22272901,8.9331,7.99976,427,270258,0.00359884,0.03,1,175692,175265,427
22275821,8.18662,7.99995,427,270258,0.0247198,0.04,1,175700,175273,427
22278741,8.03732,7.99999,427,270258,0.012944,0.06,1,175708,175281,427
22281381,13.6075,8,434,270258,0.0265888,0.07,1,175723,175289,434
22284301,8.32149,12.8,427,270258,0.0293178,0.06,1,175730,175303,427
22287201,7.2643,8.96,426,270258,0.00586355,0.04,1,175737,175311,426
22289281,11.0529,11.392,426,270258,0.00117271,0.05,1,175749,175323,426
22292201,6.21057,7.0784,425,270258,0.00823454,0.02,1,175754,175329,425
22295121,8.44211,7.81568,426,270258,0.00964691,0.01,1,175763,175337,426
22296981,9.68842,7.96314,428,270258,0.00192938,0.02,1,175773,175345,428
22298641,5.13768,7.99263,424,270258,0.000385876,0.06,1,175777,175353,424
22301561,9.02754,7.19853,427,270258,0.00807718,0.01,1,175787,175360,427
22304481,7.40551,7.83971,426,270258,0.00161544,0.06,1,175794,175368,426
22307381,11.0811,7.96794,430,270258,0.0163231,0.02,1,175806,175376,430
22309461,15.0162,11.1936,434,270258,0.0512646,0,1,175822,175388,434
22311121,7.80324,14.2387,425,270258,0.0422529,0,1,175828,175403,425
22313201,7.16065,6.84774,427,270258,0.0164506,0.03,1,175835,175408,427
22316121,14.2321,14.9695,426,270258,0.0112901,0.03,1,175851,175425,426
22319041,8.44643,9.39391,425,270258,0.00225802,0.05,1,175858,175433,425
22321961,8.88929,8.27878,426,270258,0.000451605,0.05,1,175867,175441,426
22324641,7.37786,8.05576,425,270258,0.0400903,0.03,1,175874,175449,425
22327561,11.8756,10.4112,427,270258,0.0400181,0,1,175887,175460,427
22330261,7.97511,8.48223,426,270258,0.0160036,0.06,1,175894,175468,426
22332341,11.195,7.29645,431,270258,0.0352007,0.02,1,175906,175475,431
22334001,7.039,11.8593,424,270258,0.0150401,0.03,1,175912,175488,424
22336921,10.2078,9.57186,426,270258,0.019008,0.03,1,175923,175497,426
22339841,9.24156,8.31437,427,270258,0.0198016,0.03,1,175932,175505,427
22342761,7.44831,8.06287,426,270258,0.00396032,0.06,1,175939,175513,426
22344821,7.88966,8.01257,426,270258,0.00879206,0.03,1,175947,175521,426
22346481,9.57793,8.80252,427,270258,0.0257584,0,1,175957,175530,427
22349401,7.51559,8.1605,426,270258,0.0291517,0.06,1,175964,175538,426
22352321,7.90312,8.0321,426,270258,0.0458303,0.06,1,175972,175546,426
22354801,7.98062,8.00642,426,270258,0.0171661,0.01,1,175980,175554,426
22357721,8.79612,8.80128,426,270258,0.00343321,0.07,1,175989,175563,426
22360641,8.15922,8.16026,426,270258,0.0246866,0.08,1,175997,175571,426
22363541,7.23184,8.03205,425,270258,0.0369373,0.04,1,176004,175579,425
22366461,7.84637,8.00641,425,270258,0.0153875,0.04,1,176012,175587,425
22368741,9.56927,8.00128,427,270258,0.0350775,0.03,1,176022,175595,427
22371661,9.11385,8.80026,427,270258,0.0470155,0.04,1,176031,175604,427
22374581,8.22277,8.16005,427,270258,0.0174031,0.05,1,176039,175612,427
22377501,8.04455,8.03201,427,270258,0.0194806,0.03,1,176047,175620,427
22380181,7.20891,8.0064,426,270258,0.00389612,0.05,1,176054,175628,426
22382261,9.44178,7.20128,429,270258,0.00877922,0,1,176064,175635,429
22385181,8.28836,11.0403,425,270258,0.00975585,0.03,1,176072,175647,425
22388101,8.85767,8.60805,426,270258,0.0339512,0.01,1,176081,175655,426
22391021,7.37153,8.12161,425,270258,0.0147902,0.05,1,176088,175663,425
22393941,9.47431,8.02432,427,270258,0.026958,0.01,1,176098,175671,427
22396861,6.69486,8.00486,425,270258,0.00539161,0.03,1,176104,175679,425
22398901,6.93897,8.00097,424,270258,0.0170783,0.01,1,176111,175687,424
22401821,6.98779,6.40019,425,270258,0.0114157,0.02,1,176118,175693,425
22404741,8.59756,7.68004,426,270258,0.00228313,0.01,1,176127,175701,426
22406801,8.11951,7.93601,426,270258,0.00845663,0.03,1,176135,175709,426
22408881,8.0239,7.9872,426,270258,0.00969133,0.02,1,176143,175717,426
22411801,12.8048,13.5974,425,270258,0.00193826,0.03,1,176157,175732,425
22414721,9.76096,9.11949,426,270258,0.0403877,0.01,1,176166,175740,426
22417641,7.55219,8.2239,425,270258,0.0160775,0.04,1,176173,175748,425
22420561,8.71044,8.04478,426,270258,0.0112155,0.03,1,176182,175756,426
22422401,6.54209,8.00896,424,270258,0.0182431,0.03,1,176188,175764,424
22425321,6.10842,5.60179,425,270258,0.0276486,0.01,1,176194,175769,425
22428241,7.62168,7.52036,425,270258,0.0455297,0.05,1,176202,175777,425
22431141,12.7243,7.90407,431,270258,0.0171059,0.02,1,176216,175785,431
22433221,9.74487,11.9808,427,270258,0.0274212,0.02,1,176225,175798,427
22436141,9.14897,8.79616,428,270258,0.0294842,0.05,1,176234,175806,428
22438001,5.82979,8.15923,425,270258,0.0138968,0.08,1,176239,175814,425
22440081,8.36596,8.83185,425,270258,0.00277937,0.03,1,176248,175823,425
22442161,10.4732,10.5664,425,270258,0.0245559,0.01,1,176259,175834,425
22445081,15.6946,15.7133,425,270258,0.00491117,0.05,1,176276,175851,425
22447781,10.3389,9.54265,426,270258,0.0249822,0.02,1,176285,175859,426
22450701,8.46779,7.50853,427,270258,0.0129964,0.07,1,176293,175866,427
22453621,7.29356,7.90171,426,270258,0.0105993,0.06,1,176300,175874,426
22455681,7.05871,7.98034,425,270258,0.0101199,0.01,1,176307,175882,425
22457761,11.0117,11.1961,425,270258,0.010024,0.04,1,176319,175894,425
22460681,12.6023,11.8392,426,270258,0.0260048,0.02,1,176332,175906,426
22462341,5.72047,8.76784,422,270258,0.021201,0.05,1,176336,175914,422
22465041,7.54409,5.75357,425,270258,0.0282402,0.05,1,176344,175919,425
22467961,11.1088,9.95071,426,270258,0.021648,0,1,176356,175930,426
22470241,7.82176,8.39014,425,270258,0.0363296,0.05,1,176363,175938,425
22473161,7.96435,6.47803,427,270258,0.0392659,0.02,1,176371,175944,427
22474821,7.19287,7.69561,426,270258,0.0398532,0.07,1,176378,175952,426
22476901,10.2386,7.13912,430,270258,0.0319706,0.06,1,176389,175959,430
22479821,9.24771,11.0278,427,270258,0.0223941,0.04,1,176398,175971,427
22482721,6.64954,8.60556,425,270258,0.0444788,0.06,1,176404,175979,425
22485641,11.7299,12.1211,425,270258,0.0168958,0.03,1,176417,175992,425
22488561,10.346,8.82422,427,270258,0.00337915,0.03,1,176427,176000,427
22491481,8.4692,8.16484,427,270258,0.0326758,0.05,1,176435,176008,427
22494401,8.09384,8.03297,427,270258,0.0145352,0.07,1,176443,176016,427
22497321,6.41877,8.00659,425,270258,0.010907,0.07,1,176449,176024,425
22499361,7.68375,8.00132,425,270258,0.0101814,0.04,1,176457,176032,425
22502281,13.5368,12.8003,426,270258,0.0100363,0.03,1,176472,176046,426
22505201,8.30735,8.96005,425,270258,0.0180073,0.03,1,176479,176054,425
22508121,8.06147,8.19201,425,270258,0.0356015,0.02,1,176487,176062,425
22511041,8.81229,8.0384,426,270258,0.0631203,0,1,176496,176070,426
22513961,8.16246,8.00768,426,270258,0.0526241,0.02,1,176504,176078,426
22516881,8.03249,8.00154,426,270258,0.0185248,0.05,1,176512,176086,426
22519801,8.0065,8.00031,426,270258,0.011705,0.04,1,176520,176094,426
22522721,7.2013,8.00006,425,270258,0.042341,0.05,1,176527,176102,425
22525641,8.64026,8.00001,426,270258,0.0164682,0.01,1,176536,176110,426
22528561,7.32805,8,425,270258,0.0112936,0.03,1,176543,176118,425
22531481,7.86561,8,425,270258,0.00225873,0.03,1,176551,176126,425
22534101,7.17312,8,424,270258,0.0164517,0.02,1,176558,176134,424
22537021,7.83462,7.2,425,270258,0.0352903,0.03,1,176566,176141,425
22539301,9.56692,7.84,427,270258,0.00705807,0.03,1,176576,176149,427
22541381,9.11339,8.768,427,270258,0.0254116,0.02,1,176585,176158,427
22543461,12.2227,8.9536,431,270258,0.0210823,0.03,1,176598,176167,431
22546381,8.04454,11.3907,426,270258,0.0282165,0.03,1,176605,176179,426
22549301,8.80891,8.67814,427,270258,0.0296433,0.04,1,176614,176187,427
22552221,8.16178,8.13563,427,270258,0.0299287,0.02,1,176622,176195,427
22555141,6.43236,8.02713,425,270258,0.0299857,0.03,1,176628,176203,425
22558061,9.28647,8.00543,427,270258,0.0299971,0.01,1,176638,176211,427
22560101,6.65729,8.00109,425,270258,0.0539994,0.07,1,176644,176219,425
22563021,6.93146,6.40022,426,270258,0.0667999,0.05,1,176651,176225,426
22565301,14.1863,7.68004,434,270258,0.01336,0.01,1,176667,176233,434
22568221,8.43726,13.536,426,270258,0.018672,0.04,1,176674,176248,426
22571121,8.08745,9.1072,426,270258,0.0277344,0.03,1,176682,176256,426
22573201,8.01749,8.22144,426,270258,0.0135469,0.03,1,176690,176264,426
22575281,16.8035,16.8443,426,270258,0.0107094,0.05,1,176709,176283,426
22578201,13.7607,14.5689,425,270258,0.00214187,0.03,1,176722,176297,425
22581121,9.95214,9.31377,426,270258,0.00842838,0.02,1,176731,176305,426
22584041,8.39043,8.26275,426,270258,0.0256857,0.04,1,176739,176313,426
22586961,8.07809,8.05255,426,270258,0.0531371,0.04,1,176747,176321,426
22589881,8.01562,8.01051,426,270258,0.0506274,0.03,1,176755,176329,426
22592341,9.60312,8.0021,428,270258,0.0341255,0.02,1,176765,176337,428
22594421,9.12062,9.60042,427,270258,0.0068251,0.05,1,176774,176347,427
22597341,8.22412,8.32008,427,270258,0.00136502,0.04,1,176782,176355,427
22599621,11.2448,8.06402,431,270258,0.032273,0.05,1,176794,176363,431
22602541,8.64897,11.2128,427,270258,0.0464546,0.04,1,176802,176375,427
22604821,5.72979,8.64256,424,270258,0.0172909,0.07,1,176807,176383,424
22606901,6.74596,6.52851,425,270258,0.00345818,0.05,1,176814,176389,425
22608981,8.54919,6.1057,428,270258,0.0166916,0.06,1,176823,176395,428
22611901,8.10984,9.22114,426,270258,0.0113383,0.04,1,176831,176405,426
22613761,6.42197,8.24423,424,270258,0.0262677,0.04,1,176837,176413,424
22615841,11.6844,9.64885,427,270258,0.0132535,0.04,1,176850,176423,427
22618761,11.1369,11.5298,426,270258,0.0266507,0.02,1,176861,176435,426
22621681,8.62738,8.70595,426,270258,0.0213301,0.03,1,176869,176443,426
22624601,7.32547,8.14119,425,270258,0.028266,0.04,1,176876,176451,425
22627521,8.6651,8.02824,426,270258,0.00565321,0.01,1,176885,176459,426
22630401,8.13302,8.00565,426,270258,0.0411306,0.03,1,176893,176467,426
22632481,7.2266,8.00113,425,270258,0.0482261,0.04,1,176900,176475,425
22635401,9.44532,8.00023,427,270258,0.0336452,0.04,1,176910,176483,427
22638321,8.28906,8.00005,427,270258,0.038729,0.06,1,176918,176491,427
22641241,7.25781,8.00001,426,270258,0.0637458,0.06,1,176925,176499,426
22643301,9.45156,8,428,270258,0.100749,0.04,1,176935,176507,428
22646221,9.09031,10.4,426,270258,0.0601498,0.05,1,176944,176518,426
22649141,7.41806,8.48,425,270258,0.03603,0.05,1,176951,176526,425
22652061,8.68361,8.096,426,270258,0.015206,0.02,1,176960,176534,426
22654741,12.1367,8.0192,431,270258,0.0510412,0.03,1,176973,176542,431
22657661,7.22734,11.2038,425,270258,0.0262082,0.06,1,176979,176554,425
22660581,7.84547,8.64077,425,270258,0.00524165,0.01,1,176987,176562,425
22663501,8.76909,8.12815,426,270258,0.00104833,0.05,1,176996,176570,426
22666421,8.15382,8.02563,426,270258,0.000209666,0.04,1,177004,176578,426
22669341,8.03076,8.00513,426,270258,0.00804193,0.04,1,177012,176586,426
22672001,7.20615,8.00103,425,270258,0.00960839,0.04,1,177019,176594,425
22674081,10.2412,9.6002,426,270258,0.00992168,0.05,1,177030,176604,426
22677001,9.24825,9.12004,426,270258,0.0179843,0.04,1,177039,176613,426
22679921,7.44965,8.22401,425,270258,0.0355969,0.05,1,177046,176621,425
22681781,7.88993,8.0448,425,270258,0.0391194,0.01,1,177054,176629,425
22684701,8.77799,5.60896,429,270258,0.0318239,0.08,1,177063,176634,429
22687621,6.5556,7.52179,427,270258,0.00636477,0.08,1,177069,176642,427
22690541,6.91112,7.90436,426,270258,0.00127295,0.05,1,177076,176650,426
22692181,7.78222,7.98087,426,270258,0.000254591,0.02,1,177084,176658,426
22695101,7.95644,7.99617,426,270258,0.0240509,0.02,1,177092,176666,426
22698021,7.99129,7.99923,426,270258,0.0368102,0.03,1,177100,176674,426
22700501,13.5983,7.99985,433,270258,0.031362,0.03,1,177115,176682,433
22703421,9.11965,14.4,425,270258,0.0142724,0.05,1,177123,176698,425
22705701,17.8239,9.27999,437,270258,0.0188545,0.01,1,177143,176706,437
22707781,9.16479,17.856,424,270258,0.0357709,0.03,1,177150,176726,424
22709861,8.23296,8.3712,426,270258,0.0471542,0.05,1,177158,176732,426
22711521,7.24659,6.47424,427,270258,0.0254308,0.08,1,177165,176738,427
22714441,9.44932,10.0948,426,270258,0.0210862,0.03,1,177175,176749,426
22717361,7.48986,8.41897,425,270258,0.0122172,0.03,1,177182,176757,425
22720281,8.69797,8.08379,426,270258,0.0184434,0.01,1,177191,176765,426
22722341,7.33959,8.01676,425,270258,0.0116887,0.03,1,177198,176773,425
22725041,7.86792,6.40335,427,270258,0.0183377,0.05,1,177206,176779,427
22727961,7.17358,6.88067,427,270258,0.0116675,0.05,1,177213,176786,427
22729621,7.83472,7.77613,427,270258,0.0103335,0.06,1,177221,176794,427
22731701,11.1669,8.75523,430,270258,0.0100667,0,1,177233,176803,430
22734621,7.83339,10.551,426,270258,0.0180133,0.03,1,177240,176814,426
22737521,7.96668,8.51021,426,270258,0.0196027,0.04,1,177248,176822,426
22739601,7.19334,8.10204,425,270258,0.00392053,0.05,1,177255,176830,425
22742521,11.8387,11.2204,426,270258,0.0407841,0.03,1,177268,176842,426
22745441,8.76773,8.64408,426,270258,0.0321568,0.04,1,177276,176850,426
22748341,10.5535,8.12882,429,270258,0.00643136,0.04,1,177287,176858,429
22750421,14.1107,10.4258,433,270258,0.00928627,0,1,177302,176869,433
22753341,10.0221,14.0852,427,270258,0.00185725,0.08,1,177311,176884,427
22756261,8.40443,9.21703,427,270258,0.00837145,0.05,1,177319,176892,427
22759181,8.08089,8.24341,427,270258,0.00167429,0.05,1,177327,176900,427
22762101,8.81618,8.04868,428,270258,0.0243349,0.06,1,177336,176908,428
22764981,10.5632,8.00974,431,270258,0.020867,0.09,1,177347,176916,431
22767901,7.71265,9.60195,428,270258,0.0121734,0.12,1,177354,176926,428
22770821,7.94253,8.32039,428,270258,0.0264347,0.07,1,177362,176934,428
22773741,6.38851,8.06408,426,270258,0.0292869,0.05,1,177368,176942,426
22775381,10.0777,8.01282,429,270258,0.0138574,0.01,1,177379,176950,429
22778301,8.41554,10.4026,426,270258,0.0107715,0.04,1,177387,176961,426
22781221,7.28311,8.48051,425,270258,0.0261543,0.06,1,177394,176969,425
22783701,8.65662,8.0961,426,270258,0.0452309,0,1,177403,176977,426
22786621,8.13132,8.81922,425,270258,0.0410462,0.03,1,177411,176986,425
22789541,8.82627,8.16384,426,270258,0.00820923,0,1,177420,176994,426
22792461,8.16525,8.03277,426,270258,0.00964185,0.04,1,177428,177002,426
22795381,7.23305,8.00655,425,270258,0.00192837,0.04,1,177435,177010,425
22798261,7.84661,8.00131,425,270258,0.00838567,0.02,1,177443,177018,425
22801181,9.56932,8.00026,427,270258,0.00967713,0.03,1,177453,177026,427
22804101,7.51386,8.00005,426,270258,0.00193543,0.06,1,177460,177034,426
22807021,7.90277,8.00001,426,270258,0.0323871,0.04,1,177468,177042,426
22809941,7.18055,8,425,270258,0.0144774,0.06,1,177475,177050,425
22811781,7.83611,8,425,270258,0.00289548,0.04,1,177483,177058,425
22813861,14.3672,8,433,270258,0.0085791,0.04,1,177499,177066,433
22816781,8.47344,12.8,426,270258,0.0177158,0.06,1,177506,177080,426
22819701,8.89469,8.96,427,270258,0.0275432,0.05,1,177515,177088,427
22822621,7.37894,8.192,426,270258,0.00550863,0.04,1,177522,177096,426
22825541,7.87579,8.0384,426,270258,0.00110173,0.03,1,177530,177104,426
22828461,7.97516,8.00768,426,270258,0.000220345,0.05,1,177538,177112,426
22831121,7.99503,8.00154,426,270258,4.40691e-05,0.05,1,177546,177120,426
22834041,10.399,10.4003,426,270258,0.0240088,0.03,1,177557,177131,426
22835701,13.2798,8.48006,432,270258,0.0288018,0.05,1,177571,177139,432
22837781,13.056,12.896,431,270258,0.0297604,0.05,1,177584,177153,431
22840481,8.21119,12.9792,425,270258,0.00595207,0.03,1,177591,177166,425
22842561,7.24224,8.19584,425,270258,0.00919041,0.03,1,177598,177173,425
22845481,11.0484,10.4392,426,270258,0.0258381,0.05,1,177610,177184,426
22848401,7.80969,8.48783,425,270258,0.0131676,0.05,1,177617,177192,425
22851321,7.96194,8.09757,425,270258,0.0186335,0.04,1,177625,177200,425
22854241,8.79239,8.01951,426,270258,0.0277267,0.01,1,177634,177208,426
22857161,8.15848,8.0039,426,270258,0.0375453,0.04,1,177642,177216,426
22859621,8.8317,8.00078,427,270258,0.00750907,0.04,1,177651,177224,427
22861701,11.3663,9.60016,429,270258,0.00950181,0.02,1,177663,177234,429
22864621,9.47327,10.72,427,270258,0.00990036,0.04,1,177672,177245,427
22866901,5.89465,8.54401,424,270258,0.0179801,0.06,1,177677,177253,424
22868561,6.77893,6.5088,425,270258,0.00359601,0.03,1,177684,177259,425
22870641,5.35579,5.30176,425,270258,0.0167192,0.03,1,177689,177264,425
22872721,9.07116,8.26035,426,270258,0.0113438,0.04,1,177699,177273,426
22875641,6.61423,6.45207,426,270258,0.0342688,0.03,1,177705,177279,426
22877301,7.72285,7.69041,426,270258,0.0468538,0.02,1,177713,177287,426
22878961,7.14457,8.73808,424,270258,0.0253708,0.01,1,177720,177296,424
22881041,11.0289,8.94762,427,270258,0.0210741,0.06,1,177732,177305,427
22883961,11.8058,11.3895,427,270258,0.00421483,0.03,1,177744,177317,427
22885621,9.56116,8.6779,428,270258,0.000842966,0.05,1,177753,177325,428
22888541,8.31223,9.73558,426,270258,0.0241686,0.04,1,177761,177335,426
22890821,6.46245,8.34712,424,270258,0.0208337,0.05,1,177767,177343,424
22892481,6.89249,6.46942,425,270258,0.00416674,0.01,1,177774,177349,425
22895401,6.1785,5.29388,426,270258,0.0248333,0.03,1,177780,177354,426
22898321,7.6357,7.45878,426,270258,0.0289667,0.03,1,177788,177362,426
22901241,7.92714,7.89176,426,270258,0.0217933,0.03,1,177796,177370,426
22904161,7.98543,7.97835,426,270258,0.0123587,0.03,1,177804,177378,426
22907081,7.99709,7.99567,426,270258,0.00247173,0.04,1,177812,177386,426
22910001,7.19942,7.99913,425,270258,0.0404943,0.07,1,177819,177394,425
22912921,7.83988,7.99983,425,270258,0.0560989,0.05,1,177827,177402,425
22915781,15.168,7.99997,434,270258,0.0432198,0.03,1,177844,177410,434
22918701,10.2336,15.2,426,270258,0.016644,0.01,1,177853,177427,426
22921621,7.64672,9.44,425,270258,0.0113288,0.03,1,177860,177435,425
22924541,8.72934,8.288,426,270258,0.00226576,0.01,1,177869,177443,426
22927461,8.94587,8.0576,427,270258,0.00845315,0.02,1,177878,177451,427
22930341,8.98917,8.01152,428,270258,0.00969063,0.04,1,177887,177459,428
22933261,8.99783,10.4023,426,270258,0.00993813,0.02,1,177896,177470,426
22936181,8.19957,8.48046,426,270258,0.00198763,0.04,1,177904,177478,426
22939101,8.03991,8.09609,426,270258,0.00839753,0.04,1,177912,177486,426
22942021,8.00798,8.01922,426,270258,0.0016795,0.03,1,177920,177494,426
22944481,7.2016,8.00384,425,270258,0.0323359,0,1,177927,177502,425
22947401,15.8403,16.0008,425,270258,0.0144672,0.03,1,177945,177520,425
22950321,9.56806,9.60015,425,270258,0.0268934,0,1,177953,177528,425
22953241,8.31361,8.32003,425,270258,0.00537869,0.03,1,177961,177536,425
22956161,8.06272,8.06401,425,270258,0.00107574,0.05,1,177969,177544,425
22959081,8.81254,8.0128,426,270258,0.00821515,0.03,1,177978,177552,426
22962001,8.16251,8.00256,426,270258,0.00964303,0.05,1,177986,177560,426
22964241,7.2325,8.00051,425,270258,0.0259286,0.05,1,177993,177568,425
22966321,7.8465,8.0001,425,270258,0.0211857,0,1,178001,177576,425
22968401,14.3693,13.6,426,270258,0.0362371,0.07,1,178017,177591,426
22971321,12.4739,12.32,426,270258,0.0152474,0.04,1,178029,177603,426
22973601,8.09477,8.864,425,270258,0.0110495,0.05,1,178036,177611,425
22975681,8.01895,6.5728,427,270258,0.0022099,0.06,1,178044,177617,427
22978601,12.0038,12.5146,426,270258,0.016442,0.01,1,178057,177631,426
22981521,8.00076,8.90291,425,270258,0.0112884,0.04,1,178064,177639,425
22984441,8.00015,8.18058,425,270258,0.0102577,0.03,1,178072,177647,425
22987361,8.80003,8.03612,426,270258,0.0260515,0.03,1,178081,177655,426
22990281,8.16001,8.00722,426,270258,0.0292103,0.03,1,178089,177663,426
22993201,7.232,8.00144,425,270258,0.0138421,0.02,1,178096,177671,425
22995441,8.6464,8.00029,426,270258,0.0267684,0.01,1,178105,177679,426
22998361,8.12928,8.00006,426,270258,0.0373537,0.02,1,178113,177687,426
23001281,9.62586,8.00001,428,270258,0.0314707,0.04,1,178123,177695,428
23003761,7.52517,8,427,270258,0.0142941,0.06,1,178130,177703,427
23006681,9.50503,11.2,425,270258,0.0268588,0.01,1,178140,177715,425
23009601,8.30101,8.64,425,270258,0.0453718,0.03,1,178148,177723,425
23011461,7.2602,8.128,424,270258,0.0250744,0.05,1,178155,177731,424
23013541,15.052,7.2256,434,270258,0.0370149,0,1,178172,177738,434
23015621,9.41041,13.4451,427,270258,0.039403,0.06,1,178180,177753,427
23017701,11.4821,9.88902,430,270258,0.0158806,0.02,1,178192,177762,430
23020621,8.69642,11.5778,426,270258,0.0111761,0.03,1,178200,177774,426
23023521,8.13928,8.71556,426,270258,0.0262352,0.02,1,178208,177782,426
23026441,8.02786,8.14311,426,270258,0.013247,0.01,1,178216,177790,426
23028721,7.20557,8.02862,425,270258,0.00264941,0.05,1,178223,177798,425
23031641,10.2411,8.00572,428,270258,0.0245299,0.03,1,178234,177806,428
23034561,8.44822,8.00114,428,270258,0.028906,0.08,1,178242,177814,428
23037481,8.08964,8.00023,428,270258,0.0297812,0.06,1,178250,177822,428
23040161,8.01793,8.00005,428,270258,0.0299562,0.07,1,178258,177830,428
23043081,6.40359,8.80001,425,270258,0.0139912,0.04,1,178264,177839,425
23046001,7.68072,8.16,425,270258,0.00279825,0.03,1,178272,177847,425
23048921,7.93614,8.032,425,270258,0.00055965,0.02,1,178280,177855,425
23051841,7.98723,8.0064,425,270258,0.00811193,0.01,1,178288,177863,425
23054101,7.19745,8.00128,424,270258,0.00962239,0.01,1,178295,177871,424
23056181,7.83949,6.40026,426,270258,0.00192448,0.03,1,178303,177877,426
23057841,7.1679,8.48005,424,270258,0.0083849,0.02,1,178310,177886,424
23060761,8.63358,8.09601,425,270258,0.00167698,0.04,1,178319,177894,425
23063681,8.12672,8.0192,425,270258,0.0083354,0.01,1,178327,177902,425
23066601,8.02534,8.00384,425,270258,0.0176671,0.03,1,178335,177910,425
23069281,8.00507,8.00077,425,270258,0.0195334,0.05,1,178343,177918,425
23072201,11.201,11.2002,425,270258,0.0119067,0.05,1,178355,177930,425
23075121,9.4402,8.64003,426,270258,0.0263813,0.02,1,178364,177938,426
23076981,5.88804,8.12801,423,270258,0.00527627,0.01,1,178369,177946,423
23079061,11.5776,5.6256,431,270258,0.0250553,0.03,1,178382,177951,431
23080721,7.11552,11.5251,424,270258,0.00501105,0,1,178388,177964,424
23083641,6.2231,6.30502,425,270258,0.00900221,0.03,1,178394,177969,425
23086561,8.44462,7.661,426,270258,0.0258004,0.01,1,178403,177977,426
23089481,7.28892,7.9322,425,270258,0.00516009,0.05,1,178410,177985,425
23092401,8.65779,7.98644,426,270258,0.017032,0.04,1,178419,177993,426
23095321,8.13156,7.99729,426,270258,0.0274064,0.04,1,178427,178001,426
23097361,8.02631,7.99946,426,270258,0.0134813,0.04,1,178435,178009,426
23099441,12.8053,13.5999,425,270258,0.0186963,0.01,1,178449,178024,425
23101521,12.1611,12.32,425,270258,0.0437393,0.05,1,178461,178036,425
23104441,12.0322,10.464,427,270258,0.0247479,0.03,1,178473,178046,427
23106721,8.00644,8.4928,426,270258,0.0209496,0.06,1,178480,178054,426
23109641,11.2013,11.2986,426,270258,0.0281899,0.06,1,178492,178066,426
23112561,8.64026,8.65971,426,270258,0.037638,0.03,1,178500,178074,426
23115481,7.32805,8.13194,425,270258,0.0235276,0.04,1,178507,178082,425
23118401,8.66561,8.02639,426,270258,0.0527055,0.01,1,178516,178090,426
23121321,8.13312,8.00528,426,270258,0.0425411,0.03,1,178524,178098,426
23124241,8.02662,8.00106,426,270258,0.0325082,0.02,1,178532,178106,426
23127161,8.00532,8.00021,426,270258,0.0225016,0.05,1,178540,178114,426
23130021,7.20106,8.00004,425,270258,0.0365003,0.04,1,178547,178122,425
23131681,7.84021,8.00001,425,270258,0.0473001,0.02,1,178555,178130,425
23134601,7.16804,5.6,427,270258,0.03346,0.04,1,178562,178135,427
23136881,7.03361,7.52,426,270258,0.046692,0.02,1,178569,178143,426
23139801,11.8067,11.104,427,270258,0.0333384,0.04,1,178582,178155,427
23141461,8.76134,8.6208,427,270258,0.0306677,0.05,1,178590,178163,427
23143541,10.5523,8.12416,430,270258,0.00613354,0.03,1,178601,178171,430
23146241,8.51045,12.0248,425,270258,0.0172267,0.03,1,178609,178184,425
23148321,10.5021,11.205,425,270258,0.00344534,0.05,1,178620,178195,425
23151241,11.7004,11.841,425,270258,0.0246891,0.04,1,178632,178207,425
23154161,9.54008,8.7682,426,270258,0.0369378,0.04,1,178641,178215,426
23156641,7.50802,8.15364,425,270258,0.0313876,0.03,1,178648,178223,425
23159561,13.5016,13.6307,425,270258,0.0302775,0.03,1,178663,178238,425
23162481,9.10032,9.12615,425,270258,0.0540555,0.04,1,178671,178246,425
23165401,9.82006,8.22523,427,270258,0.0188111,0.04,1,178681,178254,427
23168321,8.36401,8.04505,427,270258,0.00376222,0.04,1,178689,178262,427
23171241,7.2728,8.00901,426,270258,0.0247524,0.04,1,178696,178270,426
23174161,7.85456,8.0018,426,270258,0.0369505,0.04,1,178704,178278,426
23177081,7.17091,8.00036,425,270258,0.0233901,0.03,1,178711,178286,425
23180001,7.83418,8.00007,425,270258,0.012678,0.01,1,178719,178294,425
23182921,7.96684,8.00001,425,270258,0.0265356,0.03,1,178727,178302,425
23185841,8.79337,8,426,270258,0.00530712,0.01,1,178736,178310,426
23188761,7.35867,8,425,270258,0.0170614,0.04,1,178743,178318,425
23190961,7.87173,8,425,270258,0.0194123,0.03,1,178751,178326,425
23193881,9.57435,9.6,425,270258,0.0278825,0.03,1,178761,178336,425
23196801,8.31487,8.32,425,270258,0.0215765,0.02,1,178769,178344,425
23199721,8.06297,8.064,425,270258,0.0123153,0.06,1,178777,178352,425
23202401,8.01259,8.0128,425,270258,0.0264631,0.03,1,178785,178360,425
23205321,8.00252,7.20256,426,270258,0.00529261,0.03,1,178793,178367,426
23207601,8.0005,7.84051,426,270258,0.0410585,0.01,1,178801,178375,426
23210521,15.2001,15.1681,426,270258,0.0402117,0.01,1,178818,178392,426
23213441,10.24,9.43362,427,270258,0.0320423,0.04,1,178827,178400,427
23215301,7.648,8.28672,426,270258,0.0224085,0.05,1,178834,178408,426
23218221,8.7296,8.85735,426,270258,0.0284817,0.04,1,178843,178417,426
23220081,8.14592,8.17147,426,270258,0.0296963,0.03,1,178851,178425,426
23223001,5.62918,5.63429,426,270258,0.0379393,0.04,1,178856,178430,426
23225921,7.52584,7.52686,426,270258,0.0315879,0.03,1,178864,178438,426
23228401,8.70517,7.90537,427,270258,0.0143176,0.07,1,178873,178446,427
23230481,8.14103,9.58107,425,270258,0.0108635,0.03,1,178881,178456,425
23232561,10.4282,9.91621,426,270258,0.0181727,0.03,1,178892,178466,426
23234641,10.8856,9.98324,427,270258,0.0596345,0.05,1,178903,178476,427
23237561,10.9771,11.5966,426,270258,0.0439269,0.03,1,178914,178488,426
23239221,9.39543,8.71933,427,270258,0.0327854,0.05,1,178923,178496,427
23242141,9.07909,8.14387,428,270258,0.0225571,0.06,1,178932,178504,428
23244421,8.21582,8.02877,428,270258,0.0365114,0.06,1,178940,178512,428
23246081,5.64316,8.00575,425,270258,0.0313023,0.06,1,178945,178520,425
23249001,7.52863,7.20115,426,270258,0.0142605,0.04,1,178953,178527,426
23251921,7.90573,7.84023,426,270258,0.00285209,0.06,1,178961,178535,426
23254841,8.78115,7.96805,427,270258,0.0165704,0.06,1,178970,178543,427
23257761,8.15623,7.99361,427,270258,0.0433141,0.06,1,178978,178551,427
23260681,8.03125,7.99872,427,270258,0.0406628,0.09,1,178986,178559,427
23263601,7.20625,7.99974,426,270258,0.0241326,0.04,1,178993,178567,426
23266521,7.84125,7.99995,426,270258,0.0128265,0.06,1,179001,178575,426
23269381,14.3683,7.99999,434,270258,0.0265653,0.02,1,179017,178583,434
23272081,9.27365,14.4,426,270258,0.0293131,0.07,1,179025,178599,426
23274161,7.45473,8.48,426,270258,0.0218626,0,1,179032,178606,426
23277081,13.4909,12.896,427,270258,0.0123725,0,1,179047,178620,427
23279361,8.29819,8.9792,426,270258,0.0104745,0.07,1,179054,178628,426
23281441,9.65964,10.5958,425,270258,0.0100949,0.05,1,179064,178639,425
23284361,8.33193,8.51917,425,270258,0.010019,0.03,1,179072,178647,425
23286021,8.86639,8.10383,426,270258,0.0340038,0.04,1,179081,178655,426
23287681,7.37328,8.02077,425,270258,0.0468008,0.06,1,179088,178663,425
23289761,7.87466,8.00415,425,270258,0.0573602,0.05,1,179096,178671,425
23292681,7.17493,6.40083,426,270258,0.035472,0.02,1,179103,178677,426
23295601,7.83499,7.68017,426,270258,0.0150944,0.05,1,179111,178685,426
23298521,8.767,7.93603,427,270258,0.0670189,0.04,1,179120,178693,427
23300581,8.9534,7.98721,428,270258,0.0454038,0.04,1,179129,178701,428
23303501,8.99068,9.59744,427,270258,0.0490808,0.02,1,179138,178711,427
23306421,7.39814,8.31949,426,270258,0.0178162,0.03,1,179145,178719,426
23309341,7.87963,8.0639,426,270258,0.0115632,0.02,1,179153,178727,426
23312261,7.97593,8.01278,426,270258,0.00231265,0.02,1,179161,178735,426
23315181,9.59518,8.00256,428,270258,0.0164625,0.02,1,179171,178743,428
23318101,7.51904,8.00051,427,270258,0.0272925,0.05,1,179178,178751,427
23321021,7.10381,8.0001,426,270258,0.0054585,0.03,1,179185,178759,426
23323941,7.02076,8.00002,425,270258,0.0090917,0.04,1,179192,178767,425
23325541,7.00415,8,424,270258,0.0178183,0.04,1,179199,178775,424
23328461,8.60083,6.4,427,270258,0.0115637,0.03,1,179208,178781,427
23330321,5.72017,7.68,424,270258,0.00231273,0.05,1,179213,178789,424
23333241,9.94403,8.736,426,270258,0.0164625,0.01,1,179224,178798,426
23336161,9.18881,8.1472,427,270258,0.0112925,0.03,1,179233,178806,427
23338641,6.63776,8.02944,425,270258,0.0342585,0.02,1,179239,178814,425
23341561,16.5276,15.2059,427,270258,0.0548517,0.01,1,179258,178831,427
23344481,9.70551,9.44118,427,270258,0.0589703,0.04,1,179266,178839,427
23347401,8.3411,8.28824,427,270258,0.0117941,0.05,1,179274,178847,427
23350321,7.26822,8.05765,426,270258,0.0183588,0.05,1,179281,178855,426
23353201,7.05364,8.01153,425,270258,0.0276718,0.03,1,179288,178863,425
23356121,7.81073,8.00231,425,270258,0.0295344,0.03,1,179296,178871,425
23357781,6.36215,8.00046,423,270258,0.0219069,0.02,1,179302,178879,423
23360701,8.47243,5.60009,427,270258,0.0123814,0.05,1,179311,178884,427
23362981,7.29449,7.52002,426,270258,0.0344763,0.05,1,179318,178892,426
23365061,19.8589,6.304,443,270258,0.00689525,0.03,1,179341,178898,443
23367761,9.57178,20.4608,426,270258,0.0253791,0.05,1,179348,178922,426
23369841,7.51436,9.69216,426,270258,0.0130758,0.06,1,179355,178929,426
23372761,11.9029,13.1384,425,270258,0.0106152,0.04,1,179368,178943,425
23375681,8.78057,9.02769,425,270258,0.010123,0.03,1,179376,178951,425
23378581,9.75611,8.20554,427,270258,0.00202461,0.01,1,179386,178959,427
23381501,7.55122,8.04111,426,270258,0.000404921,0.05,1,179393,178967,426
23384421,7.91024,8.00822,426,270258,0.016081,0.03,1,179401,178975,426
23387341,7.18205,8.00164,425,270258,0.0272162,0.02,1,179408,178983,425
23390021,8.63641,8.00033,426,270258,0.00544324,0.01,1,179417,178991,426
23392941,8.92728,8.80007,426,270258,0.0570886,0.05,1,179426,179000,426
23395861,7.38546,8.16001,425,270258,0.0354177,0.06,1,179433,179008,425
23398341,12.6771,8.032,431,270258,0.0470835,0.04,1,179447,179016,431
23401261,8.93542,12.0064,426,270258,0.0494167,0.03,1,179455,179029,426
23404181,8.18708,8.80128,426,270258,0.0258833,0.05,1,179463,179037,426
23406661,9.63742,8.16026,428,270258,0.0291767,0.04,1,179473,179045,428
23409581,7.52748,9.63205,425,270258,0.00583533,0.03,1,179480,179055,425
23411861,17.5055,8.32641,437,270258,0.00116707,0.04,1,179500,179063,437
23414561,9.9011,16.0653,427,270258,0.0162334,0.05,1,179508,179081,427
23416641,6.78022,8.81306,426,270258,0.00324668,0.05,1,179514,179088,426
23419561,9.35604,8.96261,427,270258,0.0166493,0.03,1,179524,179097,427
23422261,7.47121,8.19252,426,270258,0.0113299,0.04,1,179531,179105,426
23425181,8.69424,7.2385,428,270258,0.026266,0.08,1,179540,179112,428
23428101,7.33885,7.8477,427,270258,0.0132532,0.06,1,179547,179120,427
23430581,11.0678,7.96954,431,270258,0.0106506,0.06,1,179559,179128,431
23432661,13.4136,11.9939,432,270258,0.0101301,0.01,1,179573,179141,432
23435581,9.08271,13.5988,426,270258,0.010026,0.06,1,179581,179155,426
23438501,8.21654,9.11976,426,270258,0.00200521,0.04,1,179589,179163,426
23441421,7.24331,8.22395,425,270258,0.000401041,0.04,1,179596,179171,425
23444341,9.44866,8.04479,427,270258,0.0160802,0.01,1,179606,179179,427
23447221,7.48973,8.00896,426,270258,0.00321604,0.06,1,179613,179187,426
23450141,7.89795,8.00179,426,270258,0.00864321,0.03,1,179621,179195,426
23453061,7.97959,8.00036,426,270258,0.00172864,0.04,1,179629,179203,426
23455981,7.99592,8.00007,426,270258,0.0243457,0.06,1,179637,179211,426
23458901,7.99918,8.00001,426,270258,0.0128691,0.03,1,179645,179219,426
23461821,8.79984,8,427,270258,0.0105738,0.03,1,179654,179227,427
23464741,8.95997,8,428,270258,0.0421148,0.03,1,179663,179235,428
23467661,8.19199,8,428,270258,0.056423,0.07,1,179671,179243,428
23469681,6.4384,8,426,270258,0.0512846,0.03,1,179677,179251,426
23472601,15.6877,16.8,425,270258,0.0102569,0.01,1,179695,179270,425
23475521,10.3375,9.76,426,270258,0.0100514,0.01,1,179704,179278,426
23478001,8.46751,8.352,426,270258,0.0180103,0.03,1,179712,179286,426
23480921,8.8935,9.6704,425,270258,0.0196021,0.02,1,179721,179296,425
23483841,9.7787,8.33408,427,270258,0.00392041,0.02,1,179731,179304,427
23486761,6.75574,8.06682,425,270258,0.0327841,0.04,1,179737,179312,425
23489681,7.75115,8.01336,425,270258,0.0225568,0.04,1,179745,179320,425
23492601,7.95023,8.00267,425,270258,0.00451136,0.04,1,179753,179328,425
23495061,19.99,8.00053,440,270258,0.00890227,0.03,1,179776,179336,440
23497981,10.398,19.2001,426,270258,0.00978045,0.04,1,179784,179358,426
23500881,8.4796,10.24,426,270258,0.00995609,0.01,1,179792,179366,426
23503801,12.0959,12.448,426,270258,0.00999122,0.03,1,179805,179379,426
23506721,8.01918,8.8896,425,270258,0.0179982,0.06,1,179812,179387,425
23509641,8.80384,8.17792,426,270258,0.0275996,0.04,1,179821,179395,426
23512561,8.16077,8.03558,426,270258,0.0135199,0.05,1,179829,179403,426
23515481,9.63215,8.00712,428,270258,0.018704,0.06,1,179839,179411,428
23517521,6.72643,8.00142,426,270258,0.0197408,0.07,1,179845,179419,426
23520441,6.94529,7.20028,426,270258,0.0279482,0.04,1,179852,179426,426
23523361,9.38906,7.84006,428,270258,0.0455896,0.04,1,179862,179434,428
23526281,7.47781,7.96801,427,270258,0.0331179,0.05,1,179869,179442,427
23528341,8.69556,7.9936,428,270258,0.00662359,0.04,1,179878,179450,428
23530421,10.5391,7.99872,431,270258,0.00132472,0.04,1,179889,179458,431
23533341,7.70782,11.1997,426,270258,0.0242649,0.03,1,179896,179470,426
23536261,7.94156,8.63995,426,270258,0.012853,0.04,1,179904,179478,426
23538741,9.58831,8.12799,428,270258,0.0265706,0.02,1,179914,179486,428
23540401,8.31766,9.6256,426,270258,0.0133141,0.02,1,179922,179496,426
23542481,10.4635,11.5251,425,270258,0.0106628,0.03,1,179933,179508,425
23545401,10.8927,10.305,426,270258,0.0101326,0.03,1,179944,179518,426
23548321,8.57854,8.461,426,270258,0.0100265,0.03,1,179952,179526,426
23551221,11.3157,8.0922,430,270258,0.0100053,0.02,1,179964,179534,430
23554141,7.86314,11.2184,425,270258,0.0340011,0.03,1,179971,179546,425
23557061,7.97263,8.64369,425,270258,0.0148002,0.05,1,179979,179554,425
23559121,7.99453,8.12874,425,270258,0.05096,0.04,1,179987,179562,425
23561201,7.99891,8.02575,425,270258,0.058192,0.01,1,179995,179570,425
23563281,10.3998,10.4051,425,270258,0.0516384,0.01,1,180006,179581,425
23566201,10.88,10.081,426,270258,0.0503277,0.03,1,180017,179591,426
23569121,7.77599,8.41621,425,270258,0.0340655,0.05,1,180024,179599,425
23572041,7.9552,8.08324,425,270258,0.00681311,0.03,1,180032,179607,425
23574961,8.79104,8.01665,426,270258,0.00136262,0.03,1,180041,179615,426
23577881,8.95821,8.00333,427,270258,0.00827252,0.04,1,180050,179623,427
23580801,7.39164,8.00067,426,270258,0.0016545,0.06,1,180057,179631,426
23583721,7.07833,8.00013,425,270258,0.0083309,0.05,1,180064,179639,425
23586641,8.61567,8.00003,426,270258,0.0416662,0.04,1,180073,179647,426
23589561,8.92313,8.00001,427,270258,0.0483332,0.05,1,180082,179655,427
23592481,8.18463,8,427,270258,0.0336666,0.07,1,180090,179663,427
23595401,6.43693,8,425,270258,0.0387333,0.06,1,180096,179671,425
23598321,7.68739,8,425,270258,0.0557467,0.04,1,180104,179679,425
23600101,7.93748,8,425,270258,0.0591493,0.02,1,180112,179687,425
23602181,5.5875,7.2,423,270258,0.0518299,0.05,1,180117,179694,423
23604261,10.7175,6.24,429,270258,0.018366,0.03,1,180129,179700,429
23605921,7.7435,10.848,424,270258,0.0356732,0.02,1,180136,179712,424
23608841,10.3487,9.3696,426,270258,0.0231346,0.03,1,180147,179721,426
23610501,6.86974,8.27392,424,270258,0.00462693,0.03,1,180153,179729,424
23612581,7.77395,5.65478,427,270258,0.0249254,0.03,1,180161,179734,427
23615501,7.95479,8.33096,426,270258,0.0209851,0.04,1,180169,179743,426
23618421,7.19096,8.06619,425,270258,0.012197,0.03,1,180176,179751,425
23621341,7.83819,8.01324,425,270258,0.0264394,0.03,1,180184,179759,425
23623601,7.96764,8.00265,425,270258,0.0452879,0.03,1,180192,179767,425
23626521,18.3935,17.6005,426,270258,0.00905758,0.03,1,180213,179787,426
23629441,9.27871,9.92011,425,270258,0.00981151,0.05,1,180220,179795,425
23631921,8.25574,8.38402,425,270258,0.0099623,0.03,1,180228,179803,425
23634001,8.05115,7.2768,426,270258,0.0179925,0.03,1,180236,179810,426
23636921,9.61023,10.2554,425,270258,0.00359849,0.01,1,180246,179821,425
23639841,9.12205,8.45107,426,270258,0.0087197,0.01,1,180255,179829,426
23641701,8.22441,8.09021,426,270258,0.00974394,0.04,1,180263,179837,426
23644621,8.84488,8.01804,427,270258,0.0339488,0.04,1,180272,179845,427
23647541,7.36898,8.00361,426,270258,0.0227898,0.06,1,180279,179853,426
23650461,7.0738,8.00072,425,270258,0.020558,0.06,1,180286,179861,425
23652101,7.01476,8.00014,424,270258,0.0201116,0.04,1,180293,179869,424
23655021,7.80295,6.40003,426,270258,0.0360223,0.03,1,180301,179875,426
23657941,7.96059,7.68001,426,270258,0.0392045,0.02,1,180309,179883,426
23660861,7.99212,7.936,426,270258,0.0398409,0.05,1,180317,179891,426
23663781,7.99842,7.9872,426,270258,0.0239682,0.04,1,180325,179899,426
23665621,5.59968,7.99744,423,270258,0.0127936,0.01,1,180330,179907,423
23667281,5.91994,5.59949,424,270258,0.0105587,0.01,1,180336,179912,424
23670201,11.584,9.9199,426,270258,0.0421117,0.01,1,180349,179923,426
23672901,15.1168,8.38398,434,270258,0.0244223,0.05,1,180365,179931,434
23674981,9.42336,15.2768,425,270258,0.0368845,0.01,1,180373,179948,425
23677061,8.28467,7.85536,427,270258,0.00737689,0.05,1,180381,179954,427
23679981,7.25693,8.77107,425,270258,0.0334754,0.04,1,180388,179963,425
23682901,9.45139,8.15421,427,270258,0.00669508,0.01,1,180398,179971,427
23685821,8.29028,8.03084,427,270258,0.00933901,0.06,1,180406,179979,427
23688081,8.05806,8.00617,427,270258,0.0098678,0.06,1,180414,179987,427
23690161,8.01161,8.00123,427,270258,0.00997356,0.05,1,180422,179995,427
23692241,8.00232,8.00025,427,270258,0.00999471,0.04,1,180430,180003,427
23694321,7.20046,8.00005,426,270258,0.00199894,0.01,1,180437,180011,426
23697241,13.4401,14.4,425,270258,0.00839979,0,1,180452,180027,425
23700161,9.08802,9.28,425,270258,0.00967996,0.03,1,180460,180035,425
23703081,8.2176,8.256,425,270258,0.00993599,0.03,1,180468,180043,425
23705761,8.04352,8.0512,425,270258,0.0259872,0.01,1,180476,180051,425
23708681,11.2087,8.81024,428,270258,0.0371974,0,1,180488,180060,428
23711601,8.64174,8.16205,428,270258,0.0154395,0.06,1,180496,180068,428
23714521,8.12835,8.03241,428,270258,0.0270879,0.05,1,180504,180076,428
23717441,7.22567,8.00648,427,270258,0.0134176,0.05,1,180511,180084,427
23720321,7.84513,8.0013,427,270258,0.00268352,0.05,1,180519,180092,427
23723241,8.76903,8.00026,428,270258,0.0085367,0.05,1,180528,180100,428
23726161,7.35381,8.00005,427,270258,0.0177073,0.06,1,180535,180108,427
23729081,6.27076,8.00001,425,270258,0.0115415,0.02,1,180541,180116,425
23732001,8.45415,8,426,270258,0.0103083,0,1,180550,180124,426
23734261,9.69083,8,428,270258,0.00206166,0.07,1,180560,180132,428
23736961,8.33817,10.4,425,270258,0.000412332,0,1,180568,180143,425
23739041,10.4676,10.08,426,270258,8.24663e-05,0.05,1,180579,180153,426
23741961,13.2935,12.416,427,270258,1.64933e-05,0.03,1,180593,180166,427
23744661,8.25871,8.8832,426,270258,0.0240033,0.07,1,180600,180174,426
23747581,8.05174,7.37664,427,270258,0.00480066,0.07,1,180608,180181,427
23750501,6.41035,7.87533,425,270258,0.000960132,0.05,1,180614,180189,425
23752981,7.68207,7.97507,425,270258,0.000192026,0.03,1,180622,180197,425
23754641,7.13641,7.19501,425,270258,3.84053e-05,0.03,1,180629,180204,425
23756721,14.2273,13.439,426,270258,7.68105e-06,0.01,1,180645,180219,426
23759641,9.24546,9.0878,426,270258,0.00800154,0.03,1,180653,180227,426
23761301,8.24909,8.21756,426,270258,0.00960031,0.03,1,180661,180235,426
23764221,8.04982,8.84351,425,270258,0.00192006,0.05,1,180669,180244,425
23767121,8.00996,8.1687,425,270258,0.000384012,0.05,1,180677,180252,425
23770041,8.80199,8.03374,426,270258,0.0080768,0.05,1,180686,180260,426
23771701,6.5604,8.00675,424,270258,0.00961536,0.05,1,180692,180268,424
23773781,17.3121,5.60135,439,270258,0.0259231,0.02,1,180712,180273,439
23776701,9.06242,17.1203,426,270258,0.00518461,0.04,1,180719,180293,426
23779621,8.21248,9.82405,426,270258,0.00103692,0.04,1,180727,180301,426
23782541,7.2425,8.36481,425,270258,0.00820738,0.04,1,180734,180309,425
23785461,8.6485,8.07296,426,270258,0.00964148,0.02,1,180743,180317,426
23788381,8.1297,8.01459,426,270258,0.0019283,0.05,1,180751,180325,426
23791301,8.82594,8.00292,427,270258,0.000385659,0.07,1,180760,180333,427
23794221,8.16519,8.00058,427,270258,0.00807713,0.05,1,180768,180341,427
23797141,7.23304,8.00012,426,270258,0.00161543,0.05,1,180775,180349,426
23800061,8.64661,8.00002,427,270258,0.00832309,0.04,1,180784,180357,427
23801861,13.7293,8,434,270258,0.0336646,0.02,1,180799,180365,434
23804781,8.34586,13.6,426,270258,0.0387329,0.04,1,180806,180380,426
23807701,7.26917,9.12,425,270258,0.0157466,0.02,1,180813,180388,425
23810621,7.85383,8.224,425,270258,0.0271493,0.01,1,180821,180396,425
23813541,7.97077,8.0448,425,270258,0.0214299,0.01,1,180829,180404,425
23816461,7.99415,8.00896,425,270258,0.012286,0.01,1,180837,180412,425
23819121,7.99883,8.00179,425,270258,0.0104572,0.03,1,180845,180420,425
23821201,7.19977,7.20036,425,270258,0.00209144,0.01,1,180852,180427,425
23823281,8.63995,8.64007,425,270258,0.00841829,0.01,1,180861,180436,425
23825361,8.12799,8.12801,425,270258,0.00968366,0.01,1,180869,180444,425
23827441,14.4256,14.4256,425,270258,0.00993673,0.01,1,180885,180460,425
23830361,10.0851,9.28512,426,270258,0.00198735,0.03,1,180894,180468,426
23833281,8.41702,8.25702,426,270258,0.000397469,0.04,1,180902,180476,426
23835141,7.2834,8.0514,425,270258,0.0240795,0.04,1,180909,180484,425
23838061,8.65668,8.01028,426,270258,0.0208159,0.01,1,180918,180492,426
23840981,7.33134,8.00206,425,270258,0.0121632,0.02,1,180925,180500,425
23843461,10.2663,8.00041,428,270258,0.00243264,0.02,1,180936,180508,428
23846381,9.25325,10.4001,426,270258,0.0244865,0.01,1,180945,180519,426
23849301,7.45065,8.48002,425,270258,0.00489731,0.04,1,180952,180527,425
23852221,7.89013,8.096,425,270258,0.0409795,0.01,1,180960,180535,425
23855141,7.97803,8.0192,425,270258,0.0481959,0.01,1,180968,180543,425
23858061,8.79561,8.00384,426,270258,0.00963918,0,1,180977,180551,426
23860981,7.35912,8.00077,425,270258,0.00992784,0.01,1,180984,180559,425
23863901,7.87182,8.00015,425,270258,0.00998557,0.01,1,180992,180567,425
23866341,8.77437,8.00003,426,270258,0.00999711,0.01,1,181001,180575,426
23869261,8.95487,8.00001,427,270258,0.00199942,0.03,1,181010,180583,427
23871541,5.79097,8,424,270258,0.00839989,0.05,1,181015,180591,424
23873621,7.55819,6.4,426,270258,0.02568,0.03,1,181023,180597,426
23875281,7.11164,8.48,424,270258,0.005136,0.03,1,181030,180606,424
23878201,11.0223,9.696,426,270258,0.0010272,0,1,181042,180616,426
23881121,8.60447,8.3392,426,270258,0.00020544,0.01,1,181050,180624,426
23884041,7.32089,8.06784,425,270258,4.1088e-05,0.01,1,181057,180632,425
23885681,7.06418,8.01357,424,270258,8.21759e-06,0.01,1,181064,180640,424
23888601,11.8128,10.4027,426,270258,0.00800164,0,1,181077,180651,426
23891301,12.7626,8.48054,431,270258,0.00160033,0.01,1,181090,180659,431
23894221,9.75251,12.8961,426,270258,0.00832007,0.02,1,181099,180673,426
23896501,6.7505,8.97922,424,270258,0.00166401,0.03,1,181105,180681,424
23898161,6.1501,6.59584,424,270258,0.0083328,0,1,181111,180687,424
23901081,6.83002,5.31917,426,270258,0.0256666,0.04,1,181118,180692,426
23903781,19.766,7.46383,441,270258,0.0131333,0.01,1,181141,180700,441
23906701,10.3532,20.6928,425,270258,0.0106267,0.01,1,181149,180724,425
23909621,8.47064,10.5386,425,270258,0.00212533,0.01,1,181157,180732,425
23912101,7.29413,8.50771,424,270258,0.0404251,0.03,1,181164,180740,424
23915021,7.85883,7.30154,425,270258,0.032085,0.01,1,181172,180747,425
23917301,11.1718,7.86031,429,270258,0.030417,0,1,181184,180755,429
23920221,8.63435,10.3721,426,270258,0.0300834,0.01,1,181192,180766,426
23923141,8.92687,8.47441,427,270258,0.0300167,0.03,1,181201,180774,427
23926061,7.38537,8.09488,426,270258,0.0220033,0.06,1,181208,180782,426
23928981,8.67707,8.01898,427,270258,0.0284007,0.06,1,181217,180790,427
23931861,6.53542,8.0038,425,270258,0.0136801,0.04,1,181223,180798,425
23933941,13.3071,8.00076,432,270258,0.00273603,0.03,1,181238,180806,432
23936861,8.26142,12.8002,425,270258,0.0165472,0.05,1,181245,180820,425
23939781,8.05228,8.96003,425,270258,0.0113094,0.01,1,181253,180828,425
23942701,8.01046,8.19201,425,270258,0.0102619,0.01,1,181261,180836,425
23945621,8.00209,8.0384,425,270258,0.0100524,0.01,1,181269,180844,425
23948501,8.80042,8.00768,426,270258,0.0260105,0.01,1,181278,180852,426
23951421,8.16008,8.00154,426,270258,0.0132021,0.04,1,181286,180860,426
23954321,7.23202,8.00031,425,270258,0.0106404,0.06,1,181293,180868,425
23956401,11.0464,11.2001,425,270258,0.0101281,0.04,1,181305,180880,425
23958481,11.8093,11.84,425,270258,0.0180256,0,1,181317,180892,425
23960561,7.96186,7.168,426,270258,0.0276051,0.02,1,181324,180898,426
23963481,5.59237,6.2336,425,270258,0.045521,0.02,1,181329,180904,425
23965141,10.7185,7.64672,429,270258,0.0251042,0,1,181341,180912,429
23967221,7.74369,9.52934,426,270258,0.0290208,0.03,1,181348,180922,426
23970141,7.94874,8.30587,426,270258,0.0218042,0.02,1,181356,180930,426
23972001,6.38975,8.06117,424,270258,0.0283608,0,1,181362,180938,424
23974081,6.07795,5.61223,425,270258,0.0216722,0.05,1,181368,180943,425
23977001,7.61559,5.92245,427,270258,0.00433443,0,1,181376,180949,427
23979921,7.92312,7.58449,427,270258,0.0328669,0.04,1,181384,180957,427
23981781,7.18462,7.9169,426,270258,0.0305734,0.03,1,181391,180965,426
23984701,7.83692,8.78338,425,270258,0.0221147,0.01,1,181399,180974,425
23986981,7.96738,8.15668,425,270258,0.0124229,0.01,1,181407,180982,425
23989901,7.99348,8.03134,425,270258,0.0264846,0.01,1,181415,180990,425
23992821,7.9987,8.00627,425,270258,0.0452969,0.01,1,181423,180998,425
23995741,7.99974,8.00125,425,270258,0.0250594,0.01,1,181431,181006,425
23998421,7.99995,8.00025,425,270258,0.00501188,0.01,1,181439,181014,425
24001341,7.99999,7.20005,426,270258,0.00900238,0.01,1,181447,181021,426
24004241,8,7.84001,426,270258,0.00180047,0.01,1,181455,181029,426
24006321,7.2,7.968,425,270258,0.0403601,0.04,1,181462,181037,425
24008401,6.24,6.3936,425,270258,0.048072,0.03,1,181468,181043,425
24011321,14.048,14.0787,425,270258,0.0496144,0.01,1,181484,181059,425
24014241,9.2096,9.21574,425,270258,0.0499229,0,1,181492,181067,425
24016721,8.24192,8.24315,425,270258,0.0179846,0.03,1,181500,181075,425
24018801,11.2484,11.2486,425,270258,0.0115969,0.02,1,181512,181087,425
24021721,14.2497,14.2497,425,270258,0.0423194,0.02,1,181527,181102,425
24024641,9.24994,9.24995,425,270258,0.0324639,0.03,1,181535,181110,425
24027561,9.84999,8.24999,427,270258,0.0144928,0,1,181545,181118,427
24030481,6.77,8.05,425,270258,0.0108986,0.03,1,181551,181126,425
24032741,21.354,8.01,442,270258,0.00217971,0,1,181576,181134,442
24035661,9.8708,20.002,426,270258,0.0244359,0.04,1,181583,181157,426
24038581,8.37416,10.4004,426,270258,0.0288872,0.04,1,181591,181165,426
24041501,8.07483,8.48008,426,270258,0.0137774,0.02,1,181599,181173,426
24044421,8.81497,8.09602,427,270258,0.0267555,0.02,1,181608,181181,427
24047301,9.76299,8.0192,429,270258,0.0533511,0.04,1,181618,181189,429
24050221,7.5526,10.4038,425,270258,0.0506702,0.04,1,181625,181200,425
24053141,7.91052,8.48077,425,270258,0.042134,0.05,1,181633,181208,425
24056061,7.9821,8.09615,425,270258,0.00842681,0,1,181641,181216,425
24057701,7.99642,8.01923,425,270258,0.0416854,0.02,1,181649,181224,425
24060621,9.59928,8.00385,427,270258,0.0323371,0.04,1,181659,181232,427
24063541,6.71986,8.00077,425,270258,0.0144674,0.04,1,181665,181240,425
24066021,11.744,8.00015,430,270258,0.0268935,0.05,1,181678,181248,430
24068941,9.54879,12,426,270258,0.0293787,0.03,1,181687,181261,426
24071861,7.50976,8.80001,425,270258,0.0218757,0.05,1,181694,181269,425
24074341,10.302,8.16,428,270258,0.00437515,0.02,1,181705,181277,428
24077261,9.26039,10.432,426,270258,0.00887503,0.03,1,181714,181288,426
24080181,8.25208,8.4864,426,270258,0.025775,0.03,1,181722,181296,426
24083101,8.05042,8.09728,426,270258,0.013155,0.06,1,181730,181304,426
24086021,8.81008,8.01946,427,270258,0.034631,0.04,1,181739,181312,427
24088901,9.76202,8.00389,429,270258,0.0389262,0.05,1,181749,181320,429
24091821,7.5524,10.4008,425,270258,0.0317852,0.05,1,181756,181331,425
24093681,7.11048,8.48016,424,270258,0.014357,0.03,1,181763,181339,424
24095761,10.2221,8.89603,426,270258,0.0428714,0.02,1,181774,181348,426
24097841,7.64442,8.17921,425,270258,0.0485743,0.03,1,181781,181356,425
24100761,11.9289,10.4358,427,270258,0.0577149,0,1,181794,181367,427
24103681,8.78578,8.48717,427,270258,0.051543,0.05,1,181802,181375,427
24106601,7.35716,8.09743,426,270258,0.0103086,0.05,1,181809,181383,426
24108661,6.27143,8.01949,424,270258,0.0100617,0.05,1,181815,181391,424
24111581,7.65429,6.4039,426,270258,0.00201234,0.03,1,181823,181397,426
24114501,7.93086,7.68078,426,270258,0.00840247,0.08,1,181831,181405,426
24116981,11.1862,7.93616,430,270258,0.00968049,0.08,1,181843,181413,430
24119901,7.83723,11.1872,425,270258,0.0259361,0.05,1,181850,181425,425
24122821,7.96745,8.63745,425,270258,0.0131872,0.05,1,181858,181433,425
24125741,9.59349,8.12749,427,270258,0.0346374,0.01,1,181868,181441,427
24128661,8.3187,8.0255,427,270258,0.0149275,0.06,1,181876,181449,427
24131581,8.86374,8.0051,428,270258,0.0029855,0.04,1,181885,181457,428
24134501,7.37275,8.00102,427,270258,0.0085971,0.06,1,181892,181465,427
24137421,7.07455,8.0002,426,270258,0.00971942,0.06,1,181899,181473,426
24139441,6.21491,8.00004,424,270258,0.00194388,0.04,1,181905,181481,424
24141521,7.64298,7.20001,425,270258,0.0243888,0.02,1,181913,181488,425
24144441,13.5286,12.64,426,270258,0.0448778,0.01,1,181928,181502,426
24147361,8.30572,8.928,425,270258,0.0329756,0.02,1,181935,181510,425
24149221,8.86114,8.1856,426,270258,0.0225951,0.05,1,181944,181518,426
24151301,10.5722,8.03712,429,270258,0.00451902,0.02,1,181955,181526,429
24153381,13.3144,10.4074,432,270258,0.0249038,0.03,1,181969,181537,432
24156301,9.06289,13.2815,426,270258,0.0289808,0.04,1,181977,181551,426
24159221,7.41258,9.0563,425,270258,0.00579615,0.06,1,181984,181559,425
24161281,8.68252,8.21126,426,270258,0.00915923,0.03,1,181993,181567,426
24164201,17.7365,16.8423,427,270258,0.0338318,0.01,1,182013,181586,427
24167121,9.9473,9.76845,427,270258,0.00676637,0.08,1,182021,181594,427
24170041,9.18946,8.35369,428,270258,0.00135327,0.04,1,182030,181602,428
24172961,7.43789,8.07074,427,270258,0.0322707,0.06,1,182037,181610,427
24175881,7.08758,8.01415,426,270258,0.0304541,0.06,1,182044,181618,426
24177921,7.01752,8.00283,425,270258,0.0140908,0.05,1,182051,181626,425
24180841,7.8035,6.40057,427,270258,0.0188182,0.02,1,182059,181632,427
24183761,7.9607,7.68011,427,270258,0.0117636,0.06,1,182067,181640,427
24186241,7.19214,7.93602,426,270258,0.0423527,0.05,1,182074,181648,426
24188321,7.03843,7.1872,426,270258,0.0404705,0.05,1,182081,181655,426
24191241,9.40769,10.2374,425,270258,0.0400941,0.01,1,182091,181666,425
24194161,9.08154,8.44749,426,270258,0.0320188,0.01,1,182100,181674,426
24196641,8.21631,8.0895,426,270258,0.0224038,0.06,1,182108,181682,426
24199561,12.0433,12.8179,425,270258,0.00448075,0,1,182121,181696,425
24202481,8.80865,8.96358,425,270258,0.00089615,0.01,1,182129,181704,425
24204961,8.96173,8.19272,426,270258,0.00817923,0.04,1,182138,181712,426
24207881,12.9923,12.8385,426,270258,0.00963585,0.01,1,182152,181726,426
24210801,8.99847,8.96771,426,270258,0.0179272,0.03,1,182160,181734,426
24213721,8.99969,8.19354,427,270258,0.0115854,0.01,1,182169,181742,427
24216401,7.39994,8.03871,426,270258,0.00231709,0.06,1,182176,181750,426
24219321,11.08,10.4077,427,270258,0.000463417,0.02,1,182188,181761,427
24222241,9.416,8.48155,428,270258,0.0160927,0.07,1,182197,181769,428
24225161,8.2832,8.09631,428,270258,0.0112185,0.08,1,182205,181777,428
24228081,6.45664,8.01926,426,270258,0.0262437,0.09,1,182211,181785,426
24230341,6.89133,8.00385,425,270258,0.0532487,0.07,1,182218,181793,425
24232421,6.97827,8.00077,424,270258,0.0266497,0.03,1,182225,181801,424
24234081,6.99565,6.40015,425,270258,0.0453299,0.02,1,182232,181807,425
24237001,7.79913,6.88003,426,270258,0.025066,0.02,1,182240,181814,426
24239921,7.95983,7.77601,426,270258,0.0210132,0.03,1,182248,181822,426
24242841,7.19197,7.9552,425,270258,0.0122026,0.04,1,182255,181830,425
24245521,8.63839,7.99104,426,270258,0.00244053,0.08,1,182264,181838,426
24248441,10.5277,9.59821,427,270258,0.000488106,0.01,1,182275,181848,427
24250721,7.70554,8.31964,426,270258,9.76211e-05,0.03,1,182282,181856,426
24253641,7.94111,8.86393,425,270258,1.95242e-05,0.03,1,182290,181865,425
24255301,8.78822,8.17279,426,270258,0.0240039,0.01,1,182299,181873,426
24257381,9.75764,7.23456,429,270258,0.0208008,0.03,1,182309,181880,429
24260301,9.95153,11.0469,427,270258,0.0121602,0.02,1,182319,181892,427
24263221,7.59031,8.60938,426,270258,0.026432,0.06,1,182326,181900,426
24266141,7.91806,8.12188,426,270258,0.0292864,0.06,1,182334,181908,426
24269061,7.98361,8.02438,426,270258,0.0138573,0.04,1,182342,181916,426
24271981,7.99672,8.00488,426,270258,0.0267715,0.05,1,182350,181924,426
24274021,6.39934,8.00098,424,270258,0.00535429,0.05,1,182356,181932,424
24276101,7.67987,6.4002,426,270258,0.00907086,0.05,1,182364,181938,426
24277761,8.73597,8.48004,426,270258,0.0258142,0.03,1,182373,181947,426
24279841,6.54719,5.69601,427,270258,0.0131628,0.07,1,182379,181952,427
24281921,6.90944,8.3392,425,270258,0.0346326,0.03,1,182386,181961,425
24284841,19.7819,18.4678,427,270258,0.0229265,0,1,182409,181982,427
24287761,9.55638,10.0936,426,270258,0.0125853,0.08,1,182416,181990,426
24290681,8.31128,8.41871,426,270258,0.0105171,0.04,1,182424,181998,426
24292321,6.46226,8.08374,424,270258,0.00210341,0.02,1,182430,182006,424
24295241,18.0925,16.8167,426,270258,0.00842068,0.02,1,182451,182025,426
24298161,10.8185,9.76335,427,270258,0.00168414,0.04,1,182460,182033,427
24301081,7.7637,8.35267,426,270258,0.00833683,0.05,1,182467,182041,426
24304001,7.95274,8.07053,426,270258,0.00966737,0.06,1,182475,182049,426
24306921,8.79055,8.01411,427,270258,0.00993347,0.04,1,182484,182057,427
24309841,8.15811,8.00282,427,270258,0.00198669,0.06,1,182492,182065,427
24312501,6.43162,8.00056,425,270258,0.0483973,0.05,1,182498,182073,425
24315421,7.68632,7.20011,426,270258,0.0416795,0.03,1,182506,182080,426
24318341,7.93726,7.84002,426,270258,0.0323359,0.03,1,182514,182088,426
24320821,7.98745,7.968,426,270258,0.0144672,0.06,1,182522,182096,426
24323741,7.19749,7.1936,426,270258,0.0588934,0.06,1,182529,182103,426
24326021,6.2395,7.83872,424,270258,0.0517787,0.03,1,182535,182111,424
24327681,6.0479,6.36774,424,270258,0.0663557,0.02,1,182541,182117,424
24329761,10.8096,8.47355,427,270258,0.0612711,0.01,1,182553,182126,427
24332681,10.1619,11.2947,425,270258,0.0282542,0.01,1,182563,182138,425
24335601,9.23238,8.65894,426,270258,0.00565085,0.01,1,182572,182146,426
24337461,11.4465,8.13179,430,270258,0.0491302,0.03,1,182584,182154,430
24340381,9.4893,11.2264,427,270258,0.041826,0.04,1,182593,182166,427
24343301,7.49786,8.64527,426,270258,0.00836521,0.06,1,182600,182174,426
24346221,7.89957,8.12905,426,270258,0.017673,0.06,1,182608,182182,426
24348901,8.77991,8.02581,427,270258,0.0195346,0.05,1,182617,182190,427
24350981,7.35598,8.80516,425,270258,0.0199069,0.05,1,182624,182199,425
24353901,7.8712,6.56103,427,270258,0.0199814,0.05,1,182632,182205,427
24356821,7.97424,7.71221,427,270258,0.0199963,0.06,1,182640,182213,427
24359741,7.19485,7.94244,426,270258,0.0359993,0.06,1,182647,182221,426
24362421,6.23897,7.98849,424,270258,0.0151999,0.06,1,182653,182229,424
24364501,10.0478,7.1977,428,270258,0.01104,0.02,1,182664,182236,428
24367201,7.60956,9.43954,425,270258,0.018208,0.02,1,182671,182246,425
24370121,13.5219,13.8879,425,270258,0.0036416,0.02,1,182686,182261,425
24373041,9.10438,9.17758,425,270258,0.0167283,0.03,1,182694,182269,425
24375961,9.02088,8.23552,426,270258,0.00334566,0.03,1,182703,182277,426
24378881,9.00418,8.0471,427,270258,0.0406691,0.02,1,182712,182285,427
24381801,7.40083,8.00942,426,270258,0.0241338,0.03,1,182719,182293,426
24384721,7.88017,8.00188,426,270258,0.0208268,0.02,1,182727,182301,426
24387381,8.77603,8.00038,427,270258,0.0201654,0.01,1,182736,182309,427
24389461,6.55521,8.80008,424,270258,0.0360331,0.05,1,182742,182318,424
24392381,7.71104,6.56002,426,270258,0.00720661,0.04,1,182750,182324,426
24394241,7.14221,7.712,425,270258,0.0254413,0.03,1,182757,182332,425
24396321,8.62844,8.7424,425,270258,0.00508826,0.02,1,182766,182341,425
24399241,9.72569,9.74848,425,270258,0.00901765,0.03,1,182776,182351,425
24402161,9.14514,8.3497,426,270258,0.00980353,0.01,1,182785,182359,426
24405081,8.22903,8.06994,426,270258,0.0339607,0.03,1,182793,182367,426
24408001,8.04581,8.01399,426,270258,0.00679214,0.03,1,182801,182375,426
24410261,6.40916,8.0028,424,270258,0.0333584,0.05,1,182807,182383,424
24412341,9.28183,6.40056,428,270258,0.0146717,0.04,1,182817,182389,428
24414421,22.6564,9.28011,444,270258,0.00293434,0.03,1,182843,182399,444
24417341,10.1313,22.656,425,270258,0.0325869,0.02,1,182850,182425,425
24420261,8.42625,10.9312,425,270258,0.0385174,0,1,182858,182433,425
24423181,8.08525,8.58624,425,270258,0.0317035,0.02,1,182866,182441,425
24424821,13.6171,8.11725,432,270258,0.0463407,0.02,1,182881,182449,432
24426901,12.3234,12.8234,430,270258,0.0412681,0.02,1,182893,182463,430
24429821,8.86468,11.3647,427,270258,0.0162536,0.06,1,182901,182474,427
24432741,8.17294,8.67294,427,270258,0.0112507,0.05,1,182909,182482,427
24435661,8.83459,8.13459,428,270258,0.0102501,0.06,1,182918,182490,428
24438581,8.16692,8.02692,428,270258,0.02605,0.06,1,182926,182498,428
24441501,6.43338,8.00538,426,270258,0.01321,0.05,1,182932,182506,426
24444421,9.28668,8.00108,428,270258,0.002642,0.04,1,182942,182514,428
24447341,8.25734,8.00022,428,270258,0.0085284,0.06,1,182950,182522,428
24450261,8.05147,8.00004,428,270258,0.0257057,0.06,1,182958,182530,428
24453181,8.01029,8.00001,428,270258,0.0211411,0.06,1,182966,182538,428
24456021,7.20206,8,427,270258,0.0202282,0.04,1,182973,182546,427
24458721,7.04041,8,426,270258,0.0360456,0.02,1,182980,182554,426
24460801,7.80808,8.8,425,270258,0.0472091,0,1,182988,182563,425
24462881,9.56162,8.96,426,270258,0.0654418,0.06,1,182998,182572,426
24465801,10.7123,11.392,425,270258,0.0610884,0.05,1,183009,182584,425
24467461,6.14246,8.6784,422,270258,0.0362177,0.03,1,183014,182592,422
24470381,8.42849,5.73568,426,270258,0.0152435,0.03,1,183023,182597,426
24473301,8.0857,7.54714,426,270258,0.0190487,0.06,1,183031,182605,426
24475781,8.01714,7.90943,426,270258,0.0598097,0.05,1,183039,182613,426
24477861,8.80343,7.98189,427,270258,0.0599619,0.03,1,183048,182621,427
24480781,7.36069,8.79638,425,270258,0.0599924,0.05,1,183055,182630,425
24483701,7.87214,8.15928,425,270258,0.0359985,0.05,1,183063,182638,425
24486181,7.17443,8.03186,424,270258,0.0231997,0.04,1,183070,182646,424
24489101,8.63489,7.20637,426,270258,0.0286399,0.01,1,183079,182653,426
24492021,8.12698,7.84127,426,270258,0.013728,0.03,1,183087,182661,426
24494941,8.0254,7.96825,426,270258,0.0427456,0.03,1,183095,182669,426
24496581,8.80508,7.99365,427,270258,0.0245491,0.02,1,183104,182677,427
24498241,7.36102,8.79873,425,270258,0.0289098,0.02,1,183111,182686,425
24500321,8.6722,8.15975,426,270258,0.021782,0.04,1,183120,182694,426
24503241,8.13444,6.43195,428,270258,0.0363564,0.06,1,183128,182700,428
24506161,6.42689,7.68639,426,270258,0.0152713,0.04,1,183134,182708,426
24508021,6.88538,7.93728,425,270258,0.00305426,0.05,1,183141,182716,425
24510941,8.57708,7.18746,427,270258,0.00861085,0.05,1,183150,182723,427
24513861,7.31541,7.83749,426,270258,0.00972217,0.05,1,183157,182731,426
24516341,7.86308,7.9675,426,270258,0.0419444,0.03,1,183165,182739,426
24519261,7.97262,8.7935,425,270258,0.0483889,0.04,1,183173,182748,425
24522181,7.99452,8.1587,425,270258,0.0416778,0.03,1,183181,182756,425
24524661,7.9989,8.03174,425,270258,0.0483356,0.03,1,183189,182764,425
24527361,7.19978,7.20635,425,270258,0.0176671,0.04,1,183196,182771,425
24529441,8.63996,7.04127,427,270258,0.0115334,0.05,1,183205,182778,427
24532361,11.328,11.8083,426,270258,0.0343067,0.02,1,183217,182791,426
24535281,8.6656,8.76165,426,270258,0.0468613,0.06,1,183225,182799,426
24537141,5.73312,8.15233,423,270258,0.0413723,0.03,1,183230,182807,423
24540061,7.54662,5.63047,426,270258,0.00827445,0.04,1,183238,182812,426
24542961,7.90932,7.52609,426,270258,0.0256549,0.05,1,183246,182820,426
24545881,30.3819,31.1052,425,270258,0.029131,0.04,1,183282,182857,425
24548801,13.2764,12.621,426,270258,0.0218262,0.03,1,183291,182865,426
24551721,9.05527,8.92421,426,270258,0.0123652,0.05,1,183299,182873,426
24553361,7.41105,8.18484,425,270258,0.00247305,0.04,1,183306,182881,425
24555441,11.0822,11.237,425,270258,0.0324946,0.01,1,183318,182893,425
24558361,7.01644,7.04739,425,270258,0.0384989,0.04,1,183324,182899,425
24560641,7.80329,7.80948,425,270258,0.0316998,0.02,1,183332,182907,425
24563561,7.96066,6.3619,427,270258,0.03834,0.02,1,183340,182913,427
24565221,8.79213,7.67238,428,270258,0.015668,0.03,1,183349,182921,428
24568141,8.15843,10.3345,425,270258,0.0431336,0.03,1,183357,182932,425
24571061,8.83169,8.4669,426,270258,0.0406267,0.01,1,183366,182940,426
24573981,7.36634,8.09338,425,270258,0.0561253,0.05,1,183373,182948,425
24576901,8.67327,8.01868,426,270258,0.0192251,0.03,1,183382,182956,426
24579821,8.93465,8.00374,427,270258,0.035845,0.05,1,183391,182964,427
24581861,8.98693,8.00075,428,270258,0.015169,0.05,1,183400,182972,428
24584781,8.99739,8.80015,428,270258,0.0190338,0.06,1,183409,182981,428
24587701,8.19948,8.16003,428,270258,0.0358068,0.08,1,183417,182989,428
24590621,7.2399,8.03201,427,270258,0.0391614,0.1,1,183424,182997,427
24593541,6.24798,8.0064,425,270258,0.00783227,0.04,1,183430,183005,425
24596001,7.6496,8.00128,425,270258,0.00956645,0.01,1,183438,183013,425
24598081,7.12992,7.20026,425,270258,0.00191329,0.02,1,183445,183020,425
24601001,11.026,7.84005,429,270258,0.000382658,0.02,1,183457,183028,429
24603921,7.8052,7.96801,428,270258,0.0480765,0.07,1,183464,183036,428
24605781,7.96104,7.9936,428,270258,0.00961531,0.1,1,183472,183044,428
24608481,7.99221,9.59872,426,270258,0.00992306,0.03,1,183480,183054,426
24611401,7.99844,9.11974,425,270258,0.0419846,0.04,1,183488,183063,425
24613061,7.99969,8.22395,425,270258,0.0483969,0.03,1,183496,183071,425
24615981,8.79994,8.04479,426,270258,0.0576794,0.01,1,183505,183079,426
24618901,7.35999,8.00896,425,270258,0.0435359,0.05,1,183512,183087,425
24621821,7.872,8.00179,425,270258,0.0407072,0.03,1,183520,183095,425
24624501,7.1744,8.00036,424,270258,0.00814143,0.05,1,183527,183103,424
24627201,7.83488,7.20007,425,270258,0.00962829,0.01,1,183535,183110,425
24629281,7.96698,7.04001,426,270258,0.0259257,0.01,1,183543,183117,426
24632201,14.3934,15.008,425,270258,0.0291851,0.02,1,183559,183134,425
24635121,9.27868,9.4016,425,270258,0.013837,0.03,1,183567,183142,425
24638041,9.85574,8.28032,427,270258,0.0187674,0.03,1,183577,183150,427
24640961,8.37115,8.05606,427,270258,0.0197535,0.05,1,183585,183158,427
24643881,8.07423,8.01121,427,270258,0.0359507,0.06,1,183593,183166,427
24646801,8.01485,8.00224,427,270258,0.0231901,0.07,1,183601,183174,427
24648421,5.60297,8.00045,424,270258,0.012638,0.05,1,183606,183182,424
24651341,7.52059,7.20009,425,270258,0.00252761,0.01,1,183614,183189,425
24654261,7.90412,7.84002,425,270258,0.0165055,0.03,1,183622,183197,425
24657181,8.78082,7.968,426,270258,0.0113011,0.02,1,183631,183205,426
24660101,8.95616,7.9936,427,270258,0.0422602,0.06,1,183640,183213,427
24661941,7.39123,7.99872,426,270258,0.032452,0.06,1,183647,183221,426
24664861,8.67825,8.79974,426,270258,0.0384904,0.01,1,183656,183230,426
24667781,8.13565,8.15995,426,270258,0.0236981,0.07,1,183664,183238,426
24670701,8.02713,8.03199,426,270258,0.0367396,0.07,1,183672,183246,426
24673621,7.20543,8.0064,425,270258,0.0153479,0.04,1,183679,183254,425
24675461,25.4411,8.00128,447,270258,0.0190696,0.01,1,183709,183262,447
24677541,16.2882,25.6003,431,270258,0.00381392,0.02,1,183723,183292,431
24680461,10.4576,15.5201,427,270258,0.00876278,0.03,1,183732,183305,427
24683381,7.69153,9.50401,426,270258,0.0257526,0.05,1,183739,183313,426
24686301,7.13831,8.3008,425,270258,0.0291505,0.04,1,183746,183321,425
24688561,8.62766,8.06016,426,270258,0.0458301,0.04,1,183755,183329,426
24691481,11.3255,10.412,427,270258,0.049166,0.04,1,183767,183340,427
24693141,6.26511,8.48241,424,270258,0.0418332,0.06,1,183772,183348,424
24695841,7.65302,5.69648,427,270258,0.0163666,0.07,1,183780,183353,427
24698761,7.1306,6.7393,427,270258,0.0112733,0.06,1,183787,183360,427
24701681,7.82612,7.74786,427,270258,0.0262547,0.05,1,183795,183368,427
24703541,11.9652,7.94957,432,270258,0.0212509,0.04,1,183808,183376,432
24706461,7.99304,12.7899,425,270258,0.0282502,0.04,1,183815,183390,425
24709381,7.99861,8.95798,425,270258,0.01365,0.03,1,183823,183398,425
24712301,7.99972,8.1916,425,270258,0.01073,0.01,1,183831,183406,425
24715221,7.99994,8.03832,425,270258,0.026146,0.03,1,183839,183414,425
24718141,8.79999,8.00766,426,270258,0.0292292,0.03,1,183848,183422,426
24720801,7.36,8.00153,425,270258,0.0378458,0.02,1,183855,183430,425
24723721,7.072,7.20031,425,270258,0.0315692,0.03,1,183862,183437,425
24726641,7.8144,7.84006,425,270258,0.0303138,0.02,1,183870,183445,425
24729121,9.56288,7.96801,427,270258,0.00606277,0.06,1,183880,183453,427
24731201,9.11258,10.3936,425,270258,0.00121255,0.02,1,183889,183464,425
24734121,13.8225,12.4787,427,270258,0.0322425,0.04,1,183904,183477,427
24737041,9.1645,8.89574,427,270258,0.0064485,0.06,1,183912,183485,427
24739961,8.2329,8.17915,427,270258,0.0092897,0.06,1,183920,183493,427
24742881,8.04658,8.03583,427,270258,0.00985794,0.06,1,183928,183501,427
24745801,7.20932,8.00717,426,270258,0.00997159,0.05,1,183935,183509,426
24748261,7.04186,8.00143,425,270258,0.0259943,0.05,1,183942,183517,425
24751181,7.80837,7.20029,426,270258,0.0371989,0.05,1,183950,183524,426
24754101,7.96167,7.84006,426,270258,0.0394398,0.05,1,183958,183532,426
24757021,7.99233,7.96801,426,270258,0.039888,0.04,1,183966,183540,426
24759941,7.99847,7.9936,426,270258,0.0319776,0.04,1,183974,183548,426
24761781,9.59969,7.99872,428,270258,0.00639552,0.05,1,183984,183556,428
24763861,14.7199,10.3997,433,270258,0.0012791,0.05,1,184000,183567,433
24766781,9.34399,13.2799,427,270258,0.00825582,0.04,1,184008,183581,427
24768641,5.8688,9.05599,424,270258,0.00965116,0.03,1,184013,183589,424
24771561,10.7738,10.6112,425,270258,0.00993023,0.01,1,184025,183600,425
24774481,8.55475,8.52224,425,270258,0.00998605,0.05,1,184033,183608,425
24777401,8.11095,8.10445,425,270258,0.00999721,0.05,1,184041,183616,425
24780321,8.02219,8.02089,425,270258,0.0339994,0.02,1,184049,183624,425
24783241,8.80444,8.00418,426,270258,0.0387999,0.05,1,184058,183632,426
24786161,8.16089,8.00084,426,270258,0.03176,0.03,1,184066,183640,426
24789081,8.03218,8.00017,426,270258,0.030352,0.05,1,184074,183648,426
24791941,8.00644,8.00003,426,270258,0.0460704,0.02,1,184082,183656,426
24794861,7.20129,8.00001,425,270258,0.0172141,0.04,1,184089,183664,425
24797781,8.64026,8,426,270258,0.0114428,0.01,1,184098,183672,426
24800261,7.32805,8,425,270258,0.0342886,0.05,1,184105,183680,425
24803181,7.86561,7.2,426,270258,0.00685771,0.06,1,184113,183687,426
24805461,26.3731,7.84,449,270258,0.0253715,0.01,1,184144,183695,449
24807541,10.0746,26.368,424,270258,0.0290743,0.05,1,184150,183726,424
24809621,11.6149,10.0736,430,270258,0.0218149,0.05,1,184162,183732,430
24812541,9.52299,10.8147,428,270258,0.020363,0.06,1,184171,183743,428
24815461,8.3046,8.56294,428,270258,0.0280726,0.06,1,184179,183751,428
24818381,6.46092,8.11259,426,270258,0.0136145,0.05,1,184185,183759,426
24821061,9.29218,8.02252,428,270258,0.0267229,0.02,1,184195,183767,428
24823761,8.25844,9.6045,426,270258,0.0293446,0.03,1,184203,183777,426
24826681,12.0517,12.3209,426,270258,0.00586892,0.03,1,184216,183790,426
24829601,8.81034,8.86418,426,270258,0.00917378,0.05,1,184224,183798,426
24832521,8.16207,8.17284,426,270258,0.00983476,0.06,1,184232,183806,426
24834161,6.43241,8.03457,424,270258,0.017967,0.04,1,184238,183814,424
24837081,13.2865,12.0069,426,270258,0.0275934,0.01,1,184253,183827,426
24840001,9.0573,8.80138,426,270258,0.0295187,0.05,1,184261,183835,426
24842921,7.41146,8.16028,425,270258,0.00590374,0.04,1,184268,183843,425
24845841,8.68229,8.03206,426,270258,0.0171807,0.03,1,184277,183851,426
24848721,7.33646,8.00641,425,270258,0.0274361,0.03,1,184284,183859,425
24851641,8.66729,8.00128,426,270258,0.0134872,0.02,1,184293,183867,426
24854561,7.33346,8.00026,425,270258,0.0346974,0.01,1,184300,183875,425
24857481,7.86669,8.00005,425,270258,0.0309395,0.01,1,184308,183883,425
24860401,8.77334,8.00001,426,270258,0.0061879,0.05,1,184317,183891,426
24862241,6.55467,8,424,270258,0.00123758,0,1,184323,183899,424
24864321,12.5109,11.2,426,270258,0.0242475,0.04,1,184337,183911,426
24867241,11.3022,11.84,425,270258,0.0048495,0.03,1,184348,183923,425
24870161,9.46044,8.768,426,270258,0.000969901,0.05,1,184357,183931,426
24873081,8.29209,8.1536,426,270258,0.032194,0.07,1,184365,183939,426
24876001,8.05842,8.03072,426,270258,0.0544388,0.07,1,184373,183947,426
24878921,8.01168,8.00614,426,270258,0.0508878,0.07,1,184381,183955,426
24881841,8.00234,8.00123,426,270258,0.0341776,0.05,1,184389,183963,426
24884761,8.00047,8.00025,426,270258,0.0308355,0.04,1,184397,183971,426
24887681,7.20009,8.00005,425,270258,0.0461671,0.02,1,184404,183979,425
24890601,8.64002,8.00001,426,270258,0.0252334,0,1,184413,183987,426
24892401,6.528,8,424,270258,0.0130467,0.03,1,184419,183995,424
24895321,15.7056,15.2,425,270258,0.0426093,0.03,1,184437,184012,425
24898241,9.54112,9.44,425,270258,0.0325219,0.03,1,184445,184020,425
24901141,8.30822,8.288,425,270258,0.0305044,0.03,1,184453,184028,425
24903221,7.26164,8.0576,424,270258,0.0141009,0.03,1,184460,184036,424
24904881,7.85233,6.41152,426,270258,0.0268202,0.07,1,184468,184042,426
24907801,9.57047,10.0823,425,270258,0.021364,0.03,1,184478,184053,425
24910721,8.31409,8.41646,425,270258,0.0282728,0.03,1,184486,184061,425
24913641,8.86282,8.08329,426,270258,0.0216546,0.03,1,184495,184069,426
24916561,8.17256,8.01666,426,270258,0.0203309,0.06,1,184503,184077,426
24919481,7.23451,8.00333,425,270258,0.0280662,0.04,1,184510,184085,425
24922401,8.6469,8.00067,426,270258,0.0376132,0.01,1,184519,184093,426
24925321,7.32938,8.00013,425,270258,0.0475226,0.04,1,184526,184101,425
24928241,7.86588,8.00003,425,270258,0.0255045,0.03,1,184534,184109,425
24931161,8.77318,8.00001,426,270258,0.00510091,0.03,1,184543,184117,426
24934001,7.35463,8,425,270258,0.00902018,0.03,1,184550,184125,425
24936921,23.8709,24,425,270258,0.017804,0.02,1,184578,184153,425
24939621,11.1742,11.2,425,270258,0.0115608,0.01,1,184586,184161,425
24941701,9.43484,7.84,427,270258,0.00231216,0.04,1,184595,184168,427
24943361,7.48697,9.568,424,270258,0.00846243,0.03,1,184602,184178,424
24946281,11.0974,9.9136,426,270258,0.0256925,0.02,1,184614,184188,426
24948561,7.81948,8.38272,425,270258,0.0291385,0.03,1,184621,184196,425
24951481,11.1639,10.4765,426,270258,0.0058277,0,1,184633,184207,426
24954401,8.63278,8.49531,426,270258,0.0331655,0.04,1,184641,184215,426
24956881,8.12656,8.09906,426,270258,0.0306331,0.05,1,184649,184223,426
24959801,7.22531,7.21981,426,270258,0.0141266,0.04,1,184656,184230,426
24961461,7.84506,7.84396,426,270258,0.0108253,0.05,1,184664,184238,426
24964381,7.96901,7.96879,426,270258,0.00216506,0.06,1,184672,184246,426
24966661,11.1938,7.99376,430,270258,0.00843301,0.01,1,184684,184254,430
24969581,8.63876,11.9988,425,270258,0.0256866,0.05,1,184692,184267,425
24971861,8.12775,8.79975,425,270258,0.0371373,0.05,1,184700,184275,425
24974781,8.02555,8.15995,425,270258,0.0634275,0.02,1,184708,184283,425
24977701,8.00511,8.03199,425,270258,0.0686855,0.05,1,184716,184291,425
24980621,8.00102,8.0064,425,270258,0.0457371,0.04,1,184724,184299,425
24983541,8.0002,8.00128,425,270258,0.0571474,0.03,1,184732,184307,425
24986461,8.80004,8.00026,426,270258,0.0274295,0,1,184741,184315,426
24989381,8.16001,8.00005,426,270258,0.0294859,0.05,1,184749,184323,426
24992301,7.232,8.00001,425,270258,0.0138972,0.03,1,184756,184331,425
24995221,7.8464,8,425,270258,0.0107794,0.01,1,184764,184339,425
24996821,19.1693,8,439,270258,0.0261559,0.05,1,184786,184347,439
24999741,10.2339,17.6,427,270258,0.00523118,0.09,1,184794,184367,427
25002661,7.64677,9.92,426,270258,0.00104624,0.09,1,184801,184375,426
25005581,7.92935,8.384,426,270258,0.00820925,0.06,1,184809,184383,426
25008501,7.98587,8.0768,426,270258,0.0256419,0.07,1,184817,184391,426
25011421,7.19717,8.01536,425,270258,0.0131284,0.07,1,184824,184399,425
25014341,7.83943,8.00307,425,270258,0.0266257,0.03,1,184832,184407,425
25017261,9.56789,8.00061,427,270258,0.0293251,0.02,1,184842,184415,427
25019701,7.51358,8.00012,426,270258,0.00586503,0.08,1,184849,184423,426
25022621,7.10272,7.20002,426,270258,0.033173,0.08,1,184856,184430,426
25024901,7.82054,7.84,426,270258,0.0306346,0.05,1,184864,184438,426
25026981,8.76411,7.968,427,270258,0.0221269,0.03,1,184873,184446,427
25029901,8.15282,8.7936,426,270258,0.0284254,0.04,1,184881,184455,426
25031761,7.23056,8.15872,425,270258,0.0136851,0.06,1,184888,184463,425
25034681,8.64611,8.03174,426,270258,0.010737,0.03,1,184897,184471,426
25037381,12.9292,8.00635,432,270258,0.0021474,0.03,1,184911,184479,432
25040301,8.98584,13.6013,425,270258,0.0244295,0.03,1,184919,184494,425
25042581,7.39717,9.12025,424,270258,0.0128859,0.03,1,184926,184502,424
25044241,7.07943,6.62405,425,270258,0.0105772,0.05,1,184933,184508,425
25047161,10.2159,9.32481,426,270258,0.0261154,0.05,1,184944,184518,426
25050081,8.44318,8.26496,426,270258,0.0532231,0.02,1,184952,184526,426
25053001,8.08864,8.05299,426,270258,0.0426446,0.02,1,184960,184534,426
25055921,8.01773,8.0106,426,270258,0.0325289,0.01,1,184968,184542,426
25058801,8.00355,8.00212,426,270258,0.0225058,0.02,1,184976,184550,426
25061721,8.00071,8.00042,426,270258,0.0125012,0.02,1,184984,184558,426
25064641,7.20014,8.00008,425,270258,0.0105002,0.02,1,184991,184566,425
25066501,19.04,8.00002,439,270258,0.0101,0.03,1,185013,184574,439
25069421,11.008,19.2,426,270258,0.00202001,0.03,1,185022,184596,426
25072321,8.6016,10.24,426,270258,0.008404,0.05,1,185030,184604,426
25075241,11.3203,11.648,426,270258,0.0176808,0.02,1,185042,184616,426
25078161,9.46406,8.7296,427,270258,0.0115362,0.02,1,185051,184624,427
25081061,8.29281,8.14592,427,270258,0.00230723,0.05,1,185059,184632,427
25083141,10.4586,8.02918,430,270258,0.0244614,0.04,1,185070,184640,430
25084801,6.89171,10.4058,425,270258,0.0128923,0.04,1,185076,184651,425
25087721,7.77834,7.68117,426,270258,0.0105785,0.02,1,185084,184658,426
25090001,7.95567,7.93623,426,270258,0.0101157,0.03,1,185092,184666,426
25092921,10.3911,10.3872,426,270258,0.00202314,0.03,1,185103,184677,426
25095201,8.47823,8.47745,426,270258,0.00840463,0.03,1,185111,184685,426
25097281,6.49565,6.49549,426,270258,0.00968093,0.04,1,185117,184691,426
25100201,7.69913,6.0991,428,270258,0.0179362,0.04,1,185125,184697,428
25101861,5.53983,7.61982,425,270258,0.0115872,0.06,1,185130,184705,425
25103941,7.50797,5.52396,428,270258,0.0423174,0.08,1,185138,184710,428
25106861,7.10159,7.50479,427,270258,0.0164635,0.06,1,185145,184718,427
25108721,6.22032,7.90096,425,270258,0.0192927,0.06,1,185151,184726,425
25111641,8.44406,7.98019,426,270258,0.0118585,0.02,1,185160,184734,426
25113921,7.28881,7.99604,425,270258,0.0343717,0.05,1,185167,184742,425
25116841,6.25776,6.39921,425,270258,0.0228743,0.04,1,185173,184748,425
25118501,6.05155,7.67984,423,270258,0.0445749,0.03,1,185179,184756,423
25121421,6.81031,5.53597,425,270258,0.032915,0.05,1,185186,184761,425
25124341,9.36206,7.50719,427,270258,0.038583,0.02,1,185196,184769,427
25126821,16.2724,7.90144,437,270258,0.0317166,0.03,1,185214,184777,437
25128901,11.2545,17.5803,427,270258,0.00634332,0.03,1,185224,184797,427
25131821,8.6509,10.7161,426,270258,0.0172687,0.06,1,185232,184806,426
25134741,8.13018,8.54321,426,270258,0.00345373,0.04,1,185240,184814,426
25137221,8.02604,8.10864,426,270258,0.0246907,0.02,1,185248,184822,426
25138881,7.20521,7.22173,426,270258,0.0289382,0.04,1,185255,184829,426
25141801,11.841,11.0443,427,270258,0.00578763,0,1,185268,184841,427
25144721,7.96821,8.60887,426,270258,0.00915753,0.03,1,185275,184849,426
25147641,8.79364,8.12177,427,270258,0.00183151,0.03,1,185284,184857,427
25150561,8.15873,8.02435,427,270258,0.0563663,0.02,1,185292,184865,427
25153481,6.43175,8.00487,425,270258,0.0352733,0.05,1,185298,184873,425
25156401,7.68635,8.00097,425,270258,0.0230547,0.03,1,185306,184881,425
25159321,7.93727,8.00019,425,270258,0.0126109,0.03,1,185314,184889,425
25162241,7.98745,8.00004,425,270258,0.0105222,0.05,1,185322,184897,425
25164261,6.39749,8.00001,423,270258,0.0341044,0.03,1,185328,184905,423
25166341,6.8795,5.6,425,270258,0.0468209,0.04,1,185335,184910,425
25168001,6.1759,5.92,425,270258,0.0413642,0.04,1,185341,184916,425
25170921,9.23518,8.384,426,270258,0.0322728,0.01,1,185351,184925,426
25172581,7.44704,8.0768,425,270258,0.0224546,0.06,1,185358,184933,425
25175281,8.68941,7.21536,427,270258,0.0124909,0.05,1,185367,184940,427
25177361,8.93788,9.44307,426,270258,0.0184982,0.05,1,185376,184950,426
25180281,8.18758,8.28861,426,270258,0.0196996,0.06,1,185384,184958,426
25181941,7.23752,8.05772,425,270258,0.0199399,0.03,1,185391,184966,425
25184861,7.0475,7.21154,425,270258,0.019988,0.02,1,185398,184973,425
25186721,7.0095,7.84231,424,270258,0.0039976,0.01,1,185405,184981,424
25189641,6.2019,5.56846,425,270258,0.0247995,0.02,1,185411,184986,425
25192561,7.64038,7.51369,425,270258,0.0129599,0.03,1,185419,184994,425
25195041,7.92808,7.90274,425,270258,0.034592,0.03,1,185427,185002,425
25197961,20.7856,19.9805,426,270258,0.0229184,0.02,1,185451,185025,426
25200881,10.5571,10.3961,426,270258,0.0125837,0.04,1,185459,185033,426
25203801,7.71142,8.47922,425,270258,0.0105167,0.05,1,185466,185041,425
25206721,8.74229,8.09584,426,270258,0.00210335,0.04,1,185475,185049,426
25208561,6.54846,8.01917,424,270258,0.0404207,0.04,1,185481,185057,424
25211481,6.90969,5.60383,426,270258,0.0320841,0.03,1,185488,185062,426
25213141,7.78194,7.52077,426,270258,0.0384168,0.04,1,185496,185070,426
25215221,9.55639,7.90415,428,270258,0.0316834,0.02,1,185506,185078,428
25217301,9.11128,9.58083,427,270258,0.0543367,0.03,1,185515,185088,427
25220221,8.22226,9.11617,426,270258,0.0108673,0.04,1,185523,185097,426
25222501,9.64445,8.22323,428,270258,0.0181735,0.02,1,185533,185105,428
25225421,8.32889,10.4446,425,270258,0.0116347,0.03,1,185541,185116,425
25228321,9.66578,8.48893,427,270258,0.0183269,0,1,185551,185124,427
25231241,7.53316,8.09779,426,270258,0.0356654,0.05,1,185558,185132,426
25233941,9.50663,8.01956,428,270258,0.0311331,0.04,1,185568,185140,428
25236861,9.10133,10.4039,426,270258,0.0462266,0.01,1,185577,185151,426
25239761,8.22027,8.48078,426,270258,0.0412453,0.05,1,185585,185159,426
25242681,8.84405,8.09616,427,270258,0.0242491,0.04,1,185594,185167,427
25244961,7.36881,8.01923,426,270258,0.00484981,0.04,1,185601,185175,426
25247881,7.07376,6.40385,427,270258,0.00896996,0.02,1,185608,185181,427
25250581,9.41475,7.68077,429,270258,0.00179399,0.02,1,185618,185189,429
25253501,8.28295,10.3362,426,270258,0.000358798,0.05,1,185626,185200,426
25255361,6.45659,8.46723,424,270258,7.17597e-05,0.05,1,185632,185208,424
25257441,7.69132,7.29345,425,270258,0.0160144,0.01,1,185640,185215,425
25260361,18.3383,17.4587,426,270258,0.00320287,0.01,1,185661,185235,426
25263281,10.0677,9.89174,426,270258,0.0246406,0.05,1,185669,185243,426
25266201,8.41353,8.37835,426,270258,0.00492811,0.05,1,185677,185251,426
25267841,7.28271,8.07567,425,270258,0.0169856,0,1,185684,185259,425
25269921,9.45654,8.81513,426,270258,0.0113971,0.01,1,185694,185268,426
25272841,9.89131,8.16303,428,270258,0.0262794,0,1,185704,185276,428
25275761,7.57826,8.03261,427,270258,0.0292559,0.07,1,185711,185284,427
25278241,7.11565,8.00652,426,270258,0.0298512,0.02,1,185718,185292,426
25281161,11.0231,11.2013,426,270258,0.0379702,0.01,1,185730,185304,426
25284081,8.60463,8.64026,426,270258,0.031594,0.04,1,185738,185312,426
25287001,8.92093,8.12805,427,270258,0.0143188,0.04,1,185747,185320,427
25289921,8.18419,8.02561,427,270258,0.0268638,0.05,1,185755,185328,427
25292841,7.23684,8.00512,426,270258,0.0133728,0.05,1,185762,185336,426
25295761,7.84737,8.00102,426,270258,0.0106746,0.06,1,185770,185344,426
25298421,6.36947,8.0002,424,270258,0.0181349,0.06,1,185776,185352,424
25301341,7.67389,7.20004,425,270258,0.019627,0.01,1,185784,185359,425
25304261,7.93478,7.84001,425,270258,0.0279254,0.03,1,185792,185367,425
25306321,8.78696,7.968,426,270258,0.0375851,0.03,1,185801,185375,426
25308401,8.15739,7.9936,426,270258,0.047517,0.02,1,185809,185383,426
25311321,13.6315,13.5987,426,270258,0.0175034,0.03,1,185824,185398,426
25314241,9.9263,9.11974,427,270258,0.0115007,0.06,1,185833,185406,427
25317161,7.58526,8.22395,426,270258,0.00230014,0.06,1,185840,185414,426
25319841,7.11705,8.04479,425,270258,0.02446,0.02,1,185847,185422,425
25322761,7.82341,7.20896,426,270258,0.028892,0.02,1,185855,185429,426
25325681,7.16468,7.84179,425,270258,0.0377784,0.04,1,185862,185437,425
25327541,11.0329,7.96836,429,270258,0.0395557,0.01,1,185874,185445,429
25329621,14.2066,10.3937,433,270258,0.0319111,0,1,185889,185456,433
25331281,6.84132,13.2787,424,270258,0.00638223,0.05,1,185894,185470,424
25334201,8.56826,8.25575,426,270258,0.00127645,0.03,1,185903,185477,426
25337121,8.11365,8.05115,426,270258,0.000255289,0.03,1,185911,185485,426
25340041,8.02273,8.01023,426,270258,0.0160511,0.05,1,185919,185493,426
25342961,8.80455,8.00205,427,270258,0.0432102,0.05,1,185928,185501,427
25345221,6.56091,8.00041,425,270258,0.00864204,0.07,1,185934,185509,425
25347301,13.3122,8.00008,432,270258,0.0177284,0.01,1,185949,185517,432
25350221,9.06244,12.8,426,270258,0.0275457,0.04,1,185957,185531,426
25353121,8.21249,8.96,426,270258,0.0375091,0.02,1,185965,185539,426
25356041,8.0425,8.192,426,270258,0.0395018,0.05,1,185973,185547,426
25357701,7.2085,8.0384,425,270258,0.0319004,0.02,1,185980,185555,425
25359361,7.0417,7.20768,425,270258,0.0143801,0.06,1,185987,185562,425
25362281,8.60834,7.04154,427,270258,0.00287601,0.06,1,185996,185569,427
25365201,7.32167,7.80831,426,270258,0.0165752,0.04,1,186003,185577,426
25367681,7.86433,7.96166,426,270258,0.027315,0.04,1,186011,185585,426
25370601,11.1729,11.1923,426,270258,0.013463,0.01,1,186023,185597,426
25373521,8.63457,8.63847,426,270258,0.0346926,0.03,1,186031,185605,426
25376001,7.32691,8.12769,425,270258,0.0149385,0.03,1,186038,185613,425
25378921,11.8654,10.4255,427,270258,0.0349877,0.01,1,186051,185624,427
25381841,8.77308,8.48511,427,270258,0.00699754,0.06,1,186059,185632,427
25384761,6.55462,8.09702,425,270258,0.0173995,0.05,1,186065,185640,425
25387681,7.71092,8.0194,425,270258,0.0114799,0.01,1,186073,185648,425
25389941,15.9422,8.00388,435,270258,0.00229598,0.02,1,186091,185656,435
25392021,9.58844,14.4008,427,270258,0.0084592,0.03,1,186099,185672,427
25394941,8.31769,10.8802,425,270258,0.0256918,0.05,1,186107,185682,425
25397861,8.86354,8.57603,426,270258,0.0131384,0.04,1,186116,185690,426
25400341,7.37271,8.11521,425,270258,0.0106277,0.04,1,186123,185698,425
25402421,6.27454,7.22304,424,270258,0.0101255,0.05,1,186129,185705,424
25405341,8.45491,6.24461,427,270258,0.0420251,0.05,1,186138,185711,427
25407621,10.491,7.64892,430,270258,0.032405,0.05,1,186149,185719,430
25410541,7.6982,11.1298,425,270258,0.030481,0.05,1,186156,185731,425
25412821,9.53964,8.62596,427,270258,0.0380962,0.01,1,186166,185739,427
25414481,6.70793,8.92519,424,270258,0.0236192,0.05,1,186172,185748,424
25417401,12.5416,11.385,426,270258,0.0287238,0.02,1,186186,185760,426
25420321,8.90832,8.67701,426,270258,0.0297448,0.02,1,186194,185768,426
25423241,8.98166,8.1354,427,270258,0.00594895,0.02,1,186203,185776,427
25426161,8.19633,8.02708,427,270258,0.0331898,0.03,1,186211,185784,427
25429081,7.23927,8.00542,426,270258,0.030638,0.05,1,186218,185792,426
25432001,8.64785,8.00108,427,270258,0.0221276,0.07,1,186227,185800,427
25434921,7.32957,8.00022,426,270258,0.0284255,0.05,1,186234,185808,426
25437841,8.66591,8.00004,427,270258,0.0056851,0.02,1,186243,185816,427
25440761,6.53318,8.00001,425,270258,0.025137,0.05,1,186249,185824,425
25442981,6.90664,8,424,270258,0.0130274,0.04,1,186256,185832,424
25445901,7.78133,6.4,426,270258,0.0266055,0.05,1,186264,185838,426
25448821,7.95627,7.68,426,270258,0.0133211,0.05,1,186272,185846,426
25450881,8.79125,7.936,427,270258,0.0186642,0.09,1,186281,185854,427
25453801,8.15825,9.5872,425,270258,0.0117328,0.06,1,186289,185864,425
25456081,8.83165,8.31744,426,270258,0.00234657,0.05,1,186298,185872,426
25458161,10.5663,11.2635,425,270258,0.0324693,0,1,186309,185884,425
25460241,10.9133,10.2527,426,270258,0.0464939,0.01,1,186320,185894,426
25463161,12.5827,11.6505,427,270258,0.0332988,0,1,186333,185906,427
25465861,8.11653,8.73011,426,270258,0.0306598,0.06,1,186340,185914,426
25468781,6.42331,7.34602,425,270258,0.014132,0.06,1,186346,185921,425
25471701,7.68466,7.8692,425,270258,0.00282639,0.03,1,186354,185929,425
25474621,7.93693,7.97384,425,270258,0.00856528,0.03,1,186362,185937,425
25477301,13.5874,7.99477,432,270258,0.00971306,0.03,1,186377,185945,432
25479381,9.11748,11.999,427,270258,0.00994261,0.04,1,186385,185958,427
25482301,8.2235,10.3998,425,270258,0.0259885,0.05,1,186393,185968,425
25484161,7.2447,8.47996,424,270258,0.0371977,0.03,1,186400,185976,424
25487081,11.0489,9.69599,426,270258,0.0394395,0.01,1,186412,185986,426
25489781,9.40979,8.3392,427,270258,0.0398879,0.02,1,186421,185994,427
25492481,8.28196,8.86784,426,270258,0.0319776,0.05,1,186429,186003,426
25495401,12.8564,12.1736,427,270258,0.0463955,0.02,1,186443,186016,427
25498321,8.97128,8.83471,427,270258,0.0332791,0.04,1,186451,186024,427
25500801,8.19426,8.16694,427,270258,0.0226558,0.05,1,186459,186032,427
25503721,5.63885,7.23339,425,270258,0.00453116,0.04,1,186464,186039,425
25506641,8.32777,7.84668,426,270258,0.0249062,0,1,186473,186047,426
25508501,7.26555,7.96934,425,270258,0.0209812,0.04,1,186480,186055,425
25510581,7.85311,7.19387,426,270258,0.00419625,0.03,1,186488,186062,426
25513501,7.97062,8.63877,425,270258,0.00883925,0.03,1,186496,186071,425
25516421,7.99412,8.12775,425,270258,0.0177679,0.03,1,186504,186079,425
25518481,8.79883,8.02555,426,270258,0.0115536,0.01,1,186513,186087,426
25520561,7.35976,6.40511,427,270258,0.00231071,0.01,1,186520,186093,427
25523481,16.672,18.081,425,270258,0.00846214,0.01,1,186539,186114,425
25525761,9.73439,10.0162,425,270258,0.00169243,0.01,1,186547,186122,425
25528681,8.34688,6.80324,427,270258,0.000338486,0.03,1,186555,186128,427
25531601,8.06938,7.76065,427,270258,6.76971e-05,0.06,1,186563,186136,427
25534501,8.01388,7.95213,427,270258,1.35394e-05,0.08,1,186571,186144,427
25537421,7.20277,7.99043,426,270258,0.0240027,0.07,1,186578,186152,426
25539701,8.64056,7.99809,427,270258,0.0128005,0.05,1,186587,186160,427
25542621,7.32811,8.79962,425,270258,0.0185601,0.03,1,186594,186169,425
25545521,8.66562,8.15992,426,270258,0.011712,0.04,1,186603,186177,426
25548441,19.3331,19.232,426,270258,0.0183424,0.02,1,186625,186199,426
25551361,10.2666,10.2464,426,270258,0.00366848,0.06,1,186633,186207,426
25554281,8.45332,8.44928,426,270258,0.000733696,0.05,1,186641,186215,426
25556961,8.09066,8.08986,426,270258,0.000146739,0.05,1,186649,186223,426
25559881,7.21813,7.21797,426,270258,0.0320293,0.02,1,186656,186230,426
25562801,7.84363,7.84359,426,270258,0.0304059,0.04,1,186664,186238,426
25565721,8.76873,7.96872,427,270258,0.0140812,0.03,1,186673,186246,427
25568641,7.35374,7.99374,426,270258,0.0108162,0.03,1,186680,186254,426
25571561,7.87075,7.99875,426,270258,0.0421632,0.02,1,186688,186262,426
25574481,7.17415,7.99975,425,270258,0.0484327,0.03,1,186695,186270,425
25577401,7.83483,7.99995,425,270258,0.0416865,0.03,1,186703,186278,425
25580321,7.96697,7.99999,425,270258,0.0483373,0.03,1,186711,186286,425
25583241,8.79339,8,426,270258,0.0496675,0,1,186720,186294,426
25586161,8.95868,8,427,270258,0.0579335,0.03,1,186729,186302,427
25588581,8.19174,8,427,270258,0.0515867,0.06,1,186737,186310,427
25590661,12.8383,7.2,434,270258,0.0263173,0.03,1,186751,186317,434
25593361,8.96767,14.24,426,270258,0.0292635,0.02,1,186759,186333,426
25596281,14.5935,15.648,426,270258,0.00585269,0,1,186775,186349,426
25599201,9.31871,9.5296,426,270258,0.00917054,0.07,1,186783,186357,426
25602121,7.46374,8.30592,425,270258,0.0258341,0.05,1,186790,186365,425
25604801,7.89275,8.06118,425,270258,0.0291668,0.03,1,186798,186373,425
25607721,11.1785,9.61224,427,270258,0.0218334,0.01,1,186810,186383,427
25610001,7.83571,8.32245,426,270258,0.0123667,0.07,1,186817,186391,426
25612921,6.36714,6.46449,426,270258,0.0184733,0.04,1,186823,186397,426
25614581,9.27343,7.6929,428,270258,0.0436947,0.05,1,186833,186405,428
25616661,5.85469,8.73858,424,270258,0.0167389,0.04,1,186838,186414,424
25618741,9.97094,6.54772,429,270258,0.0193478,0.02,1,186849,186420,429
25620401,8.39419,10.1095,426,270258,0.0278696,0.05,1,186857,186431,426
25623321,8.87884,9.22191,426,270258,0.00557391,0.03,1,186866,186440,426
25624981,9.77577,8.24438,428,270258,0.00111478,0.04,1,186876,186448,428
25627901,8.35515,9.64888,426,270258,0.00822296,0.06,1,186884,186458,426
25630821,8.07103,8.32978,426,270258,0.00164459,0.06,1,186892,186466,426
25633741,7.21421,8.06596,425,270258,0.0403289,0.05,1,186899,186474,425
25636661,7.84284,8.01319,425,270258,0.0400658,0,1,186907,186482,425
25639581,8.76857,8.00264,426,270258,0.0160132,0.01,1,186916,186490,426
25642501,7.35371,8.00053,425,270258,0.0112026,0.05,1,186923,186498,425
25645421,7.87074,8.00011,425,270258,0.0102405,0.03,1,186931,186506,425
25648341,8.77415,8.00002,426,270258,0.00204811,0.02,1,186940,186514,426
25650981,7.35483,8,425,270258,0.00840962,0.03,1,186947,186522,425
25653061,24.671,7.2,447,270258,0.00968192,0,1,186976,186529,447
25655981,9.73419,23.84,425,270258,0.00193638,0.06,1,186982,186557,425
25658881,8.34684,11.168,425,270258,0.00838728,0.05,1,186990,186565,425
25661801,8.86937,8.6336,426,270258,0.0176775,0.05,1,186999,186573,426
25664721,7.37387,8.12672,425,270258,0.00353549,0.05,1,187006,186581,425
25667641,7.87477,8.02534,425,270258,0.0247071,0.03,1,187014,186589,425
25670561,7.97495,8.00507,425,270258,0.0129414,0.03,1,187022,186597,425
25673481,8.79499,8.00101,426,270258,0.0185883,0.01,1,187031,186605,426
25676401,8.159,8.0002,426,270258,0.0277177,0.04,1,187039,186613,426
25678021,13.6318,8.00004,433,270258,0.00554353,0.03,1,187054,186621,433
25680101,13.1264,14.4,430,270258,0.0331087,0.03,1,187067,186637,430
25683021,8.22527,11.68,426,270258,0.0146217,0.04,1,187074,186648,426
25685941,8.04505,8.736,426,270258,0.00292435,0.03,1,187082,186656,426
25688861,8.00901,8.1472,426,270258,0.00858487,0.04,1,187090,186664,426
25691541,8.0018,8.02944,426,270258,0.00971697,0.02,1,187098,186672,426
25694461,8.80036,7.20589,428,270258,0.0259434,0.06,1,187107,186679,428
25697381,7.36007,7.84118,427,270258,0.0131887,0.05,1,187114,186687,427
25700301,8.67201,7.96824,428,270258,0.0506377,0.04,1,187123,186695,428
25703221,7.3344,7.99365,427,270258,0.0341275,0.05,1,187130,186703,427
25706141,8.66688,7.99873,428,270258,0.0308255,0.06,1,187139,186711,428
25709061,8.13338,7.99975,428,270258,0.0141651,0.08,1,187147,186719,428
25711981,7.22668,7.99995,427,270258,0.010833,0.09,1,187154,186727,427
25714901,7.04533,7.99999,426,270258,0.0101666,0.03,1,187161,186735,426
25717821,7.80907,8,426,270258,0.0100333,0.04,1,187169,186743,426
25720661,7.16181,8,425,270258,0.0260067,0.05,1,187176,186751,425
25722741,10.2324,8,428,270258,0.0292013,0,1,187187,186759,428
25724401,7.64647,10.4,424,270258,0.0298403,0.05,1,187194,186770,424
25726481,8.72929,7.68,426,270258,0.0379681,0,1,187203,186777,426
25729401,9.74586,8.736,427,270258,0.0155936,0.01,1,187213,186786,427
25731061,7.54917,8.1472,426,270258,0.0271187,0.05,1,187220,186794,426
25732721,6.30983,7.22944,425,270258,0.0134237,0.02,1,187226,186801,425
25735641,9.26197,8.64589,426,270258,0.0186847,0.03,1,187236,186810,426
25737301,9.05239,8.12918,427,270258,0.027737,0.02,1,187245,186818,427
25740221,8.21048,8.02584,427,270258,0.0455474,0.02,1,187253,186826,427
25743121,6.4421,8.00517,425,270258,0.0491095,0.04,1,187259,186834,425
25746041,11.6884,11.201,426,270258,0.0258219,0.01,1,187272,186846,426
25748741,9.53768,8.64021,427,270258,0.0371644,0.03,1,187281,186854,427
25751441,7.50754,8.92804,425,270258,0.0154329,0.05,1,187288,186863,425
25753521,7.90151,7.38561,426,270258,0.0110866,0.06,1,187296,186870,426
25756441,11.9803,11.0771,427,270258,0.0262173,0.04,1,187309,186882,427
25758721,8.79606,8.61542,427,270258,0.0292435,0.05,1,187317,186890,427
25761641,8.15921,8.92309,426,270258,0.0458487,0.04,1,187325,186899,426
25763921,7.23184,8.18462,425,270258,0.0171697,0.01,1,187332,186907,425
25766841,8.64637,8.83692,425,270258,0.0274339,0.03,1,187341,186916,425
25769761,8.12927,8.16738,425,270258,0.0454868,0.02,1,187349,186924,425
25772681,8.02585,8.03348,425,270258,0.0330974,0.02,1,187357,186932,425
25775601,8.00517,8.0067,425,270258,0.0226195,0.01,1,187365,186940,425
25777861,6.40103,8.00134,423,270258,0.0365239,0.03,1,187371,186948,423
25780781,8.48021,6.40027,426,270258,0.00730478,0.01,1,187380,186954,426
25783061,28.896,7.68005,452,270258,0.017461,0.02,1,187414,186962,452
25785981,12.9792,28.736,427,270258,0.00349219,0.04,1,187423,186996,427
25788901,8.99584,12.1472,427,270258,0.00869844,0.08,1,187431,187004,427
25791821,8.19917,8.82944,427,270258,0.00973969,0.06,1,187439,187012,427
25794741,6.43983,8.16589,425,270258,0.00994794,0.05,1,187445,187020,425
25797661,7.68797,8.03318,425,270258,0.00998959,0.03,1,187453,187028,425
25800581,9.53759,8.00664,427,270258,0.00999792,0.02,1,187463,187036,427
25803501,9.10752,8.00133,428,270258,0.00999958,0.05,1,187472,187044,428
25806421,6.6215,8.00027,426,270258,0.00999992,0.06,1,187478,187052,426
25808641,6.9243,8.00005,425,270258,0.026,0.03,1,187485,187060,425
25811561,18.1849,17.6,426,270258,0.0292,0.01,1,187506,187080,426
25814481,10.037,9.92,426,270258,0.02184,0.02,1,187514,187088,426
25817401,9.20739,8.384,427,270258,0.004368,0.04,1,187523,187096,427
25819041,6.64148,8.0768,425,270258,0.0488736,0.05,1,187529,187104,425
25821961,7.7283,7.21536,426,270258,0.0417747,0.04,1,187537,187111,426
25824881,7.94566,7.84307,426,270258,0.0323549,0.06,1,187545,187119,426
25827801,7.98913,7.96861,426,270258,0.014471,0.03,1,187553,187127,426
25830721,7.19783,7.99372,425,270258,0.0108942,0.03,1,187560,187135,425
25833641,7.83957,7.99874,425,270258,0.0421788,0.05,1,187568,187143,425
25836561,7.96791,7.99975,425,270258,0.0484358,0.03,1,187576,187151,425
25839481,9.59358,7.99995,427,270258,0.0496872,0.03,1,187586,187159,427
25842401,8.31872,7.99999,427,270258,0.0419374,0.04,1,187594,187167,427
25845321,7.26374,8,426,270258,0.0243875,0.04,1,187601,187175,426
25848241,7.85275,8,426,270258,0.0288775,0.04,1,187609,187183,426
25851161,7.97055,8,426,270258,0.0617755,0.05,1,187617,187191,426
25854081,8.79411,8,427,270258,0.0443551,0.05,1,187626,187199,427
25857001,7.35882,8,426,270258,0.064871,0.05,1,187633,187207,426
25858981,5.47176,8,423,270258,0.0529742,0.05,1,187638,187215,423
25861681,7.49435,5.6,426,270258,0.0345948,0.02,1,187646,187220,426
25863761,14.2989,13.92,426,270258,0.038919,0.02,1,187662,187236,426
25865841,8.45977,7.584,427,270258,0.0477838,0.02,1,187669,187242,427
25867921,5.69195,6.3168,426,270258,0.0335568,0.06,1,187674,187248,426
25870841,9.93839,9.26336,427,270258,0.0307114,0.03,1,187685,187258,427
25873761,8.38768,8.25267,427,270258,0.0141423,0.04,1,187693,187266,427
25875621,7.27754,8.05053,426,270258,0.0108285,0.03,1,187700,187274,426
25877701,5.45551,8.01011,423,270258,0.0101657,0.04,1,187705,187282,423
25879361,7.4911,6.40202,425,270258,0.0340331,0.03,1,187713,187288,425
25882281,10.2982,9.2804,426,270258,0.0148066,0.02,1,187724,187298,426
25884561,8.45964,8.25608,426,270258,0.0429613,0.02,1,187732,187306,426
25886641,8.89193,8.05122,427,270258,0.0405923,0.05,1,187741,187314,427
25889561,12.1784,12.0102,427,270258,0.0161185,0,1,187754,187327,427
25892481,8.83568,8.80205,427,270258,0.0112237,0.07,1,187762,187335,427
25894961,8.16714,8.16041,427,270258,0.0182447,0.07,1,187770,187343,427
25897041,6.43343,7.23208,426,270258,0.0276489,0.03,1,187776,187350,426
25899961,8.48669,8.64642,426,270258,0.0215298,0.02,1,187785,187359,426
25902881,7.29734,8.12928,425,270258,0.012306,0.03,1,187792,187367,425
25905801,8.65947,8.02586,426,270258,0.0104612,0.01,1,187801,187375,426
25908721,8.13189,8.00517,426,270258,0.0100922,0.02,1,187809,187383,426
25911601,7.22638,8.00103,425,270258,0.0100184,0.01,1,187816,187391,425
25914521,30.2453,30.4002,425,270258,0.00200369,0.03,1,187852,187427,425
25917441,13.2491,12.48,426,270258,0.00840074,0.01,1,187861,187435,426
25919921,8.24981,8.89601,425,270258,0.00168015,0.03,1,187868,187443,425
25922841,8.84996,8.9792,425,270258,0.000336029,0.03,1,187877,187452,425
25925761,8.96999,8.19584,426,270258,0.0320672,0,1,187886,187460,426
25928681,8.994,8.03917,427,270258,0.0464134,0.01,1,187895,187468,427
25931601,8.1988,8.00783,427,270258,0.0252827,0.04,1,187903,187476,427
25934521,8.03976,8.00157,427,270258,0.0130565,0.03,1,187911,187484,427
25937441,7.20795,8.00031,426,270258,0.0266113,0.02,1,187918,187492,426
25939681,7.84159,8.00006,426,270258,0.0293223,0.02,1,187926,187500,426
25941761,12.7683,12.8,426,270258,0.0138645,0.01,1,187940,187514,426
25944681,8.15366,7.36,427,270258,0.0107729,0.06,1,187947,187520,427
25947601,6.43073,7.872,425,270258,0.00215458,0.07,1,187953,187528,425
25950521,7.68615,7.9744,425,270258,0.0164309,0.03,1,187961,187536,425
25952161,7.13723,7.99488,424,270258,0.0272862,0.01,1,187968,187544,424
25955081,11.0274,8.79898,427,270258,0.0134572,0.03,1,187980,187553,427
25958001,7.80549,8.1598,426,270258,0.00269145,0.05,1,187987,187561,426
25960921,7.1611,8.03196,425,270258,0.00853829,0.05,1,187994,187569,425
25963841,8.63222,8.00639,426,270258,0.0177077,0.05,1,188003,187577,426
25966721,8.12644,8.00128,426,270258,0.0275415,0.06,1,188011,187585,426
25969641,7.22529,8.00026,425,270258,0.0215083,0.02,1,188018,187593,425
25972561,8.64506,8.00005,426,270258,0.0123017,0.03,1,188027,187601,426
25975481,8.12901,8.00001,426,270258,0.0104603,0.07,1,188035,187609,426
25978401,8.8258,8,427,270258,0.0100921,0.06,1,188044,187617,427
25981281,8.16516,8,427,270258,0.0260184,0.05,1,188052,187625,427
25984201,12.033,12,427,270258,0.0292037,0.04,1,188065,187638,427
25987121,8.00661,8.8,426,270258,0.0458407,0.04,1,188072,187646,426
25990041,8.80132,8.16,427,270258,0.0251681,0.04,1,188081,187654,427
25992961,8.16026,8.032,427,270258,0.0370336,0.06,1,188089,187662,427
25995881,7.23205,8.0064,426,270258,0.0154067,0.06,1,188096,187670,426
25998341,13.4464,8.00128,433,270258,0.0110813,0.03,1,188111,187678,433
26001041,9.08928,14.4003,425,270258,0.00221627,0.05,1,188119,187694,425
26003961,8.21786,8.48005,426,270258,0.0244433,0.01,1,188127,187701,426
26006881,7.24357,8.09601,425,270258,0.0288887,0.06,1,188134,187709,425
26009801,9.44871,8.0192,427,270258,0.00577773,0.03,1,188144,187717,427
26011861,8.28974,8.00384,427,270258,0.00915555,0.04,1,188152,187725,427
26013941,11.2579,8.00077,431,270258,0.0658311,0.04,1,188164,187733,431
26016861,8.65159,12.8002,425,270258,0.0531662,0.05,1,188172,187747,425
26019761,8.93032,8.96003,426,270258,0.0266332,0.02,1,188181,187755,426
26022681,8.18606,8.19201,426,270258,0.0133266,0.04,1,188189,187763,426
26025601,8.03721,8.0384,426,270258,0.0186653,0.06,1,188197,187771,426
26027461,9.60744,8.00768,428,270258,0.00373307,0.05,1,188207,187779,428
26029541,9.92149,9.60154,428,270258,0.0247466,0.03,1,188217,187789,428
26032461,8.3843,10.7203,425,270258,0.0289493,0.01,1,188225,187800,425
26035381,8.07686,8.54406,425,270258,0.0217899,0.02,1,188233,187808,425
26038301,8.01537,8.10881,425,270258,0.028358,0,1,188241,187816,425
26040981,9.60307,8.02176,427,270258,0.0136716,0.02,1,188251,187824,427
26042641,6.72061,8.80435,424,270258,0.00273432,0.02,1,188257,187833,424
26045561,30.1441,28.9609,426,270258,0.000546864,0.04,1,188293,187867,426
26048481,13.2288,12.1922,427,270258,0.0241094,0.06,1,188302,187875,427
26051401,8.24576,8.83843,426,270258,0.00482187,0.05,1,188309,187883,426
26053041,7.24915,8.16769,425,270258,0.00896437,0.06,1,188316,187891,425
26055961,7.04983,6.43354,426,270258,0.00979288,0.04,1,188323,187897,426
26058881,7.80997,7.68671,426,270258,0.0259586,0.03,1,188331,187905,426
26061801,7.16199,7.93734,425,270258,0.0211917,0.06,1,188338,187913,425
26064721,7.8324,7.98747,425,270258,0.0282383,0.04,1,188346,187921,425
26067641,8.76648,7.99749,426,270258,0.0296477,0.03,1,188355,187929,426
26070561,7.3533,7.9995,425,270258,0.0299295,0.05,1,188362,187937,425
26073481,8.67066,7.9999,426,270258,0.00598591,0.01,1,188371,187945,426
26076341,8.13413,7.99998,426,270258,0.00919718,0.06,1,188379,187953,426
26079261,7.22683,8,425,270258,0.00983944,0.06,1,188386,187961,425
26082181,7.84537,8,425,270258,0.00996789,0.01,1,188394,187969,425
26084661,13.5691,8,432,270258,0.0179936,0.01,1,188409,187977,432
26087581,9.11381,12.8,426,270258,0.00359872,0.04,1,188417,187991,426
26090501,9.02276,8.96,427,270258,0.0167197,0.03,1,188426,187999,427
26092981,9.80455,8.192,429,270258,0.0113439,0.02,1,188436,188007,429
26095901,8.36091,10.4384,426,270258,0.0262688,0.04,1,188444,188018,426
26098821,8.07218,8.48768,426,270258,0.0532538,0.04,1,188452,188026,426
26101301,7.21444,8.09754,425,270258,0.0186508,0.03,1,188459,188034,425
26104221,7.84289,7.21951,426,270258,0.0117302,0.06,1,188467,188041,426
26107141,7.96858,7.8439,426,270258,0.026346,0.06,1,188475,188049,426
26110061,8.79372,7.96878,427,270258,0.0132692,0.05,1,188484,188057,427
26112321,8.15874,7.99376,427,270258,0.0266538,0.05,1,188492,188065,427
26114401,6.43175,7.19875,426,270258,0.0213308,0.04,1,188498,188072,426
26117321,11.6864,12.6397,425,270258,0.0202662,0.02,1,188511,188086,425
26120241,8.73727,8.92795,425,270258,0.0200532,0.03,1,188519,188094,425
26123161,8.14745,8.18559,425,270258,0.0120106,0.03,1,188527,188102,425
26126081,8.82949,8.03712,426,270258,0.0344021,0.01,1,188536,188110,426
26128961,7.3659,8.00742,425,270258,0.0148804,0.06,1,188543,188118,425
26131881,8.67318,8.00148,426,270258,0.0509761,0.05,1,188552,188126,426
26133541,8.93464,8.0003,427,270258,0.0341952,0.02,1,188561,188134,427
26136461,9.78693,8.00006,429,270258,0.00683904,0.04,1,188571,188142,429
26139381,9.15739,8.00001,430,270258,0.0173678,0.09,1,188580,188150,430
26142301,6.63148,8,428,270258,0.00347356,0.12,1,188586,188158,428
26143941,7.7263,8,428,270258,0.00869471,0.07,1,188594,188166,428
26146021,4.74526,8.8,423,270258,0.00973894,0.06,1,188598,188175,423
26148941,7.34905,6.56,425,270258,0.0339478,0.02,1,188606,188181,425
26151861,7.86981,7.712,425,270258,0.0307896,0.02,1,188614,188189,425
26154341,7.97396,7.9424,425,270258,0.0141579,0.03,1,188622,188197,425
26156001,7.19479,7.18848,425,270258,0.0268316,0.06,1,188629,188204,425
26158081,7.83896,7.0377,426,270258,0.0213663,0.03,1,188637,188211,426
26160161,11.1678,11.0075,426,270258,0.0282733,0.06,1,188649,188223,426
26163081,11.0336,11.8015,425,270258,0.0136547,0.02,1,188660,188235,425
26166001,8.60671,8.7603,425,270258,0.0107309,0.04,1,188668,188243,425
26168481,8.12134,8.15206,425,270258,0.0181462,0.05,1,188676,188251,425
26171401,11.2243,10.4304,426,270258,0.0116292,0.03,1,188688,188262,426
26173681,7.84485,8.48608,425,270258,0.0343258,0,1,188695,188270,425
26176601,33.569,32.8972,426,270258,0.0308652,0,1,188735,188309,426
26179521,13.9138,12.9794,427,270258,0.038173,0.02,1,188744,188317,427
26182441,9.18276,8.99589,427,270258,0.0476346,0.03,1,188752,188325,427
26185361,8.23655,8.19918,427,270258,0.0415269,0.02,1,188760,188333,427
26188281,8.04731,8.03984,427,270258,0.0323054,0.04,1,188768,188341,427
26191201,7.20946,8.00797,426,270258,0.0304611,0.04,1,188775,188349,426
26194121,7.84189,8.00159,426,270258,0.0300922,0.04,1,188783,188357,426
26197041,7.96838,8.00032,426,270258,0.0300184,0.06,1,188791,188365,426
26199961,7.99368,8.00006,426,270258,0.0140037,0.03,1,188799,188373,426
26202881,7.99874,8.00001,426,270258,0.0268007,0.03,1,188807,188381,426
26205801,8.79975,8,427,270258,0.00536015,0.03,1,188816,188389,427
26208721,7.35995,8,426,270258,0.017072,0.03,1,188823,188397,426
26211641,7.07199,8,425,270258,0.0514144,0.01,1,188830,188405,425
26214561,7.8144,8,425,270258,0.0262829,0.01,1,188838,188413,425
26216741,7.16288,8,424,270258,0.0132566,0.03,1,188845,188421,424
26219661,7.83258,6.4,426,270258,0.0266513,0.03,1,188853,188427,426
26221521,8.76652,7.68,427,270258,0.0373303,0.03,1,188862,188435,427
26223601,8.1533,8.736,426,270258,0.00746605,0.06,1,188870,188444,426
26226521,8.83066,9.7472,425,270258,0.00949321,0.04,1,188879,188454,425
26229441,9.76613,8.34944,427,270258,0.0258986,0.03,1,188889,188462,427
26232361,7.55323,8.06989,426,270258,0.0451797,0.05,1,188896,188470,426
26235281,8.71065,8.01398,427,270258,0.0330359,0.02,1,188905,188478,427
26238201,7.34213,8.0028,426,270258,0.0466072,0.03,1,188912,188486,426
26241121,8.66843,8.00056,427,270258,0.00932144,0.01,1,188921,188494,427
26244041,8.13369,8.00011,427,270258,0.00986429,0.03,1,188929,188502,427
26246901,8.02674,8.00002,427,270258,0.0259729,0.03,1,188937,188510,427
26248981,11.2053,8,431,270258,0.0371946,0.05,1,188949,188518,431
26250641,7.84107,12,425,270258,0.0154389,0.03,1,188956,188531,425
26253561,6.36821,6.4,426,270258,0.00308778,0.05,1,188962,188536,426
26256481,7.67364,7.68,426,270258,0.0326176,0.06,1,188970,188544,426
26259401,7.13473,7.936,425,270258,0.00652351,0.06,1,188977,188552,425
26261461,9.42695,7.9872,427,270258,0.0253047,0.04,1,188987,188560,427
26264161,7.48539,8.79744,425,270258,0.0370609,0.02,1,188994,188569,425
26267081,8.69708,8.95949,425,270258,0.0154122,0.01,1,189003,188578,425
26268741,8.93942,8.1919,426,270258,0.0270824,0.04,1,189012,188586,426
26271661,8.18788,8.03838,426,270258,0.00541649,0.06,1,189020,188594,426
26274581,7.23758,8.00768,425,270258,0.0330833,0.06,1,189027,188602,425
26276641,7.84752,8.00154,425,270258,0.0466167,0.03,1,189035,188610,425
26279561,8.7695,8.00031,426,270258,0.0253233,0.03,1,189044,188618,426
26282481,8.1539,8.00006,426,270258,0.0130647,0.04,1,189052,188626,426
26285401,8.03078,8.00001,426,270258,0.0106129,0.04,1,189060,188634,426
26288321,7.20616,8,425,270258,0.0101226,0.05,1,189067,188642,425
26290581,14.2412,8,433,270258,0.0420245,0.01,1,189083,188650,433
26292661,9.24825,12.8,427,270258,0.0484049,0.03,1,189091,188664,427
26294741,14.6496,8.96,435,270258,0.049681,0.03,1,189107,188672,435
26297661,9.32993,14.592,427,270258,0.0499362,0.03,1,189115,188688,427
26300581,8.26599,9.3184,427,270258,0.0499872,0.04,1,189123,188696,427
26303061,5.6532,8.26368,424,270258,0.0259974,0.04,1,189128,188704,424
26304721,6.73064,7.25274,424,270258,0.0131995,0.06,1,189135,188711,424
26306801,26.9461,24.6505,427,270258,0.0106399,0.05,1,189167,188740,427
26309721,12.5892,13.7301,425,270258,0.010128,0.05,1,189176,188751,425
26312641,8.91785,9.14602,425,270258,0.0260256,0.04,1,189184,188759,425
26315561,8.18357,8.2292,425,270258,0.0452051,0.03,1,189192,188767,425
26318481,8.03671,8.04584,425,270258,0.041041,0.03,1,189200,188775,425
26321361,8.00734,8.00917,425,270258,0.0402082,0.03,1,189208,188783,425
26324281,8.00147,8.00183,425,270258,0.0400416,0.01,1,189216,188791,425
26327201,8.00029,8.00037,425,270258,0.0480083,0.03,1,189224,188799,425
26330121,9.60006,8.00007,427,270258,0.0336017,0.01,1,189234,188807,427
26332181,8.32001,8.00001,427,270258,0.0227203,0.02,1,189242,188815,427
26335101,6.464,8,425,270258,0.0365441,0.03,1,189248,188823,425
26338021,7.6928,8,425,270258,0.0553088,0,1,189256,188831,425
26340501,7.93856,8,425,270258,0.0430618,0.01,1,189264,188839,425
26343421,7.98771,7.2,426,270258,0.0326124,0.04,1,189272,188846,426
26346341,7.19754,7.84,425,270258,0.00652247,0.04,1,189279,188854,425
26349261,8.63951,7.968,426,270258,0.0413045,0,1,189288,188862,426
26352181,8.1279,7.9936,426,270258,0.0322609,0.04,1,189296,188870,426
26354641,8.02558,7.99872,426,270258,0.0304522,0.04,1,189304,188878,426
26356721,8.00512,7.19974,427,270258,0.0140904,0.05,1,189312,188885,427
26359641,9.60102,10.2399,426,270258,0.00281809,0.04,1,189322,188896,426
26362561,7.5202,8.44799,425,270258,0.0405636,0.05,1,189329,188904,425
26365481,8.70404,8.0896,426,270258,0.0481127,0.01,1,189338,188912,426
26367541,6.54081,8.01792,424,270258,0.0336225,0.05,1,189344,188920,424
26370461,7.70816,6.40358,426,270258,0.0307245,0.05,1,189352,188926,426
26372741,7.14163,7.68072,425,270258,0.0141449,0.06,1,189359,188934,425
26374401,6.22833,7.13614,424,270258,0.026829,0.05,1,189365,188941,424
26377321,8.44567,7.02723,426,270258,0.0293658,0.05,1,189374,188948,426
26378981,7.28913,7.80545,425,270258,0.0138732,0.05,1,189381,188956,425
26381681,7.05783,7.16109,425,270258,0.0267746,0.04,1,189388,188963,425
26384601,11.0116,9.43222,427,270258,0.0133549,0.02,1,189400,188973,427
26387521,7.80231,8.28644,426,270258,0.018671,0.04,1,189407,188981,426
26390441,7.96046,8.05729,426,270258,0.0197342,0.06,1,189415,188989,426
26393361,7.99209,8.01146,426,270258,0.0439468,0.05,1,189423,188997,426
26395201,6.39842,8.00229,424,270258,0.00878937,0.03,1,189429,189005,424
26398121,8.47968,7.20046,426,270258,0.00975787,0.03,1,189438,189012,426
26400821,7.29594,7.84009,425,270258,0.00995157,0.07,1,189445,189020,425
26403741,8.65919,7.16802,427,270258,0.00999031,0.06,1,189454,189027,427
26405601,5.73184,7.8336,424,270258,0.00999806,0.06,1,189459,189035,424
26407681,8.34637,7.16672,426,270258,0.0179996,0.01,1,189468,189042,426
26409761,8.06927,8.63334,425,270258,0.0355999,0.01,1,189476,189051,425
26412681,9.61385,8.92667,426,270258,0.03112,0.01,1,189486,189060,426
26415601,9.12277,8.18533,427,270258,0.054224,0.04,1,189495,189068,427
26418521,8.22455,8.03707,427,270258,0.0348448,0.05,1,189503,189076,427
26420581,12.8449,8.00741,433,270258,0.030969,0.03,1,189517,189084,433
26423281,8.96898,13.6015,426,270258,0.0141938,0.05,1,189525,189099,426
26425361,12.9938,13.1203,427,270258,0.0508388,0.03,1,189539,189112,427
26428281,7.39876,9.02406,425,270258,0.0421678,0.02,1,189545,189120,425
26431201,8.67975,8.20481,426,270258,0.00843355,0.01,1,189554,189128,426
26433681,7.33595,8.04096,425,270258,0.00968671,0.05,1,189561,189136,425
26435761,7.06719,7.20819,425,270258,0.00993734,0.01,1,189568,189143,425
26437841,26.2134,25.4416,426,270258,0.00198747,0.03,1,189599,189173,426
26439921,10.8427,9.88833,427,270258,0.0243975,0.07,1,189606,189179,427
26442841,10.1685,11.5777,425,270258,0.0128795,0.07,1,189616,189191,425
26444501,10.8337,8.71553,428,270258,0.0265759,0.04,1,189627,189199,428
26447421,9.36674,9.74311,427,270258,0.00531518,0.02,1,189636,189209,427
26450341,8.27335,8.34862,427,270258,0.00906304,0.04,1,189644,189217,427
26453261,8.05467,8.06972,427,270258,0.0178126,0.04,1,189652,189225,427
26456181,7.21093,8.01394,426,270258,0.0275625,0.03,1,189659,189233,426
26459101,8.64219,8.00279,427,270258,0.0455125,0.01,1,189668,189241,427
26462021,8.12844,8.00056,427,270258,0.0251025,0.05,1,189676,189249,427
26464941,7.22569,8.00011,426,270258,0.0210205,0.05,1,189683,189257,426
26467861,7.84514,8.00002,426,270258,0.0042041,0.02,1,189691,189265,426
26470781,8.76903,8,427,270258,0.0248408,0.02,1,189700,189273,427
26473701,7.35381,8,426,270258,0.0129682,0.03,1,189707,189281,426
26476621,7.87076,8,426,270258,0.00259363,0.04,1,189715,189289,426
26478821,8.77415,8,427,270258,0.0405187,0.03,1,189724,189297,427
26481741,7.35483,8.8,425,270258,0.00810375,0.02,1,189731,189306,425
26484661,9.47097,8.16,427,270258,0.0256207,0,1,189741,189314,427
26487581,8.29419,8.032,427,270258,0.0211242,0.06,1,189749,189322,427
26490501,8.05884,8.0064,427,270258,0.00422483,0.05,1,189757,189330,427
26492961,7.21177,8.00128,426,270258,0.024845,0.05,1,189764,189338,426
26495881,11.0424,11.2003,426,270258,0.020969,0.03,1,189776,189350,426
26498801,8.60847,8.64005,426,270258,0.0121938,0.04,1,189784,189358,426
26501721,7.32169,8.12801,425,270258,0.0344388,0.05,1,189791,189366,425
26504641,7.86434,8.0256,425,270258,0.0388878,0.05,1,189799,189374,425
26507521,7.97287,8.00512,425,270258,0.0237776,0.04,1,189807,189382,425
26510441,11.1946,10.401,426,270258,0.0207555,0.03,1,189819,189393,426
26512721,8.63891,8.4802,426,270258,0.0681511,0.06,1,189827,189401,426
26514801,7.32778,6.49604,427,270258,0.0936302,0.06,1,189834,189407,427
26517721,11.0656,12.4992,425,270258,0.082726,0.01,1,189846,189421,425
26520641,8.61311,8.89984,425,270258,0.0405452,0.03,1,189854,189429,425
26523561,8.92262,8.17997,426,270258,0.040109,0.01,1,189863,189437,426
26526481,8.18452,8.03599,426,270258,0.0160218,0.04,1,189871,189445,426
26529401,8.0369,8.0072,426,270258,0.0112044,0.02,1,189879,189453,426
26531441,8.00738,8.00144,426,270258,0.0102409,0.04,1,189887,189461,426
26534361,6.40148,6.40029,426,270258,0.0340482,0.06,1,189893,189467,426
26537281,7.6803,7.68006,426,270258,0.0468096,0.04,1,189901,189475,426
26540201,7.93606,7.93601,426,270258,0.0573619,0.06,1,189909,189483,426
26542881,7.18721,7.9872,425,270258,0.0674724,0.05,1,189916,189491,425
26545801,11.0374,10.3974,426,270258,0.0374945,0.02,1,189928,189502,426
26547461,6.20749,8.47949,423,270258,0.0234989,0.05,1,189933,189510,423
26549121,6.8415,5.6959,425,270258,0.0286998,0.05,1,189940,189515,425
26551201,6.1683,5.13918,426,270258,0.02174,0.04,1,189946,189520,426
26554121,7.63366,5.82784,428,270258,0.044348,0.05,1,189954,189526,428
26555781,8.72673,7.56557,429,270258,0.0328696,0.05,1,189963,189534,429
26557861,12.1453,11.1131,430,270258,0.0145739,0,1,189976,189546,430
26559941,6.42907,11.8226,423,270258,0.0109148,0.03,1,189981,189558,423
26562861,7.68581,7.16452,425,270258,0.00218296,0.02,1,189989,189564,425
26565781,7.93716,7.8329,425,270258,0.00843659,0.05,1,189997,189572,425
26568261,24.7874,7.96658,446,270258,0.00168732,0.01,1,190026,189580,446
26570341,14.5575,23.9933,430,270258,0.0163375,0.01,1,190038,189608,430
26572421,14.9115,14.3987,433,270258,0.00326749,0.04,1,190053,189620,433
26575121,8.5823,14.0797,426,270258,0.0326535,0.01,1,190060,189634,426
26578041,9.71646,10.8159,426,270258,0.0545307,0.02,1,190070,189644,426
26580961,8.34329,8.56319,426,270258,0.0669061,0.03,1,190078,189652,426
26583441,8.06866,8.11264,426,270258,0.0453812,0.05,1,190086,189660,426
26586361,8.81373,8.82253,426,270258,0.00907625,0.05,1,190095,189669,426
26589281,8.16275,8.16451,426,270258,0.00181525,0.05,1,190103,189677,426
26592201,8.03255,8.0329,426,270258,0.00836305,0.06,1,190111,189685,426
26595121,8.00651,8.00658,426,270258,0.0256726,0.06,1,190119,189693,426
26598041,8.8013,8.00132,427,270258,0.0211345,0.05,1,190128,189701,427
26600961,8.16026,8.00026,427,270258,0.0282269,0.05,1,190136,189709,427
26603881,8.03205,8.00005,427,270258,0.0296454,0.04,1,190144,189717,427
26606801,7.20641,8.00001,426,270258,0.0459291,0.04,1,190151,189725,426
26609721,7.84128,8,426,270258,0.0411858,0.03,1,190159,189733,426
26612561,7.16826,8,425,270258,0.0322372,0.04,1,190166,189741,425
26615481,8.63365,8,426,270258,0.0304474,0.01,1,190175,189749,426
26617141,10.5267,8,429,270258,0.0140895,0.05,1,190186,189757,429
26620061,7.70535,9.6,426,270258,0.0188179,0.03,1,190193,189767,426
26622981,7.94107,8.32,426,270258,0.0197636,0.04,1,190201,189775,426
26625901,7.98821,8.064,426,270258,0.00395272,0.06,1,190209,189783,426
26628821,7.99764,8.0128,426,270258,0.00879054,0.06,1,190217,189791,426
26631741,8.79953,8.00256,427,270258,0.00975811,0.04,1,190226,189799,427
26634661,8.15991,8.00051,427,270258,0.00195162,0.05,1,190234,189807,427
26637581,9.63198,8.0001,429,270258,0.0243903,0.05,1,190244,189815,429
26640021,5.9264,8.00002,426,270258,0.0288781,0.09,1,190249,189823,426
26642101,7.58528,7.2,427,270258,0.0297756,0.06,1,190257,189830,427
26643761,5.51706,6.24,426,270258,0.0139551,0.1,1,190262,189836,426
26645841,4.30341,5.248,425,270258,0.010791,0.05,1,190266,189841,425
26647921,10.4607,9.8496,426,270258,0.0261582,0.03,1,190278,189852,426
26650841,6.89214,6.76992,426,270258,0.00523164,0.03,1,190284,189858,426
26653761,7.77843,7.75398,426,270258,0.0170463,0.04,1,190292,189866,426
26655621,10.3557,7.9508,429,270258,0.0274093,0.02,1,190303,189874,429
26658541,9.27114,10.3902,427,270258,0.0294819,0.04,1,190312,189885,427
26661461,8.25423,8.47803,427,270258,0.0298964,0.05,1,190320,189893,427
26664381,8.85085,8.09561,428,270258,0.0219793,0.07,1,190329,189901,428
26666021,4.97017,8.01912,424,270258,0.0123959,0.08,1,190333,189909,424
26668941,8.99403,7.20382,427,270258,0.0104792,0,1,190343,189916,427
26671861,8.19881,7.84076,427,270258,0.0260958,0.03,1,190351,189924,427
26673921,7.23976,7.96815,426,270258,0.0292192,0.07,1,190358,189932,426
26676841,7.04795,6.39363,427,270258,0.00584383,0.05,1,190365,189938,427
26679761,6.20959,7.67873,425,270258,0.00116877,0.06,1,190371,189946,425
26682681,8.44192,7.93575,426,270258,0.0402338,0.04,1,190380,189954,426
26685601,8.08838,7.98715,426,270258,0.0480468,0.06,1,190388,189962,426
26687861,12.8177,7.99743,432,270258,0.0416094,0.01,1,190402,189970,432
26690561,8.16354,12.7995,425,270258,0.0323219,0.04,1,190409,189984,425
26693481,7.23271,8.1599,425,270258,0.0144644,0,1,190416,189991,425
26696401,8.64654,8.03198,426,270258,0.0188929,0.01,1,190425,189999,426
26698261,30.5293,8.0064,454,270258,0.00377857,0.02,1,190461,190007,454
26700961,13.3059,31.2013,426,270258,0.000755715,0.05,1,190470,190044,426
26703881,15.4612,18.2403,427,270258,0.0481511,0,1,190486,190059,427
26706161,7.89223,10.0481,425,270258,0.0576302,0.07,1,190492,190067,425
26708241,7.17845,6.80961,426,270258,0.043526,0.06,1,190499,190073,426
26711161,10.2357,10.9619,425,270258,0.0167052,0.03,1,190510,190085,425
26712821,10.0471,8.59238,427,270258,0.043341,0,1,190520,190093,427
26715741,8.40943,9.71848,425,270258,0.0326682,0.03,1,190528,190103,425
26718661,8.08189,8.3437,425,270258,0.0305336,0.03,1,190536,190111,425
26721581,8.81638,8.06874,426,270258,0.0301067,0.03,1,190545,190119,426
26724501,8.16328,8.01375,426,270258,0.00602135,0.06,1,190553,190127,426
26727381,8.03266,8.00275,426,270258,0.00920427,0.06,1,190561,190135,426
26730301,8.00653,8.00055,426,270258,0.00984085,0.05,1,190569,190143,426
26733221,8.00131,8.00011,426,270258,0.00196817,0.04,1,190577,190151,426
26736141,7.20026,8.00002,425,270258,0.0403936,0.05,1,190584,190159,425
26739061,7.84005,8,425,270258,0.0480787,0.05,1,190592,190167,425
26741981,8.76801,8,426,270258,0.0176157,0.04,1,190601,190175,426
26744901,8.1536,8,426,270258,0.00352315,0.06,1,190609,190183,426
26747821,7.23072,8,425,270258,0.00870463,0.06,1,190616,190191,425
26750741,7.84614,8,425,270258,0.00174093,0.02,1,190624,190199,425
26753661,7.96923,8,425,270258,0.00834819,0.02,1,190632,190207,425
26756081,7.99385,8,425,270258,0.0176696,0.03,1,190640,190215,425
26759001,10.3988,9.6,426,270258,0.0275339,0.01,1,190651,190225,426
26761921,8.47975,8.32,426,270258,0.0135068,0.04,1,190659,190233,426
26764841,8.09595,8.064,426,270258,0.0107014,0.03,1,190667,190241,426
26767761,8.01919,8.0128,426,270258,0.0101403,0.03,1,190675,190249,426
26770681,8.80384,8.00256,427,270258,0.0260281,0.04,1,190684,190257,427
26772721,6.56077,8.00051,425,270258,0.0212056,0.06,1,190690,190265,425
26775641,10.9122,9.6001,427,270258,0.0122411,0.03,1,190702,190275,427
26778561,8.58243,8.32002,427,270258,0.0104482,0.03,1,190710,190283,427
26781481,6.51649,8.064,425,270258,0.0180896,0.03,1,190716,190291,425
26784161,7.7033,8.0128,425,270258,0.0276179,0.03,1,190724,190299,425
26787081,10.3407,9.60256,426,270258,0.0375236,0.01,1,190735,190309,426
26789361,8.46813,8.32051,426,270258,0.0315047,0.05,1,190743,190317,426
26792281,6.49363,6.4641,426,270258,0.0143009,0.04,1,190749,190323,426
26793941,9.29873,7.69282,428,270258,0.0268602,0.04,1,190759,190331,428
26796641,8.25975,10.3386,425,270258,0.013372,0.04,1,190767,190342,425
26799561,14.4519,14.0677,426,270258,0.0426744,0.03,1,190783,190357,426
26802481,10.0904,9.21354,427,270258,0.00853488,0.05,1,190792,190365,427
26805401,8.41808,8.24271,427,270258,0.00170698,0.06,1,190800,190373,427
26808321,8.08362,8.04854,427,270258,0.0483414,0.06,1,190808,190381,427
26810161,5.61672,8.00971,424,270258,0.0336683,0.05,1,190813,190389,424
26813081,6.72334,5.60194,426,270258,0.0467337,0.04,1,190820,190394,426
26816001,7.74467,7.52039,426,270258,0.0173467,0.04,1,190828,190402,426
26818481,7.94893,7.90408,426,270258,0.00346935,0.04,1,190836,190410,426
26821401,7.18979,7.18082,426,270258,0.0406939,0.03,1,190843,190417,426
26824321,7.03796,7.83616,425,270258,0.0321388,0.05,1,190850,190425,425
26826801,7.80759,7.96723,425,270258,0.0304278,0,1,190858,190433,425
26829721,34.3615,31.9934,428,270258,0.0220855,0.02,1,190899,190471,428
26832001,13.2723,12.7987,428,270258,0.0364171,0.03,1,190907,190479,428
26834921,19.4545,20.1597,427,270258,0.0152834,0.01,1,190928,190501,427
26837841,9.49089,10.4319,426,270258,0.0190567,0.06,1,190935,190509,426
26840761,8.29818,8.48639,426,270258,0.0118113,0.06,1,190943,190517,426
26843681,8.85964,8.09728,427,270258,0.00236227,0.05,1,190952,190525,427
26846561,8.17193,8.01946,427,270258,0.000472453,0.06,1,190960,190533,427
26849481,10.4344,12.0039,425,270258,0.0240945,0.01,1,190971,190546,425
26852401,8.48688,8.80078,425,270258,0.0288189,0.02,1,190979,190554,425
26854881,8.09738,8.16016,425,270258,0.0137638,0.04,1,190987,190562,425
26857801,10.4195,8.83203,427,270258,0.0107528,0.02,1,190998,190571,427
26860721,8.4839,8.16641,427,270258,0.0181506,0.06,1,191006,190579,427
26863641,7.29678,8.03328,426,270258,0.0196301,0.06,1,191013,190587,426
26866561,8.65936,8.00666,427,270258,0.011926,0.03,1,191022,190595,427
26869481,6.53187,8.00133,425,270258,0.0343852,0.05,1,191028,190603,425
26872401,7.70637,8.00027,425,270258,0.014877,0.01,1,191036,190611,425
26875321,8.74128,8.00005,426,270258,0.0109754,0.01,1,191045,190619,426
26878241,8.14826,8.00001,426,270258,0.00219508,0.05,1,191053,190627,426
26880881,7.22965,8,425,270258,0.016439,0.05,1,191060,190635,425
26883801,7.04593,7.2,425,270258,0.0592878,0.04,1,191067,190642,425
26886721,7.80919,7.84,425,270258,0.0358576,0.03,1,191075,190650,425
26889201,7.96184,7.968,425,270258,0.0231715,0.03,1,191083,190658,425
26892121,7.99237,7.1936,426,270258,0.0366343,0.02,1,191091,190665,426
26895041,7.99847,7.83872,426,270258,0.0393269,0.04,1,191099,190673,426
26897961,7.99969,7.96774,426,270258,0.0318654,0.04,1,191107,190681,426
26900881,7.99994,7.99355,426,270258,0.00637307,0.05,1,191115,190689,426
26903761,7.99999,7.99871,426,270258,0.00127461,0.04,1,191123,190697,426
26905841,8.8,9.59974,425,270258,0.0642549,0.03,1,191132,190707,425
26908761,11.36,9.91995,427,270258,0.084851,0.02,1,191144,190717,427
26911681,7.872,8.38399,426,270258,0.0729702,0.05,1,191151,190725,426
26914601,7.9744,8.0768,426,270258,0.054594,0.03,1,191159,190733,426
26917281,7.19488,8.01536,425,270258,0.0349188,0.04,1,191166,190741,425
26920201,8.63898,7.20307,427,270258,0.0389838,0.04,1,191175,190748,427
26922481,7.3278,7.84061,426,270258,0.0637968,0.06,1,191182,190756,426
26924561,7.06556,6.36812,427,270258,0.0607594,0.03,1,191189,190762,427
26927481,6.21311,6.07362,427,270258,0.0281519,0.06,1,191195,190768,427
26929141,16.4426,7.61472,438,270258,0.0136304,0.02,1,191214,190776,438
26932061,11.2885,18.3229,427,270258,0.0107261,0,1,191224,190797,427
26934981,8.6577,10.0646,427,270258,0.0181452,0.03,1,191232,190805,427
26937461,8.13154,8.41292,427,270258,0.051629,0.06,1,191240,190813,427
26940381,8.02631,8.88258,426,270258,0.0583258,0.03,1,191248,190822,426
26942661,7.20526,8.17652,425,270258,0.0356652,0.03,1,191255,190830,425
26945581,7.84105,6.4353,427,270258,0.00713303,0.05,1,191263,190836,427
26948501,7.96821,7.68706,427,270258,0.0254266,0.05,1,191271,190844,427
26951421,7.19364,7.93741,426,270258,0.0210853,0.04,1,191278,190852,426
26954341,7.03873,7.98748,425,270258,0.0202171,0.05,1,191285,190860,425
26957261,7.80775,7.9975,425,270258,0.0440434,0.01,1,191293,190868,425
26959301,34.3615,7.9995,458,270258,0.00880868,0.05,1,191334,190876,458
26962221,13.2723,34.3999,425,270258,0.00176174,0.05,1,191342,190917,425
26964501,17.0545,13.28,435,270258,0.00835235,0.01,1,191360,190925,435
26967421,10.6109,17.056,426,270258,0.00967047,0.01,1,191369,190943,426
26970341,9.32218,9.8112,427,270258,0.0419341,0.01,1,191378,190951,427
26973261,7.46444,8.36224,426,270258,0.0163868,0.03,1,191385,190959,426
26976181,7.89289,8.07245,426,270258,0.00327736,0.03,1,191393,190967,426
26979061,7.97858,8.01449,426,270258,0.00865547,0.03,1,191401,190975,426
26981141,11.1957,8.0029,430,270258,0.0097311,0.04,1,191413,190983,430
26984061,9.43914,12.0006,426,270258,0.0179462,0.03,1,191422,190996,426
26986981,8.28783,8.80012,426,270258,0.0115892,0.05,1,191430,191004,426
26989901,8.05757,8.16002,426,270258,0.00231785,0.04,1,191438,191012,426
26992581,7.21151,8.032,425,270258,0.0164636,0.05,1,191445,191020,425
26995501,7.8423,7.2064,426,270258,0.0272927,0.04,1,191453,191027,426
26998421,7.96846,7.84128,426,270258,0.0294585,0.05,1,191461,191035,426
27001341,8.79369,7.96826,427,270258,0.0298917,0.02,1,191470,191043,427
27004261,8.95874,7.99365,428,270258,0.00597834,0.03,1,191479,191051,428
27007181,7.39175,7.99873,427,270258,0.00919567,0.08,1,191486,191059,427
27010101,7.07835,7.99975,426,270258,0.00983913,0.05,1,191493,191067,426
27013021,7.81567,7.99995,426,270258,0.00996783,0.04,1,191501,191075,426
27015941,7.96313,7.99999,426,270258,0.00999357,0.06,1,191509,191083,426
27018861,7.99263,8,426,270258,0.00199871,0.06,1,191517,191091,426
27021701,10.3985,8,429,270258,0.0323997,0.02,1,191528,191099,429
27024621,9.27971,10.4,427,270258,0.05448,0.02,1,191537,191110,427
27027541,9.05594,8.48,428,270258,0.058896,0.05,1,191546,191118,428
27030461,9.01119,8.096,429,270258,0.0197792,0.06,1,191555,191126,429
27033381,8.20224,8.0192,429,270258,0.0199558,0.08,1,191563,191134,429
27036301,7.24045,8.00384,428,270258,0.0279912,0.09,1,191570,191142,428
27038961,7.84809,8.00077,428,270258,0.0215982,0.07,1,191578,191150,428
27041881,6.36962,7.20015,427,270258,0.0123196,0.05,1,191584,191157,427
27044801,8.47392,7.84003,428,270258,0.0264639,0.07,1,191593,191165,428
27047721,8.09478,7.96801,428,270258,0.0292928,0.09,1,191601,191173,428
27050401,6.41896,7.9936,426,270258,0.00585856,0.08,1,191607,191181,426
27053321,7.68379,7.19872,427,270258,0.0411717,0.04,1,191615,191188,427
27054981,5.53676,7.83974,424,270258,0.0162343,0.04,1,191620,191196,424
27057681,7.50735,7.16795,425,270258,0.0192469,0,1,191628,191203,425
27060601,20.7015,19.0336,427,270258,0.0118494,0,1,191652,191225,427
27063521,10.5403,10.2067,427,270258,0.0183699,0.03,1,191660,191233,427
27066441,8.50806,8.44134,427,270258,0.011674,0.03,1,191668,191241,427
27068081,5.70161,8.08827,424,270258,0.00233479,0.03,1,191673,191249,424
27071001,13.1403,11.2177,427,270258,0.000466959,0,1,191688,191261,427
27073921,9.02806,8.64353,427,270258,9.33918e-05,0.03,1,191696,191269,427
27076841,8.20561,8.12871,427,270258,1.86784e-05,0.02,1,191704,191277,427
27079761,7.24112,8.02574,426,270258,3.73567e-06,0.05,1,191711,191285,426
27082681,7.04822,8.00515,425,270258,0.0160007,0.03,1,191718,191293,425
27084721,7.80964,8.00103,425,270258,0.0192001,0.01,1,191726,191301,425
27087641,8.76193,8.00021,426,270258,0.01184,0.01,1,191735,191309,426
27089301,24.9524,8.00004,447,270258,0.00236801,0.03,1,191764,191317,447
27092221,12.1905,25.6,426,270258,0.000473601,0,1,191773,191347,426
27094501,9.6381,11.52,427,270258,9.47202e-05,0.04,1,191782,191355,427
27096581,11.5276,10.304,429,270258,1.8944e-05,0.04,1,191794,191365,429
27099501,8.70552,10.0608,427,270258,3.78881e-06,0.03,1,191802,191375,427
27101361,5.7411,8.41216,424,270258,0.00800076,0.03,1,191807,191383,424
27103441,9.14822,8.88243,425,270258,0.00160015,0.03,1,191817,191392,425
27106361,11.4296,10.5765,426,270258,0.00832003,0.01,1,191829,191403,426
27109281,7.88593,8.5153,425,270258,0.00166401,0.04,1,191836,191411,425
27111761,7.97719,8.10306,425,270258,0.000332801,0.01,1,191844,191419,425
27114681,11.1954,10.4206,426,270258,6.65602e-05,0,1,191856,191430,426
27116341,8.63909,8.48412,426,270258,1.3312e-05,0.01,1,191864,191438,426
27119261,8.12782,8.09682,426,270258,2.66241e-06,0.04,1,191872,191446,426
27122181,8.02556,8.01936,426,270258,5.32482e-07,0.04,1,191880,191454,426
27125101,8.00511,8.00387,426,270258,0.00800011,0.03,1,191888,191462,426
27127781,6.40102,8.00077,424,270258,0.00160002,0.03,1,191894,191470,424
27130701,8.4802,7.20015,426,270258,0.00832,0.02,1,191903,191477,426
27132981,9.69604,7.84003,428,270258,0.009664,0.03,1,191913,191485,428
27135901,8.33921,9.56801,426,270258,0.0099328,0.04,1,191921,191495,426
27138821,8.86784,8.3136,427,270258,0.00198656,0.02,1,191930,191503,427
27141741,8.17357,8.06272,427,270258,0.000397312,0.05,1,191938,191511,427
27144661,8.83471,8.01254,428,270258,7.94624e-05,0.05,1,191947,191519,428
27147581,8.16694,8.00251,428,270258,1.58925e-05,0.07,1,191955,191527,428
27150501,7.23339,8.0005,427,270258,0.0160032,0.06,1,191962,191535,427
27153421,7.04668,8.0001,426,270258,0.0432006,0.02,1,191969,191543,426
27156341,7.80934,8.00002,426,270258,0.0166401,0.03,1,191977,191551,426
27158561,7.16187,8,425,270258,0.00332803,0.03,1,191984,191559,425
27161481,6.23237,6.4,425,270258,0.00866561,0.04,1,191990,191565,425
27164401,7.64647,7.68,425,270258,0.00973312,0,1,191998,191573,425
27167321,7.92929,7.936,425,270258,0.00994662,0.03,1,192006,191581,425
27170241,7.98586,7.9872,425,270258,0.00998932,0.05,1,192014,191589,425
27172081,7.19717,7.99744,424,270258,0.00199786,0.04,1,192021,191597,424
27175001,7.83943,5.59949,427,270258,0.000399573,0.04,1,192029,191602,427
27177921,7.16789,7.5199,426,270258,7.99146e-05,0.06,1,192036,191610,426
27180841,7.83358,7.90398,426,270258,0.00801598,0.06,1,192044,191618,426
27183761,7.16672,7.9808,425,270258,0.0096032,0.06,1,192051,191626,425
27186681,8.63334,7.99616,426,270258,0.00992064,0.03,1,192060,191634,426
27188721,8.12667,7.99923,426,270258,0.00998413,0.03,1,192068,191642,426
27191641,20.8253,21.5998,425,270258,0.00199683,0.01,1,192092,191667,425
27194561,10.5651,10.72,425,270258,0.000399365,0.01,1,192100,191675,425
27197481,8.51301,8.54399,425,270258,7.9873e-05,0.01,1,192108,191683,425
27199121,7.3026,8.1088,424,270258,0.024016,0.01,1,192115,191691,424
27202041,8.66052,7.22176,426,270258,0.0368032,0,1,192124,191698,426
27204961,8.1321,7.84435,426,270258,0.0393606,0.02,1,192132,191706,426
27207881,8.02642,7.96887,426,270258,0.0398721,0.02,1,192140,191714,426
27210801,8.00528,7.99377,426,270258,0.0319744,0.04,1,192148,191722,426
27213721,7.20106,7.99875,425,270258,0.0463949,0.04,1,192155,191730,425
27215761,8.64021,7.99975,426,270258,0.033279,0.01,1,192164,191738,426
27217841,7.32804,7.99995,425,270258,0.0226558,0,1,192171,191746,425
27219921,23.0656,23.2,425,270258,0.00453116,0,1,192198,191773,425
27222841,11.8131,11.84,425,270258,0.000906232,0.02,1,192207,191782,425
27225121,8.76262,8.768,425,270258,0.000181246,0.01,1,192215,191790,425
27228041,16.1525,15.3536,426,270258,0.00803625,0.01,1,192233,191807,426
27230961,10.4305,9.47072,427,270258,0.00160725,0.02,1,192242,191815,427
27233881,6.8861,8.29414,425,270258,0.00832145,0.05,1,192248,191823,425
27236561,7.77722,8.05883,425,270258,0.00166429,0.01,1,192256,191831,425
27239481,7.95544,7.21177,426,270258,0.000332858,0,1,192264,191838,426
27241141,8.79109,7.84235,427,270258,0.0240666,0.01,1,192273,191846,427
27242801,6.55822,8.76847,424,270258,0.0288133,0,1,192279,191855,424
27244881,9.31164,8.95369,425,270258,0.0297627,0.01,1,192289,191864,425
27247801,11.4623,11.3907,425,270258,0.00595253,0.01,1,192301,191876,425
27250721,8.69247,8.67815,425,270258,0.00119051,0.03,1,192309,191884,425
27253641,8.13849,8.13563,425,270258,0.0082381,0.03,1,192317,191892,425
27256561,8.0277,8.02713,425,270258,0.00164762,0.03,1,192325,191900,425
27259481,8.00554,8.00543,425,270258,0.0163295,0.02,1,192333,191908,425
27262401,8.00111,8.00109,425,270258,0.0352659,0.01,1,192341,191916,425
27265061,8.80022,8.00022,426,270258,0.0390532,0.01,1,192350,191924,426
27267981,8.16004,8.80004,425,270258,0.00781064,0.03,1,192358,191933,425
27270901,8.03201,8.16001,425,270258,0.00156213,0.03,1,192366,191941,425
27273381,10.4064,8.032,428,270258,0.0243124,0.02,1,192377,191949,428
27275041,7.68128,8.8064,426,270258,0.00486248,0,1,192384,191958,426
27277961,4.73626,5.76128,425,270258,0.000972497,0.03,1,192388,191963,425
27280881,8.14725,7.55226,426,270258,0.0241945,0.01,1,192397,191971,426
27283801,7.22945,7.91045,425,270258,0.0048389,0.04,1,192404,191979,425
27286721,7.84589,7.98209,425,270258,0.0249678,0.01,1,192412,191987,425
27289641,7.96918,7.99642,425,270258,0.0289936,0,1,192420,191995,425
27292561,7.99384,7.99928,425,270258,0.0297987,0,1,192428,192003,425
27295481,8.79877,7.99986,426,270258,0.0139597,0.01,1,192437,192011,426
27298401,8.15975,7.99997,426,270258,0.0187919,0.04,1,192445,192019,426
27301041,7.23195,7.99999,425,270258,0.0197584,0.03,1,192452,192027,425
27303961,7.04639,7.2,425,270258,0.0199517,0.04,1,192459,192034,425
27306661,7.00928,7.84,424,270258,0.0119903,0.03,1,192466,192042,424
27308321,7.00186,7.168,424,270258,0.00239807,0.03,1,192473,192049,424
27311241,6.20037,5.4336,425,270258,0.0404796,0.03,1,192479,192054,425
27314161,7.64007,7.48672,425,270258,0.0480959,0.03,1,192487,192062,425
27317081,8.72802,7.89734,426,270258,0.0256192,0.01,1,192496,192070,426
27319761,7.3456,7.97947,425,270258,0.0451238,0,1,192503,192078,425
27322681,23.0691,22.3959,426,270258,0.0330248,0,1,192530,192104,426
27325601,11.0138,10.8792,426,270258,0.022605,0.04,1,192538,192112,426
27328521,8.60276,8.57584,426,270258,0.00452099,0.04,1,192546,192120,426
27331441,8.12055,8.11517,426,270258,0.0089042,0.04,1,192554,192128,426
27334361,8.82411,8.02303,427,270258,0.00978084,0.04,1,192563,192136,427
27337281,8.16482,8.00461,427,270258,0.00995617,0.04,1,192571,192144,427
27340201,7.23296,8.00092,426,270258,0.0339912,0.04,1,192578,192152,426
27343061,7.84659,8.00018,426,270258,0.00679825,0.02,1,192586,192160,426
27344721,6.36932,8.00004,424,270258,0.0253596,0.04,1,192592,192168,424
27347641,10.0739,9.60001,425,270258,0.0290719,0,1,192603,192178,425
27350341,22.8148,8.32,443,270258,0.00581439,0,1,192629,192186,443
27353261,10.163,21.664,425,270258,0.00116288,0.02,1,192636,192211,425
27356161,8.43259,10.7328,425,270258,0.0242326,0,1,192644,192219,425
27358241,16.0865,16.5466,425,270258,0.0128465,0.01,1,192662,192237,425
27361161,14.4173,13.7093,426,270258,0.0265693,0.01,1,192676,192250,426
27364081,9.28346,9.14186,426,270258,0.0133139,0.04,1,192684,192258,426
27367001,7.45669,8.22837,425,270258,0.00266277,0.03,1,192691,192266,425
27369681,8.69134,8.04567,426,270258,0.0245326,0.03,1,192700,192274,426
27372601,9.73827,10.4091,425,270258,0.0129065,0.04,1,192710,192285,425
27375521,8.34765,8.48183,425,270258,0.0425813,0,1,192718,192293,425
27377381,8.86953,8.09637,426,270258,0.0325163,0,1,192727,192301,426
27379461,11.3739,8.01927,430,270258,0.00650325,0,1,192739,192309,430
27382381,9.47478,11.2039,427,270258,0.0493007,0.02,1,192748,192321,427
27385301,8.29496,8.64077,427,270258,0.0178601,0.04,1,192756,192329,427
27388221,7.25899,8.12815,426,270258,0.019572,0.04,1,192763,192337,426
27391141,7.8518,8.02563,426,270258,0.0279144,0.04,1,192771,192345,426
27394021,9.57036,8.00513,428,270258,0.0135829,0.02,1,192781,192353,428
27396941,9.11407,10.401,426,270258,0.0267166,0,1,192790,192364,426
27399861,7.42281,8.48021,425,270258,0.0293433,0.03,1,192797,192372,425
27402781,7.88456,8.09604,425,270258,0.0138687,0.01,1,192805,192380,425
27405461,12.7769,8.01921,431,270258,0.0107737,0.03,1,192819,192388,431
27408381,8.95538,12.0038,426,270258,0.0261547,0.04,1,192827,192401,426
27411301,8.19108,8.80077,426,270258,0.029231,0.04,1,192835,192409,426
27414221,8.03822,8.16015,426,270258,0.0538462,0.04,1,192843,192417,426
27417141,7.20764,8.03203,425,270258,0.0107692,0.04,1,192850,192425,425
27420061,8.64153,8.00641,426,270258,0.0261538,0,1,192859,192433,426
27422721,7.32831,8.00128,425,270258,0.00523077,0.03,1,192866,192441,425
27425641,7.86566,7.20026,426,270258,0.00904615,0,1,192874,192448,426
27428561,7.97313,7.84005,426,270258,0.0418092,0.02,1,192882,192456,426
27431481,8.79463,7.96801,427,270258,0.00836185,0.02,1,192891,192464,427
27434401,8.15893,7.9936,427,270258,0.00967237,0.04,1,192899,192472,427
27437281,6.43179,7.99872,425,270258,0.0259345,0.04,1,192905,192480,425
27440201,9.28636,7.99974,427,270258,0.00518689,0.02,1,192915,192488,427
27442901,7.45727,7.99995,426,270258,0.0250374,0.05,1,192922,192496,426
27445821,8.69145,7.19999,428,270258,0.00500748,0.07,1,192931,192503,428
27448741,6.53829,7.84,426,270258,0.0090015,0.08,1,192937,192511,426
27450801,7.70766,7.968,426,270258,0.0098003,0.02,1,192945,192519,426
27452881,15.9415,16.7936,425,270258,0.00996006,0,1,192963,192538,425
27455801,8.78831,8.15872,426,270258,0.00199201,0.02,1,192970,192544,426
27457461,8.95766,8.03174,427,270258,0.000398402,0.02,1,192979,192552,427
27460381,6.59153,8.00635,425,270258,0.0160797,0.06,1,192985,192560,425
27462241,6.91831,8.00127,424,270258,0.00321594,0.03,1,192992,192568,424
27465161,6.18366,5.60025,425,270258,0.00864319,0.04,1,192998,192573,425
27468081,7.63673,7.52005,425,270258,0.00972864,0.03,1,193006,192581,425
27470561,8.72735,7.90401,426,270258,0.00994573,0.05,1,193015,192589,426
27473481,7.34547,7.1808,426,270258,0.00198915,0.05,1,193022,192596,426
27476401,7.86909,7.83616,426,270258,0.00839783,0.05,1,193030,192604,426
27479301,21.5738,7.96723,443,270258,0.00167957,0.01,1,193055,192612,443
27482221,11.5148,21.5934,427,270258,0.000335913,0.03,1,193064,192637,427
27484081,6.30295,10.7187,424,270258,6.71826e-05,0.04,1,193069,192645,424
27487001,11.6606,10.9437,426,270258,1.34365e-05,0,1,193082,192656,426
27488661,6.33212,8.58875,423,270258,2.6873e-06,0.03,1,193087,192664,423
27490741,17.2664,5.71775,438,270258,5.37461e-07,0.01,1,193107,192669,438
27493661,9.85328,17.1435,426,270258,1.07492e-07,0.06,1,193115,192689,426
27496581,9.17066,9.82871,427,270258,0.00800002,0.03,1,193124,192697,427
27499061,9.03413,8.36574,428,270258,0.0096,0.05,1,193133,192705,428
27501981,7.40683,8.87315,426,270258,0.00192,0.05,1,193140,192714,426
27504261,11.0814,8.17463,430,270258,0.000384,0.05,1,193152,192722,430
27507181,8.61627,10.4349,427,270258,0.0080768,0.05,1,193160,192733,427
27509461,6.52325,8.48699,425,270258,0.0336154,0.03,1,193166,192741,425
27511541,10.9047,8.0974,429,270258,0.0147231,0,1,193178,192749,429
27514461,8.58093,10.4195,426,270258,0.0189446,0.02,1,193186,192760,426
27517381,8.11619,8.4839,426,270258,0.0117889,0.06,1,193194,192768,426
27519861,7.22324,8.09678,425,270258,0.00235778,0.02,1,193201,192776,425
27521521,7.04465,7.21936,425,270258,0.0324716,0.05,1,193208,192783,425
27524441,6.20893,5.44387,426,270258,0.0144943,0.04,1,193214,192788,426
27527361,6.84179,7.48877,425,270258,0.0268989,0.03,1,193221,192796,425
27529221,5.36836,7.89775,422,270258,0.0133798,0.03,1,193226,192804,422
27532141,8.27367,5.57955,426,270258,0.00267595,0.02,1,193235,192809,426
27534421,8.85473,7.51591,427,270258,0.000535191,0.03,1,193244,192817,427
27536081,6.57095,8.70318,424,270258,0.048107,0.04,1,193250,192826,424
27539001,6.11419,5.74064,425,270258,0.00962141,0.03,1,193256,192831,425
27540661,10.0228,7.54813,428,270258,0.00992428,0.04,1,193267,192839,428
27543581,8.40457,9.50963,426,270258,0.00998486,0.03,1,193275,192849,426
27546501,8.08091,8.30193,426,270258,0.017997,0.01,1,193283,192857,426
27549421,8.01618,8.06039,426,270258,0.0195994,0.04,1,193291,192865,426
27552341,8.00324,8.01208,426,270258,0.0359199,0.07,1,193299,192873,426
27555261,7.20065,8.00242,425,270258,0.00718398,0.03,1,193306,192881,425
27558181,9.44013,8.00048,427,270258,0.0254368,0.03,1,193316,192889,427
27560421,7.48803,8.0001,426,270258,0.0130874,0.05,1,193323,192897,426
27563341,7.0976,8.00002,425,270258,0.0106175,0.04,1,193330,192905,425
27566261,7.81952,8,425,270258,0.00212349,0.05,1,193338,192913,425
27569181,7.9639,8,425,270258,0.000424699,0.03,1,193346,192921,425
27572101,7.99278,8,425,270258,8.49398e-05,0.01,1,193354,192929,425
27574981,7.99856,8,425,270258,1.6988e-05,0.01,1,193362,192937,425
27577901,7.99971,8,425,270258,3.39759e-06,0.01,1,193370,192945,425
27580821,7.99994,8,425,270258,0.0240007,0.01,1,193378,192953,425
27583301,7.19999,8,424,270258,0.0128001,0.03,1,193385,192961,424
27585381,8.64,7.2,426,270258,0.01056,0.03,1,193394,192968,426
27587461,6.528,8.64,423,270258,0.034112,0.01,1,193400,192977,423
27589541,6.1056,6.528,423,270258,0.0308224,0.03,1,193406,192983,423
27591201,6.82112,6.1056,424,270258,0.0141645,0.02,1,193413,192989,424
27593281,7.76422,6.82112,425,270258,0.0108329,0.01,1,193421,192996,425
27596201,11.9528,10.9642,426,270258,0.0261666,0,1,193434,193008,426
27599121,7.99057,8.59284,425,270258,0.0132333,0.03,1,193441,193016,425
27602041,7.99811,8.11857,425,270258,0.0106467,0.01,1,193449,193024,425
27604961,7.99962,8.02371,425,270258,0.0261293,0.01,1,193457,193032,425
27606801,7.19992,8.00474,424,270258,0.0292259,0,1,193464,193040,424
27609721,19.84,19.2009,425,270258,0.0138452,0.02,1,193487,193062,425
27612641,11.168,10.2402,426,270258,0.018769,0.01,1,193496,193070,426
27615121,7.8336,8.44804,425,270258,0.0117538,0,1,193503,193078,425
27618041,11.9667,12.0896,425,270258,0.0263508,0.01,1,193516,193091,425
27620741,14.3933,8.81792,432,270258,0.00527015,0,1,193531,193099,432
27622821,10.0787,13.7636,426,270258,0.00905403,0.01,1,193540,193114,426
27625741,8.41573,9.95272,425,270258,0.0258108,0.01,1,193548,193123,425
27627601,7.28315,8.39054,424,270258,0.0131622,0.01,1,193555,193131,424
27629681,8.65663,7.27811,426,270258,0.00263243,0.04,1,193564,193138,426
27632601,11.3313,11.0556,426,270258,0.00852649,0.03,1,193576,193150,426
27634881,7.86627,8.61112,425,270258,0.0017053,0.04,1,193583,193158,425
27637801,13.5733,12.9222,426,270258,0.0323411,0,1,193598,193172,426
27640721,8.31465,8.98444,425,270258,0.0144682,0.03,1,193605,193180,425
27643621,8.06293,8.19689,425,270258,0.00289364,0.01,1,193613,193188,425
27645281,8.81259,8.03938,426,270258,0.00857873,0.05,1,193622,193196,426
27648201,10.5625,10.4079,426,270258,0.0337157,0,1,193633,193207,426
27651121,8.5125,8.48158,426,270258,0.0307432,0.03,1,193641,193215,426
27654041,7.3025,8.09632,425,270258,0.0141486,0.04,1,193648,193223,425
27656961,8.6605,8.01926,426,270258,0.0348297,0.02,1,193657,193231,426
27659881,8.1321,8.00385,426,270258,0.0389659,0.01,1,193665,193239,426
27662801,8.02642,8.00077,426,270258,0.0397932,0.01,1,193673,193247,426
27665721,7.20528,8.00015,425,270258,0.0319586,0.02,1,193680,193255,425
27668641,9.44106,8.00003,427,270258,0.0303917,0,1,193690,193263,427
27671281,7.48821,8.00001,426,270258,0.00607835,0.07,1,193697,193271,426
27674201,6.29764,7.2,425,270258,0.00121567,0.04,1,193703,193278,425
27675861,6.85953,7.84,424,270258,0.0322431,0.02,1,193710,193286,424
27677521,5.37191,5.568,424,270258,0.0144486,0.04,1,193715,193291,424
27679601,8.27438,7.5136,425,270258,0.0188897,0.04,1,193724,193299,425
27682521,7.25488,6.30272,426,270258,0.0117779,0.02,1,193731,193305,426
27684181,8.65098,7.66054,427,270258,0.00235559,0.02,1,193740,193313,427
27687101,7.33019,8.73211,425,270258,0.0324711,0.03,1,193747,193322,425
27690021,7.86604,8.14642,425,270258,0.0304942,0.01,1,193755,193330,425
27692501,7.97321,8.02928,425,270258,0.0140988,0.01,1,193763,193338,425
27695421,7.99464,7.20586,426,270258,0.0268198,0.02,1,193771,193345,426
27698341,7.99893,7.84117,426,270258,0.029364,0.02,1,193779,193353,426
27701261,7.99979,7.96823,426,270258,0.00587279,0.02,1,193787,193361,426
27703941,9.59996,7.99365,428,270258,0.0251746,0.05,1,193797,193369,428
27706861,7.51999,9.59873,425,270258,0.0130349,0.04,1,193804,193379,425
27709781,7.904,8.31975,425,270258,0.00260698,0.03,1,193812,193387,425
27712701,7.9808,8.06395,425,270258,0.0165214,0.03,1,193820,193395,425
27715621,7.99616,8.01279,425,270258,0.00330428,0.01,1,193828,193403,425
27718541,7.99923,8.00256,425,270258,0.000660856,0.01,1,193836,193411,425
27721461,8.79985,8.00051,426,270258,0.00813217,0.02,1,193845,193419,426
27724321,7.35997,8.0001,425,270258,0.00162643,0.02,1,193852,193427,425
27727241,15.872,15.2,426,270258,0.000325287,0.02,1,193870,193444,426
27730161,8.7744,9.44,425,270258,0.0240651,0.04,1,193877,193452,425
27733081,8.15488,8.288,425,270258,0.020813,0.05,1,193885,193460,425
27736001,8.83098,8.0576,426,270258,0.0361626,0.05,1,193894,193468,426
27737841,6.5662,8.01152,424,270258,0.0552325,0.03,1,193900,193476,424
27739921,16.5132,16.0023,425,270258,0.0110465,0.03,1,193919,193494,425
27742841,12.9026,12.0005,426,270258,0.0102093,0.03,1,193931,193505,426
27745761,8.18053,8.80009,425,270258,0.0180419,0.04,1,193938,193513,425
27748241,8.03611,8.16002,425,270258,0.0356084,0,1,193946,193521,425
27751161,15.2072,14.432,426,270258,0.0151217,0.02,1,193963,193537,426
27753441,9.44144,9.2864,426,270258,0.0190243,0.03,1,193971,193545,426
27756361,9.08829,9.05728,426,270258,0.0118049,0.01,1,193980,193554,426
27758641,7.41766,8.21146,425,270258,0.010361,0.06,1,193987,193562,425
27760721,11.8835,11.2423,426,270258,0.0340722,0.06,1,194000,193574,426
27763641,10.3767,11.0485,425,270258,0.0148144,0.03,1,194010,193585,425
27765921,8.47534,8.60969,425,270258,0.0269629,0.03,1,194018,193593,425
27768001,10.4951,10.5219,425,270258,0.0133926,0.02,1,194029,193604,425
27770921,14.899,13.3044,427,270258,0.00267852,0.05,1,194045,193618,427
27773841,8.5798,9.06088,426,270258,0.000535703,0.05,1,194052,193626,426
27776321,7.31596,8.21218,425,270258,0.00810714,0.04,1,194059,193634,425
27779241,7.86319,7.24243,426,270258,0.0176214,0.01,1,194067,193641,426
27782161,7.97264,7.84849,426,270258,0.0275243,0.04,1,194075,193649,426
27785081,7.99453,7.9697,426,270258,0.0135049,0.04,1,194083,193657,426
27788001,7.99891,7.99394,426,270258,0.018701,0.04,1,194091,193665,426
27790921,8.79978,7.99879,427,270258,0.0117402,0.05,1,194100,193673,427
27793841,6.55996,7.99976,425,270258,0.026348,0.04,1,194106,193681,425
27796081,7.71199,7.99995,425,270258,0.0212696,0.04,1,194114,193689,425
27799001,7.1424,6.39999,426,270258,0.00425392,0.03,1,194121,193695,426
27801921,7.82848,7.68,426,270258,0.0648508,0.07,1,194129,193703,426
27804841,7.1657,7.936,425,270258,0.0449702,0.05,1,194136,193711,425
27807761,7.83314,7.9872,425,270258,0.056994,0.01,1,194144,193719,425
27810021,10.3666,7.99744,428,270258,0.0193988,0.01,1,194155,193727,428
27812941,9.27333,10.3995,426,270258,0.0118798,0.05,1,194164,193738,426
27815861,7.45466,8.4799,425,270258,0.00237595,0.06,1,194171,193746,425
27817921,7.89093,8.09598,425,270258,0.00047519,0.06,1,194179,193754,425
27820841,11.9782,11.2192,426,270258,0.032095,0,1,194192,193766,426
27823121,9.59564,8.64384,427,270258,0.00641901,0.02,1,194201,193774,427
27826041,11.5191,11.3288,427,270258,0.0092838,0.03,1,194213,193786,427
27828961,7.90383,8.66575,426,270258,0.00185676,0.06,1,194220,193794,426
27831881,7.98077,8.13315,426,270258,0.000371352,0.03,1,194228,193802,426
27834801,7.99615,8.02663,426,270258,0.00807427,0.06,1,194236,193810,426
27837721,7.19923,8.00533,425,270258,0.00961485,0.05,1,194243,193818,425
27840641,7.83985,8.00107,425,270258,0.00192297,0.03,1,194251,193826,425
27843561,8.76797,8.00021,426,270258,0.0323846,0.03,1,194260,193834,426
27846481,8.15359,8.00004,426,270258,0.0544769,0.04,1,194268,193842,426
27849401,7.23072,8.00001,425,270258,0.0188954,0.03,1,194275,193850,425
27852321,8.64614,8,426,270258,0.0277791,0.04,1,194284,193858,426
27855241,8.12923,8,426,270258,0.0455558,0.06,1,194292,193866,426
27856821,11.2258,8,430,270258,0.0331112,0.02,1,194304,193874,430
27859741,9.44517,11.2,427,270258,0.0146222,0.04,1,194313,193886,427
27862661,9.08903,8.64,428,270258,0.0269244,0.06,1,194322,193894,428
27865581,6.61781,8.128,426,270258,0.0133849,0.06,1,194328,193902,426
27868501,6.92356,8.0256,425,270258,0.018677,0.02,1,194335,193910,425
27870341,9.38471,8.00512,427,270258,0.0357354,0.03,1,194345,193918,427
27872421,14.6769,8.80102,434,270258,0.0311471,0,1,194361,193927,434
27875341,9.33539,14.5602,426,270258,0.0142294,0.03,1,194369,193943,426
27878261,7.46708,9.31204,425,270258,0.00284588,0.01,1,194376,193951,425
27880741,17.4934,8.26241,437,270258,0.000569177,0,1,194396,193959,437
27883661,10.6987,16.8525,427,270258,0.00811384,0.04,1,194405,193978,427
27885941,6.13974,9.7705,424,270258,0.00162277,0.04,1,194410,193986,424
27888861,6.82795,6.7541,425,270258,0.0163246,0.04,1,194417,193992,425
27891141,6.96559,7.75082,424,270258,0.0112649,0.03,1,194424,194000,424
27893221,8.59312,6.35016,427,270258,0.050253,0.03,1,194433,194006,427
27895301,9.71862,8.47003,428,270258,0.0340506,0.04,1,194443,194015,428
27896961,7.54372,9.69401,425,270258,0.00681012,0.04,1,194450,194025,425
27899041,13.5087,13.9388,425,270258,0.033362,0.01,1,194465,194040,425
27901121,12.3017,10.7878,427,270258,0.0146724,0.01,1,194477,194050,427
27904041,8.86035,9.35755,426,270258,0.0189345,0.02,1,194485,194059,426
27906961,7.37207,8.27151,425,270258,0.0357869,0.03,1,194492,194067,425
27909881,8.67441,8.0543,426,270258,0.00715738,0.03,1,194501,194075,426
27912801,8.13488,8.01086,426,270258,0.00143148,0.03,1,194509,194083,426
27915721,8.02698,8.00217,426,270258,0.0082863,0.04,1,194517,194091,426
27918641,8.0054,8.00043,426,270258,0.00165726,0.06,1,194525,194099,426
27921561,7.20108,8.00009,425,270258,0.0323315,0.03,1,194532,194107,425
27924481,10.2402,8.00002,428,270258,0.0384663,0.01,1,194543,194115,428
27927401,8.44804,8,428,270258,0.0236933,0.1,1,194551,194123,428
27930321,6.48961,8,426,270258,0.0127387,0.07,1,194557,194131,426
27933241,7.69792,8,426,270258,0.00254773,0.07,1,194565,194139,426
27936161,7.93958,8,426,270258,0.0245095,0.03,1,194573,194147,426
27939081,7.18792,8,425,270258,0.0129019,0.04,1,194580,194155,425
27940641,7.03758,8,424,270258,0.0425804,0,1,194587,194163,424
27943561,9.40752,8,426,270258,0.0485161,0,1,194597,194171,426
27945221,5.8815,8,423,270258,0.0577032,0.05,1,194602,194179,423
27948141,6.7763,5.6,425,270258,0.0115406,0.04,1,194609,194184,425
27950421,11.7553,7.52,430,270258,0.0423081,0.04,1,194622,194192,430
27952501,10.3511,11.104,428,270258,0.0484616,0.01,1,194632,194204,428
27954161,7.67021,10.2208,425,270258,0.0176923,0.03,1,194639,194214,425
27957081,10.334,10.8442,425,270258,0.0195385,0.01,1,194650,194225,425
27960001,10.0668,8.56883,427,270258,0.0279077,0.03,1,194660,194233,427
27962481,7.61336,8.11377,426,270258,0.0215815,0.05,1,194667,194241,426
27965401,7.12267,7.22275,426,270258,0.00431631,0.06,1,194674,194248,426
27968321,7.02453,7.84455,425,270258,0.000863261,0.04,1,194681,194256,425
27971241,8.60491,7.96891,426,270258,0.0321727,0.05,1,194690,194264,426
27974161,8.92098,7.99378,427,270258,0.0304345,0.04,1,194699,194272,427
27977081,6.5842,7.99876,425,270258,0.0140869,0.06,1,194705,194280,425
27980001,8.51684,7.99975,426,270258,0.0108174,0.03,1,194714,194288,426
27982921,7.30337,7.99995,425,270258,0.0101635,0.03,1,194721,194296,425
27985361,7.86067,7.99999,425,270258,0.0180327,0.01,1,194729,194304,425
27988281,11.1721,10.4,426,270258,0.0436065,0.02,1,194741,194315,426
27991201,9.43443,8.48,427,270258,0.0247213,0.04,1,194750,194323,427
27993681,8.28689,8.096,427,270258,0.0129443,0.06,1,194758,194331,427
27996601,6.45738,7.2192,426,270258,0.00258885,0.05,1,194764,194338,426
27999521,7.69148,7.84384,426,270258,0.00851777,0.04,1,194772,194346,426
28002421,16.7383,7.96877,437,270258,0.0257036,0.01,1,194791,194354,437
28004501,8.94766,15.1938,427,270258,0.0131407,0.07,1,194798,194371,427
28007421,7.38953,9.43875,426,270258,0.00262814,0.05,1,194805,194379,426
28009281,7.07791,8.28775,425,270258,0.0405256,0,1,194812,194387,425
28012201,20.6156,20.0575,426,270258,0.0161051,0.01,1,194836,194410,426
28015121,11.3231,10.4115,427,270258,0.011221,0.04,1,194845,194418,427
28018041,8.66462,8.4823,427,270258,0.0022442,0.04,1,194853,194426,427
28020961,6.53292,8.09646,425,270258,0.0404488,0.06,1,194859,194434,425
28023841,9.30658,8.01929,427,270258,0.0160898,0.06,1,194869,194442,427
28026761,10.6613,10.4039,427,270258,0.059218,0.03,1,194880,194453,427
28029461,14.9323,8.48077,435,270258,0.0198436,0.01,1,194896,194461,435
28032161,9.38645,15.2962,426,270258,0.0199687,0.03,1,194904,194478,426
28035081,17.8773,19.8592,425,270258,0.00399374,0.04,1,194924,194499,425
28038001,11.5755,10.3718,427,270258,0.00879875,0.02,1,194934,194507,427
28040921,7.11509,8.47437,425,270258,0.00175975,0.04,1,194940,194515,425
28043841,8.62302,8.09487,426,270258,0.00035195,0.05,1,194949,194523,426
28046761,7.3246,8.01897,425,270258,0.0240704,0.03,1,194956,194531,425
28048801,7.86492,8.00379,425,270258,0.0128141,0.02,1,194964,194539,425
28051721,9.57298,8.00076,427,270258,0.00256282,0.03,1,194974,194547,427
28054641,6.7146,8.00015,425,270258,0.0245126,0.05,1,194980,194555,425
28057561,9.34292,8.00003,427,270258,0.0449025,0.01,1,194990,194563,427
28060481,7.46858,8.00001,426,270258,0.0489805,0.05,1,194997,194571,426
28063401,8.69372,8,427,270258,0.0177961,0.05,1,195006,194579,427
28066321,8.13874,8,427,270258,0.0275592,0.04,1,195014,194587,427
28069241,6.42775,8,425,270258,0.0135118,0.03,1,195020,194595,425
28072161,7.68555,8,425,270258,0.0267024,0.03,1,195028,194603,425
28075081,8.73711,8,426,270258,0.0293405,0.01,1,195037,194611,426
28078001,8.94742,8,427,270258,0.0458681,0.08,1,195046,194619,427
28080421,8.98948,8,428,270258,0.0571736,0.04,1,195055,194627,428
28082501,8.1979,8.8,427,270258,0.0674347,0.05,1,195063,194636,427
28085201,8.83958,9.76,426,270258,0.0694869,0.02,1,195072,194646,426
28088121,16.1679,16.352,426,270258,0.0218974,0.01,1,195090,194664,426
28091041,11.2336,9.6704,428,270258,0.00437948,0.02,1,195100,194672,428
28093961,7.84672,8.33408,427,270258,0.000875895,0.06,1,195107,194680,427
28096881,7.16934,8.06682,426,270258,0.000175179,0.05,1,195114,194688,426
28099801,7.83387,8.01336,426,270258,0.00803504,0.04,1,195122,194696,426
28102721,7.96677,8.00267,426,270258,0.033607,0.06,1,195130,194704,426
28105641,7.99335,8.00053,426,270258,0.0307214,0.03,1,195138,194712,426
28108561,7.19867,8.00011,425,270258,0.0461443,0.05,1,195145,194720,425
28111481,9.43973,8.00002,427,270258,0.0492289,0.03,1,195155,194728,427
28114401,8.28795,8,427,270258,0.0178458,0.07,1,195163,194736,427
28117321,6.45759,8,425,270258,0.0435692,0.05,1,195169,194744,425
28119941,7.69152,8,425,270258,0.0407138,0.03,1,195177,194752,425
28121601,7.1383,7.2,425,270258,0.0161428,0.01,1,195184,194759,425
28124521,8.62766,8.64,425,270258,0.0432286,0.03,1,195193,194768,425
28127441,8.92553,8.128,426,270258,0.0246457,0.01,1,195202,194776,426
28129921,7.38511,8.0256,425,270258,0.0209291,0.05,1,195209,194784,425
28132841,11.877,10.4051,427,270258,0.0121858,0.01,1,195222,194795,427
28135121,8.7754,8.48102,427,270258,0.0344372,0.06,1,195230,194803,427
28138041,7.35508,8.0962,426,270258,0.0228874,0.02,1,195237,194811,426
28139701,4.67102,8.01924,422,270258,0.0125775,0.03,1,195241,194819,422
28141781,20.9342,5.60385,442,270258,0.0265155,0.03,1,195266,194824,442
28144701,11.3868,20.3208,427,270258,0.0293031,0.04,1,195275,194848,427
28146981,8.67737,10.4642,427,270258,0.0138606,0.03,1,195283,194856,427
28149901,9.73547,9.29283,428,270258,0.00277212,0.04,1,195293,194865,428
28152821,6.74709,8.25857,426,270258,0.0245544,0.05,1,195299,194873,426
28155741,6.94942,8.05171,425,270258,0.0209109,0.04,1,195306,194881,425
28158421,18.9899,8.01034,439,270258,0.0121822,0.03,1,195328,194889,439
28161341,9.39798,18.4021,425,270258,0.00243644,0.05,1,195335,194910,425
28163201,7.4796,10.0804,424,270258,0.00848729,0.02,1,195342,194918,424
28165281,14.2959,12.4161,427,270258,0.0336975,0.04,1,195358,194931,427
28168201,12.4592,13.6832,425,270258,0.0387395,0.02,1,195370,194945,425
28171121,8.89184,9.13664,425,270258,0.0637479,0.03,1,195378,194953,425
28174041,9.77837,8.22733,427,270258,0.0127496,0.02,1,195388,194961,427
28176961,7.55567,8.04547,426,270258,0.0265499,0.03,1,195395,194969,426
28179881,7.91113,8.00909,426,270258,0.00530998,0.06,1,195403,194977,426
28182801,7.98223,8.00182,426,270258,0.017062,0.05,1,195411,194985,426
28185721,7.19645,8.00036,425,270258,0.0354124,0.03,1,195418,194993,425
28188641,7.83929,8.00007,425,270258,0.0550825,0.05,1,195426,195001,425
28191561,7.96786,8.00001,425,270258,0.0350165,0.05,1,195434,195009,425
28194481,8.79357,8,426,270258,0.0230033,0,1,195443,195017,426
28197401,8.95871,8,427,270258,0.0446007,0.02,1,195452,195025,427
28200321,9.79174,8,429,270258,0.0329201,0.03,1,195462,195033,429
28203241,8.35835,8,429,270258,0.046584,0.08,1,195470,195041,429
28205841,7.27167,8,428,270258,0.0173168,0.09,1,195477,195049,428
28208761,7.85433,7.2,429,270258,0.00346336,0.09,1,195485,195056,429
28211041,5.57087,7.84,426,270258,0.00869267,0.11,1,195490,195064,426
28213961,8.31417,9.568,425,270258,0.00973853,0.03,1,195499,195074,425
28216241,8.06283,8.3136,425,270258,0.0499477,0,1,195507,195082,425
28218321,15.2126,15.2627,425,270258,0.0259895,0,1,195524,195099,425
28221241,15.8425,15.0525,426,270258,0.0211979,0.03,1,195540,195114,426
28224161,9.5685,9.41051,426,270258,0.00423958,0.06,1,195548,195122,426
28227081,9.9137,8.2821,428,270258,0.0168479,0.04,1,195558,195130,428
28230001,7.58274,8.05642,427,270258,0.00336958,0.06,1,195565,195138,427
28232921,7.91655,8.01128,427,270258,0.0166739,0.06,1,195573,195146,427
28235841,7.98331,8.00226,427,270258,0.0353348,0.02,1,195581,195154,427
28238761,7.19666,8.00045,426,270258,0.015067,0.03,1,195588,195162,426
28241681,7.03933,8.00009,425,270258,0.0190134,0.03,1,195595,195170,425
28244601,9.40787,8.00002,427,270258,0.0198027,0.03,1,195605,195178,427
28247521,7.48157,8,426,270258,0.00396054,0.03,1,195612,195186,426
28250441,7.09631,8,425,270258,0.00879211,0.04,1,195619,195194,425
28253361,7.81926,8,425,270258,0.0257584,0.03,1,195627,195202,425
28256281,8.76385,8,426,270258,0.0291517,0.01,1,195636,195210,426
28259201,8.15277,8,426,270258,0.0298303,0.04,1,195644,195218,426
28262121,7.23055,8,425,270258,0.0139661,0.04,1,195651,195226,425
28264501,11.8461,8,430,270258,0.0347932,0.02,1,195664,195234,430
28267421,7.96922,10.4,426,270258,0.0149586,0.05,1,195671,195245,426
28270321,8.79384,8.48,427,270258,0.0189917,0.06,1,195680,195253,427
28273241,21.7588,22.496,426,270258,0.0277983,0.02,1,195705,195279,426
28276161,10.7518,10.8992,426,270258,0.0135597,0.06,1,195713,195287,426
28279061,9.35035,8.57984,427,270258,0.00271193,0.04,1,195722,195295,427
28281981,8.27007,9.71597,425,270258,0.000542387,0.04,1,195730,195305,425
28284901,8.05401,8.34319,425,270258,0.0161085,0.05,1,195738,195313,425
28287381,16.0108,8.06864,435,270258,0.0192217,0.01,1,195756,195321,435
28289041,9.60216,15.2137,426,270258,0.0118443,0.06,1,195764,195338,426
28291961,12.3204,12.6427,427,270258,0.0263689,0.04,1,195777,195350,427
28294241,9.66409,8.92855,428,270258,0.0132738,0.05,1,195786,195358,428
28296321,6.73282,8.18571,426,270258,0.0266548,0.06,1,195792,195366,426
28299241,14.1466,14.4371,426,270258,0.013331,0.01,1,195808,195382,426
28301521,8.42931,9.28743,425,270258,0.0346662,0,1,195815,195390,425
28304441,13.6859,12.2575,427,270258,0.0309332,0.02,1,195830,195403,427
28307361,9.13717,8.8515,427,270258,0.0141866,0.03,1,195838,195411,427
28310281,7.42743,8.1703,426,270258,0.00283733,0.03,1,195845,195419,426
28313201,7.08549,8.03406,425,270258,0.000567466,0.01,1,195852,195427,425
28316121,9.4171,8.00681,427,270258,0.00811349,0.02,1,195862,195435,427
28319041,7.48342,8.00136,426,270258,0.0096227,0.06,1,195869,195443,426
28321961,8.69668,8.00027,427,270258,0.0179245,0.02,1,195878,195451,427
28324881,7.33934,8.00005,426,270258,0.0355849,0.03,1,195885,195459,426
28327801,7.06787,8.00001,425,270258,0.047117,0.06,1,195892,195467,425
28330721,7.81357,8,425,270258,0.0334234,0.03,1,195900,195475,425
28333641,7.96271,8,425,270258,0.0306847,0.03,1,195908,195483,425
28336561,8.79254,8,426,270258,0.0141369,0.03,1,195917,195491,426
28339481,8.95851,8,427,270258,0.0108274,0.06,1,195926,195499,427
28342401,8.1917,8,427,270258,0.0181655,0.04,1,195934,195507,427
28345321,7.23834,8,426,270258,0.0276331,0.03,1,195941,195515,426
28348241,8.64767,8,427,270258,0.0215266,0.01,1,195950,195523,427
28350821,20.1295,8,442,270258,0.0443053,0.02,1,195973,195531,442
28353741,9.62591,20.8,425,270258,0.0248611,0.04,1,195980,195555,425
28356661,9.12518,10.56,426,270258,0.0209722,0.05,1,195989,195563,426
28359581,8.22504,8.512,426,270258,0.0201944,0.05,1,195997,195571,426
28362261,7.24501,8.1024,425,270258,0.0280389,0.05,1,196004,195579,425
28365181,7.849,7.22048,426,270258,0.0296078,0.05,1,196012,195586,426
28367461,8.7698,7.8441,427,270258,0.0139216,0.05,1,196021,195594,427
28370381,8.15396,9.56882,425,270258,0.0107843,0.01,1,196029,195604,425
28373301,8.83079,8.31376,426,270258,0.0101569,0.03,1,196038,195612,426
28376221,8.16616,8.06275,426,270258,0.0100314,0.08,1,196046,195620,426
28379141,8.03323,8.01255,426,270258,0.00200627,0.07,1,196054,195628,426
28382061,7.20665,8.00251,425,270258,0.0244013,0.04,1,196061,195636,425
28384981,7.84133,8.0005,425,270258,0.00488025,0.02,1,196069,195644,425
28386801,7.16827,8.0001,424,270258,0.0249761,0.03,1,196076,195652,424
28389721,7.83365,7.20002,425,270258,0.0369952,0.05,1,196084,195659,425
28392641,8.76673,7.84,426,270258,0.00739904,0.03,1,196093,195667,426
28395561,8.95335,7.968,427,270258,0.00947981,0.04,1,196102,195675,427
28398241,6.59067,7.9936,425,270258,0.025896,0.06,1,196108,195683,425
28401161,7.71813,7.19872,426,270258,0.0291792,0.04,1,196116,195690,426
28402821,15.1436,7.83974,435,270258,0.0298358,0.01,1,196133,195698,435
28404901,9.42873,15.9679,425,270258,0.0379672,0.03,1,196141,195716,425
28407821,8.28575,9.59359,425,270258,0.0155934,0.05,1,196149,195724,425
28410741,8.05715,8.31872,425,270258,0.0111187,0.03,1,196157,195732,425
28413661,8.81143,8.06374,426,270258,0.00222374,0.02,1,196166,195740,426
28415921,7.36229,8.01275,425,270258,0.0324447,0.04,1,196173,195748,425
28418001,11.0725,10.4025,426,270258,0.030489,0.01,1,196185,195759,426
28420081,7.81449,8.48051,425,270258,0.0380978,0.02,1,196192,195767,425
28422161,11.9629,11.2961,426,270258,0.0316196,0.04,1,196205,195779,426
28425081,10.3926,11.0592,425,270258,0.0303239,0.03,1,196215,195790,425
28427361,8.47852,8.61184,425,270258,0.0300648,0.03,1,196223,195798,425
28430281,17.6957,17.7224,425,270258,0.014013,0.03,1,196243,195818,425
28432561,9.93914,9.94447,425,270258,0.0268026,0.02,1,196251,195826,425
28434641,7.58783,6.78889,426,270258,0.0133605,0.05,1,196258,195832,426
28437561,9.51757,9.35778,426,270258,0.0266721,0.02,1,196268,195842,426
28439221,9.90351,8.27156,428,270258,0.0373344,0,1,196278,195850,428
28442141,8.3807,9.65431,426,270258,0.0154669,0.04,1,196286,195860,426
28444001,7.27614,8.33086,425,270258,0.00309338,0.01,1,196293,195868,425
28446921,7.05523,5.66617,427,270258,0.00861868,0.05,1,196300,195873,427
28449841,6.21105,7.53323,425,270258,0.0257237,0.05,1,196306,195881,425
28452761,8.44221,7.90665,426,270258,0.00514475,0,1,196315,195889,426
28455441,7.28844,7.98133,425,270258,0.025029,0.02,1,196322,195897,425
28458361,9.45769,8.79627,426,270258,0.0290058,0.01,1,196332,195906,426
28461281,8.29154,8.15925,426,270258,0.0298012,0.02,1,196340,195914,426
28464201,8.05831,8.03185,426,270258,0.00596023,0.03,1,196348,195922,426
28467121,8.81166,8.00637,427,270258,0.00119205,0.03,1,196357,195930,427
28470041,7.36233,8.00127,426,270258,0.0162384,0.05,1,196364,195938,426
28472961,7.87247,8.00025,426,270258,0.0272477,0.06,1,196372,195946,426
28475881,8.77449,8.00005,427,270258,0.0214495,0.06,1,196381,195954,427
28478321,7.3549,8.00001,426,270258,0.00428991,0.06,1,196388,195962,426
28481241,11.871,12.8,425,270258,0.016858,0.03,1,196401,195976,425
28484161,10.3742,8.96,427,270258,0.0433716,0.03,1,196411,195984,427
28487081,8.47484,8.192,427,270258,0.0166743,0.05,1,196419,195992,427
28489761,7.29497,8.0384,426,270258,0.0193349,0.04,1,196426,196000,426
28492681,9.45899,10.4077,425,270258,0.019867,0.01,1,196436,196011,425
28494341,8.2918,8.48154,425,270258,0.0119734,0.03,1,196444,196019,425
28497261,8.05836,8.09631,425,270258,0.0103947,0.03,1,196452,196027,425
28500181,8.01167,8.01926,425,270258,0.0260789,0.03,1,196460,196035,425
28502661,8.00233,8.00385,425,270258,0.0132158,0.03,1,196468,196043,425
28504321,7.20047,7.20077,425,270258,0.0186432,0.03,1,196475,196050,425
28507241,9.44009,8.64015,426,270258,0.0117286,0.01,1,196485,196059,426
28509521,8.28802,8.12803,426,270258,0.0263457,0.03,1,196493,196067,426
28512441,6.4576,6.42561,426,270258,0.0212691,0.05,1,196499,196073,426
28515361,7.69152,7.68512,426,270258,0.00425383,0.02,1,196507,196081,426
28518281,7.9383,7.93702,426,270258,0.000850766,0.04,1,196515,196089,426
28521201,7.98766,7.9874,426,270258,0.00817015,0.04,1,196523,196097,426
28524121,7.99753,7.99748,426,270258,0.00963403,0.04,1,196531,196105,426
28527041,8.79951,7.9995,427,270258,0.0179268,0.03,1,196540,196113,427
28529961,8.1599,7.9999,427,270258,0.00358536,0.05,1,196548,196121,427
28532821,8.03198,7.99998,427,270258,0.0167171,0.07,1,196556,196129,427
28534901,19.2064,8,441,270258,0.0433434,0.03,1,196578,196137,441
28537821,11.0413,20.8,426,270258,0.0166687,0.02,1,196587,196161,426
28540741,8.60826,10.56,426,270258,0.00333374,0.06,1,196595,196169,426
28543661,8.92165,8.512,427,270258,0.0246667,0.05,1,196604,196177,427
28546581,8.18433,8.1024,427,270258,0.0209333,0.05,1,196612,196185,427
28549501,7.23687,8.02048,426,270258,0.0121867,0.06,1,196619,196193,426
28551121,7.04737,8.0041,425,270258,0.0424373,0.03,1,196626,196201,425
28554041,15.0095,13.6008,427,270258,0.0564875,0.04,1,196643,196216,427
28556741,9.40189,9.12016,427,270258,0.0432975,0.06,1,196651,196224,427
28558401,7.48038,9.82403,424,270258,0.0166595,0.03,1,196658,196234,424
28560481,15.8961,15.5648,425,270258,0.0113319,0.01,1,196676,196251,425
28563401,11.9792,9.51296,428,270258,0.0102664,0.04,1,196687,196259,428
28565681,6.39584,8.30259,425,270258,0.00205328,0.05,1,196692,196267,425
28567761,9.27917,8.86052,426,270258,0.00841065,0.04,1,196702,196276,426
28570681,12.2558,12.9721,425,270258,0.00168213,0.02,1,196715,196290,425
28573601,9.65117,8.99442,426,270258,0.00833643,0.03,1,196724,196298,426
28576521,8.33023,8.19888,426,270258,0.00966728,0.03,1,196732,196306,426
28579441,7.26605,8.03978,425,270258,0.0179335,0.05,1,196739,196314,425
28582361,9.45321,8.00796,427,270258,0.0275867,0.04,1,196749,196322,427
28585281,6.69064,8.00159,425,270258,0.0135173,0.06,1,196755,196330,425
28587941,7.73813,8.00032,425,270258,0.0107035,0.03,1,196763,196338,425
28590861,7.94763,7.20006,426,270258,0.00214069,0.02,1,196771,196345,426
28593141,7.98953,7.84001,426,270258,0.00842814,0.02,1,196779,196353,426
28594801,6.39791,7.968,424,270258,0.0176856,0.01,1,196785,196361,424
28597721,6.87958,5.5936,426,270258,0.0115371,0.03,1,196792,196366,426
28600641,7.77592,7.51872,426,270258,0.0263074,0.05,1,196800,196374,426
28603561,7.95518,7.90374,426,270258,0.0132615,0.06,1,196808,196382,426
28606481,7.99104,7.98075,426,270258,0.0026523,0.05,1,196816,196390,426
28609361,7.99821,7.99615,426,270258,0.000530459,0.05,1,196824,196398,426
28612281,13.5996,14.3992,425,270258,0.00810609,0,1,196839,196414,425
28615201,9.91993,9.27985,426,270258,0.0176212,0.01,1,196848,196422,426
28618121,7.58399,8.25597,425,270258,0.0195242,0.03,1,196855,196430,425
28620801,7.9168,8.05119,425,270258,0.0199048,0.05,1,196863,196438,425
28623721,7.98336,7.21024,426,270258,0.035981,0.02,1,196871,196445,426
28626421,9.59667,7.84205,428,270258,0.0631962,0.02,1,196881,196453,428
28628081,7.51933,9.56841,425,270258,0.0526392,0.03,1,196888,196463,425
28631001,8.70387,8.31368,426,270258,0.0505278,0.01,1,196897,196471,426
28633281,8.14077,8.06274,426,270258,0.0421056,0.04,1,196905,196479,426
28635361,6.42815,6.41255,426,270258,0.0404211,0.02,1,196911,196485,426
28638281,11.6856,12.4825,425,270258,0.0560842,0.01,1,196924,196499,425
28641201,8.73713,8.8965,425,270258,0.0592168,0.02,1,196932,196507,425
28644121,8.14743,8.1793,425,270258,0.0358434,0.03,1,196940,196515,425
28647041,8.02949,8.03586,425,270258,0.00716867,0.03,1,196948,196523,425
28649961,8.0059,8.00717,425,270258,0.00143373,0.03,1,196956,196531,425
28652881,8.00118,8.00143,425,270258,0.00828675,0.02,1,196964,196539,425
28655801,8.00024,8.00029,425,270258,0.0176573,0.03,1,196972,196547,425
28658721,8.80005,8.00006,426,270258,0.00353147,0.02,1,196981,196555,426
28661641,8.96001,8.00001,427,270258,0.00870629,0.05,1,196990,196563,427
28663441,6.592,8,425,270258,0.00974126,0.03,1,196996,196571,425
28666361,18.9184,18.4,426,270258,0.00194825,0.04,1,197018,196592,426
28669281,10.1837,10.08,426,270258,0.00838965,0.03,1,197026,196600,426
28672201,8.43674,8.416,426,270258,0.0336779,0.05,1,197034,196608,426
28675121,8.88735,8.0832,427,270258,0.0147356,0.07,1,197043,196616,427
28678041,7.37747,8.01664,426,270258,0.0109471,0.08,1,197050,196624,426
28680961,8.67549,8.00333,427,270258,0.0101894,0.06,1,197059,196632,427
28683621,12.1351,8.00067,432,270258,0.0100379,0.01,1,197072,196640,432
28685701,12.827,12.0001,432,270258,0.00200758,0.05,1,197085,196653,432
28688621,8.1654,13.6,425,270258,0.0164015,0.04,1,197092,196667,425
28690901,11.2331,9.12001,429,270258,0.0272803,0.02,1,197104,196675,429
28692981,7.04662,10.624,424,270258,0.0214561,0.03,1,197110,196686,424
28695061,8.60932,6.9248,427,270258,0.0602912,0.04,1,197119,196692,427
28696721,7.32186,9.38496,424,270258,0.0440582,0.03,1,197126,196702,424
28698801,9.46437,9.07699,425,270258,0.0168116,0,1,197136,196711,425
28700881,9.89287,9.0154,426,270258,0.0113623,0.03,1,197146,196720,426
28703801,9.17858,9.80308,425,270258,0.0102725,0.03,1,197155,196730,425
28705461,9.03572,8.36062,426,270258,0.0180545,0.04,1,197164,196738,426
28708381,7.40714,7.27212,426,270258,0.0116109,0.06,1,197171,196745,426
28711301,7.88143,7.85442,426,270258,0.0183222,0.06,1,197179,196753,426
28714221,8.77629,7.97088,427,270258,0.0276644,0.04,1,197188,196761,427
28717141,7.35526,7.99418,426,270258,0.0375329,0.05,1,197195,196769,426
28720061,7.07105,7.99884,425,270258,0.0315066,0.06,1,197202,196777,425
28722981,8.61421,7.99977,426,270258,0.0383013,0.03,1,197211,196785,426
28725901,7.32284,7.99995,425,270258,0.0316603,0.06,1,197218,196793,425
28727921,7.06457,7.99999,424,270258,0.00633205,0.01,1,197225,196801,424
28730841,7.81291,7.2,425,270258,0.00926641,0,1,197233,196808,425
28732501,10.3626,7.84,428,270258,0.00985328,0.05,1,197244,196816,428
28735421,8.47252,9.568,426,270258,0.00997066,0.04,1,197252,196826,426
28738341,8.0945,8.3136,426,270258,0.00999413,0.04,1,197260,196834,426
28741261,8.0189,8.06272,426,270258,0.00999883,0.06,1,197268,196842,426
28743941,12.8038,8.01254,432,270258,0.0259998,0.04,1,197282,196850,432
28746861,8.96076,11.2025,428,270258,0.0292,0.05,1,197290,196862,428
28749781,8.19215,8.6405,428,270258,0.01384,0.07,1,197298,196870,428
28752701,7.23843,8.1281,427,270258,0.034768,0.07,1,197305,196878,427
28755621,7.84769,8.02562,427,270258,0.0309536,0.05,1,197313,196886,427
28758501,7.96954,8.00512,427,270258,0.0301907,0.05,1,197321,196894,427
28761201,7.19391,8.00102,426,270258,0.0140381,0.07,1,197328,196902,426
28764121,8.63878,7.2002,428,270258,0.0428076,0.05,1,197337,196909,428
28766401,8.12776,7.84004,428,270258,0.0485615,0.08,1,197345,196917,428
28769321,12.8256,15.168,425,270258,0.0417123,0.05,1,197359,196934,425
28772241,8.96511,9.4336,425,270258,0.0403425,0.01,1,197367,196942,425
28775161,8.99302,8.28672,426,270258,0.0400685,0.05,1,197376,196950,426
28778081,8.1986,8.05734,426,270258,0.0240137,0.06,1,197384,196958,426
28780961,7.23972,8.01147,425,270258,0.0208027,0.02,1,197391,196966,425
28783881,10.2479,10.4023,425,270258,0.0201605,0,1,197402,196977,425
28786801,8.44959,8.48046,425,270258,0.0200321,0.01,1,197410,196985,425
28789721,8.88992,8.09609,426,270258,0.0120064,0.01,1,197419,196993,426
28792641,8.17798,8.01922,426,270258,0.00240128,0.03,1,197427,197001,426
28794481,6.4356,8.00384,424,270258,0.0244803,0.03,1,197433,197009,424
28796561,10.8871,9.60077,426,270258,0.0368961,0.05,1,197445,197019,426
28799481,10.1774,9.92015,426,270258,0.00737921,0.03,1,197455,197029,426
28801141,5.23548,8.38403,422,270258,0.00147584,0.04,1,197459,197037,422
28802801,6.6471,5.67681,424,270258,0.0482952,0.02,1,197466,197042,424
28805721,8.52942,6.73536,426,270258,0.017659,0.01,1,197475,197049,426
28808641,7.30588,7.74707,425,270258,0.0115318,0.04,1,197482,197057,425
28810501,9.46118,7.94941,427,270258,0.0263064,0.03,1,197492,197065,427
28812581,12.2922,8.78988,431,270258,0.0132613,0.03,1,197505,197074,431
28815501,8.85845,12.158,426,270258,0.00265225,0.05,1,197513,197087,426
28817781,7.37169,8.8316,425,270258,0.00853045,0.06,1,197520,197095,425
28820701,8.67434,6.56632,428,270258,0.00970609,0.05,1,197529,197101,428
28822981,8.13487,7.71326,428,270258,0.0179412,0.1,1,197537,197109,428
28825061,8.02697,9.54265,426,270258,0.0195882,0.04,1,197545,197119,426
28827761,8.00539,9.10853,425,270258,0.0359177,0.01,1,197553,197128,425
28829841,9.60108,9.82171,425,270258,0.00718353,0.01,1,197563,197138,425
28831921,13.9202,13.1643,426,270258,0.00143671,0.02,1,197578,197152,426
28834001,11.584,12.2329,425,270258,0.0162873,0.04,1,197589,197164,425
28836921,13.5168,12.0466,427,270258,0.0192575,0.01,1,197603,197176,427
28839841,9.10336,8.80931,427,270258,0.0278515,0.06,1,197611,197184,427
28842761,6.62067,8.16186,425,270258,0.0135703,0.06,1,197617,197192,425
28845681,8.52413,8.03237,426,270258,0.0267141,0.01,1,197626,197200,426
28848601,8.10483,8.00647,426,270258,0.0453428,0.03,1,197634,197208,426
28851521,8.02097,8.00129,426,270258,0.0170686,0.01,1,197642,197216,426
28854441,7.20419,8.00026,425,270258,0.0274137,0.03,1,197649,197224,425
28857361,7.84084,8.00005,425,270258,0.0134827,0,1,197657,197232,425
28860281,7.96817,8.00001,425,270258,0.0186965,0.03,1,197665,197240,425
28862501,13.5936,8,432,270258,0.00373931,0.01,1,197680,197248,432
28865421,9.91873,13.6,426,270258,0.0327479,0,1,197689,197263,426
28868341,8.38375,9.12,426,270258,0.0145496,0.02,1,197697,197271,426
28871261,8.07675,8.224,426,270258,0.00290991,0.06,1,197705,197279,426
28872901,7.21535,8.0448,425,270258,0.00858198,0.03,1,197712,197287,425
28874561,6.24307,7.20896,424,270258,0.0257164,0.02,1,197718,197294,424
28877481,9.24861,7.84179,426,270258,0.0291433,0.01,1,197728,197302,426
28880401,9.04972,7.96836,427,270258,0.0138287,0.04,1,197737,197310,427
28883321,7.40994,7.99367,426,270258,0.0427657,0.06,1,197744,197318,426
28886241,8.68199,7.99873,427,270258,0.00855315,0.04,1,197753,197326,427
28889161,8.9364,7.99975,428,270258,0.0417106,0.06,1,197762,197334,428
28892081,7.38728,7.99995,427,270258,0.0323421,0.07,1,197769,197342,427
28895001,7.87746,7.99999,427,270258,0.0304684,0.05,1,197777,197350,427
28897921,7.97549,8,427,270258,0.0140937,0.05,1,197785,197358,427
28899521,7.9951,8,427,270258,0.0108187,0.07,1,197793,197366,427
28902441,10.399,11.2,426,270258,0.0341637,0.02,1,197804,197378,426
28905361,8.4798,8.64,426,270258,0.0388328,0.04,1,197812,197386,426
28908281,8.09596,8.128,426,270258,0.0317665,0.03,1,197820,197394,426
28911201,7.21919,8.0256,425,270258,0.0383533,0.04,1,197827,197402,425
28914081,7.84384,8.00512,425,270258,0.0316707,0.01,1,197835,197410,425
28917001,8.76877,8.00102,426,270258,0.0223341,0.01,1,197844,197418,426
28918661,10.5538,8.0002,429,270258,0.0284668,0.01,1,197855,197426,429
28921581,8.51075,10.4,426,270258,0.0136934,0.04,1,197863,197437,426
28924501,8.10215,8.48001,426,270258,0.0267387,0.02,1,197871,197445,426
28927421,8.82043,8.096,427,270258,0.0133477,0.04,1,197880,197453,427
28930341,7.36409,8.0192,426,270258,0.00266955,0.06,1,197887,197461,426
28933261,7.87282,8.00384,426,270258,0.00853391,0.04,1,197895,197469,426
28935921,7.17456,8.00077,425,270258,0.00970678,0.01,1,197902,197477,425
28938841,11.8349,12.0002,425,270258,0.00994136,0.01,1,197915,197490,425
28941121,8.76698,8.80003,425,270258,0.0339883,0.03,1,197923,197498,425
28943201,8.1534,8.16001,425,270258,0.0307977,0.03,1,197931,197506,425
28946121,12.8307,12.032,426,270258,0.0301595,0.02,1,197945,197519,426
28948401,8.16614,8.8064,425,270258,0.00603191,0.02,1,197952,197527,425
28951321,14.4332,12.9613,427,270258,0.00920638,0.04,1,197968,197541,427
28954241,9.28665,8.99226,427,270258,0.00184128,0.06,1,197976,197549,427
28957141,7.45733,8.19845,426,270258,0.000368255,0.04,1,197983,197557,426
28960061,8.69147,8.03969,427,270258,0.0240737,0.03,1,197992,197565,427
28962341,10.5383,8.00794,430,270258,0.0128147,0.06,1,198003,197573,430
28964421,10.9077,10.4016,430,270258,0.0105629,0.02,1,198014,197584,430
28966501,18.1815,12.4803,437,270258,0.0261126,0.01,1,198034,197597,437
28969421,10.0363,17.6961,426,270258,0.0292225,0.05,1,198042,197616,426
28972341,8.40726,9.93921,426,270258,0.0538445,0.06,1,198050,197624,426
28975261,8.08145,8.38784,426,270258,0.0507689,0.05,1,198058,197632,426
28977941,10.4163,8.07757,429,270258,0.0261538,0.04,1,198069,197640,429
28980861,10.0833,11.2155,427,270258,0.0132308,0.05,1,198079,197652,427
28983141,6.81665,8.6431,425,270258,0.0266462,0.06,1,198085,197660,425
28986061,7.76333,6.52862,427,270258,0.0133292,0.04,1,198093,197666,427
28988981,7.95267,7.70572,427,270258,0.0106658,0.04,1,198101,197674,427
28991901,6.39053,7.94114,425,270258,0.0181332,0.05,1,198107,197682,425
28994581,12.4781,7.98823,431,270258,0.00362663,0.01,1,198121,197690,431
28997501,9.69562,12.7976,426,270258,0.0327253,0.01,1,198130,197704,426
29000421,8.33912,8.95953,426,270258,0.0225451,0.03,1,198138,197712,426
29002901,8.06782,8.19191,426,270258,0.028509,0.06,1,198146,197720,426
29005821,8.01356,7.23838,427,270258,0.0297018,0.06,1,198154,197727,427
29008741,7.20271,7.84768,426,270258,0.0139404,0.06,1,198161,197735,426
29011661,8.64054,7.96954,427,270258,0.0107881,0.02,1,198170,197743,427
29014581,8.12811,7.99391,427,270258,0.0101576,0.04,1,198178,197751,427
29017041,7.22562,7.99878,426,270258,0.0100315,0.05,1,198185,197759,426
29019961,14.2451,15.1998,425,270258,0.0100063,0.03,1,198201,197776,425
29022881,9.24902,9.43995,425,270258,0.0260013,0.03,1,198209,197784,425
29025801,9.8498,8.28799,427,270258,0.00520025,0.04,1,198219,197792,427
29028721,8.36996,8.0576,427,270258,0.00104005,0.06,1,198227,197800,427
29031641,8.07399,8.01152,427,270258,0.016208,0.05,1,198235,197808,427
29034101,8.8148,8.0023,428,270258,0.0272416,0.06,1,198244,197816,428
29037021,7.36296,9.60046,425,270258,0.0294483,0.05,1,198251,197826,425
29039941,7.87259,8.32009,425,270258,0.0298897,0.05,1,198259,197834,425
29042861,7.97452,8.06402,425,270258,0.0299779,0.05,1,198267,197842,425
29045781,8.7949,8.0128,426,270258,0.0219956,0.02,1,198276,197850,426
29048661,9.75898,8.00256,428,270258,0.0363991,0.03,1,198286,197858,428
29051581,8.3518,9.60051,426,270258,0.0392798,0.03,1,198294,197868,426
29053861,9.67036,8.3201,428,270258,0.00785596,0.02,1,198304,197876,428
29056781,7.53407,9.66402,425,270258,0.0255712,0.03,1,198311,197886,425
29059701,7.90681,8.3328,425,270258,0.0131142,0.05,1,198319,197894,425
29062621,8.78136,8.06656,426,270258,0.0106228,0.01,1,198328,197902,426
29065541,8.15627,8.01331,426,270258,0.0181246,0.04,1,198336,197910,426
29068421,8.03125,8.00266,426,270258,0.0276249,0.06,1,198344,197918,426
29070501,9.60625,8.00053,428,270258,0.00552498,0.01,1,198354,197926,428
29072161,6.72125,8.80011,425,270258,0.025105,0.03,1,198360,197935,425
29074241,9.34425,9.76002,425,270258,0.029021,0.03,1,198370,197945,425
29077161,8.26885,8.352,425,270258,0.0698042,0.05,1,198378,197953,425
29079441,8.05377,8.0704,425,270258,0.0539608,0.03,1,198386,197961,425
29081521,9.61075,9.61408,425,270258,0.0587922,0.03,1,198396,197971,425
29084441,10.7222,9.92282,426,270258,0.0357584,0.03,1,198407,197981,426
29087361,7.74443,8.38456,425,270258,0.0311517,0.05,1,198414,197989,425
29089221,5.54889,8.07691,422,270258,0.0382303,0.03,1,198419,197997,422
29090881,6.70978,5.61538,424,270258,0.0156461,0.04,1,198426,198002,424
29092961,7.74196,5.12308,427,270258,0.0511292,0,1,198434,198007,427
29095041,8.74839,7.42462,428,270258,0.0582258,0.03,1,198443,198015,428
29097121,18.5497,19.8849,426,270258,0.0436452,0,1,198464,198038,426
29100041,9.30994,8.77698,427,270258,0.016729,0.05,1,198471,198044,427
29102961,7.46199,8.1554,426,270258,0.0353458,0.06,1,198478,198052,426
29105441,7.0924,8.03108,425,270258,0.00706916,0.02,1,198485,198060,425
29108361,11.8185,12.0062,425,270258,0.0254138,0.03,1,198498,198073,425
29110021,17.5637,8.80124,436,270258,0.00508277,0,1,198517,198081,436
29112941,9.91274,16.1602,426,270258,0.00901655,0.06,1,198525,198099,426
29115861,9.18255,9.63205,427,270258,0.00980331,0.01,1,198534,198107,427
29118781,8.23651,8.32641,427,270258,0.00196066,0.05,1,198542,198115,427
29121701,7.2473,8.06528,426,270258,0.000392132,0.05,1,198549,198123,426
29123541,7.84946,8.01306,426,270258,0.0160784,0.04,1,198557,198131,426
29126461,7.96989,8.00261,426,270258,0.0192157,0.04,1,198565,198139,426
29129381,7.19398,8.00052,425,270258,0.0278431,0.04,1,198572,198147,425
29132301,7.8388,8.0001,425,270258,0.0295686,0.05,1,198580,198155,425
29135221,7.96776,8.00002,425,270258,0.0459137,0.05,1,198588,198163,425
29138101,8.79355,8,426,270258,0.0411827,0.03,1,198597,198171,426
29141021,8.95871,8,427,270258,0.0482365,0.04,1,198606,198179,427
29143941,7.39174,8,426,270258,0.0336473,0.04,1,198613,198187,426
29146861,7.87835,8,426,270258,0.0387295,0.01,1,198621,198195,426
29149541,9.57567,8,428,270258,0.0397459,0.04,1,198631,198203,428
29151621,9.91513,9.6,428,270258,0.0159492,0.02,1,198641,198213,428
29154541,9.18303,10.72,426,270258,0.0111898,0.03,1,198650,198224,426
29157461,8.23661,8.544,426,270258,0.010238,0.05,1,198658,198232,426
29160381,8.04732,8.1088,426,270258,0.0100476,0.06,1,198666,198240,426
29162641,7.20946,8.02176,425,270258,0.0100095,0.06,1,198673,198248,425
29165561,8.64189,8.00435,426,270258,0.0260019,0.04,1,198682,198256,426
29167841,8.12838,8.00087,426,270258,0.0212004,0.06,1,198690,198264,426
29170761,7.22568,6.40017,427,270258,0.0282401,0.05,1,198697,198270,427
29173681,7.84514,7.68003,427,270258,0.029648,0.06,1,198705,198278,427
29176601,7.16903,7.93601,426,270258,0.0139296,0.06,1,198712,198286,426
29179521,8.63381,7.9872,427,270258,0.0267859,0.03,1,198721,198294,427
29182401,6.52676,7.99744,425,270258,0.0293572,0.04,1,198727,198302,425
29184481,7.70535,7.99949,425,270258,0.0298714,0.03,1,198735,198310,425
29187401,11.1411,10.3999,426,270258,0.0219743,0.01,1,198747,198321,426
29190321,8.62821,8.47998,426,270258,0.0203949,0.03,1,198755,198329,426
29193241,8.12564,8.096,426,270258,0.036079,0.03,1,198763,198337,426
29196161,8.02513,8.0192,426,270258,0.0152158,0.02,1,198771,198345,426
29199041,8.00503,8.00384,426,270258,0.00304316,0.04,1,198779,198353,426
29201961,11.201,9.60077,428,270258,0.00860863,0.05,1,198791,198363,428
29204661,8.6402,8.32015,428,270258,0.00972173,0.1,1,198799,198371,428
29206741,7.32804,8.86403,426,270258,0.00994435,0.07,1,198806,198380,426
29208821,10.2656,6.57281,431,270258,0.0419889,0.06,1,198817,198386,431
29211741,8.45312,11.7146,426,270258,0.0483978,0.05,1,198825,198399,426
29214641,7.29062,8.74291,425,270258,0.0176796,0.05,1,198832,198407,425
29217561,11.8581,10.5486,427,270258,0.0195359,0.02,1,198845,198418,427
29219841,7.17163,8.50972,425,270258,0.0119072,0.05,1,198851,198426,425
29221921,7.83433,6.50194,427,270258,0.00238144,0.06,1,198859,198432,427
29224001,6.36687,6.10039,427,270258,0.00847629,0.05,1,198865,198438,427
29226081,11.6734,13.2201,425,270258,0.0416953,0.04,1,198878,198453,425
29228161,13.5347,13.044,426,270258,0.0323391,0.05,1,198892,198466,426
29230241,9.90693,10.6088,425,270258,0.0144678,0.05,1,198901,198476,425
29233161,11.5814,10.9218,426,270258,0.0108936,0.05,1,198913,198487,426
29236081,8.71628,8.58435,426,270258,0.0261787,0.04,1,198921,198495,426
29237941,8.14326,8.11687,426,270258,0.0212357,0.04,1,198929,198503,426
29240021,19.2287,8.02337,440,270258,0.0202472,0.01,1,198951,198511,440
29242941,9.44573,19.2047,425,270258,0.0280494,0.02,1,198958,198533,425
29245861,9.08915,10.2409,426,270258,0.0216099,0,1,198967,198541,426
29248781,9.01783,8.44819,427,270258,0.00432198,0.02,1,198976,198549,427
29250421,7.40357,8.08964,426,270258,0.0088644,0.02,1,198983,198557,426
29253341,7.88071,8.01793,426,270258,0.0177729,0.02,1,198991,198565,426
29256261,8.77614,8.00359,427,270258,0.0115546,0.02,1,199000,198573,427
29259181,8.15523,8.00072,427,270258,0.0183109,0.02,1,199008,198581,427
29262101,8.03105,8.00014,427,270258,0.0276622,0.06,1,199016,198589,427
29265021,8.00621,8.00003,427,270258,0.0295324,0.07,1,199024,198597,427
29267941,8.00124,8.00001,427,270258,0.0299065,0.04,1,199032,198605,427
29270861,8.00025,8,427,270258,0.0059813,0.04,1,199040,198613,427
29273301,9.60005,8,429,270258,0.0171963,0.05,1,199050,198621,429
29276221,7.52001,10.4,425,270258,0.0194393,0.04,1,199057,198632,425
29279141,7.904,8.48,425,270258,0.00388785,0.03,1,199065,198640,425
29282061,7.9808,8.096,425,270258,0.0167776,0.01,1,199073,198648,425
29284981,7.99616,8.0192,425,270258,0.0193555,0.03,1,199081,198656,425
29286821,7.99923,8.00384,425,270258,0.0038711,0.03,1,199089,198664,425
29289741,7.99985,7.20077,426,270258,0.00077422,0.03,1,199097,198671,426
29292021,6.39997,7.84015,424,270258,0.0161548,0.04,1,199103,198679,424
29293681,6.07999,6.36803,424,270258,0.011231,0.06,1,199109,198685,424
29296601,8.416,7.67361,425,270258,0.0102462,0.05,1,199118,198693,425
29299521,8.8832,7.93472,426,270258,0.0500492,0.05,1,199127,198701,426
29302421,8.17664,7.98694,426,270258,0.0420098,0.06,1,199135,198709,426
29305341,8.03533,7.99739,426,270258,0.048402,0.07,1,199143,198717,426
29308261,8.00707,7.99948,426,270258,0.0496804,0.07,1,199151,198725,426
29310321,8.00141,7.9999,426,270258,0.0499361,0.05,1,199159,198733,426
29313241,6.40028,6.39998,426,270258,0.0579872,0.03,1,199165,198739,426
29316161,7.68006,7.68,426,270258,0.0195974,0.02,1,199173,198747,426
29319061,9.53601,7.936,428,270258,0.0359195,0.04,1,199183,198755,428
29320721,6.7072,9.5872,424,270258,0.0151839,0.03,1,199189,198765,424
29323641,8.54144,7.51744,426,270258,0.0350368,0.01,1,199198,198772,426
29326561,8.10829,7.90349,426,270258,0.0470074,0.03,1,199206,198780,426
29328421,6.42166,7.9807,424,270258,0.0334015,0.05,1,199212,198788,424
29330081,6.88433,7.19614,424,270258,0.0146803,0.05,1,199219,198795,424
29333001,9.37687,7.03923,427,270258,0.0269361,0,1,199229,198802,427
29335921,8.27537,7.80785,427,270258,0.0133872,0.04,1,199237,198810,427
29338821,8.05507,7.96157,427,270258,0.00267744,0.04,1,199245,198818,427
29340901,8.81102,7.99231,428,270258,0.0165355,0.06,1,199254,198826,428
29343821,8.1622,10.3985,425,270258,0.0113071,0.04,1,199262,198837,425
29346741,8.03244,8.47969,425,270258,0.0262614,0.05,1,199270,198845,425
29349221,14.4065,8.09594,433,270258,0.0292523,0.01,1,199286,198853,433
29352141,8.4813,13.6192,425,270258,0.0218505,0.05,1,199293,198868,425
29355061,8.89626,9.12384,426,270258,0.0123701,0.01,1,199302,198876,426
29357121,8.17925,8.22477,426,270258,0.010474,0,1,199310,198884,426
29360041,16.0359,16.845,425,270258,0.0100948,0,1,199328,198903,425
29362741,15.2072,9.76899,432,270258,0.00201896,0.05,1,199343,198911,432
29364821,9.44143,12.3538,427,270258,0.00840379,0.06,1,199351,198924,427
29367741,8.28829,8.87076,427,270258,0.0256808,0.04,1,199359,198932,427
29370021,16.8577,8.17415,438,270258,0.0451361,0.05,1,199378,198940,438
29372101,12.1715,18.4348,428,270258,0.00902723,0.02,1,199389,198961,428
29375021,9.63431,12.487,426,270258,0.0258054,0.01,1,199398,198972,426
29377941,7.52686,8.89739,425,270258,0.0131611,0.05,1,199405,198980,425
29380861,7.90537,8.17948,425,270258,0.0426322,0.04,1,199413,198988,425
29383781,8.78107,8.0359,426,270258,0.0325264,0,1,199422,198996,426
29386701,8.95622,8.00718,427,270258,0.0225053,0.02,1,199431,199004,427
29388741,5.79124,8.00144,424,270258,0.0285011,0.06,1,199436,199012,424
29390821,9.15825,6.40029,428,270258,0.0377002,0.03,1,199446,199018,428
29393741,8.23165,9.28006,426,270258,0.00754004,0.03,1,199454,199028,426
29396661,8.04633,8.25601,426,270258,0.025508,0.04,1,199462,199036,426
29399581,7.20927,8.0512,425,270258,0.0291016,0.06,1,199469,199044,425
29402501,8.64185,8.01024,426,270258,0.0138203,0.01,1,199478,199052,426
29405381,8.92837,8.00205,427,270258,0.0187641,0.06,1,199487,199060,427
29407041,7.38567,8.00041,426,270258,0.0117528,0.06,1,199494,199068,426
29409961,10.2771,10.4001,426,270258,0.0343506,0.01,1,199505,199079,426
29412881,7.65543,8.48002,425,270258,0.0228701,0.04,1,199512,199087,425
29415801,7.93109,8.096,425,270258,0.020574,0.02,1,199520,199095,425
29418721,7.98622,8.0192,425,270258,0.0121148,0.02,1,199528,199103,425
29421641,8.79724,8.00384,426,270258,0.010423,0.05,1,199537,199111,426
29424561,8.15945,8.00077,426,270258,0.0100846,0.08,1,199545,199119,426
29426801,7.23189,8.00015,425,270258,0.0100169,0.02,1,199552,199127,425
29429721,11.0464,9.60003,427,270258,0.0100034,0.04,1,199564,199137,427
29432641,8.60928,8.32001,427,270258,0.00200068,0.05,1,199572,199145,427
29435561,7.32185,8.064,426,270258,0.0244001,0.05,1,199579,199153,426
29438481,7.06437,8.0128,425,270258,0.02088,0.05,1,199586,199161,425
29440741,7.81287,8.00256,425,270258,0.012176,0.01,1,199594,199169,425
29443661,7.96257,6.40051,427,270258,0.0264352,0.04,1,199602,199175,427
29446561,7.99251,7.6801,427,270258,0.029287,0.02,1,199610,199183,427
29449481,7.9985,7.93602,427,270258,0.0458574,0.05,1,199618,199191,427
29451761,7.1997,7.9872,426,270258,0.00917148,0.07,1,199625,199199,426
29454681,8.63994,8.79744,426,270258,0.0418343,0.02,1,199634,199208,426
29457601,8.92799,8.15949,427,270258,0.0643669,0.02,1,199643,199216,427
29460501,7.3856,8.0319,426,270258,0.0448734,0.05,1,199650,199224,426
29462581,11.8771,8.00638,431,270258,0.00897467,0.01,1,199663,199232,431
29465501,7.97542,11.2013,426,270258,0.0417949,0.05,1,199670,199244,426
29468421,7.19508,8.64026,425,270258,0.024359,0.04,1,199677,199252,425
29471341,8.63902,8.12805,426,270258,0.0288718,0.01,1,199686,199260,426
29472981,8.9278,8.02561,427,270258,0.0377744,0.04,1,199695,199268,427
29475901,8.18556,8.80512,426,270258,0.0395549,0.06,1,199703,199277,426
29478821,8.03711,8.16102,426,270258,0.023911,0.04,1,199711,199285,426
29481301,7.20742,8.0322,425,270258,0.0287822,0.03,1,199718,199293,425
29484221,7.84148,7.20644,426,270258,0.0297564,0.04,1,199726,199300,426
29487141,7.1683,7.84129,425,270258,0.0219513,0.04,1,199733,199308,425
29489621,18.2337,7.96826,438,270258,0.0443903,0.04,1,199754,199316,438
29491701,15.6467,18.3937,432,270258,0.0488781,0.01,1,199769,199337,432
29494621,9.52935,14.8787,426,270258,0.00977561,0.03,1,199777,199351,426
29496901,8.30587,9.37575,426,270258,0.0419551,0.04,1,199785,199359,426
29498561,8.06117,8.27515,426,270258,0.00839102,0,1,199793,199367,426
29501481,19.2122,19.255,426,270258,0.0256782,0.03,1,199815,199389,426
29504181,10.2424,10.251,426,270258,0.0211356,0.03,1,199823,199397,426
29505841,6.84849,7.6502,425,270258,0.0122271,0.05,1,199829,199404,425
29508761,8.5697,8.73004,425,270258,0.0104454,0.05,1,199838,199413,425
29511681,8.91394,8.14601,426,270258,0.0180891,0.03,1,199847,199421,426
29514601,7.38279,8.0292,425,270258,0.0116178,0.03,1,199854,199429,425
29517521,7.87656,8.00584,425,270258,0.0263236,0.05,1,199862,199437,425
29519361,7.17531,8.00117,424,270258,0.0132647,0.04,1,199869,199445,424
29521441,8.63506,7.20023,426,270258,0.0666529,0.03,1,199878,199452,426
29524361,8.12701,8.64005,425,270258,0.0533306,0.04,1,199886,199461,425
29527281,8.8254,8.12801,426,270258,0.0106661,0.02,1,199895,199469,426
29530201,8.16508,8.0256,426,270258,0.00213322,0.06,1,199903,199477,426
29532881,7.23302,8.00512,425,270258,0.0244266,0.05,1,199910,199485,425
29535801,7.0466,7.20102,425,270258,0.0128853,0.04,1,199917,199492,425
29537461,8.60932,7.8402,426,270258,0.0265771,0.04,1,199926,199500,426
29539541,10.5219,7.96804,429,270258,0.0133154,0.03,1,199937,199508,429
29542461,8.50437,10.3936,426,270258,0.0106631,0.04,1,199945,199519,426
29545381,8.10087,8.47872,426,270258,0.0181326,0.04,1,199953,199527,426
29547861,8.02017,8.09574,426,270258,0.00362652,0.05,1,199961,199535,426
29549521,6.40404,7.21915,425,270258,0.0167253,0.07,1,199967,199542,425
29552441,6.88081,7.04383,425,270258,0.0433451,0.05,1,199974,199549,425
29554721,7.77616,7.80877,425,270258,0.048669,0.03,1,199982,199557,425
29557641,8.75523,6.36175,428,270258,0.0337338,0,1,199991,199563,428
29559921,6.55105,7.67235,426,270258,0.0147468,0.03,1,199997,199571,426
29562841,6.91021,7.93447,425,270258,0.00294935,0.03,1,200004,199579,425
29565761,8.58204,7.98689,426,270258,0.00858987,0.01,1,200013,199587,426
29568681,8.11641,7.99738,426,270258,0.017718,0.04,1,200021,199595,426
29571601,8.82328,7.99948,427,270258,0.0195436,0.04,1,200030,199603,427
29574481,6.56466,7.9999,425,270258,0.0279087,0.05,1,200036,199611,425
29577401,10.1129,9.59998,426,270258,0.0135817,0.07,1,200047,199621,426
29580321,10.0226,8.32,428,270258,0.0187163,0.07,1,200057,199629,428
29583241,6.80452,8.064,426,270258,0.00374327,0.12,1,200063,199637,426
29586161,6.9609,8.0128,425,270258,0.00874865,0.04,1,200070,199645,425
29589081,9.39218,8.00256,427,270258,0.0337497,0.01,1,200080,199653,427
29591121,6.67844,8.00051,425,270258,0.00674995,0.05,1,200086,199661,425
29593201,7.73569,6.4001,427,270258,0.02535,0.05,1,200094,199667,427
29596121,7.14714,7.68002,426,270258,0.01307,0.04,1,200101,199675,426
29599041,8.62943,7.936,427,270258,0.050614,0.04,1,200110,199683,427
29601521,7.32589,7.9872,426,270258,0.0341228,0.07,1,200117,199691,426
29603601,8.66518,9.59744,425,270258,0.0468246,0.05,1,200126,199701,425
29606521,15.333,14.7195,426,270258,0.0173649,0.03,1,200143,199717,426
29609441,9.46661,9.3439,426,270258,0.011473,0.06,1,200151,199725,426
29612361,8.29332,8.26878,426,270258,0.0182946,0.05,1,200159,199733,426
29615281,8.85866,8.05376,427,270258,0.0116589,0.06,1,200168,199741,427
29618161,8.17173,8.01075,427,270258,0.00233178,0.1,1,200176,199749,427
29620241,9.63435,10.4022,426,270258,0.0244664,0.01,1,200186,199760,426
29622321,13.9269,14.8804,425,270258,0.0128933,0.06,1,200201,199776,425
29625241,10.7854,10.9761,425,270258,0.0265787,0.01,1,200211,199786,425
29628161,8.55707,8.59522,425,270258,0.0213157,0.02,1,200219,199794,425
29631061,21.7114,8.11904,442,270258,0.0122631,0,1,200244,199802,442
29633141,13.1423,20.0238,430,270258,0.0344526,0.03,1,200255,199825,430
29636061,9.02846,14.4048,425,270258,0.0388905,0.02,1,200263,199838,425
29638961,8.20569,9.28095,425,270258,0.0237781,0.03,1,200271,199846,425
29641881,8.04114,8.25619,425,270258,0.0127556,0.05,1,200279,199854,425
29643541,8.80823,8.05124,426,270258,0.0105511,0.04,1,200288,199862,426
29646461,8.16165,8.01025,426,270258,0.0421102,0.08,1,200296,199870,426
29649381,8.03233,8.00205,426,270258,0.040422,0.05,1,200304,199878,426
29651861,7.20647,8.00041,425,270258,0.0160844,0.04,1,200311,199886,425
29654561,7.84129,7.20008,426,270258,0.00321688,0.03,1,200319,199893,426
29657481,11.1683,11.84,425,270258,0.000643376,0.03,1,200331,199906,425
29660401,8.63365,8.768,425,270258,0.000128675,0.03,1,200339,199914,425
29663321,8.12673,8.1536,425,270258,2.5735e-05,0.05,1,200347,199922,425
29666241,8.02535,8.03072,425,270258,0.0240051,0.02,1,200355,199930,425
29669161,8.00507,8.00614,425,270258,0.044801,0.05,1,200363,199938,425
29671621,12.801,8.00123,431,270258,0.0489602,0.01,1,200377,199946,431
29674541,9.7602,12.0002,427,270258,0.049792,0.02,1,200386,199959,427
29677461,8.35204,8.80005,427,270258,0.0419584,0.03,1,200394,199967,427
29680381,8.07041,8.16001,427,270258,0.0243917,0.05,1,200402,199975,427
29683301,7.21408,8.032,426,270258,0.0288783,0.03,1,200409,199983,426
29686221,7.84282,8.0064,426,270258,0.0297757,0.02,1,200417,199991,426
29689141,7.96856,8.00128,426,270258,0.00595513,0.02,1,200425,199999,426
29690961,7.19371,8.00026,425,270258,0.00119103,0.05,1,200432,200007,425
29693881,10.2387,9.60005,426,270258,0.000238205,0.01,1,200443,200017,426
29696801,7.64775,8.32001,425,270258,0.0320476,0.03,1,200450,200025,425
29699721,7.92955,8.064,425,270258,0.0304095,0.03,1,200458,200033,425
29702641,7.98591,8.0128,425,270258,0.0300819,0.05,1,200466,200041,425
29705561,7.99718,8.00256,425,270258,0.00601638,0.04,1,200474,200049,425
29707601,7.99944,8.00051,425,270258,0.0252033,0.03,1,200482,200057,425
29710521,8.79989,8.0001,426,270258,0.0130407,0.01,1,200491,200065,426
29713441,8.15998,8.00002,426,270258,0.0106081,0.02,1,200499,200073,426
29716361,7.232,8,425,270258,0.0261216,0.03,1,200506,200081,425
29718421,10.2464,8,428,270258,0.00522433,0.02,1,200517,200089,428
29721341,8.44928,8.8,427,270258,0.00104486,0.04,1,200525,200098,427
29724261,7.28986,8.16,426,270258,0.016209,0.06,1,200532,200106,426
29727181,7.85797,8.032,426,270258,0.00324179,0.05,1,200540,200114,426
29730101,7.97159,8.0064,426,270258,0.00864836,0.05,1,200548,200122,426
29733021,7.99432,8.00128,426,270258,0.00972967,0.04,1,200556,200130,426
29734641,6.39886,8.00026,424,270258,0.00994593,0.05,1,200562,200138,424
29736721,7.67977,6.40005,426,270258,0.0259892,0.03,1,200570,200144,426
29739641,10.336,9.28001,427,270258,0.0211978,0.04,1,200581,200154,427
29741301,9.26719,8.256,428,270258,0.0122396,0.04,1,200590,200162,428
29744221,8.25344,9.6512,426,270258,0.0104479,0.03,1,200598,200172,426
29746081,8.05069,8.33024,426,270258,0.00208958,0.04,1,200606,200180,426
29749001,8.01014,8.86605,425,270258,0.0404179,0.03,1,200614,200189,425
29751281,8.80203,8.17321,426,270258,0.0480836,0.03,1,200623,200197,426
29754201,13.7604,13.6346,426,270258,0.00961672,0.01,1,200638,200212,426
29756901,13.9521,9.12693,432,270258,0.00992334,0.03,1,200652,200220,432
29758561,7.59042,13.0254,424,270258,0.00198467,0.05,1,200658,200234,424
29761481,11.9181,12.2051,425,270258,0.00839693,0.05,1,200671,200246,425
29763141,8.78362,8.84102,425,270258,0.00967939,0.05,1,200679,200254,425
29765221,9.75672,7.3682,428,270258,0.0339359,0,1,200689,200261,428
29766881,7.55134,10.2736,424,270258,0.0147872,0,1,200696,200272,424
29769801,11.1103,9.25473,427,270258,0.0189574,0,1,200708,200281,427
29772081,7.82205,8.25095,426,270258,0.0117915,0.07,1,200715,200289,426
29774161,5.56441,6.45019,425,270258,0.0183583,0.04,1,200720,200295,425
29777081,9.91288,10.09,425,270258,0.0116717,0.01,1,200731,200306,425
29780001,9.18258,8.41801,426,270258,0.00233433,0.01,1,200740,200314,426
29782481,7.43652,8.0836,425,270258,0.00846687,0.03,1,200747,200322,425
29785401,7.8873,7.21672,426,270258,0.00969337,0,1,200755,200329,426
29787681,7.97746,7.84334,426,270258,0.0259387,0.03,1,200763,200337,426
29790601,7.19549,6.36867,427,270258,0.0131877,0.06,1,200770,200343,427
29793521,7.8391,7.67373,427,270258,0.0186375,0.06,1,200778,200351,427
29795381,11.1678,7.93475,431,270258,0.0357275,0.04,1,200790,200359,431
29798301,8.63356,10.3869,428,270258,0.0391455,0.08,1,200798,200370,428
29800161,6.52671,8.47739,426,270258,0.0158291,0.09,1,200804,200378,426
29803081,10.1053,11.2955,425,270258,0.0271658,0.04,1,200815,200390,425
29806001,9.22107,8.6591,426,270258,0.0214332,0.01,1,200824,200398,426
29808481,7.44421,8.13182,425,270258,0.0122866,0.03,1,200831,200406,425
29811401,8.68884,8.82636,425,270258,0.0424573,0.03,1,200840,200415,425
29814321,8.13777,8.16527,425,270258,0.0324915,0.01,1,200848,200423,425
29817241,8.82755,8.03305,426,270258,0.00649829,0,1,200857,200431,426
29820161,8.16551,8.00661,426,270258,0.00129966,0.03,1,200865,200439,426
29823081,8.0331,8.00132,426,270258,0.0242599,0.05,1,200873,200447,426
29826001,8.00662,8.00026,426,270258,0.060852,0.05,1,200881,200455,426
29828661,7.20132,8.00005,425,270258,0.0121704,0.03,1,200888,200463,425
29831581,7.04026,7.20001,425,270258,0.0184341,0.06,1,200895,200470,425
29833441,7.00805,7.84,424,270258,0.0436868,0.04,1,200902,200478,424
29836361,6.20161,5.568,425,270258,0.0247374,0.03,1,200908,200483,425
29839281,8.44032,7.5136,426,270258,0.0449475,0.03,1,200917,200491,426
29842181,14.4881,7.90272,434,270258,0.0329895,0,1,200933,200499,434
29845101,10.0976,14.3805,427,270258,0.0225979,0.02,1,200942,200515,427
29848021,7.61952,9.27611,426,270258,0.0365196,0.03,1,200949,200523,426
29850941,7.1239,8.25522,425,270258,0.0313039,0.01,1,200956,200531,425
29853861,7.82478,8.05104,425,270258,0.0302608,0.03,1,200964,200539,425
29856741,7.96496,8.01021,425,270258,0.0540522,0.03,1,200972,200547,425
29859661,8.79299,8.00204,426,270258,0.0108104,0.03,1,200981,200555,426
29862581,8.1586,8.00041,426,270258,0.0101621,0.06,1,200989,200563,426
29865501,7.23172,8.00008,425,270258,0.00203242,0.04,1,200996,200571,425
29867761,7.84634,8.00002,425,270258,0.00840648,0.03,1,201004,200579,425
29870681,13.5693,12,427,270258,0.0256813,0,1,201019,200592,427
29873381,8.31385,8.8,426,270258,0.00513626,0.04,1,201026,200600,426
29876301,8.06277,7.36,427,270258,0.00102725,0.05,1,201034,200607,427
29878581,10.4126,7.872,430,270258,0.0162055,0.05,1,201045,200615,430
29880661,13.2825,11.1744,432,270258,0.0272411,0.01,1,201059,200627,432
29883581,9.0565,14.2349,425,270258,0.0294482,0.02,1,201067,200642,425
29885861,18.6113,9.24698,438,270258,0.0138896,0,1,201088,200650,438
29888781,9.32226,17.0494,426,270258,0.0107779,0.04,1,201095,200669,426
29891681,7.46445,9.80988,425,270258,0.0101556,0.05,1,201102,200677,425
29893761,9.49289,9.96198,425,270258,0.00203112,0,1,201112,200687,425
29896681,13.8986,13.1924,426,270258,0.0244062,0.01,1,201127,200701,426
29899381,9.17972,9.03848,426,270258,0.0288812,0.05,1,201135,200709,426
29901461,9.03594,7.4077,428,270258,0.00577625,0.04,1,201144,200716,428
29904381,8.20719,9.48154,426,270258,0.0251553,0.03,1,201152,200726,426
29906661,8.04144,8.29631,426,270258,0.00503105,0.04,1,201160,200734,426
29909581,7.20829,8.05926,425,270258,0.0410062,0.04,1,201167,200742,425
29912501,8.64166,8.01185,426,270258,0.00820124,0.01,1,201176,200750,426
29914981,10.5283,8.00237,429,270258,0.00164025,0.01,1,201187,200758,429
29917901,9.30567,11.2005,426,270258,0.00832805,0.02,1,201196,200770,426
29920801,7.46113,8.64009,425,270258,0.00166561,0.05,1,201203,200778,425
29923721,9.49223,8.12802,427,270258,0.00833312,0.03,1,201213,200786,427
29925381,5.89845,8.0256,424,270258,0.0176666,0.07,1,201218,200794,424
29928301,8.37969,7.20512,426,270258,0.0195333,0.02,1,201227,200801,426
29931201,8.07594,7.84102,426,270258,0.0279067,0.02,1,201235,200809,426
29933281,12.8152,13.5682,425,270258,0.0135813,0.06,1,201249,200824,425
29936201,14.563,14.7136,425,270258,0.0267163,0.04,1,201264,200839,425
29939121,9.31261,9.34273,425,270258,0.00534325,0.03,1,201272,200847,425
29941601,8.26252,8.26855,425,270258,0.00106865,0.03,1,201280,200855,425
29944521,8.8525,7.25371,427,270258,0.00021373,0.04,1,201289,200862,427
29947441,7.3705,7.85074,426,270258,0.00804275,0.09,1,201296,200870,426
29950361,7.8741,7.97015,426,270258,0.00960855,0.02,1,201304,200878,426
29953281,8.77482,7.99403,427,270258,0.00192171,0.05,1,201313,200886,427
29956201,8.15496,7.99881,427,270258,0.00838434,0.05,1,201321,200894,427
29959121,8.03099,7.99976,427,270258,0.0256769,0.03,1,201329,200902,427
29962041,8.0062,7.99995,427,270258,0.0291354,0.04,1,201337,200910,427
29964961,7.20124,7.99999,426,270258,0.0138271,0.04,1,201344,200918,426
29967881,7.84025,8,426,270258,0.0267654,0.02,1,201352,200926,426
29970801,7.96805,8,426,270258,0.0133531,0.02,1,201360,200934,426
29973721,7.99361,8,426,270258,0.0106706,0.01,1,201368,200942,426
29975921,7.99872,8,426,270258,0.0101341,0.05,1,201376,200950,426
29978841,6.39974,6.4,426,270258,0.0100268,0.04,1,201382,200956,426
29980501,6.07995,7.68,424,270258,0.0260054,0.03,1,201388,200964,424
29983421,6.01599,5.536,425,270258,0.0212011,0.02,1,201394,200969,425
29986341,7.6032,7.5072,425,270258,0.0282402,0.03,1,201402,200977,425
29988821,7.92064,7.90144,425,270258,0.00564804,0.03,1,201410,200985,425
29991741,7.18413,7.18029,425,270258,0.0411296,0.03,1,201417,200992,425
29994661,8.63683,7.83606,426,270258,0.0482259,0.01,1,201426,201000,426
29997581,8.12737,7.96721,426,270258,0.0256452,0.04,1,201434,201008,426
30000261,8.82547,7.99344,427,270258,0.029129,0.01,1,201443,201016,427
30002341,8.96509,8.79869,427,270258,0.0458258,0.02,1,201452,201025,427
30005261,7.39302,8.15974,426,270258,0.0491652,0.03,1,201459,201033,426
30007121,7.0786,8.03195,425,270258,0.057833,0.03,1,201466,201041,425
30009201,12.6157,12.0064,426,270258,0.0195666,0.03,1,201480,201054,426
30011281,12.1231,12.8013,425,270258,0.00391332,0.03,1,201492,201067,425
30014201,10.4246,10.5603,425,270258,0.0407827,0,1,201502,201077,425
30015861,11.6849,8.51205,429,270258,0.00815653,0.01,1,201514,201085,429
30017941,11.937,11.3024,429,270258,0.00163131,0.02,1,201526,201097,429
30020861,8.7874,11.8605,425,270258,0.000326261,0.03,1,201534,201109,425
30023781,9.75748,8.7721,427,270258,0.0160653,0.03,1,201544,201117,427
30026261,9.1515,8.15442,428,270258,0.0112131,0.06,1,201553,201125,428
30028341,6.6303,9.63088,424,270258,0.0422426,0.05,1,201559,201135,424
30031261,6.92606,6.72618,425,270258,0.0164485,0.06,1,201566,201141,425
30033541,10.1852,7.74524,428,270258,0.0112897,0.04,1,201577,201149,428
30036461,8.43704,8.74905,427,270258,0.0102579,0.06,1,201585,201158,427
30038741,8.88741,8.14981,428,270258,0.0260516,0.06,1,201594,201166,428
30041661,8.17748,10.43,425,270258,0.0212103,0.03,1,201602,201177,425
30043521,7.2355,8.48599,424,270258,0.0522421,0.02,1,201609,201185,424
30045601,8.6471,8.0972,425,270258,0.0184484,0.04,1,201618,201193,425
30048521,11.3294,10.4194,426,270258,0.00368968,0.03,1,201630,201204,426
30051441,8.66588,8.48389,426,270258,0.00873794,0.03,1,201638,201212,426
30054361,8.13318,8.09678,426,270258,0.00974759,0.03,1,201646,201220,426
30056001,7.22664,8.01936,425,270258,0.00994952,0.07,1,201653,201228,425
30058921,9.44533,9.60387,425,270258,0.0259899,0.05,1,201663,201238,425
30061841,9.08907,8.32077,426,270258,0.037198,0.01,1,201672,201246,426
30063701,11.4178,8.06415,430,270258,0.0474396,0.03,1,201684,201254,430
30065781,8.68356,11.2128,426,270258,0.00948792,0.05,1,201692,201266,426
30067861,12.9367,8.64257,432,270258,0.0338976,0.01,1,201706,201274,432
30070781,8.98734,13.7285,425,270258,0.0307795,0.01,1,201714,201289,425
30073701,8.19747,9.1457,425,270258,0.0221559,0.03,1,201722,201297,425
30076621,8.83949,8.22914,426,270258,0.00443118,0.03,1,201731,201305,426
30079541,7.3679,8.04583,425,270258,0.0168862,0.04,1,201738,201313,425
30082461,7.87358,8.00917,425,270258,0.0113772,0.05,1,201746,201321,425
30085381,7.97472,8.00183,425,270258,0.00227545,0.05,1,201754,201329,425
30088301,8.79494,8.00037,426,270258,0.0324551,0.03,1,201763,201337,426
30091221,7.35899,8.00007,425,270258,0.030491,0.06,1,201770,201345,425
30094141,7.8718,8.00001,425,270258,0.0300982,0.02,1,201778,201353,425
30096981,7.97436,8,425,270258,0.0140196,0.01,1,201786,201361,425
30099901,8.79487,8,426,270258,0.0268039,0.02,1,201795,201369,426
30102821,8.15897,8,426,270258,0.0293608,0.04,1,201803,201377,426
30105741,8.8318,8,427,270258,0.00587216,0.05,1,201812,201385,427
30108661,6.56636,8,425,270258,0.00917443,0.04,1,201818,201393,425
30111581,9.31327,8,427,270258,0.0418349,0,1,201828,201401,427
30114501,8.26265,8,427,270258,0.016367,0.07,1,201836,201409,427
30117421,6.45253,8,425,270258,0.0112734,0.06,1,201842,201417,425
30120341,10.0905,8,428,270258,0.0502547,0.03,1,201853,201425,428
30123261,7.6181,8,427,270258,0.0500509,0.05,1,201860,201433,427
30126181,7.92362,8,427,270258,0.0100102,0.04,1,201868,201441,427
30129101,8.78472,8,428,270258,0.034002,0.09,1,201877,201449,428
30132021,5.75694,8,425,270258,0.0308004,0.09,1,201882,201457,425
30134941,7.55139,8,425,270258,0.0221601,0.01,1,201890,201465,425
30137861,7.91028,8,425,270258,0.036432,0.03,1,201898,201473,425
30139621,9.58206,8,427,270258,0.0072864,0.02,1,201908,201481,427
30141701,10.7164,8.8,429,270258,0.0334573,0.06,1,201919,201490,429
30143781,9.34328,10.56,427,270258,0.0546915,0.04,1,201928,201501,427
30145861,12.2687,10.112,430,270258,0.0509383,0.03,1,201941,201511,430
30147941,9.65373,11.6224,427,270258,0.0421877,0.03,1,201950,201523,427
30150021,8.33075,9.52448,426,270258,0.00843753,0.01,1,201958,201532,426
30151681,8.06615,9.1049,425,270258,0.0256875,0.01,1,201966,201541,425
30154601,8.81323,7.42098,427,270258,0.0371375,0.03,1,201975,201548,427
30156261,11.3626,7.8842,431,270258,0.0154275,0.03,1,201987,201556,431
30158961,7.87253,11.1768,426,270258,0.0110855,0.03,1,201994,201568,426
30161881,7.17451,7.83537,426,270258,0.0022171,0.01,1,202001,201575,426
30164161,7.8349,7.96707,426,270258,0.00844342,0.03,1,202009,201583,426
30167081,11.167,10.3934,427,270258,0.0256887,0.02,1,202021,201594,427
30168741,8.6334,8.47868,427,270258,0.0291377,0.06,1,202029,201602,427
30171661,8.92668,9.69574,426,270258,0.0138275,0.04,1,202038,201612,426
30174581,7.38534,8.33915,425,270258,0.0267655,0.04,1,202045,201620,425
30177501,7.87707,8.06783,425,270258,0.0373531,0.01,1,202053,201628,425
30180181,13.5754,8.01357,432,270258,0.0394706,0.02,1,202068,201636,432
30183101,9.91508,12.8027,427,270258,0.0318941,0.04,1,202077,201650,427
30184961,7.58302,8.96054,426,270258,0.0303788,0.05,1,202084,201658,426
30187881,7.1166,7.39211,426,270258,0.00607577,0.03,1,202091,201665,426
30190801,7.02332,7.87842,425,270258,0.0172152,0.02,1,202098,201673,425
30193701,14.2047,7.97568,433,270258,0.00344303,0.01,1,202114,201681,433
30195781,10.8409,12.7951,429,270258,0.0246886,0.06,1,202124,201695,429
30197861,10.9682,11.359,429,270258,0.0369377,0.03,1,202135,201706,429
30199941,10.1936,11.8718,427,270258,0.0313875,0.02,1,202145,201718,427
30202861,9.23873,10.3744,426,270258,0.00627751,0.01,1,202154,201728,426
30205781,8.24775,8.47487,426,270258,0.0172555,0.05,1,202162,201736,426
30208701,7.24955,8.09497,425,270258,0.0274511,0.04,1,202169,201744,425
30211621,8.64991,8.01899,426,270258,0.00549022,0,1,202178,201752,426
30214501,8.12998,8.0038,426,270258,0.017098,0.03,1,202186,201760,426
30217421,8.026,8.00076,426,270258,0.0434196,0.02,1,202194,201768,426
30220341,8.0052,8.00015,426,270258,0.0326839,0.03,1,202202,201776,426
30223261,8.00104,8.00003,426,270258,0.0465368,0.04,1,202210,201784,426
30226181,8.00021,8.00001,426,270258,0.0173074,0.06,1,202218,201792,426
30229101,7.20004,8,425,270258,0.0274615,0.04,1,202225,201800,425
30232021,7.84001,8,425,270258,0.0214923,0.02,1,202233,201808,425
30234941,7.968,8,425,270258,0.0122985,0.05,1,202241,201816,425
30237861,8.7936,8,426,270258,0.0104597,0.06,1,202250,201824,426
30240501,10.5587,8,429,270258,0.0100919,0.03,1,202261,201832,429
30243421,9.31174,9.6,428,270258,0.0100184,0.03,1,202270,201842,428
30246341,7.46235,8.32,427,270258,0.0100037,0.07,1,202277,201850,427
30249261,7.09247,8.064,426,270258,0.0340007,0.03,1,202284,201858,426
30252181,7.81849,8.0128,426,270258,0.0148001,0.04,1,202292,201866,426
30255101,7.9637,8.00256,426,270258,0.01096,0.05,1,202300,201874,426
30258021,8.79274,8.00051,427,270258,0.026192,0.03,1,202309,201882,427
30260941,7.35855,8.0001,426,270258,0.0212384,0.04,1,202316,201890,426
30263861,8.67171,8.00002,427,270258,0.00424768,0.04,1,202325,201898,427
30266781,8.13434,8,427,270258,0.0328495,0.06,1,202333,201906,427
30269701,9.62687,8,429,270258,0.0305699,0.04,1,202343,201914,429
30272321,5.92537,8,426,270258,0.030114,0.08,1,202348,201922,426
30274401,9.98507,9.6,427,270258,0.0540228,0,1,202359,201932,427
30277321,19.597,20.32,426,270258,0.0188046,0.01,1,202381,201955,426
30280241,11.1194,10.464,427,270258,0.0197609,0.04,1,202390,201963,427
30282721,7.82388,8.4928,426,270258,0.0359522,0.07,1,202397,201971,426
30284801,10.3648,11.2986,425,270258,0.0151904,0.03,1,202408,201983,425
30286881,10.873,10.2597,426,270258,0.0110381,0,1,202419,201993,426
30289801,9.37459,8.45194,427,270258,0.00220762,0.01,1,202428,202001,427
30292721,8.27492,8.09039,427,270258,0.000441523,0.03,1,202436,202009,427
30295201,7.25498,8.01808,426,270258,0.0240883,0.07,1,202443,202017,426
30297281,8.651,9.60362,425,270258,0.0128177,0.04,1,202452,202027,425
30299361,9.7302,9.12072,426,270258,0.0345635,0.04,1,202462,202036,426
30302281,9.14604,9.82414,425,270258,0.0229127,0.03,1,202471,202046,425
30305201,9.82921,8.36483,427,270258,0.0525825,0,1,202481,202054,427
30307681,7.56584,8.07297,426,270258,0.0345165,0.05,1,202488,202062,426
30310601,7.11317,7.21459,426,270258,0.0549033,0.03,1,202495,202069,426
30312261,11.8226,7.84292,431,270258,0.0429807,0.01,1,202508,202077,431
30315181,8.76453,11.9686,426,270258,0.0325961,0.03,1,202516,202090,426
30318081,8.15291,8.79372,426,270258,0.0225192,0.04,1,202524,202098,426
30321001,8.03058,8.15874,426,270258,0.0125038,0.04,1,202532,202106,426
30322661,8.00612,8.03175,426,270258,0.0265008,0.04,1,202540,202114,426
30324321,7.20122,8.80635,424,270258,0.0293002,0.01,1,202547,202123,424
30326401,9.44024,8.16127,426,270258,0.01386,0.03,1,202557,202131,426
30328481,9.08805,9.63225,425,270258,0.00277201,0.01,1,202566,202141,425
30330561,7.41761,6.72645,426,270258,0.0085544,0.03,1,202573,202147,426
30333481,11.8835,12.5453,425,270258,0.00971088,0.03,1,202586,202161,425
30336401,9.5767,8.90906,426,270258,0.00194218,0.01,1,202595,202169,426
30339321,9.11534,8.18181,427,270258,0.000388435,0.04,1,202604,202177,427
30342241,8.22307,8.03636,427,270258,0.0240777,0.06,1,202612,202185,427
30345161,8.04461,8.00727,427,270258,0.0128155,0.04,1,202620,202193,427
30348081,7.20892,8.00145,426,270258,0.0105631,0.06,1,202627,202201,426
30351001,7.84178,8.00029,426,270258,0.0261126,0.04,1,202635,202209,426
30353441,7.96836,8.00006,426,270258,0.0292225,0.05,1,202643,202217,426
30356361,10.3937,10.4,426,270258,0.0298445,0.03,1,202654,202228,426
30359281,8.47873,8.48,426,270258,0.0459689,0.03,1,202662,202236,426
30362201,8.09575,8.096,426,270258,0.0411938,0.03,1,202670,202244,426
30365121,8.01915,8.0192,426,270258,0.0322388,0.04,1,202678,202252,426
30368041,8.00383,8.00384,426,270258,0.0384478,0.03,1,202686,202260,426
30370961,8.00077,8.00077,426,270258,0.0396896,0.04,1,202694,202268,426
30373881,7.20015,8.00015,425,270258,0.0319379,0.04,1,202701,202276,425
30376801,7.84003,8.00003,425,270258,0.0143876,0.03,1,202709,202284,425
30379441,7.96801,8.00001,425,270258,0.0108775,0.02,1,202717,202292,425
30382361,11.9936,11.2,426,270258,0.0101755,0.02,1,202730,202304,426
30385281,7.99872,8.64,425,270258,0.0100351,0.04,1,202737,202312,425
30388201,7.99974,8.128,425,270258,0.010007,0.01,1,202745,202320,425
30391121,8.79995,8.0256,426,270258,0.0260014,0.04,1,202754,202328,426
30394041,8.15999,8.00512,426,270258,0.0132003,0.03,1,202762,202336,426
30396961,8.832,8.00102,427,270258,0.0106401,0.01,1,202771,202344,427
30399881,7.3664,8.0002,426,270258,0.018128,0.05,1,202778,202352,426
30402801,7.87328,8.00004,426,270258,0.0356256,0.03,1,202786,202360,426
30405441,7.17466,8.00001,425,270258,0.00712512,0,1,202793,202368,425
30408361,16.6349,16,426,270258,0.025425,0.03,1,202812,202386,426
30411281,9.72699,9.6,426,270258,0.021085,0.06,1,202820,202394,426
30413761,8.3454,8.32,426,270258,0.012217,0.03,1,202828,202402,426
30415841,9.66908,10.464,425,270258,0.0024434,0.01,1,202838,202413,425
30417921,10.7338,9.2928,427,270258,0.0404887,0,1,202849,202422,427
30420001,8.54676,9.05856,426,270258,0.0160977,0.06,1,202857,202431,426
30422921,12.9094,13.0117,426,270258,0.00321955,0.05,1,202871,202445,426
30425841,8.98187,9.00234,426,270258,0.0406439,0.06,1,202879,202453,426
30428321,7.39637,8.20047,425,270258,0.00812878,0.03,1,202886,202461,425
30430401,10.2793,8.84009,427,270258,0.0416258,0.06,1,202897,202470,427
30432481,6.85586,6.56802,427,270258,0.0563252,0.05,1,202903,202476,427
30435401,6.17117,6.1136,427,270258,0.051265,0.04,1,202909,202482,427
30438321,7.63423,7.62272,427,270258,0.050253,0.06,1,202917,202490,427
30440181,7.12685,7.92454,426,270258,0.0420506,0.06,1,202924,202498,426
30442261,11.0254,8.78491,429,270258,0.0244101,0.02,1,202936,202507,429
30444341,8.60507,10.557,426,270258,0.012882,0.02,1,202944,202518,426
30447261,8.12101,9.3114,425,270258,0.0265764,0.03,1,202952,202527,425
30450181,8.0242,8.26228,425,270258,0.0133153,0.03,1,202960,202535,425
30452661,10.4048,8.05246,428,270258,0.00266306,0.04,1,202971,202543,428
30455361,8.48097,8.81049,427,270258,0.0245326,0.05,1,202979,202552,427
30457441,10.4962,11.3621,426,270258,0.0529065,0.03,1,202990,202564,426
30460361,9.29924,10.2724,425,270258,0.0425813,0.03,1,202999,202574,425
30463061,13.0598,8.45448,431,270258,0.0325163,0.02,1,203013,202582,431
30465141,12.212,12.0909,430,270258,0.00650325,0.02,1,203025,202595,430
30468061,8.04239,11.2182,426,270258,0.0333006,0.03,1,203032,202606,426
30470981,7.20848,8.64364,425,270258,0.0226601,0.01,1,203039,202614,425
30473041,8.6417,8.12873,426,270258,0.00453203,0.04,1,203048,202622,426
30475961,8.92834,8.82575,426,270258,0.0169064,0.02,1,203057,202631,426
30478881,8.18567,8.16515,426,270258,0.0353813,0.05,1,203065,202639,426
30481801,8.83713,8.03303,427,270258,0.0390763,0.05,1,203074,202647,427
30484481,6.56743,8.00661,425,270258,0.00781525,0.07,1,203080,202655,425
30487401,10.1135,10.4013,425,270258,0.0255631,0.05,1,203091,202666,425
30490321,9.2227,8.48026,426,270258,0.0451126,0.05,1,203100,202674,426
30493241,8.24454,8.09605,426,270258,0.0490225,0.07,1,203108,202682,426
30496161,8.04891,8.01921,426,270258,0.0178045,0.07,1,203116,202690,426
30499081,7.20978,8.00384,425,270258,0.0035609,0.06,1,203123,202698,425
30501121,7.84196,8.00077,425,270258,0.0167122,0.04,1,203131,202706,425
30504041,7.16839,6.40015,426,270258,0.0273424,0.02,1,203138,202712,426
30506961,7.83368,7.68003,426,270258,0.0294685,0.03,1,203146,202720,426
30508821,4.76674,7.93601,422,270258,0.0218937,0.02,1,203150,202728,422
30511741,8.15335,5.5872,426,270258,0.0203787,0.03,1,203159,202733,426
30514661,7.23067,7.51744,425,270258,0.0360757,0.04,1,203166,202741,425
30517141,8.64613,7.90349,426,270258,0.0552152,0.03,1,203175,202749,426
30520061,8.92923,8.7807,426,270258,0.059043,0.02,1,203184,202758,426
30522981,8.18585,8.15614,426,270258,0.0518086,0.03,1,203192,202766,426
30525901,8.83717,8.03123,427,270258,0.0183617,0.03,1,203201,202774,427
30528581,6.56743,8.00625,425,270258,0.0356723,0.03,1,203207,202782,425
30531501,7.71349,7.20125,426,270258,0.00713447,0.02,1,203215,202789,426
30534421,7.9427,7.84025,426,270258,0.00942689,0.02,1,203223,202797,426
30536481,7.18854,7.96805,425,270258,0.00988538,0.03,1,203230,202805,425
30539401,18.2377,16.7936,427,270258,0.00997708,0.02,1,203251,202824,427
30541681,9.24754,9.75872,426,270258,0.0339954,0.04,1,203258,202832,426
30544601,6.64951,6.75174,426,270258,0.00679908,0.04,1,203264,202838,426
30546881,6.9299,7.75035,425,270258,0.0253598,0.05,1,203271,202846,425
30548961,7.78598,6.35007,427,270258,0.00507196,0.05,1,203279,202852,427
30551041,11.9572,13.27,425,270258,0.0170144,0.02,1,203292,202867,425
30553121,12.7914,10.654,428,270258,0.0354029,0.03,1,203305,202877,428
30556041,6.55829,6.9308,427,270258,0.0310806,0.09,1,203310,202883,427
30558961,7.71166,7.78616,427,270258,0.0222161,0.09,1,203318,202891,427
30561441,7.94233,7.95723,427,270258,0.0364432,0.07,1,203326,202899,427
30563521,7.18847,7.19145,427,270258,0.0392886,0.04,1,203333,202906,427
30566441,13.4377,14.2383,426,270258,0.0398577,0.02,1,203348,202922,426
30568721,8.28754,9.24766,425,270258,0.0319715,0.06,1,203355,202930,425
30571641,7.25751,6.64953,426,270258,0.0143943,0.03,1,203362,202936,426
30574341,10.2515,7.72991,429,270258,0.0188789,0.03,1,203373,202944,429
30576421,7.6503,11.146,424,270258,0.00377577,0.01,1,203380,202956,424
30579341,8.73006,7.0292,427,270258,0.00875515,0.02,1,203389,202962,427
30581201,6.54601,7.80584,425,270258,0.00975103,0.03,1,203395,202970,425
30584121,10.1092,8.76117,427,270258,0.00195021,0.01,1,203406,202979,427
30586401,8.42184,8.15223,427,270258,0.00839004,0.07,1,203414,202987,427
30588481,8.08437,8.83045,426,270258,0.025678,0.04,1,203422,202996,426
30590561,12.0169,12.9661,425,270258,0.0371356,0.02,1,203435,203010,425
30593481,12.8034,11.3932,427,270258,0.0314271,0.01,1,203448,203021,427
30595141,9.76068,8.67864,428,270258,0.0222854,0.04,1,203457,203029,428
30598061,8.35214,9.73573,426,270258,0.0124571,0.01,1,203465,203039,426
30600981,9.67043,8.34715,428,270258,0.0344914,0.01,1,203475,203047,428
30603901,7.53409,8.06943,427,270258,0.0388983,0.06,1,203482,203055,427
30606161,6.30682,8.01389,425,270258,0.0157797,0.01,1,203488,203063,425
30609081,15.6614,13.6028,428,270258,0.0111559,0.03,1,203506,203078,428
30612001,9.53227,9.12056,428,270258,0.0182312,0.05,1,203514,203086,428
30614921,8.30645,8.22411,428,270258,0.0676462,0.07,1,203522,203094,428
30617601,5.66129,8.04482,425,270258,0.0455292,0.07,1,203527,203102,425
30620521,7.53226,7.20896,426,270258,0.0331059,0.02,1,203535,203109,426
30623441,7.90645,7.84179,426,270258,0.0146212,0.06,1,203543,203117,426
30626361,7.98129,7.96836,426,270258,0.0349242,0.06,1,203551,203125,426
30629281,7.99626,7.99367,426,270258,0.0309848,0.05,1,203559,203133,426
30632201,7.99925,7.99873,426,270258,0.014197,0.05,1,203567,203141,426
30635121,8.79985,7.99975,427,270258,0.0108394,0.04,1,203576,203149,427
30638041,7.35997,7.99995,426,270258,0.0101679,0.05,1,203583,203157,426
30640901,9.47199,7.99999,428,270258,0.0100336,0.04,1,203593,203165,428
30643821,7.4944,8,427,270258,0.0100067,0.05,1,203600,203173,427
30646741,7.89888,8,427,270258,0.0100013,0.04,1,203608,203181,427
30649221,8.77978,8,428,270258,0.0100003,0.02,1,203617,203189,428
30652141,7.35596,8.8,426,270258,0.0260001,0.05,1,203624,203198,426
30655061,7.87119,8.16,426,270258,0.0132,0.03,1,203632,203206,426
30657541,10.3742,8.032,429,270258,0.03464,0.04,1,203643,203214,429
30660461,8.47485,10.4064,426,270258,0.030928,0.04,1,203651,203225,426
30663381,8.09497,8.48128,426,270258,0.0301856,0.04,1,203659,203233,426
30666301,8.01899,8.09626,426,270258,0.0380371,0.06,1,203667,203241,426
30668981,8.8038,8.01925,427,270258,0.0316074,0.06,1,203676,203249,427
30671061,13.7608,9.60385,432,270258,0.00632148,0.01,1,203691,203259,432
30673981,9.95215,13.1208,427,270258,0.0012643,0.03,1,203700,203273,427
30676261,5.19043,9.02415,423,270258,0.000252859,0.07,1,203704,203281,423
30679181,7.43809,6.60483,425,270258,0.00805057,0.03,1,203712,203287,425
30681461,8.68762,7.72097,426,270258,0.0416101,0.03,1,203721,203295,426
30683541,14.5375,7.94419,434,270258,0.032322,0.02,1,203737,203303,434
30686241,9.3075,13.5888,427,270258,0.0304644,0.05,1,203745,203318,427
30689161,7.4615,8.31777,427,270258,0.00609288,0.04,1,203752,203325,427
30690821,7.8923,8.06355,427,270258,0.0252186,0.07,1,203760,203333,427
30693741,7.97846,9.61271,425,270258,0.0130437,0.04,1,203768,203343,425
30696641,7.99569,8.32254,425,270258,0.0266087,0.01,1,203776,203351,425
30699561,10.3991,10.4645,425,270258,0.0453218,0.02,1,203787,203362,425
30702481,8.47983,8.4929,425,270258,0.0490643,0.03,1,203795,203370,425
30705401,8.89597,8.09858,426,270258,0.0258129,0.01,1,203804,203378,426
30707041,6.57919,8.01972,424,270258,0.0211626,0.02,1,203810,203386,424
30709961,14.1158,12.8039,426,270258,0.0202325,0.03,1,203826,203400,426
30712881,10.0232,8.96079,427,270258,0.0120465,0.06,1,203835,203408,427
30715781,10.0046,8.19216,429,270258,0.0184093,0.06,1,203845,203416,429
30718701,8.40093,9.63843,427,270258,0.0276819,0.05,1,203853,203426,427
30720981,8.88019,8.32769,428,270258,0.0135364,0.06,1,203862,203434,428
30723061,9.77604,9.66554,428,270258,0.0107073,0.04,1,203872,203444,428
30725141,8.35521,9.93311,426,270258,0.0101415,0.04,1,203880,203454,426
30727221,12.071,8.38662,431,270258,0.0340283,0.05,1,203893,203462,431
30728881,8.01421,11.2773,426,270258,0.0388057,0.04,1,203900,203474,426
30731801,8.00284,8.65546,426,270258,0.00776113,0.03,1,203908,203482,426
30734081,7.20057,8.13109,425,270258,0.0335522,0.04,1,203915,203490,425
30737001,8.64011,8.02622,426,270258,0.0227104,0.05,1,203924,203498,426
30738661,8.92802,8.00524,427,270258,0.00454209,0.04,1,203933,203506,427
30740741,10.5856,8.00105,430,270258,0.00890842,0.05,1,203944,203514,430
30742401,6.91712,11.2002,424,270258,0.0417817,0.03,1,203950,203526,424
30745321,10.1834,9.44004,426,270258,0.0163563,0.01,1,203961,203535,426
30748241,8.43668,8.28801,426,270258,0.0112713,0.04,1,203969,203543,426
30751161,7.28734,8.0576,425,270258,0.00225425,0.03,1,203976,203551,425
30754081,8.65747,8.01152,426,270258,0.0564508,0.05,1,203985,203559,426
30757001,7.33149,8.0023,425,270258,0.0432902,0.05,1,203992,203567,425
30759921,7.8663,8.00046,425,270258,0.016658,0.03,1,204000,203575,425
30762841,7.97326,8.00009,425,270258,0.0113316,0.02,1,204008,203583,425
30765761,8.79465,8.00002,426,270258,0.0422663,0.03,1,204017,203591,426
30768681,7.35893,8,425,270258,0.00845326,0.04,1,204024,203599,425
30771521,7.87179,8,425,270258,0.00969065,0.01,1,204032,203607,425
30774441,7.97436,8,425,270258,0.0259381,0.03,1,204040,203615,425
30777361,7.99487,8,425,270258,0.0211876,0.03,1,204048,203623,425
30780281,9.59897,8,427,270258,0.0202375,0.03,1,204058,203631,427
30783201,8.31979,8,427,270258,0.0200475,0.05,1,204066,203639,427
30786121,8.06396,8,427,270258,0.0360095,0.05,1,204074,203647,427
30788161,7.21279,8,426,270258,0.0312019,0.07,1,204081,203655,426
30791081,6.24256,6.4,426,270258,0.0142404,0.07,1,204087,203661,426
30794001,7.64851,7.68,426,270258,0.0348481,0.04,1,204095,203669,426
30796921,7.9297,7.936,426,270258,0.0229696,0.04,1,204103,203677,426
30799601,7.18594,7.9872,425,270258,0.0285939,0.02,1,204110,203685,425
30801681,12.6372,11.9974,426,270258,0.0137188,0.05,1,204124,203698,426
30804601,12.9274,11.9995,427,270258,0.0347438,0.01,1,204137,203710,427
30807521,8.18549,8.7999,426,270258,0.0149488,0.03,1,204144,203718,426
30810441,8.0371,8.15998,426,270258,0.0109898,0.03,1,204152,203726,426
30813361,7.20742,8.032,425,270258,0.0181979,0.04,1,204159,203734,425
30815621,10.2415,8.0064,428,270258,0.0276396,0.02,1,204170,203742,428
30817281,6.8483,8.80128,425,270258,0.00552792,0.04,1,204176,203751,425
30819361,8.56966,8.16026,426,270258,0.00910558,0.04,1,204185,203759,426
30821441,6.51393,6.43205,426,270258,0.00182112,0.04,1,204191,203765,426
30824361,10.1028,9.28641,427,270258,0.0323642,0.03,1,204202,203775,427
30826021,10.0206,8.25728,429,270258,0.0224728,0.06,1,204212,203783,429
30828941,8.40411,10.4515,426,270258,0.0284946,0.06,1,204220,203794,426
30831861,8.08082,8.49029,426,270258,0.0296989,0.04,1,204228,203802,426
30834781,8.01616,8.09806,426,270258,0.0299398,0.02,1,204236,203810,426
30837461,8.80323,8.01961,427,270258,0.029988,0.04,1,204245,203818,427
30839541,8.16065,9.60392,425,270258,0.0459976,0.01,1,204253,203828,425
30841621,10.4321,6.72078,430,270258,0.0171995,0.01,1,204264,203834,430
30843281,7.68643,10.9442,425,270258,0.0034399,0.03,1,204271,203846,425
30846201,9.53729,9.38883,426,270258,0.016688,0.01,1,204281,203855,426
30849121,8.30746,8.27777,426,270258,0.0113376,0.04,1,204289,203863,426
30851601,8.06149,8.05555,426,270258,0.0102675,0.05,1,204297,203871,426
30854521,12.8123,12.8111,426,270258,0.0340535,0.04,1,204311,203885,426
30857221,11.3625,8.96222,429,270258,0.0308107,0.02,1,204322,203893,429
30859301,7.07249,9.79244,425,270258,0.0301621,0.07,1,204328,203903,425
30862001,7.0145,6.75849,426,270258,0.0460324,0.04,1,204335,203909,426
30864921,10.2029,10.1517,426,270258,0.0332065,0,1,204346,203920,426
30866581,7.64058,8.43034,425,270258,0.0226413,0.03,1,204353,203928,425
30868661,6.32812,7.28607,424,270258,0.0285283,0.05,1,204359,203935,424
30870741,10.0656,6.25721,429,270258,0.0137057,0.04,1,204370,203941,429
30872821,8.41312,10.8514,425,270258,0.00274113,0.04,1,204378,203953,425
30874901,10.4826,6.97029,430,270258,0.00854823,0.04,1,204389,203959,430
30876981,9.29653,11.7941,426,270258,0.00970965,0.03,1,204398,203972,426
30878641,7.4593,7.15881,427,270258,0.0179419,0.07,1,204405,203978,427
30881561,5.49186,7.03176,425,270258,0.00358839,0.04,1,204410,203985,425
30883221,9.89837,7.80635,428,270258,0.0487177,0.04,1,204421,203993,428
30886141,8.37967,8.76127,427,270258,0.0497435,0.04,1,204429,204002,427
30889061,8.07593,8.15225,427,270258,0.0419487,0.04,1,204437,204010,427
30891981,8.01519,8.03045,427,270258,0.0643897,0.04,1,204445,204018,427
30894901,8.00304,8.00609,427,270258,0.0528779,0.03,1,204453,204026,427
30897821,6.40061,8.00122,425,270258,0.0425756,0.03,1,204459,204034,425
30900741,8.48012,8.00024,426,270258,0.0565151,0.01,1,204468,204042,426
30903661,8.09602,8.00005,426,270258,0.035303,0.02,1,204476,204050,426
30906581,8.81921,8.00001,427,270258,0.0070606,0.02,1,204485,204058,427
30909501,7.36384,8,426,270258,0.00941212,0.04,1,204492,204066,426
30912421,7.87277,8,426,270258,0.00988242,0.06,1,204500,204074,426
30915341,8.77455,8,427,270258,0.00197648,0.04,1,204509,204082,427
30918261,8.15491,8,427,270258,0.0163953,0.04,1,204517,204090,427
30921181,7.23098,8,426,270258,0.0272791,0.03,1,204524,204098,426
30924101,7.0462,8,425,270258,0.0214558,0.04,1,204531,204106,425
30927021,8.60924,8,426,270258,0.0122912,0.01,1,204540,204114,426
30929941,8.12185,8,426,270258,0.0104582,0.03,1,204548,204122,426
30932721,7.22437,8,425,270258,0.0100916,0.06,1,204555,204130,425
30934801,11.0449,11.2,425,270258,0.0100183,0.02,1,204567,204142,425
30937721,13.409,12.64,426,270258,0.0100037,0.03,1,204581,204155,426
30940641,9.08179,8.928,426,270258,0.0420007,0.02,1,204589,204163,426
30943561,7.41636,8.1856,425,270258,0.0164001,0.04,1,204596,204171,425
30945621,7.08327,8.03712,424,270258,0.00328003,0.03,1,204603,204179,424
30948321,7.01665,6.40742,425,270258,0.000656006,0.07,1,204610,204185,425
30951241,8.60333,6.88148,427,270258,0.0081312,0.04,1,204619,204192,427
30953941,7.32067,7.7763,426,270258,0.00962624,0.07,1,204626,204200,426
30956021,12.6641,7.15526,433,270258,0.00992525,0.01,1,204640,204207,433
30958101,12.1328,13.4311,430,270258,0.017985,0.02,1,204652,204222,430
30961021,8.82657,12.2862,426,270258,0.00359701,0.02,1,204660,204234,426
30963941,8.16531,8.85724,426,270258,0.0087194,0.02,1,204668,204242,426
30966421,6.43306,8.17145,424,270258,0.0177439,0.03,1,204674,204250,424
30969341,7.68661,7.23429,425,270258,0.0115488,0.01,1,204682,204257,425
30971621,8.73732,7.84686,426,270258,0.00230976,0.02,1,204691,204265,426
30973701,12.9475,7.96937,432,270258,0.032462,0.03,1,204705,204273,432
30976401,9.78949,13.5939,426,270258,0.0144924,0.01,1,204714,204288,426
30979321,8.3579,8.31877,427,270258,0.0188985,0.03,1,204722,204295,427
30980981,8.87158,8.06375,428,270258,0.0037797,0.04,1,204731,204303,428
30982641,7.37432,10.4128,424,270258,0.00875594,0.04,1,204738,204314,424
30984721,8.67486,6.08255,428,270258,0.00175119,0.05,1,204747,204319,428
30987641,11.335,11.6165,427,270258,0.00835024,0.02,1,204759,204332,427
30990561,7.86699,8.7233,426,270258,0.00167005,0.03,1,204766,204340,426
30993481,7.9734,8.14466,426,270258,0.016334,0.01,1,204774,204348,426
30995121,6.39468,8.02893,424,270258,0.0272668,0.01,1,204780,204356,424
30998041,10.0789,8.80579,426,270258,0.0374534,0.01,1,204791,204365,426
31000961,8.41579,8.16116,426,270258,0.0154907,0.05,1,204799,204373,426
31003441,7.28316,8.03223,425,270258,0.00309813,0.01,1,204806,204381,425
31006361,21.4566,20.0064,427,270258,0.0486196,0.03,1,204831,204404,427
31009061,10.6913,10.4013,427,270258,0.0177239,0.06,1,204839,204412,427
31011761,8.53827,9.28026,426,270258,0.0115448,0.07,1,204847,204421,426
31013841,7.30765,7.45605,426,270258,0.010309,0.04,1,204854,204428,426
31016761,7.86153,6.29121,428,270258,0.00206179,0.06,1,204862,204434,428
31018421,7.17231,7.65824,427,270258,0.0564124,0.06,1,204869,204442,427
31021341,8.63446,8.73165,427,270258,0.0512825,0.04,1,204878,204451,427
31024261,7.32689,8.14633,426,270258,0.0502565,0.07,1,204885,204459,426
31027181,7.86538,8.02927,426,270258,0.0420513,0.05,1,204893,204467,426
31030101,7.97308,8.00585,426,270258,0.0564103,0.04,1,204901,204475,426
31033021,7.99462,8.00117,426,270258,0.0432821,0.03,1,204909,204483,426
31035941,7.99892,8.00023,426,270258,0.0406564,0.04,1,204917,204491,426
31038861,8.79978,8.00005,427,270258,0.0241313,0.04,1,204926,204499,427
31041781,8.15996,8.00001,427,270258,0.0128263,0.04,1,204934,204507,427
31044421,9.63199,8,429,270258,0.0185653,0.03,1,204944,204515,429
31047341,8.3264,10.4,426,270258,0.019713,0.05,1,204952,204526,426
31050261,8.06528,8.48,426,270258,0.0359426,0.04,1,204960,204534,426
31053181,8.01306,8.096,426,270258,0.0231885,0.04,1,204968,204542,426
31056101,7.20261,8.0192,425,270258,0.0286377,0.05,1,204975,204550,425
31059021,7.84052,8.00384,425,270258,0.0297275,0.01,1,204983,204558,425
31061941,7.9681,8.00077,425,270258,0.0459455,0.03,1,204991,204566,425
31064861,9.59362,8.00015,427,270258,0.0331891,0.01,1,205001,204574,427
31067301,5.91872,8.00003,424,270258,0.0146378,0.05,1,205006,204582,424
31069381,9.98374,7.20001,428,270258,0.0109276,0,1,205017,204589,428
31071041,7.59675,10.24,424,270258,0.0261855,0.01,1,205024,204600,424
31073961,9.51935,8.448,426,270258,0.0132371,0.05,1,205034,204608,426
31076241,7.50387,8.0896,425,270258,0.00264742,0.05,1,205041,204616,425
31079161,7.10077,6.41792,426,270258,0.000529484,0.04,1,205048,204622,426
31082081,7.82015,7.68358,426,270258,0.0081059,0.06,1,205056,204630,426
31084561,8.76403,7.93672,427,270258,0.00962118,0.03,1,205065,204638,427
31086641,5.75281,7.18734,425,270258,0.00992424,0.02,1,205070,204645,425
31088721,9.95056,9.43747,426,270258,0.0259848,0.04,1,205081,204655,426
31091641,9.99011,9.88749,426,270258,0.037197,0.03,1,205091,204665,426
31094561,7.59802,8.3775,425,270258,0.0474394,0.04,1,205098,204673,425
31097041,7.9196,8.0755,425,270258,0.0494879,0,1,205106,204681,425
31099961,10.3839,8.8151,427,270258,0.0498976,0.01,1,205117,204690,427
31102241,7.67678,8.16302,426,270258,0.0259795,0.02,1,205124,204698,426
31104321,11.1354,12.0326,425,270258,0.0291959,0.03,1,205136,204711,425
31107241,7.82707,7.20652,426,270258,0.0298392,0.02,1,205143,204717,426
31109521,7.16541,7.8413,425,270258,0.0379678,0.02,1,205150,204725,425
31112441,10.2331,8.76826,427,270258,0.00759357,0.01,1,205161,204734,427
