#Ack,Last Router Ocupation Router Arrival(Packets),Last Router Ocupation Router Arrival_ewma(Packets),Network Situation Router Arrival,Measure Time
0,0.41,0.41,1,100010
1,0.46,0.45,1,100451
1,0.47,0.466,1,100451
1461,0.47,0.4692,1,100451
2921,0.47,0.46984,1,100451
4381,0.47,0.469968,1,100451
5841,0.47,0.469994,1,100451
7301,0.47,0.469999,1,100451
8761,0.47,0.47,1,100451
10221,0.47,0.47,1,100451
11681,0.47,0.47,1,100451
13141,0.47,0.47,1,100451
14601,0.74,0.686,1,100895
16061,0.75,0.7372,1,100895
17521,0.74,0.73944,1,100897
18981,0.75,0.747888,1,100897
20441,0.75,0.749578,1,100897
21901,0.76,0.757916,2,100899
23361,0.77,0.767583,2,100899
24821,0.77,0.769517,2,100899
26281,0.78,0.777903,2,100901
27741,0.79,0.787581,2,100901
29201,0.79,0.789516,2,100901
30661,0.8,0.797903,2,100903
32121,0.81,0.807581,2,100903
33581,0.81,0.809516,2,100903
35041,0.87,0.857903,2,101104
36501,0.88,0.875581,2,101104
37961,0.86,0.863116,2,101354
39421,0.87,0.868623,2,101354
40881,0.87,0.869725,2,101354
42341,0.88,0.877945,2,101356
43801,0.89,0.887589,2,101356
45261,0.89,0.889518,2,101356
46721,0.91,0.905904,2,101358
48181,0.92,0.917181,2,101358
49641,0.92,0.919436,2,101358
51101,0.93,0.927887,2,101360
52561,0.94,0.937577,2,101360
54021,0.94,0.939516,2,101360
55481,0.95,0.947903,2,101362
303681,0.88,0.88,2,103204
305141,0.86,0.864,2,103211
306601,0.91,0.9008,2,103233
308061,0.87,0.87616,2,103241
309521,0.81,0.823232,2,103249
310981,0.77,0.780646,2,103257
312441,0.71,0.724129,1,103266
313901,0.64,0.656826,1,103281
315361,0.59,0.603365,1,103292
316821,0.6,0.600673,1,103292
230681,0.51,0.528135,1,103300
317201,0.5,0.505627,1,103308
318661,0.48,0.485125,1,103312
237981,0.47,0.473025,1,103320
242361,0.38,0.398605,1,103334
246741,0.36,0.367721,1,103342
249661,0.24,0.265544,1,103350
252581,0.15,0.173109,1,103360
255501,0.05,0.0746218,1,103372
258421,0,0.0149244,1,103384
261341,0,0.00298487,1,103398
264261,0,0.000596974,1,103410
267181,0.01,0.00811939,1,103419
271561,0,0.00162388,1,103432
278861,0.01,0.00832478,1,103470
287621,0.05,0.041665,1,103475
290541,0.05,0.048333,1,103479
292001,0.03,0.0336666,1,103483
293461,0.03,0.0307333,1,103487
294921,0.01,0.0141467,1,103491
296381,0.01,0.0108293,1,103495
297841,0.01,0.0101659,1,103501
299301,0,0.00203317,1,103507
300761,0.01,0.00840663,1,103513
302221,0,0.00168133,1,103519
303681,0,0.000336265,1,103524
305141,0,6.72531e-05,1,103524
306601,0,1.34506e-05,1,103524
308061,0,2.69012e-06,1,103524
309521,0.07,0.0560005,1,103529
319281,0,0.0112001,1,103669
320741,0,0.00224002,1,103674
322201,0,0.000448004,1,103700
323661,0,8.96008e-05,1,103706
325121,0.03,0.0240179,1,103711
326581,0,0.00480358,1,103717
328041,0.01,0.00896072,1,103723
329501,0.03,0.0257921,1,103734
330961,0.01,0.0131584,1,103742
332421,0,0.00263169,1,103753
333881,0.03,0.0245263,1,103774
335341,0.04,0.0369053,1,103774
336801,0.04,0.0393811,1,103774
338261,0.04,0.0398762,1,103774
339721,0.04,0.0399752,1,103774
341181,0.04,0.039995,1,103774
342641,0.04,0.039999,1,103774
344101,0.04,0.0399998,1,103774
345561,0.04,0.04,1,103774
347021,0.04,0.04,1,103774
348481,0.04,0.04,1,103774
349941,0.01,0.016,1,103891
351401,0,0.0032,1,103898
352861,0,0.00064,1,103898
354321,0,0.000128,1,103898
355781,0,2.56e-05,1,103898
357241,0,5.12e-06,1,103898
358701,0,1.024e-06,1,103898
360161,0,2.048e-07,1,103898
361621,0,4.096e-08,1,103898
363081,0,8.192e-09,1,103898
364541,0,1.6384e-09,1,103898
366001,0,3.2768e-10,1,103898
367461,0,6.5536e-11,1,103898
368921,0,1.31072e-11,1,103898
370381,0,2.62144e-12,1,103898
371841,0,5.24288e-13,1,103898
373301,0,1.04857e-13,1,104095
374761,0,2.09715e-14,1,104095
376221,0,4.1943e-15,1,104127
377681,0,8.3886e-16,1,104127
379141,0,1.67772e-16,1,104138
380601,0,3.35544e-17,1,104138
382061,0.01,0.008,1,104156
383521,0.02,0.0176,1,104156
384981,0,0.00352,1,104174
386441,0,0.000704,1,104174
387901,0,0.0001408,1,104197
389361,0,2.816e-05,1,104197
390821,0.01,0.00800563,1,104199
392281,0.02,0.0176011,1,104199
393741,0.01,0.0115202,1,104201
395201,0.02,0.018304,1,104201
396661,0.01,0.0116608,1,104203
398121,0.02,0.0183322,1,104203
399581,0.01,0.0116664,1,104205
401041,0.02,0.0183333,1,104205
402501,0.15,0.123667,1,104312
403961,0.16,0.152733,1,104312
405421,0.03,0.0545467,1,104320
406881,0.04,0.0429093,1,104320
408341,0.03,0.0325819,1,104322
409801,0.04,0.0385164,1,104322
411261,0.03,0.0317033,1,104324
412721,0.04,0.0383407,1,104324
414181,0.03,0.0316681,1,104326
415641,0.04,0.0383336,1,104326
417101,0.03,0.0316667,1,104328
418561,0.04,0.0383333,1,104328
420021,0.03,0.0316667,1,104330
421481,0.04,0.0383333,1,104330
422941,0.03,0.0316667,1,104332
424401,0.04,0.0383333,1,104332
425861,0,0.00766667,1,104516
427321,0,0.00153333,1,104516
428781,0,0.000306667,1,104548
430241,0,6.13333e-05,1,104548
431701,0,1.22667e-05,1,104559
433161,0,2.45333e-06,1,104559
434621,0.01,0.00800049,1,104577
436081,0.02,0.0176001,1,104577
437541,0,0.00352002,1,104595
439001,0,0.000704004,1,104595
440461,0,0.000140801,1,104618
441921,0,2.81602e-05,1,104618
443381,0.01,0.00800563,1,104620
444841,0.02,0.0176011,1,104620
446301,0.01,0.0115202,1,104622
447761,0.02,0.018304,1,104622
449221,0.01,0.0116608,1,104624
450681,0.02,0.0183322,1,104624
452141,0.01,0.0116664,1,104626
453601,0.02,0.0183333,1,104626
455061,0.03,0.0276667,1,104740
456521,0.04,0.0375333,1,104740
457981,0.03,0.0315067,1,104742
459441,0.04,0.0383013,1,104742
460901,0.03,0.0316603,1,104744
462361,0.04,0.0383321,1,104744
463821,0.03,0.0316664,1,104746
465281,0.04,0.0383333,1,104746
466741,0.03,0.0316667,1,104748
468201,0.04,0.0383333,1,104748
469661,0.03,0.0316667,1,104750
471121,0.04,0.0383333,1,104750
472581,0.03,0.0316667,1,104752
474041,0.04,0.0383333,1,104752
475501,0.03,0.0316667,1,104754
476961,0.04,0.0383333,1,104754
478421,0,0.00766667,1,104937
479881,0,0.00153333,1,104937
481341,0,0.000306667,1,104937
482801,0,6.13333e-05,1,104969
484261,0,1.22667e-05,1,104969
485721,0,2.45333e-06,1,104980
487181,0,4.90666e-07,1,104980
488641,0.03,0.0240001,1,104998
490101,0.04,0.0368,1,104998
491561,0,0.00736,1,105016
493021,0,0.001472,1,105016
494481,0.01,0.0082944,1,105039
495941,0.02,0.0176589,1,105039
497401,0.01,0.0115318,1,105041
498861,0.02,0.0183064,1,105041
500321,0.01,0.0116613,1,105043
501781,0.02,0.0183323,1,105043
503241,0.01,0.0116665,1,105045
504701,0.02,0.0183333,1,105045
506161,0.01,0.0116667,1,105047
507621,0.02,0.0183333,1,105047
509081,0.11,0.0916667,1,105162
510541,0.12,0.114333,1,105162
512001,0.11,0.110867,1,105164
513461,0.12,0.118173,1,105164
514921,0.11,0.111635,1,105166
516381,0.12,0.118327,1,105166
517841,0.11,0.111665,1,105168
519301,0.12,0.118333,1,105168
520761,0.11,0.111667,1,105170
522221,0.12,0.118333,1,105170
523681,0.11,0.111667,1,105172
525141,0.12,0.118333,1,105172
526601,0.11,0.111667,1,105174
528061,0.12,0.118333,1,105174
529521,0.11,0.111667,1,105176
530981,0.12,0.118333,1,105176
532441,0,0.0236667,1,105358
533901,0,0.00473333,1,105358
535361,0.01,0.00894667,1,105360
536821,0.02,0.0177893,1,105360
538281,0,0.00355787,1,105391
539741,0,0.000711573,1,105391
541201,0,0.000142315,1,105402
542661,0,2.84629e-05,1,105402
544121,0.01,0.00800569,1,105421
545581,0.02,0.0176011,1,105421
547041,0,0.00352023,1,105438
548501,0,0.000704045,1,105438
549961,0,0.000140809,1,105461
551421,0,2.81618e-05,1,105461
552881,0.01,0.00800563,1,105463
554341,0.02,0.0176011,1,105463
555801,0.01,0.0115202,1,105465
557261,0.02,0.018304,1,105465
558721,0.01,0.0116608,1,105467
560181,0.02,0.0183322,1,105467
561641,0.01,0.0116664,1,105469
563101,0.02,0.0183333,1,105469
564561,0.03,0.0276667,1,105589
566021,0.04,0.0375333,1,105589
567481,0.03,0.0315067,1,105591
568941,0.04,0.0383013,1,105591
570401,0.03,0.0316603,1,105593
571861,0.04,0.0383321,1,105593
573321,0.03,0.0316664,1,105595
574781,0.04,0.0383333,1,105595
576241,0.03,0.0316667,1,105597
577701,0.04,0.0383333,1,105597
579161,0.03,0.0316667,1,105599
580621,0.04,0.0383333,1,105599
582081,0.03,0.0316667,1,105601
583541,0.04,0.0383333,1,105601
585001,0.03,0.0316667,1,105603
586461,0.04,0.0383333,1,105603
587921,0,0.00766667,1,105780
589381,0,0.00153333,1,105780
590841,0.01,0.00830667,1,105782
592301,0.02,0.0176613,1,105782
593761,0,0.00353227,1,105813
595221,0,0.000706453,1,105813
596681,0,0.000141291,1,105813
598141,0,2.82581e-05,1,105824
599601,0,5.65163e-06,1,105824
601061,0.01,0.00800113,1,105843
602521,0.02,0.0176002,1,105843
603981,0,0.00352005,1,105860
605441,0,0.000704009,1,105860
606901,0,0.000140802,1,105883
608361,0,2.81604e-05,1,105883
609821,0.01,0.00800563,1,105885
611281,0.02,0.0176011,1,105885
612741,0.01,0.0115202,1,105887
614201,0.02,0.018304,1,105887
615661,0.01,0.0116608,1,105889
617121,0.02,0.0183322,1,105889
618581,0.01,0.0116664,1,105891
620041,0.02,0.0183333,1,105891
621501,0.07,0.0596667,1,106012
622961,0.08,0.0759333,1,106012
624421,0.07,0.0711867,1,106014
625881,0.08,0.0782373,1,106014
627341,0.07,0.0716475,1,106016
628801,0.08,0.0783295,1,106016
630261,0.07,0.0716659,1,106018
631721,0.08,0.0783332,1,106018
633181,0.07,0.0716666,1,106020
634641,0.08,0.0783333,1,106020
636101,0.07,0.0716667,1,106022
637561,0.08,0.0783333,1,106022
639021,0.07,0.0716667,1,106024
640481,0.08,0.0783333,1,106024
641941,0.07,0.0716667,1,106026
643401,0.08,0.0783333,1,106026
644861,0,0.0156667,1,106202
646321,0,0.00313333,1,106202
647781,0.01,0.00862667,1,106204
649241,0.02,0.0177253,1,106204
650701,0,0.00354507,1,106235
652161,0,0.000709013,1,106235
653621,0,0.000141803,1,106245
655081,0,2.83605e-05,1,106245
656541,0.03,0.0240057,1,106264
658001,0.04,0.0368011,1,106264
659461,0,0.00736023,1,106281
660921,0,0.00147205,1,106281
662381,0,0.000294409,1,106304
663841,0,5.88818e-05,1,106304
665301,0.01,0.00801178,1,106306
666761,0.02,0.0176024,1,106306
668221,0.01,0.0115205,1,106308
669681,0.02,0.0183041,1,106308
671141,0.01,0.0116608,1,106310
672601,0.02,0.0183322,1,106310
674061,0.01,0.0116664,1,106312
675521,0.02,0.0183333,1,106312
676981,0.05,0.0436667,1,106436
678441,0.06,0.0567333,1,106436
679901,0.05,0.0513467,1,106438
681361,0.06,0.0582693,1,106438
682821,0.05,0.0516539,1,106440
684281,0.06,0.0583308,1,106440
685741,0.05,0.0516662,1,106442
687201,0.06,0.0583332,1,106442
688661,0.05,0.0516666,1,106444
690121,0.06,0.0583333,1,106444
691581,0.05,0.0516667,1,106446
693041,0.06,0.0583333,1,106446
694501,0.05,0.0516667,1,106448
695961,0.06,0.0583333,1,106448
697421,0.05,0.0516667,1,106450
698881,0.06,0.0583333,1,106450
700341,0,0.0116667,1,106623
701801,0,0.00233333,1,106623
703261,0.01,0.00846667,1,106625
704721,0.02,0.0176933,1,106625
706181,0,0.00353867,1,106656
707641,0,0.000707733,1,106656
709101,0,0.000141547,1,106666
710561,0,2.83093e-05,1,106666
712021,0.01,0.00800566,1,106686
713481,0.02,0.0176011,1,106686
714941,0.02,0.0195202,1,106686
716401,0,0.00390405,1,106702
717861,0,0.000780809,1,106702
719321,0.03,0.0241562,1,106725
720781,0.04,0.0368312,1,106725
722241,0.03,0.0313662,1,106727
723701,0.04,0.0382732,1,106727
725161,0.03,0.0316547,1,106729
726621,0.04,0.0383309,1,106729
728081,0.03,0.0316662,1,106731
729541,0.04,0.0383332,1,106731
731001,0.03,0.0316666,1,106733
732461,0.04,0.0383333,1,106733
733921,0.03,0.0316667,1,106859
735381,0.04,0.0383333,1,106859
736841,0.03,0.0316667,1,106861
738301,0.04,0.0383333,1,106861
739761,0.03,0.0316667,1,106863
741221,0.04,0.0383333,1,106863
742681,0.03,0.0316667,1,106865
744141,0.04,0.0383333,1,106865
745601,0.03,0.0316667,1,106867
747061,0.04,0.0383333,1,106867
748521,0.03,0.0316667,1,106869
749981,0.04,0.0383333,1,106869
751441,0.03,0.0316667,1,106871
752901,0.04,0.0383333,1,106871
754361,0.03,0.0316667,1,106873
755821,0.04,0.0383333,1,106873
757281,0,0.00766667,1,107044
758741,0,0.00153333,1,107044
760201,0.01,0.00830667,1,107046
761661,0.02,0.0176613,1,107046
763121,0,0.00353227,1,107077
764581,0,0.000706453,1,107077
766041,0.01,0.00814129,1,107087
767501,0.02,0.0176283,1,107087
768961,0.01,0.0115257,1,107107
770421,0.02,0.0183051,1,107107
771881,0.01,0.011661,1,107109
773341,0.02,0.0183322,1,107109
774801,0,0.00366644,1,107124
776261,0,0.000733288,1,107124
777721,0,0.000146658,1,107148
779181,0,2.93315e-05,1,107148
780641,0.01,0.00800587,1,107150
782101,0.02,0.0176012,1,107150
783561,0.01,0.0115202,1,107152
785021,0.02,0.018304,1,107152
786481,0.01,0.0116608,1,107154
787941,0.02,0.0183322,1,107154
789401,0.01,0.0116664,1,107156
790861,0.02,0.0183333,1,107156
792321,0.01,0.0116667,1,107282
793781,0.02,0.0183333,1,107282
795241,0.01,0.0116667,1,107284
796701,0.02,0.0183333,1,107284
798161,0.01,0.0116667,1,107286
799621,0.02,0.0183333,1,107286
801081,0.01,0.0116667,1,107288
802541,0.02,0.0183333,1,107288
804001,0.01,0.0116667,1,107290
805461,0.02,0.0183333,1,107290
806921,0.01,0.0116667,1,107292
808381,0.02,0.0183333,1,107292
809841,0.01,0.0116667,1,107294
811301,0.02,0.0183333,1,107294
812761,0.01,0.0116667,1,107296
814221,0.02,0.0183333,1,107296
815681,0,0.00366667,1,107466
817141,0,0.000733333,1,107466
818601,0.01,0.00814667,1,107468
820061,0.02,0.0176293,1,107468
821521,0,0.00352587,1,107499
822981,0,0.000705173,1,107499
824441,0.01,0.00814103,1,107509
825901,0.02,0.0176282,1,107509
827361,0.01,0.0115256,1,107529
828821,0.02,0.0183051,1,107529
830281,0.01,0.011661,1,107531
831741,0.02,0.0183322,1,107531
833201,0,0.00366644,1,107546
834661,0,0.000733288,1,107546
836121,0,0.000146658,1,107570
837581,0,2.93315e-05,1,107570
839041,0,5.8663e-06,1,107570
840501,0.03,0.0240012,1,107572
841961,0.04,0.0368002,1,107572
843421,0.03,0.03136,1,107574
844881,0.04,0.038272,1,107574
846341,0.03,0.0316544,1,107576
847801,0.04,0.0383309,1,107576
849261,0.03,0.0316662,1,107578
850721,0.04,0.0383332,1,107578
852181,0.05,0.0476666,1,107704
853641,0.06,0.0575333,1,107704
855101,0.05,0.0515067,1,107706
856561,0.06,0.0583013,1,107706
858021,0.05,0.0516603,1,107708
859481,0.06,0.0583321,1,107708
860941,0.05,0.0516664,1,107710
862401,0.06,0.0583333,1,107710
863861,0.05,0.0516667,1,107712
865321,0.06,0.0583333,1,107712
866781,0.05,0.0516667,1,107714
868241,0.06,0.0583333,1,107714
869701,0.05,0.0516667,1,107716
871161,0.06,0.0583333,1,107716
872621,0.05,0.0516667,1,107718
874081,0.06,0.0583333,1,107718
875541,0,0.0116667,1,107888
877001,0,0.00233333,1,107888
878461,0.01,0.00846667,1,107890
879921,0.02,0.0176933,1,107890
881381,0,0.00353867,1,107921
882841,0,0.000707733,1,107921
884301,0,0.000141547,1,107931
885761,0,2.83093e-05,1,107931
887221,0.01,0.00800566,1,107951
888681,0.02,0.0176011,1,107951
890141,0.01,0.0115202,1,107953
891601,0.02,0.018304,1,107953
893061,0,0.00366081,1,107968
894521,0,0.000732162,1,107968
895981,0,0.000146432,1,107992
897441,0,2.92865e-05,1,107992
898901,0.01,0.00800586,1,107994
900361,0.02,0.0176012,1,107994
901821,0.01,0.0115202,1,107996
903281,0.02,0.018304,1,107996
904741,0.01,0.0116608,1,107998
906201,0.02,0.0183322,1,107998
907661,0.01,0.0116664,1,108000
909121,0.02,0.0183333,1,108000
910581,0.05,0.0436667,1,108127
912041,0.06,0.0567333,1,108127
913501,0.05,0.0513467,1,108129
914961,0.06,0.0582693,1,108129
916421,0.05,0.0516539,1,108131
917881,0.06,0.0583308,1,108131
919341,0.05,0.0516662,1,108133
920801,0.06,0.0583332,1,108133
922261,0.05,0.0516666,1,108135
923721,0.06,0.0583333,1,108135
925181,0.05,0.0516667,1,108137
926641,0.06,0.0583333,1,108137
928101,0.05,0.0516667,1,108139
929561,0.06,0.0583333,1,108139
931021,0.05,0.0516667,1,108141
932481,0.06,0.0583333,1,108141
933941,0,0.0116667,1,108309
935401,0,0.00233333,1,108309
936861,0.01,0.00846667,1,108311
938321,0.02,0.0176933,1,108311
939781,0,0.00353867,1,108342
941241,0,0.000707733,1,108342
942701,0,0.000141547,1,108352
944161,0,2.83093e-05,1,108352
945621,0.01,0.00800566,1,108372
947081,0.02,0.0176011,1,108372
948541,0.01,0.0115202,1,108374
950001,0.02,0.018304,1,108374
951461,0,0.00366081,1,108389
952921,0,0.000732162,1,108389
954381,0,0.000146432,1,108413
955841,0,2.92865e-05,1,108413
957301,0.03,0.0240059,1,108415
958761,0.04,0.0368012,1,108415
960221,0.03,0.0313602,1,108417
961681,0.04,0.038272,1,108417
963141,0.04,0.0396544,1,108417
964601,0.05,0.0479309,1,108419
966061,0.06,0.0575862,1,108419
967521,0.05,0.0515172,1,108421
968981,0.06,0.0583034,1,108421
970441,0.03,0.0356607,1,108550
971901,0.04,0.0391321,1,108550
973361,0.03,0.0318264,1,108552
974821,0.04,0.0383653,1,108552
976281,0.03,0.0316731,1,108554
977741,0.04,0.0383346,1,108554
979201,0.03,0.0316669,1,108556
980661,0.04,0.0383334,1,108556
982121,0.03,0.0316667,1,108558
983581,0.04,0.0383333,1,108558
985041,0.03,0.0316667,1,108560
986501,0.04,0.0383333,1,108560
987961,0.03,0.0316667,1,108562
989421,0.04,0.0383333,1,108562
990881,0.03,0.0316667,1,108564
992341,0.04,0.0383333,1,108564
993801,0,0.00766667,1,108730
995261,0,0.00153333,1,108730
996721,0.01,0.00830667,1,108732
998181,0.02,0.0176613,1,108732
999641,0,0.00353227,1,108763
1001101,0,0.000706453,1,108763
1002561,0.01,0.00814129,1,108773
1004021,0.02,0.0176283,1,108773
1005481,0.01,0.0115257,1,108793
1006941,0.02,0.0183051,1,108793
1008401,0.01,0.011661,1,108795
1009861,0.02,0.0183322,1,108795
1011321,0.01,0.0116664,1,108810
1012781,0.02,0.0183333,1,108810
1014241,0,0.00366666,1,108834
1015701,0,0.000733331,1,108834
1017161,0,0.000146666,1,108837
1018621,0,2.93333e-05,1,108837
1020081,0.01,0.00800587,1,108839
1021541,0.02,0.0176012,1,108839
1023001,0.01,0.0115202,1,108841
1024461,0.02,0.018304,1,108841
1025921,0.01,0.0116608,1,108843
1027381,0.02,0.0183322,1,108843
1028841,0.01,0.0116664,1,108845
1030301,0.02,0.0183333,1,108845
1031761,0.01,0.0116667,1,108973
1033221,0.02,0.0183333,1,108973
1034681,0.01,0.0116667,1,108975
1036141,0.02,0.0183333,1,108975
1037601,0.01,0.0116667,1,108977
1039061,0.02,0.0183333,1,108977
1040521,0.01,0.0116667,1,108979
1041981,0.02,0.0183333,1,108979
1043441,0.01,0.0116667,1,108981
1044901,0.02,0.0183333,1,108981
1046361,0.01,0.0116667,1,108983
1047821,0.02,0.0183333,1,108983
1049281,0.01,0.0116667,1,108985
1050741,0.02,0.0183333,1,108985
1052201,0.01,0.0116667,1,108987
1053661,0.02,0.0183333,1,108987
1055121,0,0.00366667,1,109152
1056581,0,0.000733333,1,109152
1058041,0.01,0.00814667,1,109154
1059501,0.02,0.0176293,1,109154
1060961,0,0.00352587,1,109185
1062421,0,0.000705173,1,109185
1063881,0.01,0.00814103,1,109195
1065341,0.02,0.0176282,1,109195
1066801,0.01,0.0115256,1,109215
1068261,0.02,0.0183051,1,109215
1069721,0.01,0.011661,1,109217
1071181,0.02,0.0183322,1,109217
1072641,0.01,0.0116664,1,109232
1074101,0.02,0.0183333,1,109232
1075561,0,0.00366666,1,109256
1077021,0,0.000733331,1,109256
1078481,0.01,0.00814667,1,109259
1079941,0.02,0.0176293,1,109259
1081401,0.01,0.0115259,1,109261
1082861,0.02,0.0183052,1,109261
1084321,0.01,0.011661,1,109263
1085781,0.02,0.0183322,1,109263
1087241,0.01,0.0116664,1,109265
1088701,0.02,0.0183333,1,109265
1090161,0.02,0.0196667,1,109265
1091621,0.03,0.0279333,1,109267
1093081,0.04,0.0375867,1,109267
1094541,0.01,0.0155173,1,109395
1096001,0.02,0.0191035,1,109395
1097461,0.01,0.0118207,1,109397
1098921,0.02,0.0183641,1,109397
1100381,0.01,0.0116728,1,109399
1101841,0.02,0.0183346,1,109399
1103301,0.01,0.0116669,1,109401
1104761,0.02,0.0183334,1,109401
1106221,0.01,0.0116667,1,109403
1107681,0.02,0.0183333,1,109403
1109141,0.01,0.0116667,1,109405
1110601,0.02,0.0183333,1,109405
1112061,0.01,0.0116667,1,109407
1113521,0.02,0.0183333,1,109407
1114981,0.01,0.0116667,1,109409
1116441,0.02,0.0183333,1,109409
1117901,0,0.00366667,1,109574
1119361,0,0.000733333,1,109574
1120821,0.01,0.00814667,1,109576
1122281,0.02,0.0176293,1,109576
1123741,0,0.00352587,1,109607
1125201,0,0.000705173,1,109607
1126661,0,0.000141035,1,109617
1128121,0,2.82069e-05,1,109617
1129581,0.01,0.00800564,1,109637
1131041,0.02,0.0176011,1,109637
1132501,0.01,0.0115202,1,109639
1133961,0.02,0.018304,1,109639
1135421,0,0.00366081,1,109654
1136881,0,0.000732162,1,109654
1138341,0,0.000146432,1,109678
1139801,0,2.92865e-05,1,109678
1141261,0.03,0.0240059,1,109681
1142721,0.04,0.0368012,1,109681
1144181,0.03,0.0313602,1,109683
1145641,0.04,0.038272,1,109683
1147101,0.03,0.0316544,1,109685
1148561,0.04,0.0383309,1,109685
1150021,0.03,0.0316662,1,109687
1151481,0.04,0.0383332,1,109687
1152941,0.03,0.0316666,1,109689
1154401,0.04,0.0383333,1,109689
1155861,0.05,0.0476667,1,109816
1157321,0.06,0.0575333,1,109816
1158781,0.05,0.0515067,1,109818
1160241,0.06,0.0583013,1,109818
1161701,0.05,0.0516603,1,109820
1163161,0.06,0.0583321,1,109820
1164621,0.05,0.0516664,1,109822
1166081,0.06,0.0583333,1,109822
1167541,0.05,0.0516667,1,109824
1169001,0.06,0.0583333,1,109824
1170461,0.05,0.0516667,1,109826
1171921,0.06,0.0583333,1,109826
1173381,0.05,0.0516667,1,109828
1174841,0.06,0.0583333,1,109828
1176301,0.05,0.0516667,1,109830
1177761,0.06,0.0583333,1,109830
1179221,0,0.0116667,1,109995
1180681,0,0.00233333,1,109995
1182141,0.01,0.00846667,1,109997
1183601,0.02,0.0176933,1,109997
1185061,0,0.00353867,1,110028
1186521,0,0.000707733,1,110028
1187981,0,0.000141547,1,110038
1189441,0,2.83093e-05,1,110038
1190901,0.01,0.00800566,1,110058
1192361,0.02,0.0176011,1,110058
1193821,0.01,0.0115202,1,110060
1195281,0.02,0.018304,1,110060
1196741,0.01,0.0116608,1,110075
1198201,0.02,0.0183322,1,110075
1199661,0,0.00366643,1,110099
1201121,0,0.000733286,1,110099
1202581,0.03,0.0241467,1,110103
1204041,0.04,0.0368293,1,110103
1205501,0.03,0.0313659,1,110105
1206961,0.04,0.0382732,1,110105
1208421,0.03,0.0316546,1,110107
1209881,0.04,0.0383309,1,110107
1211341,0.03,0.0316662,1,110109
1212801,0.04,0.0383332,1,110109
1214261,0.03,0.0316666,1,110111
1215721,0.04,0.0383333,1,110111
1217181,0.03,0.0316667,1,110239
1218641,0.04,0.0383333,1,110239
1220101,0.04,0.0396667,1,110239
1221561,0.05,0.0479333,1,110241
1223021,0.06,0.0575867,1,110241
1224481,0.05,0.0515173,1,110243
1225941,0.06,0.0583035,1,110243
1227401,0.05,0.0516607,1,110245
1228861,0.06,0.0583321,1,110245
1230321,0.05,0.0516664,1,110247
1231781,0.06,0.0583333,1,110247
1233241,0.05,0.0516667,1,110249
1234701,0.06,0.0583333,1,110249
1236161,0.05,0.0516667,1,110251
1237621,0.06,0.0583333,1,110251
1239081,0.05,0.0516667,1,110253
1240541,0.06,0.0583333,1,110253
1242001,0,0.0116667,1,110416
1243461,0,0.00233333,1,110416
1244921,0.01,0.00846667,1,110418
1246381,0.02,0.0176933,1,110418
1247841,0,0.00353867,1,110449
1249301,0,0.000707733,1,110449
1250761,0.01,0.00814155,1,110459
1252221,0.02,0.0176283,1,110459
1253681,0.01,0.0115257,1,110479
1255141,0.02,0.0183051,1,110479
1256601,0.01,0.011661,1,110481
1258061,0.02,0.0183322,1,110481
1259521,0.03,0.0276664,1,110496
1260981,0.04,0.0375333,1,110496
1262441,0,0.00750666,1,110520
1263901,0,0.00150133,1,110520
1265361,0.01,0.00830027,1,110525
1266821,0.02,0.0176601,1,110525
1268281,0.01,0.011532,1,110527
1269741,0.02,0.0183064,1,110527
1271201,0.01,0.0116613,1,110529
1272661,0.02,0.0183323,1,110529
1274121,0.01,0.0116665,1,110531
1275581,0.02,0.0183333,1,110531
1277041,0.01,0.0116667,1,110533
1278501,0.02,0.0183333,1,110533
1279961,0.05,0.0436667,1,110661
1281421,0.06,0.0567333,1,110661
1282881,0.05,0.0513467,1,110663
1284341,0.06,0.0582693,1,110663
1285801,0.05,0.0516539,1,110665
1287261,0.06,0.0583308,1,110665
1288721,0.05,0.0516662,1,110667
1290181,0.06,0.0583332,1,110667
1291641,0.05,0.0516666,1,110669
1293101,0.06,0.0583333,1,110669
1294561,0.05,0.0516667,1,110671
1296021,0.06,0.0583333,1,110671
1297481,0.05,0.0516667,1,110673
1298941,0.06,0.0583333,1,110673
1300401,0.05,0.0516667,1,110675
1301861,0.06,0.0583333,1,110675
1303321,0.05,0.0516667,1,110677
1304781,0.06,0.0583333,1,110677
1306241,0,0.0116667,1,110838
1307701,0,0.00233333,1,110838
1309161,0.01,0.00846667,1,110840
1310621,0.02,0.0176933,1,110840
1312081,0,0.00353867,1,110871
1313541,0,0.000707733,1,110871
1315001,0.03,0.0241415,1,110881
1316461,0.04,0.0368283,1,110881
1317921,0.01,0.0153657,1,110901
1319381,0.02,0.0190731,1,110901
1320841,0.01,0.0118146,1,110903
1322301,0.02,0.0183629,1,110903
1323761,0.01,0.0116726,1,110919
1325221,0.02,0.0183345,1,110919
1326681,0,0.0036669,1,110942
1328141,0,0.000733381,1,110942
1329601,0,0.000146676,1,110947
1331061,0,2.93352e-05,1,110947
1332521,0.01,0.00800587,1,110949
1333981,0.02,0.0176012,1,110949
1335441,0.01,0.0115202,1,110951
1336901,0.02,0.018304,1,110951
1338361,0.01,0.0116608,1,110953
1339821,0.02,0.0183322,1,110953
1341281,0.01,0.0116664,1,110955
1342741,0.02,0.0183333,1,110955
1344201,0.09,0.0756667,1,111085
1345661,0.1,0.0951333,1,111085
1347121,0.09,0.0910267,1,111087
1348581,0.1,0.0982053,1,111087
1350041,0.09,0.0916411,1,111089
1351501,0.1,0.0983282,1,111089
1352961,0.1,0.0996656,1,111089
1354421,0.11,0.107933,1,111091
1355881,0.12,0.117587,1,111091
1357341,0.11,0.111517,1,111093
1358801,0.12,0.118303,1,111093
1360261,0.11,0.111661,1,111095
1361721,0.12,0.118332,1,111095
1363181,0.11,0.111666,1,111097
1364641,0.12,0.118333,1,111097
1366101,0.11,0.111667,1,111099
1367561,0.12,0.118333,1,111099
1369021,0.11,0.111667,1,111101
1370481,0.12,0.118333,1,111101
1371941,0,0.0236667,1,111260
1373401,0,0.00473333,1,111260
1374861,0.01,0.00894667,1,111262
1376321,0.02,0.0177893,1,111262
1377781,0.11,0.0915579,1,111293
1379241,0.12,0.114312,1,111293
1380701,0.05,0.0628623,1,111304
1382161,0.06,0.0605725,1,111304
1383621,0.01,0.0201145,1,111323
1385081,0.02,0.0200229,1,111323
1386541,0.01,0.0120046,1,111325
1388001,0.02,0.0184009,1,111325
1389461,0,0.00368018,1,111341
1390921,0,0.000736037,1,111341
1392381,0,0.000147207,1,111364
1393841,0,2.94415e-05,1,111364
1395301,0,5.88829e-06,1,111369
1396761,0,1.17766e-06,1,111369
1398221,0.01,0.00800024,1,111371
1399681,0.02,0.0176,1,111371
1401141,0.01,0.01152,1,111373
1402601,0.02,0.018304,1,111373
1404061,0.01,0.0116608,1,111375
1405521,0.02,0.0183322,1,111375
1406981,0.01,0.0116664,1,111377
1408441,0.02,0.0183333,1,111377
1409901,0.03,0.0276667,1,111511
1411361,0.04,0.0375333,1,111511
1412821,0.03,0.0315067,1,111513
1414281,0.04,0.0383013,1,111513
1415741,0.03,0.0316603,1,111515
1417201,0.04,0.0383321,1,111515
1418661,0.03,0.0316664,1,111517
1420121,0.04,0.0383333,1,111517
1421581,0.03,0.0316667,1,111519
1423041,0.04,0.0383333,1,111519
1424501,0.03,0.0316667,1,111521
1425961,0.04,0.0383333,1,111521
1427421,0.03,0.0316667,1,111523
1428881,0.04,0.0383333,1,111523
1430341,0.03,0.0316667,1,111525
1431801,0.04,0.0383333,1,111525
1433261,0.03,0.0316667,1,111527
1434721,0.04,0.0383333,1,111527
1436181,0,0.00766667,1,111681
1437641,0,0.00153333,1,111681
1439101,0.01,0.00830667,1,111683
1440561,0.02,0.0176613,1,111683
1442021,0.21,0.171532,1,111719
1443481,0.22,0.210306,1,111719
1444941,0.21,0.210061,1,111727
1446401,0.22,0.218012,1,111727
1447861,0.11,0.131602,1,111744
1449321,0.12,0.12232,1,111744
1450781,0.11,0.112464,1,111746
1452241,0.12,0.118493,1,111746
1453701,0.03,0.0476986,1,111762
1455161,0.04,0.0415397,1,111762
1456621,0,0.00830794,1,111785
1458081,0,0.00166159,1,111785
1459541,0.01,0.00833232,1,111790
1461001,0.02,0.0176665,1,111790
1462461,0.01,0.0115333,1,111792
1463921,0.02,0.0183067,1,111792
1465381,0.01,0.0116613,1,111794
1466841,0.02,0.0183323,1,111794
1468301,0.01,0.0116665,1,111796
1469761,0.02,0.0183333,1,111796
1471221,0.01,0.0116667,1,111798
1472681,0.02,0.0183333,1,111798
1474141,0.11,0.0916667,1,111933
1475601,0.12,0.114333,1,111933
1477061,0.11,0.110867,1,111935
1478521,0.12,0.118173,1,111935
1479981,0.11,0.111635,1,111937
1481441,0.12,0.118327,1,111937
1482901,0.11,0.111665,1,111939
1484361,0.12,0.118333,1,111939
1485821,0.11,0.111667,1,111941
1487281,0.12,0.118333,1,111941
1488741,0.12,0.119667,1,111941
1490201,0.13,0.127933,1,111943
1491661,0.14,0.137587,1,111943
1493121,0.13,0.131517,1,111945
1494581,0.14,0.138303,1,111945
1496041,0.13,0.131661,1,111947
1497501,0.14,0.138332,1,111947
1498961,0.13,0.131666,1,111949
1500421,0.14,0.138333,1,111949
1501881,0,0.0276667,1,112102
1503341,0,0.00553333,1,112102
1504801,0.01,0.00910667,1,112104
1506261,0.02,0.0178213,1,112104
1507721,0.33,0.267564,1,112150
1509181,0.34,0.325513,1,112150
1510641,0.33,0.329103,1,112158
1512101,0.34,0.337821,1,112158
1513561,0.33,0.331564,1,112170
1515021,0.34,0.338313,1,112170
1516481,0.33,0.331663,1,112172
1517941,0.34,0.338333,1,112172
1519401,0.33,0.331666,1,112184
1520861,0.34,0.338333,1,112184
1522321,0.05,0.107667,1,112206
1523781,0.06,0.0695333,1,112206
1525241,0.03,0.0379067,1,112211
1526701,0.04,0.0395813,1,112211
1528161,0.03,0.0319163,1,112213
1529621,0.04,0.0383833,1,112213
1531081,0.03,0.0316767,1,112215
1532541,0.04,0.0383353,1,112215
1534001,0.03,0.0316671,1,112217
1535461,0.04,0.0383334,1,112217
1536921,0.03,0.0316667,1,112219
1538381,0.04,0.0383333,1,112219
1539841,0.11,0.0956667,1,112359
1541301,0.12,0.115133,1,112359
1542761,0.11,0.111027,1,112361
1544221,0.12,0.118205,1,112361
1545681,0.11,0.111641,1,112363
1547141,0.12,0.118328,1,112363
1548601,0.11,0.111666,1,112365
1550061,0.12,0.118333,1,112365
1551521,0.11,0.111667,1,112367
1552981,0.12,0.118333,1,112367
1554441,0.11,0.111667,1,112369
1555901,0.12,0.118333,1,112369
1557361,0.11,0.111667,1,112371
1558821,0.12,0.118333,1,112371
1560281,0.11,0.111667,1,112373
1561741,0.12,0.118333,1,112373
1563201,0.11,0.111667,1,112375
1564661,0.12,0.118333,1,112375
1566121,0.11,0.111667,1,112377
1567581,0.12,0.118333,1,112377
1569041,0.09,0.0956667,1,112524
1570501,0.1,0.0991333,1,112524
1571961,0.09,0.0918267,1,112526
1573421,0.1,0.0983653,1,112526
1574881,0.43,0.363673,1,112588
1576341,0.44,0.424735,1,112588
1577801,0.43,0.428947,1,112596
1579261,0.44,0.437789,1,112596
1580721,0.43,0.431558,1,112608
1582181,0.44,0.438312,1,112608
1583641,0.43,0.431662,1,112610
1585101,0.44,0.438332,1,112610
1586561,0.45,0.447666,1,112622
1588021,0.46,0.457533,1,112622
1589481,0.45,0.451507,1,112630
1590941,0.46,0.458301,1,112630
1592401,0.45,0.45166,1,112634
1593861,0.46,0.458332,1,112634
1595321,0.45,0.451666,1,112636
1596781,0.46,0.458333,1,112636
1598241,0.45,0.451667,1,112638
1599701,0.46,0.458333,1,112638
1601161,0.45,0.451667,1,112640
1602621,0.46,0.458333,1,112640
1604081,0.45,0.451667,1,112642
1605541,0.46,0.458333,1,112642
1607001,0.43,0.435667,1,112786
1608461,0.44,0.439133,1,112786
1609921,0.43,0.431827,1,112788
1611381,0.44,0.438365,1,112788
1612841,0.43,0.431673,1,112790
1614301,0.44,0.438335,1,112790
1615761,0.43,0.431667,1,112792
1617221,0.44,0.438333,1,112792
1618681,0.43,0.431667,1,112794
1620141,0.44,0.438333,1,112794
1621601,0.43,0.431667,1,112796
1623061,0.44,0.438333,1,112796
1624521,0.43,0.431667,1,112798
1625981,0.44,0.438333,1,112798
1627441,0.44,0.439667,1,112798
1628901,0.45,0.447933,1,112800
1630361,0.46,0.457587,1,112800
1631821,0.45,0.451517,1,112802
1633281,0.46,0.458303,1,112802
1634741,0.45,0.451661,1,112804
1636201,0.46,0.458332,1,112804
1637661,0.51,0.499666,1,112950
1639121,0.52,0.515933,1,112950
1640581,0.51,0.511187,1,112952
1642041,0.52,0.518237,1,112952
1643501,0.68,0.647647,1,113031
1644961,0.69,0.681529,1,113031
1646421,0.69,0.688306,1,113039
1647881,0.7,0.697661,1,113039
1649341,0.7,0.699532,1,113051
1650801,0.71,0.707906,1,113051
1652261,0.7,0.701581,1,113053
1653721,0.71,0.708316,1,113053
1655181,0.67,0.677663,1,113066
1656641,0.68,0.679533,1,113066
1658101,0.67,0.671907,1,113074
1659561,0.68,0.678381,1,113074
1661021,0.67,0.671676,1,113078
1662481,0.68,0.678335,1,113078
1663941,0.67,0.671667,1,113080
1665401,0.68,0.678333,1,113080
1666861,0.67,0.671667,1,113082
1668321,0.68,0.678333,1,113082
1669781,0.67,0.671667,1,113084
1671241,0.68,0.678333,1,113084
1672701,0.67,0.671667,1,113086
1674161,0.68,0.678333,1,113086
1675621,0.62,0.631667,1,113229
1677081,0.63,0.630333,1,113229
1678541,0.62,0.622067,1,113231
1680001,0.63,0.628413,1,113231
1681461,0.62,0.621683,1,113233
1682921,0.63,0.628337,1,113233
1684381,0.62,0.621667,1,113235
1685841,0.63,0.628333,1,113235
1687301,0.62,0.621667,1,113237
1688761,0.63,0.628333,1,113237
1690221,0.63,0.629667,1,113239
1691681,0.64,0.637933,1,113239
1693141,0.63,0.631587,1,113241
1694601,0.64,0.638317,1,113241
1696061,0.63,0.631663,1,113243
1697521,0.64,0.638333,1,113243
1698981,0.63,0.631667,1,113245
1700441,0.64,0.638333,1,113245
1701901,0.63,0.631667,1,113247
1703361,0.64,0.638333,1,113247
1704821,0.69,0.679667,1,113396
1706281,0.7,0.695933,1,113396
1707741,0.69,0.691187,1,113398
1709201,0.7,0.698237,1,113398
1710661,0.68,0.683647,1,113484
1712121,0.69,0.688729,1,113484
1713581,0.75,0.737746,1,113493
1715041,0.76,0.755549,2,113493
1716501,0.73,0.73511,1,113506
1717961,0.74,0.739022,1,113506
1719421,0.73,0.731804,1,113508
1720881,0.74,0.738361,1,113508
1722341,0.74,0.739672,1,113520
1723801,0.75,0.747934,1,113520
1725261,0.75,0.749587,1,113528
1726721,0.76,0.757917,2,113528
1728181,0.75,0.751583,2,113532
1729641,0.76,0.758317,2,113532
1731101,0.75,0.751663,2,113534
1732561,0.76,0.758333,2,113534
1734021,0.75,0.751667,2,113536
1735481,0.76,0.758333,2,113536
1736941,0.75,0.751667,2,113538
1738401,0.76,0.758333,2,113538
1739861,0.75,0.751667,2,113540
1741321,0.76,0.758333,2,113540
1742781,0.77,0.767667,2,113681
1744241,0.78,0.777533,2,113681
1745701,0.77,0.771507,2,113683
1747161,0.78,0.778301,2,113683
1748621,0.77,0.77166,2,113685
1750081,0.78,0.778332,2,113685
1751541,0.77,0.771666,2,113687
1753001,0.78,0.778333,2,113687
1754461,0.77,0.771667,2,113689
1755921,0.78,0.778333,2,113689
1757381,0.77,0.771667,2,113691
1758841,0.78,0.778333,2,113691
1760301,0.78,0.779667,2,113693
1761761,0.79,0.787933,2,113693
1763221,0.78,0.781587,2,113695
1764681,0.79,0.788317,2,113695
1766141,0.78,0.781663,2,113697
1767601,0.79,0.788333,2,113697
1769061,0.78,0.781667,2,113699
1770521,0.79,0.788333,2,113699
1771981,0.79,0.789667,2,113699
1773441,0.79,0.789933,2,113851
1774901,0.8,0.797987,2,113851
1776361,0.79,0.791597,2,113853
1777821,0.8,0.798319,2,113853
1779281,0.7,0.719664,1,113939
1780741,0.71,0.711933,1,113939
1782201,0.75,0.742387,1,113951
1783661,0.76,0.756477,2,113951
1785121,0.78,0.775295,2,113963
1786581,0.79,0.787059,2,113963
1788041,0.78,0.781412,2,113965
1789501,0.79,0.788282,2,113965
1790961,0.78,0.781656,2,113978
1792421,0.79,0.788331,2,113978
1793881,0.8,0.797666,2,113986
1795341,0.81,0.807533,2,113986
1796801,0.81,0.809507,2,113990
1798261,0.82,0.817901,2,113990
1799721,0.81,0.81158,2,113992
1801181,0.82,0.818316,2,113992
1802641,0.81,0.811663,2,113994
1804101,0.82,0.818333,2,113994
1805561,0.81,0.811667,2,113996
1807021,0.82,0.818333,2,113996
1808481,0.81,0.811667,2,113998
1809941,0.82,0.818333,2,113998
1811401,0.85,0.843667,2,114141
1812861,0.86,0.856733,2,114141
1814321,0.85,0.851347,2,114143
1815781,0.86,0.858269,2,114143
1817241,0.85,0.851654,2,114145
1818701,0.86,0.858331,2,114145
1820161,0.85,0.851666,2,114147
1821621,0.86,0.858333,2,114147
1823081,0.85,0.851667,2,114149
1824541,0.86,0.858333,2,114149
1826001,0.85,0.851667,2,114151
1827461,0.86,0.858333,2,114151
1828921,0.85,0.851667,2,114153
1830381,0.86,0.858333,2,114153
1831841,0.85,0.851667,2,114155
1833301,0.86,0.858333,2,114155
1834761,0.85,0.851667,2,114157
1836221,0.86,0.858333,2,114157
1837681,0.85,0.851667,2,114159
1839141,0.86,0.858333,2,114159
1840601,0.86,0.859667,2,114161
1842061,0.87,0.867933,2,114161
1843521,0.89,0.885587,2,114312
1844981,0.9,0.897117,2,114312
1846441,0.89,0.891424,2,114314
1847901,0.9,0.898285,2,114314
1849361,0.86,0.867657,2,114398
1850821,0.87,0.869531,2,114398
1852281,0.76,0.781906,2,114412
1853741,0.77,0.772381,2,114412
1855201,0.89,0.866476,2,114425
1856661,0.9,0.893295,2,114425
1858121,0.89,0.890659,2,114427
1859581,0.9,0.898132,2,114427
1861041,0.9,0.899626,2,114439
1862501,0.91,0.907925,2,114439
1863961,0.92,0.917585,2,114448
1865421,0.93,0.927517,2,114448
1866881,0.92,0.921503,2,114452
1868341,0.93,0.928301,2,114452
1869801,0.92,0.92166,2,114454
1871261,0.93,0.928332,2,114454
1872721,0.92,0.921666,2,114456
1874181,0.93,0.928333,2,114456
1875641,0.92,0.921667,2,114458
1877101,0.93,0.928333,2,114458
1878561,0.92,0.921667,2,114460
1880021,0.93,0.928333,2,114460
1881481,0.92,0.921667,2,114606
1882941,0.93,0.928333,2,114606
1884401,0.92,0.921667,2,114608
1885861,0.93,0.928333,2,114608
1887321,0.92,0.921667,2,114610
1888781,0.93,0.928333,2,114610
1890241,0.92,0.921667,2,114612
1891701,0.93,0.928333,2,114612
1893161,0.92,0.921667,2,114614
1894621,0.93,0.928333,2,114614
1896081,0.92,0.921667,2,114616
1897541,0.93,0.928333,2,114616
1899001,0.92,0.921667,2,114618
1900461,0.93,0.928333,2,114618
1901921,0.92,0.921667,2,114620
1903381,0.93,0.928333,2,114620
1904841,0.92,0.921667,2,114622
1906301,0.93,0.928333,2,114622
1907761,0.92,0.921667,2,114624
1909221,0.93,0.928333,2,114624
1910681,0.92,0.921667,2,114626
1912141,0.93,0.928333,2,114626
1990981,0.89,0.89,2,115332
1992441,0.9,0.898,2,115332
2297581,0.91,0.91,2,117291
2299041,0.92,0.918,2,117291
2300501,0.92,0.9196,2,117298
2301961,0.93,0.92792,2,117298
2303421,0.92,0.921584,2,117314
2304881,0.93,0.928317,2,117314
2306341,0.89,0.897663,2,117326
2307801,0.9,0.899533,2,117326
2309261,0.88,0.883907,2,117339
2310721,0.89,0.888781,2,117339
2312181,0.9,0.897756,2,117348
2313641,0.91,0.907551,2,117348
2315101,0.67,0.71751,1,117445
2316561,0.68,0.687502,1,117445
2318021,0.61,0.6255,1,117454
2319481,0.62,0.6211,1,117454
2320941,0.55,0.56422,1,117461
2322401,0.56,0.560844,1,117461
2323861,0.51,0.520169,1,117473
2325321,0.52,0.520034,1,117473
2326781,0.47,0.480007,1,117484
2328241,0.48,0.480001,1,117484
2329701,0.45,0.456,1,117496
2331161,0.46,0.4592,1,117496
2332621,0.37,0.38784,1,117507
2334081,0.38,0.381568,1,117507
2335541,0.4,0.396314,1,117515
2337001,0.41,0.407263,1,117515
2338461,0.35,0.361453,1,117524
2339921,0.36,0.360291,1,117524
2341381,0.29,0.304058,1,117535
2342841,0.3,0.300812,1,117535
2344301,0.25,0.260162,1,117542
2345761,0.26,0.260032,1,117542
2347221,0.21,0.220007,1,117599
2348681,0.22,0.220001,1,117599
2350141,0.07,0.1,1,117624
2351601,0.08,0.0840001,1,117624
2353061,0.3,0.2568,1,117702
2354521,0.31,0.29936,1,117702
2355981,0.29,0.291872,1,117711
2357441,0.3,0.298374,1,117711
2358901,0.29,0.291675,1,117723
2360361,0.3,0.298335,1,117723
2361821,0.31,0.307667,1,117730
2363281,0.32,0.317533,1,117730
2364741,0.34,0.335507,1,117738
2366201,0.35,0.347101,1,117738
2367661,0.28,0.29342,1,117749
2369121,0.29,0.290684,1,117749
2370581,0.29,0.290137,1,117749
2372041,0.31,0.306027,1,117759
2373501,0.32,0.317205,1,117759
2374961,0.2,0.223441,1,117767
2376421,0.21,0.212688,1,117767
2377881,0.31,0.290538,1,117784
2379341,0.32,0.314108,1,117784
2380801,0.33,0.326821,1,117794
2382261,0.34,0.337364,1,117794
2383721,0.4,0.387473,1,117806
2385181,0.41,0.405495,1,117806
2386641,0.35,0.361099,1,117815
2388101,0.36,0.36022,1,117815
2389561,0.39,0.384044,1,117900
2391021,0.4,0.396809,1,117900
2392481,0.35,0.359362,1,117906
2393941,0.36,0.359872,1,117906
2395401,0.38,0.375974,1,117910
2396861,0.39,0.387195,1,117910
2398321,0.33,0.341439,1,117920
2399781,0.34,0.340288,1,117920
2401241,0.3,0.308058,1,117929
2402701,0.31,0.309612,1,117929
2404161,0.28,0.285922,1,117940
2405621,0.29,0.289184,1,117940
2407081,0.27,0.273837,1,117946
2408541,0.28,0.278767,1,117946
2410001,0.21,0.223753,1,117955
2411461,0.22,0.220751,1,117955
2412921,0.29,0.27615,1,117962
2414381,0.3,0.29523,1,117962
2415841,0.27,0.275046,1,117970
2417301,0.28,0.279009,1,117970
2418761,0.21,0.223802,1,117975
2420221,0.22,0.22076,1,117975
2421681,0.21,0.212152,1,118030
2423141,0.22,0.21843,1,118030
2424601,0.21,0.211686,1,118048
2426061,0.22,0.218337,1,118048
2427521,0.1,0.123667,1,118138
2428981,0.11,0.112733,1,118138
2430441,0.16,0.150547,1,118146
2431901,0.17,0.166109,1,118146
2433361,0.16,0.161222,1,118158
2434821,0.17,0.168244,1,118158
2436281,0.17,0.169649,1,118167
2437741,0.18,0.17793,1,118167
2439201,0.18,0.179586,1,118177
2440661,0.19,0.187917,1,118177
2442121,0.17,0.173583,1,118185
2443581,0.18,0.178717,1,118185
2445041,0.18,0.179743,1,118187
2446501,0.19,0.187949,1,118187
2447961,0.15,0.15759,1,118197
2449421,0.16,0.159518,1,118197
2450881,0.15,0.151904,1,118199
2452341,0.16,0.158381,1,118199
2453801,0.04,0.0636761,1,118221
2455261,0.05,0.0527352,1,118221
2456721,0.1,0.090547,1,118232
2458181,0.11,0.106109,1,118232
2459641,0.12,0.117222,1,118248
2461101,0.13,0.127444,1,118248
2462561,0.12,0.121489,1,118254
2464021,0.13,0.128298,1,118254
2465481,0.21,0.19366,1,118341
2466941,0.22,0.214732,1,118341
2468401,0.21,0.210946,1,118345
2469861,0.22,0.218189,1,118345
2471321,0.17,0.179638,1,118351
2472781,0.18,0.179928,1,118351
2474241,0.09,0.107986,1,118359
2475701,0.1,0.101597,1,118359
2477161,0.15,0.140319,1,118367
2478621,0.16,0.156064,1,118367
2480081,0.13,0.135213,1,118377
2481541,0.14,0.139043,1,118377
2483001,0.16,0.155809,1,118382
2484461,0.17,0.167162,1,118382
2485921,0.16,0.161432,1,118388
2487381,0.17,0.168286,1,118388
2488841,0.16,0.161657,1,118399
2490301,0.17,0.168331,1,118399
2491761,0.22,0.209666,1,118405
2493221,0.23,0.225933,1,118405
2494681,0.22,0.221187,1,118407
2496141,0.23,0.228237,1,118407
2497601,0.25,0.245647,1,118462
2499061,0.26,0.25713,1,118462
2500521,0.27,0.267426,1,118480
2501981,0.28,0.277485,1,118480
2503441,0.16,0.183497,1,118565
2504901,0.17,0.172699,1,118565
2506361,0.2,0.19454,1,118575
2507821,0.21,0.206908,1,118575
2509281,0.22,0.217382,1,118588
2510741,0.23,0.227476,1,118588
2512201,0.25,0.245495,1,118598
2513661,0.26,0.257099,1,118598
2515121,0.23,0.23542,1,118608
2516581,0.24,0.239084,1,118608
2518041,0.2,0.207817,1,118616
2519501,0.21,0.209563,1,118616
2520961,0.23,0.225913,1,118618
2522421,0.24,0.237183,1,118618
2523881,0.24,0.239437,1,118626
2525341,0.25,0.247887,1,118626
2526801,0.25,0.249577,1,118628
2528261,0.26,0.257915,1,118628
2529721,0.26,0.259583,1,118628
2531181,0.24,0.243917,1,118645
2532641,0.25,0.248783,1,118645
2534101,0.25,0.249757,1,118658
2535561,0.26,0.257951,1,118658
2537021,0.2,0.21159,1,118676
2538481,0.21,0.210318,1,118676
2539941,0.16,0.170064,1,118684
2541401,0.17,0.170013,1,118684
2542861,0.25,0.234003,1,118773
2544321,0.26,0.254801,1,118773
2545781,0.25,0.25096,1,118777
2547241,0.26,0.258192,1,118777
2548701,0.25,0.251638,1,118781
2550161,0.26,0.258328,1,118781
2551621,0.25,0.251666,1,118785
2553081,0.26,0.258333,1,118785
2554541,0.22,0.227667,1,118798
2556001,0.23,0.229533,1,118798
2557461,0.21,0.213907,1,118806
2558921,0.22,0.218781,1,118806
2560381,0.25,0.243756,1,118812
2561841,0.26,0.256751,1,118812
2563301,0.24,0.24335,1,118818
2564761,0.25,0.24867,1,118818
2566221,0.24,0.241734,1,118829
2567681,0.25,0.248347,1,118829
2569141,0.2,0.209669,1,118837
2570601,0.21,0.209934,1,118837
2572061,0.2,0.201987,1,118839
2573521,0.21,0.208397,1,118839
2574981,0.33,0.305679,1,118896
2576441,0.34,0.333136,1,118896
2577901,0.31,0.314627,1,118915
2579361,0.32,0.318925,1,118915
2580821,0.16,0.191785,1,118995
2582281,0.17,0.174357,1,118995
2583741,0.2,0.194871,1,119007
2585201,0.21,0.206974,1,119007
2586661,0.13,0.145395,1,119021
2588121,0.14,0.141079,1,119021
2589581,0.1,0.108216,1,119032
2591041,0.11,0.109643,1,119032
2592501,0.12,0.117929,1,119042
2593961,0.13,0.127586,1,119042
2595421,0.16,0.153517,1,119050
2596881,0.17,0.166703,1,119050
2598341,0.16,0.161341,1,119052
2599801,0.17,0.168268,1,119052
2601261,0.2,0.193654,1,119060
2602721,0.21,0.206731,1,119060
2604181,0.2,0.201346,1,119062
2605641,0.21,0.208269,1,119062
2607101,0.06,0.0896538,1,119077
2608561,0.07,0.0739308,1,119077
2610021,0.15,0.134786,1,119091
2611481,0.16,0.154957,1,119091
2612941,0.2,0.190991,1,119107
2614401,0.21,0.206198,1,119107
2615861,0.18,0.18524,1,119114
2617321,0.19,0.189048,1,119114
2618781,0.25,0.23781,1,119206
2620241,0.26,0.255562,1,119206
2621701,0.25,0.251112,1,119210
2623161,0.26,0.258222,1,119210
2624621,0.25,0.251644,1,119214
2626081,0.26,0.258329,1,119214
2627541,0.25,0.251666,1,119218
2629001,0.26,0.258333,1,119218
2630461,0.13,0.155667,1,119230
2631921,0.14,0.143133,1,119230
2633381,0.2,0.188627,1,119238
2634841,0.21,0.205725,1,119238
2636301,0.16,0.169145,1,119246
2637761,0.17,0.169829,1,119246
2639221,0.2,0.193966,1,119251
2640681,0.21,0.206793,1,119251
2642141,0.15,0.161359,1,119262
2643601,0.16,0.160272,1,119262
2645061,0.18,0.176054,1,119268
2646521,0.19,0.187211,1,119268
2647981,0.18,0.181442,1,119270
2649441,0.19,0.188288,1,119270
2650901,0.19,0.189658,1,119333
2652361,0.2,0.197932,1,119333
2653821,0.19,0.191586,1,119351
2655281,0.2,0.198317,1,119351
2656741,0,0.0396634,1,119425
2658201,0,0.00793269,1,119425
2659661,0.02,0.0175865,1,119438
2661121,0.03,0.0275173,1,119438
2662581,0.14,0.117503,1,119448
2664041,0.15,0.143501,1,119448
2665501,0.08,0.0927001,1,119459
2666961,0.09,0.09054,1,119459
2668421,0.05,0.058108,1,119469
2669881,0.06,0.0596216,1,119469
2671341,0.09,0.0839243,1,119479
2672801,0.1,0.0967849,1,119479
2674261,0.1,0.099357,1,119481
2675721,0.11,0.107871,1,119481
2677181,0.12,0.117574,1,119491
2678641,0.13,0.127515,1,119491
2680101,0.12,0.121503,1,119493
2681561,0.13,0.128301,1,119493
2683021,0.09,0.0976601,1,119501
2684481,0.1,0.099532,1,119501
2685941,0.14,0.131906,1,119520
2687401,0.15,0.146381,1,119520
2688861,0.15,0.149276,1,119520
2690321,0.16,0.157855,1,119538
2691781,0.17,0.167571,1,119538
2693241,0.24,0.225514,1,119544
2694701,0.25,0.245103,1,119544
2696161,0.25,0.249021,1,119639
2697621,0.26,0.257804,1,119639
2699081,0.25,0.251561,1,119643
2700541,0.26,0.258312,1,119643
2702001,0.25,0.251662,1,119647
2703461,0.26,0.258332,1,119647
2704921,0.25,0.251666,1,119651
2706381,0.26,0.258333,1,119651
2707841,0.25,0.251667,1,119657
2709301,0.26,0.258333,1,119657
2710761,0.13,0.155667,1,119669
2712221,0.14,0.143133,1,119669
2713681,0.13,0.132627,1,119675
2715141,0.14,0.138525,1,119675
2716601,0.18,0.171705,1,119682
2718061,0.19,0.186341,1,119682
2719521,0.26,0.245268,1,119690
2720981,0.27,0.265054,1,119690
2722441,0.22,0.229011,1,119698
2723901,0.23,0.229802,1,119698
2725361,0.23,0.22996,1,119700
2726821,0.24,0.237992,1,119700
2728281,0.27,0.263598,1,119763
2729741,0.28,0.27672,1,119763
2731201,0.29,0.287344,1,119781
2732661,0.3,0.297469,1,119781
2734121,0.06,0.107494,1,119846
2735581,0.07,0.0774987,1,119846
2737041,0.12,0.1115,1,119860
2738501,0.13,0.1263,1,119860
2739961,0.25,0.22526,1,119876
2741421,0.26,0.253052,1,119876
2742881,0.25,0.25061,1,119884
2744341,0.26,0.258122,1,119884
2745801,0.2,0.211624,1,119892
2747261,0.21,0.210325,1,119892
2748721,0.21,0.210065,1,119904
2750181,0.22,0.218013,1,119904
2751641,0.21,0.211603,1,119906
2753101,0.22,0.218321,1,119906
2754561,0.25,0.243664,1,119918
2756021,0.26,0.256733,1,119918
2757481,0.25,0.251347,1,119920
2758941,0.26,0.258269,1,119920
2760401,0.25,0.251654,1,119926
2761861,0.26,0.258331,1,119926
2763321,0.19,0.203666,1,119948
2764781,0.2,0.200733,1,119948
2766241,0.21,0.208147,1,119950
2767701,0.22,0.217629,1,119950
2769161,0.12,0.139526,1,119970
2770621,0.13,0.131905,1,119970
2772081,0.21,0.194381,1,119978
2773541,0.22,0.214876,1,119978
2775001,0.25,0.242975,1,120073
2776461,0.26,0.256595,1,120073
2777921,0.25,0.251319,1,120077
2779381,0.26,0.258264,1,120077
2780841,0.25,0.251653,1,120081
2782301,0.26,0.258331,1,120081
2783761,0.25,0.251666,1,120085
2785221,0.26,0.258333,1,120085
2786681,0.25,0.251667,1,120091
2788141,0.26,0.258333,1,120091
2789601,0.25,0.251667,1,120097
2791061,0.26,0.258333,1,120097
2792521,0.21,0.219667,1,120105
2793981,0.22,0.219933,1,120105
2795441,0.2,0.203987,1,120113
2796901,0.21,0.208797,1,120113
2798361,0.2,0.201759,1,120125
2799821,0.21,0.208352,1,120125
2801281,0.25,0.24167,1,120131
2802741,0.26,0.256334,1,120131
2804201,0.26,0.259267,1,120133
2805661,0.27,0.267853,1,120133
2807121,0.27,0.269571,1,120198
2808581,0.28,0.277914,1,120198
2810041,0.29,0.287583,1,120217
2811501,0.3,0.297517,1,120217
2812961,0.18,0.203503,1,120271
2814421,0.19,0.192701,1,120271
2815881,0.22,0.21454,1,120290
2817341,0.23,0.226908,1,120290
2818801,0.2,0.205382,1,120310
2820261,0.21,0.209076,1,120310
2821721,0.25,0.241815,1,120318
2823181,0.26,0.256363,1,120318
2824641,0.27,0.267273,1,120324
2826101,0.28,0.277455,1,120324
2827561,0.19,0.207491,1,120337
2829021,0.2,0.201498,1,120337
2830481,0.2,0.2003,1,120339
2831941,0.21,0.20806,1,120339
2833401,0.27,0.257612,1,120352
2834861,0.28,0.275522,1,120352
2836321,0.27,0.271104,1,120354
2837781,0.28,0.278221,1,120354
2839241,0.26,0.263644,1,120360
2840701,0.27,0.268729,1,120360
2842161,0.14,0.165746,1,120380
2843621,0.15,0.153149,1,120380
2845081,0.29,0.26263,1,120382
2846541,0.3,0.292526,1,120382
2848001,0.3,0.298505,1,120398
2849461,0.31,0.307701,1,120398
2850921,0.24,0.25354,1,120410
2852381,0.25,0.250708,1,120410
2853841,0.25,0.250142,1,120410
2855301,0.57,0.506028,1,120507
2856761,0.58,0.565206,1,120507
2858221,0.57,0.569041,1,120511
2859681,0.58,0.577808,1,120511
2861141,0.57,0.571562,1,120515
2862601,0.58,0.578312,1,120515
2864061,0.57,0.571662,1,120519
2865521,0.58,0.578333,1,120519
2866981,0.57,0.571667,1,120525
2868441,0.58,0.578333,1,120525
2869901,0.59,0.587667,1,120531
2871361,0.6,0.597533,1,120531
2872821,0.59,0.591507,1,120537
2874281,0.6,0.598301,1,120537
2875741,0.51,0.52766,1,120545
2877201,0.52,0.521532,1,120545
2878661,0.5,0.504306,1,120557
2880121,0.51,0.508861,1,120557
2881581,0.53,0.525772,1,120565
2883041,0.54,0.537154,1,120565
2884501,0.53,0.531431,1,120567
2885961,0.54,0.538286,1,120567
2887421,0.6,0.587657,1,120633
2888881,0.61,0.605531,1,120633
2890341,0.61,0.609106,1,120653
2891801,0.62,0.617821,1,120653
2893261,0.43,0.467564,1,120701
2894721,0.44,0.445513,1,120701
2896181,0.44,0.441103,1,120723
2897641,0.45,0.448221,1,120723
2899101,0.57,0.545644,1,120742
2900561,0.58,0.573129,1,120742
2902021,0.54,0.546626,1,120753
2903481,0.55,0.549325,1,120753
2904941,0.56,0.557865,1,120761
2906401,0.57,0.567573,1,120761
2907861,0.57,0.569515,1,120769
2909321,0.58,0.577903,1,120769
2910781,0.61,0.603581,1,120771
2912241,0.62,0.616716,1,120771
2913701,0.55,0.563343,1,120787
2915161,0.56,0.560669,1,120787
2916621,0.55,0.552134,1,120789
2918081,0.56,0.558427,1,120789
2919541,0.63,0.615685,1,120795
2921001,0.64,0.635137,1,120795
2922461,0.47,0.503027,1,120809
2923921,0.48,0.484605,1,120809
2925381,0.6,0.576921,1,120818
2926841,0.61,0.603384,1,120818
2928301,0.63,0.624677,1,120834
2929761,0.64,0.636935,1,120834
2931221,0.61,0.615387,1,120844
2932681,0.62,0.619077,1,120844
2934141,0.74,0.715815,1,120956
2935601,0.75,0.743163,1,120956
2937061,0.74,0.740633,1,120960
2938521,0.75,0.748127,1,120960
2939981,0.74,0.741625,1,120964
2941441,0.75,0.748325,1,120964
2942901,0.75,0.749665,1,120968
2944361,0.76,0.757933,2,120968
2945821,0.75,0.751587,2,120974
2947281,0.76,0.758317,2,120974
2948741,0.73,0.735663,1,120981
2950201,0.74,0.739133,1,120981
2951661,0.73,0.731827,1,120987
2953121,0.74,0.738365,1,120987
2954581,0.73,0.731673,1,120991
2956041,0.74,0.738335,1,120991
2957501,0.65,0.667667,1,121003
2958961,0.66,0.661533,1,121003
2960421,0.66,0.660307,1,121013
2961881,0.67,0.668061,1,121013
2963341,0.66,0.661612,1,121015
2964801,0.67,0.668322,1,121015
2966261,0.68,0.677665,1,121084
2967721,0.69,0.687533,1,121084
2969181,0.72,0.713507,1,121104
2970641,0.73,0.726701,1,121104
2972101,0.71,0.71334,1,121143
2973561,0.72,0.718668,1,121143
2975021,0.61,0.631734,1,121167
2976481,0.62,0.622347,1,121167
2977941,0.66,0.652469,1,121191
2979401,0.67,0.666494,1,121191
2980861,0.71,0.701299,1,121201
2982321,0.72,0.71626,1,121201
2983781,0.62,0.639252,1,121211
2985241,0.63,0.63185,1,121211
2986701,0.65,0.64637,1,121219
2988161,0.66,0.657274,1,121219
2989621,0.62,0.627455,1,121223
2991081,0.63,0.629491,1,121223
2992541,0.61,0.613898,1,121236
2994001,0.62,0.61878,1,121236
2995461,0.72,0.699756,1,121238
2996921,0.73,0.723951,1,121238
2998381,0.64,0.65679,1,121248
2999841,0.65,0.651358,1,121248
3001301,0.72,0.706272,1,121254
3002761,0.73,0.725254,1,121254
3004221,0.54,0.577051,1,121269
3005681,0.55,0.55541,1,121269
3007141,0.72,0.687082,1,121287
3008601,0.73,0.721416,1,121287
3010061,0.69,0.696283,1,121297
3011521,0.7,0.699257,1,121297
3012981,0.88,0.843851,2,121414
3014441,0.89,0.88077,2,121414
3015901,0.88,0.880154,2,121418
3017361,0.89,0.888031,2,121418
3018821,0.89,0.889606,2,121418
3020281,0.9,0.897921,2,121422
3021741,0.91,0.907584,2,121422
3023201,0.9,0.901517,2,121426
3024661,0.91,0.908303,2,121426
3026121,0.9,0.901661,2,121432
3027581,0.91,0.908332,2,121432
3029041,0.9,0.901666,2,121438
3030501,0.91,0.908333,2,121438
3031961,0.91,0.909667,2,121444
3033421,0.92,0.917933,2,121444
3034881,0.91,0.911587,2,121448
3036341,0.92,0.918317,2,121448
3037801,0.93,0.927663,2,121456
3039261,0.94,0.937533,2,121456
3040721,0.94,0.939507,2,121467
3042181,0.95,0.947901,2,121467
3043641,0.94,0.94158,2,121469
3045101,0.95,0.948316,2,121469
3046561,0.93,0.933663,2,121539
3048021,0.94,0.938733,2,121539
3055321,0.84,0.84,2,121618
3056781,0.85,0.848,2,121618
3058241,0.9,0.8896,2,121645
3059701,0.91,0.90592,2,121645
3067001,0.94,0.94,2,121674
3068461,0.95,0.948,2,121674
3069921,0.94,0.9416,2,121676
3071381,0.95,0.94832,2,121676
3072841,0.92,0.925664,2,121688
3074301,0.93,0.929133,2,121688
3075761,0.83,0.849827,2,121696
3077221,0.84,0.841965,2,121696
3081601,0.88,0.88,2,121712
3083061,0.89,0.888,2,121712
3084521,0.88,0.8816,2,121718
3085981,0.89,0.88832,2,121718
3087441,0.92,0.913664,2,121744
3088901,0.93,0.926733,2,121744
3090361,0.94,0.937347,2,121753
3091821,0.95,0.947469,2,121753
3220301,0.89,0.89,2,123099
3293301,0.75,0.778,2,123112
3294761,0.69,0.7076,1,123122
3296221,0.72,0.71752,1,123132
3297681,0.67,0.679504,1,123142
3299141,0.61,0.623901,1,123150
3300601,0.58,0.58878,1,123157
3302061,0.48,0.501756,1,123165
3303521,0.52,0.516351,1,123175
3304981,0.4,0.42327,1,123192
3306441,0.05,0.124654,1,123306
3307901,0,0.0249308,1,123329
3309361,0,0.00498616,1,123344
3310821,0.01,0.00899723,1,123358
3312281,0.03,0.0257994,1,123381
3313741,0,0.00515989,1,123391
3315201,0.05,0.041032,1,123423
3316661,0.01,0.0162064,1,123433
3318121,0.01,0.0112413,1,123441
3319581,0.01,0.0102483,1,123450
3321041,0.01,0.0100497,1,123459
3322501,0.01,0.0100099,1,123467
3323961,0.01,0.010002,1,123484
3325421,0.05,0.0420004,1,123503
3326881,0.03,0.0324001,1,123510
3328341,0.05,0.04648,1,123517
3329801,0.03,0.033296,1,123553
3331261,0,0.0066592,1,123567
3332721,0.01,0.00933184,1,123581
3334181,0.02,0.0178664,1,123581
3335641,0.01,0.0115733,1,123597
3337101,0.02,0.0183147,1,123597
3338561,0.01,0.0116629,1,123608
3340021,0.02,0.0183326,1,123608
3341481,0.01,0.0116665,1,123623
3342941,0.02,0.0183333,1,123623
3344401,0.01,0.0116667,1,123729
3345861,0.02,0.0183333,1,123729
3347321,0.62,0.499667,1,123765
3348781,0.63,0.603933,1,123765
3350241,0.31,0.368787,1,123803
3351701,0.32,0.329757,1,123803
3353161,0.03,0.0899515,1,123846
3354621,0.04,0.0499903,1,123846
3356081,0.03,0.0339981,1,123862
3357541,0.04,0.0387996,1,123862
3359001,0.01,0.0157599,1,123880
3360461,0.02,0.019152,1,123880
3361921,0.01,0.0118304,1,123905
3363381,0.02,0.0183661,1,123905
3364841,0.03,0.0276732,1,123932
3366301,0.04,0.0375346,1,123932
3367761,0.05,0.0475069,1,123975
3369221,0.06,0.0575014,1,123975
3370681,0.06,0.0595003,1,123975
3372141,0.03,0.0359001,1,124002
3373601,0.04,0.03918,1,124002
3375061,0.03,0.031836,1,124018
3376521,0.04,0.0383672,1,124018
3377981,0.05,0.0476734,1,124029
3379441,0.06,0.0575347,1,124029
3380901,0,0.0115069,1,124044
3382361,0,0.00230139,1,124044
3383821,0.01,0.00846028,1,124150
3385281,0.02,0.0176921,1,124150
3386741,0.05,0.0435384,1,124216
3388201,0.06,0.0567077,1,124216
3389661,0.05,0.0513415,1,124239
3391121,0.06,0.0582683,1,124239
3392581,0.05,0.0516537,1,124268
3394041,0.06,0.0583307,1,124268
3395501,0.03,0.0356661,1,124284
3396961,0.04,0.0391332,1,124284
3398421,0.03,0.0318266,1,124301
3399881,0.04,0.0383653,1,124301
3401341,0.03,0.0316731,1,124326
3402801,0.04,0.0383346,1,124326
3404261,0.03,0.0316669,1,124354
3405721,0.04,0.0383334,1,124354
3407181,0.03,0.0316667,1,124398
3408641,0.04,0.0383333,1,124398
3410101,0.03,0.0316667,1,124400
3411561,0.04,0.0383333,1,124400
3413021,0.03,0.0316667,1,124425
3414481,0.04,0.0383333,1,124425
3415941,0,0.00766667,1,124441
3417401,0,0.00153333,1,124441
3418861,0.01,0.00830667,1,124453
3420321,0.02,0.0176613,1,124453
3421781,0,0.00353227,1,124466
3423241,0,0.000706453,1,124466
3424701,0.01,0.00814129,1,124572
3426161,0.02,0.0176283,1,124572
3427621,0.01,0.0115257,1,124640
3429081,0.02,0.0183051,1,124640
3430541,0.05,0.043661,1,124663
3432001,0.06,0.0567322,1,124663
3433461,0,0.0113464,1,124692
3434921,0,0.00226929,1,124692
3436381,0.03,0.0244539,1,124707
3437841,0.04,0.0368908,1,124707
3439301,0.01,0.0153782,1,124724
3440761,0.02,0.0190756,1,124724
3442221,0.01,0.0118151,1,124749
3443681,0.02,0.018363,1,124749
3445141,0,0.0036726,1,124777
3446601,0,0.000734521,1,124777
3448061,0.03,0.0241469,1,124821
3449521,0.04,0.0368294,1,124821
3450981,0.03,0.0313659,1,124823
3452441,0.04,0.0382732,1,124823
3453901,0,0.00765463,1,124848
3455361,0,0.00153093,1,124848
3456821,0,0.000306185,1,124848
3458281,0,6.12371e-05,1,124863
3459741,0,1.22474e-05,1,124863
3461201,0,2.44948e-06,1,124875
3462661,0,4.89896e-07,1,124875
3464121,0,9.79793e-08,1,124888
3465581,0,1.95959e-08,1,124888
3467041,0.01,0.008,1,124994
3468501,0.02,0.0176,1,124994
3469961,0.01,0.01152,1,125062
3471421,0.02,0.018304,1,125062
3472881,0.01,0.0116608,1,125087
3474341,0.02,0.0183322,1,125087
3475801,0,0.00366643,1,125114
3477261,0,0.000733286,1,125114
3478721,0,0.000146657,1,125130
3480181,0,2.93314e-05,1,125130
3481641,0,5.86629e-06,1,125146
3483101,0,1.17326e-06,1,125146
3484561,0,2.34652e-07,1,125171
3486021,0,4.69303e-08,1,125171
3487481,0,9.38606e-09,1,125199
3488941,0,1.87721e-09,1,125199
3490401,0.01,0.008,1,125244
3491861,0.02,0.0176,1,125244
3493321,0.01,0.01152,1,125246
3494781,0.02,0.018304,1,125246
3496241,0,0.0036608,1,125270
3497701,0,0.00073216,1,125270
3499161,0,0.000146432,1,125284
3500621,0,2.92864e-05,1,125284
3502081,0,5.85728e-06,1,125296
3503541,0,1.17146e-06,1,125296
3505001,0.03,0.0240002,1,125309
3506461,0.04,0.0368,1,125309
3507921,0.01,0.01536,1,125415
3509381,0.02,0.019072,1,125415
3510841,0.03,0.0278144,1,125483
3512301,0.04,0.0375629,1,125483
3513761,0.03,0.0315126,1,125508
3515221,0.04,0.0383025,1,125508
3516681,0,0.0076605,1,125535
3518141,0,0.0015321,1,125535
3519601,0,0.00030642,1,125551
3521061,0,6.1284e-05,1,125551
3522521,0,1.22568e-05,1,125567
3523981,0,2.45136e-06,1,125567
3525441,0.01,0.00800049,1,125592
3526901,0.02,0.0176001,1,125592
3528361,0,0.00352002,1,125620
3529821,0,0.000704004,1,125620
3531281,0.05,0.0401408,1,125665
3532741,0.06,0.0560282,1,125665
3534201,0.05,0.0512056,1,125667
3535661,0.06,0.0582411,1,125667
3537121,0.01,0.0196482,1,125691
3538581,0.02,0.0199296,1,125691
3540041,0,0.00398593,1,125705
3541501,0,0.000797186,1,125705
3542961,0.01,0.00815944,1,125717
3544421,0.02,0.0176319,1,125717
3545881,0.02,0.0195264,1,125717
3547341,0.03,0.0279053,1,125731
3548801,0.04,0.0375811,1,125731
3550261,0.01,0.0155162,1,125836
3551721,0.02,0.0191032,1,125836
3553181,0.03,0.0278206,1,125905
3554641,0.04,0.0375641,1,125905
3556101,0.06,0.0555128,1,125930
3557561,0.07,0.0671026,1,125930
3559021,0.07,0.0694205,1,125956
3560481,0.08,0.0778841,1,125956
3561941,0,0.0155768,1,125972
3563401,0,0.00311536,1,125972
3564861,0.01,0.00862307,1,125988
3566321,0.02,0.0177246,1,125988
3567781,0.03,0.0275449,1,126013
3569241,0.04,0.037509,1,126013
3570701,0.01,0.0155018,1,126041
3572161,0.02,0.0191004,1,126041
3573621,0.01,0.0118201,1,126088
3575081,0.02,0.018364,1,126088
3576541,0.01,0.0116728,1,126090
3578001,0.02,0.0183346,1,126090
3579461,0.03,0.0276669,1,126112
3580921,0.04,0.0375334,1,126112
3582381,0.01,0.0155067,1,126126
3583841,0.02,0.0191013,1,126126
3585301,0.03,0.0278203,1,126138
3586761,0.04,0.0375641,1,126138
3588221,0.03,0.0315128,1,126140
3589681,0.04,0.0383026,1,126140
3591141,0.01,0.0156605,1,126154
3592601,0.02,0.0191321,1,126154
3594061,0.01,0.0118264,1,126258
3595521,0.02,0.0183653,1,126258
3596981,0,0.00367306,1,126328
3598441,0,0.000734611,1,126328
3599901,0.04,0.0321469,1,126356
3601361,0.05,0.0464294,1,126356
3602821,0.07,0.0652859,1,126381
3604281,0.08,0.0770572,1,126381
3605741,0.01,0.0234114,1,126394
3607201,0.02,0.0206823,1,126394
3608661,0.01,0.0121365,1,126410
3610121,0.02,0.0184273,1,126410
3611581,0.01,0.0116855,1,126436
3613041,0.02,0.0183371,1,126436
3614501,0.03,0.0276674,1,126463
3615961,0.04,0.0375335,1,126463
3617421,0,0.0075067,1,126510
3618881,0,0.00150134,1,126510
3620341,0.01,0.00830027,1,126512
3621801,0.02,0.0176601,1,126512
3623261,0,0.00353201,1,126535
3624721,0,0.000706402,1,126535
3626181,0,0.00014128,1,126548
3627641,0,2.82561e-05,1,126548
3629101,0,5.65122e-06,1,126561
3630561,0,1.13024e-06,1,126561
3632021,0.01,0.00800023,1,126563
3633481,0.02,0.0176,1,126563
3634941,0.03,0.02752,1,126576
3636401,0.04,0.037504,1,126576
3637861,0.04,0.0395008,1,126576
3639321,0.01,0.0159002,1,126680
3640781,0.02,0.01918,1,126680
3642241,0,0.00383601,1,126750
3643701,0,0.000767201,1,126750
3645161,0.04,0.0321534,1,126781
3646621,0.05,0.0464307,1,126781
3648081,0.11,0.0972861,1,126806
3649541,0.12,0.115457,1,126806
3651001,0.11,0.111091,1,126816
3652461,0.12,0.118218,1,126816
3653921,0.07,0.0796437,1,126832
3655381,0.08,0.0799287,1,126832
3656841,0.01,0.0239857,1,126858
3658301,0.02,0.0207971,1,126858
3659761,0,0.00415943,1,126886
3661221,0,0.000831886,1,126886
3662681,0,0.000166377,1,126932
3664141,0,3.32754e-05,1,126932
3665601,0.01,0.00800666,1,126934
3667061,0.02,0.0176013,1,126934
3668521,0,0.00352027,1,126957
3669981,0,0.000704053,1,126957
3671441,0,0.000140811,1,126970
3672901,0,2.81621e-05,1,126970
3674361,0.03,0.0240056,1,126983
3675821,0.04,0.0368011,1,126983
3677281,0.03,0.0313602,1,126985
3678741,0.04,0.038272,1,126985
3680201,0.07,0.0636544,1,126999
3681661,0.08,0.0767309,1,126999
3683121,0.01,0.0233462,1,127101
3684581,0.02,0.0206692,1,127101
3686041,0,0.00413385,1,127171
3687501,0,0.000826769,1,127171
3688961,0.11,0.0881654,1,127204
3690421,0.12,0.113633,1,127204
3691881,0.11,0.110727,1,127232
3693341,0.12,0.118145,1,127232
3694801,0.11,0.111629,1,127242
3696261,0.12,0.118326,1,127242
3697721,0.11,0.111665,1,127256
3699181,0.12,0.118333,1,127256
3700641,0.01,0.0316666,1,127279
3702101,0.02,0.0223333,1,127279
3703561,0.01,0.0124667,1,127307
3705021,0.02,0.0184933,1,127307
3706481,0,0.00369867,1,127353
3707941,0,0.000739733,1,127353
3709401,0.01,0.00814795,1,127355
3710861,0.02,0.0176296,1,127355
3712321,0,0.00352592,1,127378
3713781,0,0.000705183,1,127378
3715241,0,0.000141037,1,127391
3716701,0,2.82073e-05,1,127391
3718161,0.01,0.00800564,1,127405
3719621,0.02,0.0176011,1,127405
3721081,0.01,0.0115202,1,127407
3722541,0.02,0.018304,1,127407
3724001,0.07,0.0596608,1,127423
3725461,0.08,0.0759322,1,127423
3726921,0.01,0.0231864,1,127522
3728381,0.02,0.0206373,1,127522
3729841,0.03,0.0281275,1,127592
3731301,0.04,0.0376255,1,127592
3732761,0.04,0.0395251,1,127592
3734221,0.03,0.031905,1,127630
3735681,0.04,0.038381,1,127630
3737141,0.03,0.0316762,1,127658
3738601,0.04,0.0383352,1,127658
3740061,0.03,0.031667,1,127668
3741521,0.04,0.0383334,1,127668
3742981,0.07,0.0636667,1,127682
3744441,0.08,0.0767333,1,127682
3745901,0.01,0.0233467,1,127700
3747361,0.02,0.0206693,1,127700
3748821,0.03,0.0281339,1,127728
3750281,0.04,0.0376268,1,127728
3751741,0.01,0.0155254,1,127774
3753201,0.02,0.0191051,1,127774
3754661,0.01,0.011821,1,127776
3756121,0.02,0.0183642,1,127776
3757581,0.01,0.0116728,1,127799
3759041,0.02,0.0183346,1,127799
3760501,0.01,0.0116669,1,127812
3761961,0.02,0.0183334,1,127812
3763421,0.05,0.0436667,1,127826
3764881,0.06,0.0567333,1,127826
3766341,0.05,0.0513467,1,127828
3767801,0.06,0.0582693,1,127828
3769261,0.05,0.0516539,1,127847
3770721,0.06,0.0583308,1,127847
3772181,0.03,0.0356662,1,127943
3773641,0.04,0.0391332,1,127943
3775101,0.01,0.0158266,1,128014
3776561,0.02,0.0191653,1,128014
3778021,0.01,0.0118331,1,128016
3779481,0.02,0.0183666,1,128016
3780941,0.01,0.0116733,1,128053
3782401,0.02,0.0183347,1,128053
3783861,0.05,0.0436669,1,128081
3785321,0.06,0.0567334,1,128081
3786781,0.05,0.0513467,1,128091
3788241,0.06,0.0582693,1,128091
3789701,0.05,0.0516539,1,128107
3791161,0.06,0.0583308,1,128107
3792621,0.03,0.0356662,1,128122
3794081,0.04,0.0391332,1,128122
3795541,0.01,0.0158266,1,128151
3797001,0.02,0.0191653,1,128151
3798461,0,0.00383307,1,128196
3799921,0,0.000766613,1,128196
3801381,0.01,0.00815332,1,128198
3802841,0.02,0.0176307,1,128198
3804301,0,0.00352613,1,128221
3805761,0,0.000705227,1,128221
3807221,0,0.000141045,1,128234
3808681,0,2.82091e-05,1,128234
3810141,0,5.64181e-06,1,128250
3811601,0,1.12836e-06,1,128250
3813061,0.01,0.00800023,1,128252
3814521,0.02,0.0176,1,128252
3815981,0,0.00352001,1,128271
3817441,0,0.000704002,1,128271
3818901,0.03,0.0241408,1,128366
3820361,0.04,0.0368282,1,128366
3821821,0.01,0.0153656,1,128436
3823281,0.02,0.0190731,1,128436
3824741,0.01,0.0118146,1,128438
3826201,0.02,0.0183629,1,128438
3827661,0.01,0.0116726,1,128475
3829121,0.02,0.0183345,1,128475
3830581,0.02,0.0196669,1,128475
3832041,0.03,0.0279334,1,128505
3833501,0.04,0.0375867,1,128505
3834961,0.03,0.0315173,1,128515
3836421,0.04,0.0383035,1,128515
3837881,0.03,0.0316607,1,128531
3839341,0.04,0.0383321,1,128531
3840801,0.03,0.0316664,1,128545
3842261,0.04,0.0383333,1,128545
3843721,0,0.00766666,1,128573
3845181,0,0.00153333,1,128573
3846641,0,0.000306666,1,128618
3848101,0,6.13332e-05,1,128618
3849561,0.01,0.00801227,1,128620
3851021,0.02,0.0176025,1,128620
3852481,0,0.00352049,1,128643
3853941,0,0.000704098,1,128643
3855401,0,0.00014082,1,128656
3856861,0,2.81639e-05,1,128656
3858321,0,5.63278e-06,1,128672
3859781,0,1.12656e-06,1,128672
3861241,0.01,0.00800023,1,128674
3862701,0.02,0.0176,1,128674
3864161,0,0.00352001,1,128693
3865621,0,0.000704002,1,128693
3867081,0,0.0001408,1,128789
3868541,0,2.81601e-05,1,128789
3870001,0.01,0.00800563,1,128858
3871461,0.02,0.0176011,1,128858
3872921,0.01,0.0115202,1,128860
3874381,0.02,0.018304,1,128860
3875841,0.01,0.0116608,1,128897
3877301,0.02,0.0183322,1,128897
3878761,0.03,0.0276664,1,128927
3880221,0.04,0.0375333,1,128927
3881681,0.03,0.0315067,1,128937
3883141,0.04,0.0383013,1,128937
3884601,0.05,0.0476603,1,128953
3886061,0.06,0.0575321,1,128953
3887521,0.05,0.0515064,1,128967
3888981,0.06,0.0583013,1,128967
3890441,0.01,0.0196603,1,128994
3891901,0.02,0.0199321,1,128994
3893361,0,0.00398641,1,129039
3894821,0,0.000797282,1,129039
3896281,0.01,0.00815946,1,129041
3897741,0.02,0.0176319,1,129041
3899201,0,0.00352638,1,129064
3900661,0,0.000705276,1,129064
3902121,0,0.000141055,1,129077
3903581,0,2.8211e-05,1,129077
3905041,0.03,0.0240056,1,129093
3906501,0.04,0.0368011,1,129093
3907961,0.03,0.0313602,1,129095
3909421,0.04,0.038272,1,129095
3910881,0.01,0.0156544,1,129114
3912341,0.02,0.0191309,1,129114
3913801,0,0.00382618,1,129210
3915261,0,0.000765235,1,129210
3916721,0.05,0.040153,1,129279
3918181,0.06,0.0560306,1,129279
3919641,0.05,0.0512061,1,129281
3921101,0.06,0.0582412,1,129281
3922561,0.05,0.0516482,1,129318
3924021,0.06,0.0583297,1,129318
3925481,0.03,0.0356659,1,129349
3926941,0.04,0.0391332,1,129349
3928401,0.04,0.0398266,1,129349
3929861,0.05,0.0479653,1,129359
3931321,0.06,0.0575931,1,129359
3932781,0.07,0.0675186,1,129376
3934241,0.08,0.0775037,1,129376
3935701,0.07,0.0715007,1,129390
3937161,0.08,0.0783001,1,129390
3938621,0.03,0.03966,1,129415
3940081,0.04,0.039932,1,129415
3941541,0.01,0.0159864,1,129460
3943001,0.02,0.0191973,1,129460
3944461,0.01,0.0118395,1,129462
3945921,0.02,0.0183679,1,129462
3947381,0.01,0.0116736,1,129485
3948841,0.02,0.0183347,1,129485
3950301,0.01,0.0116669,1,129498
3951761,0.02,0.0183334,1,129498
3953221,0.01,0.0116667,1,129515
3954681,0.02,0.0183333,1,129515
3956141,0.01,0.0116667,1,129517
3957601,0.02,0.0183333,1,129517
3959061,0.03,0.0276667,1,129535
3960521,0.04,0.0375333,1,129535
3961981,0,0.00750667,1,129631
3963441,0,0.00150133,1,129631
3964901,0.01,0.00830027,1,129702
3966361,0.02,0.0176601,1,129702
3967821,0.01,0.011532,1,129704
3969281,0.02,0.0183064,1,129704
3970741,0.03,0.0276613,1,129741
3972201,0.04,0.0375323,1,129741
3973661,0.03,0.0315065,1,129771
3975121,0.04,0.0383013,1,129771
3976581,0.03,0.0316603,1,129773
3978041,0.04,0.0383321,1,129773
3979501,0.03,0.0316664,1,129783
3980961,0.04,0.0383333,1,129783
3982421,0.03,0.0316667,1,129801
3983881,0.04,0.0383333,1,129801
3985341,0.03,0.0316667,1,129815
3986801,0.04,0.0383333,1,129815
3988261,0.07,0.0636667,1,129838
3989721,0.08,0.0767333,1,129838
3991181,0,0.0153467,1,129882
3992641,0,0.00306933,1,129882
3994101,0.01,0.00861387,1,129884
3995561,0.02,0.0177228,1,129884
3997021,0,0.00354455,1,129907
3998481,0,0.000708911,1,129907
3999941,0,0.000141782,1,129920
4001401,0,2.83564e-05,1,129920
4002861,0,5.67129e-06,1,129937
4004321,0,1.13426e-06,1,129937
4005781,0.01,0.00800023,1,129939
4007241,0.02,0.0176,1,129939
4008701,0.03,0.02752,1,129958
4010161,0.04,0.037504,1,129958
4011621,0,0.0075008,1,130053
4013081,0,0.00150016,1,130053
4014541,0.03,0.0243,1,130124
4016001,0.04,0.03686,1,130124
4017461,0.03,0.031372,1,130126
4018921,0.04,0.0382744,1,130126
4020381,0.01,0.0156549,1,130164
4021841,0.02,0.019131,1,130164
4023301,0.03,0.0278262,1,130194
4024761,0.04,0.0375652,1,130194
4026221,0.03,0.031513,1,130196
4027681,0.04,0.0383026,1,130196
4029141,0.03,0.0316605,1,130206
4030601,0.04,0.0383321,1,130206
4032061,0.04,0.0396664,1,130206
4033521,0.05,0.0479333,1,130224
4034981,0.06,0.0575867,1,130224
4036441,0.05,0.0515173,1,130238
4037901,0.06,0.0583035,1,130238
4039361,0.03,0.0356607,1,130263
4040821,0.04,0.0391321,1,130263
4042281,0,0.00782643,1,130304
4043741,0,0.00156529,1,130304
4045201,0.01,0.00831306,1,130306
4046661,0.02,0.0176626,1,130306
4048121,0,0.00353252,1,130329
4049581,0,0.000706504,1,130329
4051041,0,0.000141301,1,130342
4052501,0,2.82602e-05,1,130342
4053961,0,5.65203e-06,1,130359
4055421,0,1.13041e-06,1,130359
4056881,0.01,0.00800023,1,130361
4058341,0.02,0.0176,1,130361
4059801,0.01,0.01152,1,130381
4061261,0.02,0.018304,1,130381
4062721,0,0.0036608,1,130475
4064181,0,0.00073216,1,130475
4065641,0.01,0.00814643,1,130547
4067101,0.02,0.0176293,1,130547
4068561,0.02,0.0195259,1,130549
4070021,0.03,0.0279052,1,130549
4071481,0.05,0.045581,1,130586
4072941,0.06,0.0571162,1,130586
4074401,0.07,0.0674232,1,130617
4075861,0.08,0.0774846,1,130617
4077321,0.07,0.0714969,1,130619
4078781,0.08,0.0782994,1,130619
4080241,0.07,0.0716599,1,130629
4081701,0.08,0.078332,1,130629
4083161,0.07,0.0716664,1,130647
4084621,0.08,0.0783333,1,130647
4086081,0.07,0.0716667,1,130661
4087541,0.08,0.0783333,1,130661
4089001,0.07,0.0716667,1,130685
4090461,0.08,0.0783333,1,130685
4091921,0.05,0.0556667,1,130725
4093381,0.06,0.0591333,1,130725
4094841,0.05,0.0518267,1,130727
4096301,0.06,0.0583653,1,130727
4097761,0,0.0116731,1,130750
4099221,0,0.00233461,1,130750
4100681,0,0.000466923,1,130763
4102141,0,9.33845e-05,1,130763
4103601,0,1.86769e-05,1,130780
4105061,0,3.73538e-06,1,130780
4106521,0.01,0.00800075,1,130782
4107981,0.02,0.0176001,1,130782
4109441,0.05,0.04352,1,130802
4110901,0.06,0.056704,1,130802
4112361,0,0.0113408,1,130896
4113821,0,0.00226816,1,130896
4115281,0.05,0.0404536,1,130968
4116741,0.06,0.0560907,1,130968
4118201,0.05,0.0512181,1,130971
4119661,0.06,0.0582436,1,130971
4121121,0.11,0.0996487,1,131009
4122581,0.12,0.11593,1,131009
4124041,0.11,0.111186,1,131041
4125501,0.12,0.118237,1,131041
4126961,0.11,0.111647,1,131043
4128421,0.12,0.118329,1,131043
4129881,0.13,0.127666,1,131053
4131341,0.14,0.137533,1,131053
4132801,0.17,0.163507,1,131071
4134261,0.18,0.176701,1,131071
4135721,0.17,0.17134,1,131085
4137181,0.18,0.178268,1,131085
4138641,0.18,0.179654,1,131085
4140101,0.19,0.187931,1,131109
4141561,0.2,0.197586,1,131109
4143021,0.25,0.239517,1,131148
4144481,0.26,0.255903,1,131148
4145941,0.25,0.251181,1,131150
4147401,0.26,0.258236,1,131150
4148861,0.19,0.203647,1,131171
4150321,0.2,0.200729,1,131171
4151781,0.13,0.144146,1,131184
4153241,0.14,0.140829,1,131184
4154701,0.03,0.0521658,1,131201
4156161,0.04,0.0424332,1,131201
4157621,0.03,0.0324866,1,131203
4159081,0.04,0.0384973,1,131203
4160541,0.01,0.0156995,1,131225
4162001,0.02,0.0191399,1,131225
4163461,0,0.00382798,1,131317
4164921,0,0.000765596,1,131317
4166381,0.04,0.0321531,1,131391
4167841,0.05,0.0464306,1,131391
4169301,0.04,0.0412861,1,131394
4170761,0.05,0.0482572,1,131394
4172221,0.09,0.0816514,1,131435
4173681,0.1,0.0963303,1,131435
4175141,0.09,0.0912661,1,131467
4176601,0.1,0.0982532,1,131467
4178061,0.09,0.0916506,1,131469
4179521,0.1,0.0983301,1,131469
4180981,0.07,0.075666,1,131480
4182441,0.08,0.0791332,1,131480
4183901,0.09,0.0878266,1,131500
4185361,0.1,0.0975653,1,131500
4186821,0.09,0.0915131,1,131514
4188281,0.1,0.0983026,1,131514
4189741,0.09,0.0916605,1,131516
4191201,0.1,0.0983321,1,131516
4192661,0.09,0.0916664,1,131540
4194121,0.1,0.0983333,1,131540
4195581,0.11,0.107667,1,131582
4197041,0.12,0.117533,1,131582
4198501,0.11,0.111507,1,131584
4199961,0.12,0.118301,1,131584
4201421,0.11,0.11166,1,131602
4202881,0.12,0.118332,1,131602
4204341,0.11,0.111666,1,131612
4205801,0.12,0.118333,1,131612
4207261,0.11,0.111667,1,131624
4208721,0.12,0.118333,1,131624
4210181,0.11,0.111667,1,131626
4211641,0.12,0.118333,1,131626
4213101,0.09,0.0956667,1,131647
4214561,0.1,0.0991333,1,131647
4216021,0.09,0.0918267,1,131739
4217481,0.1,0.0983653,1,131739
4218941,0,0.0196731,1,131815
4220401,0,0.00393461,1,131815
4221861,0.01,0.00878692,1,131817
4223321,0.02,0.0177574,1,131817
4224781,0.03,0.0275515,1,131861
4226241,0.04,0.0375103,1,131861
4227701,0.05,0.0475021,1,131893
4229161,0.06,0.0575004,1,131893
4230621,0.05,0.0515001,1,131895
4232081,0.06,0.0583,1,131895
4233541,0.05,0.05166,1,131905
4235001,0.06,0.058332,1,131905
4236461,0.11,0.0996664,1,131926
4237921,0.12,0.115933,1,131926
4239381,0.13,0.127187,1,131940
4240841,0.14,0.137437,1,131940
4242301,0.13,0.131487,1,131942
4243761,0.14,0.138297,1,131942
4245221,0.13,0.13166,1,131966
4246681,0.14,0.138332,1,131966
4248141,0.14,0.139666,1,131966
4249601,0.15,0.147933,1,132009
4251061,0.16,0.157587,1,132009
4252521,0.15,0.151517,1,132011
4253981,0.16,0.158303,1,132011
4255441,0.19,0.183661,1,132029
4256901,0.2,0.196732,1,132029
4258361,0.19,0.191346,1,132039
4259821,0.2,0.198269,1,132039
4261281,0.19,0.191654,1,132051
4262741,0.2,0.198331,1,132051
4264201,0.19,0.191666,1,132053
4265661,0.2,0.198333,1,132053
4267121,0.19,0.191667,1,132073
4268581,0.2,0.198333,1,132073
4270041,0.31,0.287667,1,132165
4271501,0.32,0.313533,1,132165
4272961,0.11,0.150707,1,132237
4274421,0.12,0.126141,1,132237
4275881,0.11,0.113228,1,132239
4277341,0.12,0.118646,1,132239
4278801,0.11,0.111729,1,132284
4280261,0.12,0.118346,1,132284
4281721,0.13,0.127669,1,132317
4283181,0.14,0.137534,1,132317
4284641,0.13,0.131507,1,132319
4286101,0.14,0.138301,1,132319
4287561,0.13,0.13166,1,132329
4289021,0.14,0.138332,1,132329
4290481,0.19,0.179666,1,132353
4291941,0.2,0.195933,1,132353
4293401,0.21,0.207187,1,132368
4294861,0.22,0.217437,1,132368
4296321,0.21,0.211487,1,132370
4297781,0.22,0.218297,1,132370
4299241,0.21,0.21166,1,132394
4300701,0.22,0.218332,1,132394
4302161,0.19,0.195666,1,132437
4303621,0.2,0.199133,1,132437
4305081,0.19,0.191827,1,132439
4306541,0.2,0.198365,1,132439
4308001,0.21,0.207673,1,132459
4309461,0.22,0.217535,1,132459
4310921,0.21,0.211507,1,132469
4312381,0.22,0.218301,1,132469
4313841,0.23,0.22766,1,132481
4315301,0.24,0.237532,1,132481
4316761,0.23,0.231506,1,132483
4318221,0.24,0.238301,1,132483
4319681,0.23,0.23166,1,132503
4321141,0.24,0.238332,1,132503
4322601,0.45,0.407666,1,132601
4324061,0.46,0.449533,1,132601
4325521,0.45,0.449907,1,132663
4326981,0.46,0.457981,1,132663
4328441,0.45,0.451596,1,132665
4329901,0.46,0.458319,1,132665
4331361,0.49,0.483664,1,132710
4332821,0.5,0.496733,1,132710
4334281,0.53,0.523347,1,132744
4335741,0.54,0.536669,1,132744
4337201,0.53,0.531334,1,132746
4338661,0.54,0.538267,1,132746
4340121,0.55,0.547653,1,132756
4341581,0.56,0.557531,1,132756
4343041,0.66,0.639506,1,132783
4344501,0.67,0.663901,1,132783
4345961,0.66,0.66078,1,132799
4347421,0.67,0.668156,1,132799
4348881,0.66,0.661631,1,132801
4350341,0.67,0.668326,1,132801
4351801,0.69,0.685665,1,132825
4353261,0.7,0.697133,1,132825
4354721,0.71,0.707427,1,132867
4356181,0.72,0.717485,1,132867
4357641,0.71,0.711497,1,132869
4359101,0.72,0.718299,1,132869
4360561,0.72,0.71966,1,132869
4362021,0.77,0.759932,2,132890
4363481,0.78,0.775986,2,132890
4364941,0.77,0.771197,2,132900
4366401,0.78,0.778239,2,132900
4367861,0.79,0.787648,2,132913
4369321,0.8,0.79753,2,132913
4370781,0.79,0.791506,2,132915
4372241,0.8,0.798301,2,132915
4373701,0.79,0.79166,2,132935
4375161,0.8,0.798332,2,132935
4376621,0.84,0.831666,2,133044
4378081,0.85,0.846333,2,133044
4379541,0.83,0.833267,2,133106
4381001,0.84,0.838653,2,133106
4382461,0.83,0.831731,2,133108
4383921,0.84,0.838346,2,133108
4385381,0.81,0.815669,2,133155
4386841,0.82,0.819134,2,133155
4388301,0.85,0.843827,2,133191
4389761,0.86,0.856765,2,133191
4391221,0.85,0.851353,2,133193
4392681,0.86,0.858271,2,133193
4394141,0.87,0.867654,2,133204
4395601,0.88,0.877531,2,133204
4397061,0.85,0.855506,2,133237
4398521,0.86,0.859101,2,133237
4399981,0.85,0.85182,2,133253
4401441,0.86,0.858364,2,133253
4402901,0.85,0.851673,2,133255
4404361,0.86,0.858335,2,133255
4405821,0.83,0.835667,2,133280
4407281,0.84,0.839133,2,133280
4408741,0.83,0.831827,2,133323
4410201,0.84,0.838365,2,133323
4411661,0.83,0.831673,2,133325
4413121,0.84,0.838335,2,133325
4414581,0.83,0.831667,2,133327
4416041,0.84,0.838333,2,133327
4417501,0.81,0.815667,2,133350
4418961,0.82,0.819133,2,133350
4420421,0.82,0.819827,2,133360
4421881,0.83,0.827965,2,133360
4423341,0.85,0.845593,2,133374
4424801,0.86,0.857119,2,133374
4426261,0.85,0.851424,2,133376
4427721,0.86,0.858285,2,133376
4429181,0.85,0.851657,2,133396
4430641,0.86,0.858331,2,133396
4432101,0.87,0.867666,2,133507
4433561,0.88,0.877533,2,133507
4435021,0.93,0.919507,2,133569
4436481,0.94,0.935901,2,133569
4437941,0.93,0.93118,2,133571
4439401,0.94,0.938236,2,133571
4440861,0.95,0.947647,2,133617
4443781,0.91,0.91,2,133655
4445241,0.92,0.918,2,133655
4446701,0.91,0.9116,2,133657
4448161,0.92,0.91832,2,133657
4449621,0.93,0.927664,2,133669
4451081,0.94,0.937533,2,133669
4452541,0.91,0.915507,2,133701
4454001,0.92,0.919101,2,133701
4455461,0.94,0.93582,2,133717
4456921,0.95,0.947164,2,133717
4458381,0.94,0.941433,2,133719
4459841,0.95,0.948287,2,133719
4461301,0.94,0.941657,2,133743
4462761,0.95,0.948331,2,133743
4506561,0.95,0.95,2,134137
4509481,0.94,0.94,2,134168
4510941,0.95,0.948,2,134168
4518241,0.95,0.95,2,134212
4564961,0.94,0.94,2,134636
4566421,0.95,0.948,2,134636
4719721,0.95,0.95,2,135850
4722641,0.91,0.91,2,135920
4724101,0.92,0.918,2,135920
4737241,0.93,0.93,2,136061
4738701,0.94,0.938,2,136061
4740161,0.9,0.9076,2,136078
4741621,0.91,0.90952,2,136078
4743081,0.83,0.845904,2,136089
4744541,0.84,0.841181,2,136089
4746001,0.86,0.856236,2,136103
4747461,0.87,0.867247,2,136103
4748921,0.83,0.837449,2,136118
4750381,0.84,0.83949,2,136118
4751841,0.81,0.815898,2,136145
4753301,0.82,0.81918,2,136145
4754761,0.74,0.755836,2,136157
4756221,0.75,0.751167,2,136157
4757681,0.68,0.694233,1,136171
4759141,0.69,0.690847,1,136171
4760601,0.68,0.682169,1,136181
4762061,0.69,0.688434,1,136181
4763521,0.59,0.609687,1,136193
4764981,0.6,0.601937,1,136193
4766441,0.55,0.560387,1,136211
4767901,0.56,0.560077,1,136211
4769361,0.49,0.504015,1,136234
4770821,0.5,0.500803,1,136234
4772281,0.55,0.540161,1,136246
4773741,0.56,0.556032,1,136246
4775201,0.59,0.583206,1,136255
4776661,0.6,0.596641,1,136255
4778121,0.52,0.535328,1,136318
4779581,0.53,0.531066,1,136318
4781041,0.21,0.274213,1,136390
4782501,0.22,0.230843,1,136390
4783961,0.07,0.102169,1,136408
4785421,0.08,0.0844337,1,136408
4786881,0.03,0.0408867,1,136453
4788341,0.04,0.0401773,1,136453
4789801,0.03,0.0320355,1,136496
4791261,0.04,0.0384071,1,136496
4792721,0.01,0.0156814,1,136513
4794181,0.02,0.0191363,1,136513
4795641,0.01,0.0118273,1,136528
4797101,0.02,0.0183655,1,136528
4798561,0.04,0.0356731,1,136544
4800021,0.05,0.0471346,1,136544
4801481,0.01,0.0174269,1,136552
4802941,0.02,0.0194854,1,136552
4804401,0,0.00389708,1,136568
4805861,0,0.000779415,1,136568
4807321,0.09,0.0721559,1,136582
4808781,0.1,0.0944312,1,136582
4810241,0.06,0.0668862,1,136607
4811701,0.07,0.0693772,1,136607
4813161,0.08,0.0778754,1,136615
4814621,0.09,0.0875751,1,136615
4816081,0.09,0.089515,1,136625
4817541,0.1,0.097903,1,136625
4819001,0.07,0.0755806,1,136635
4820461,0.08,0.0791161,1,136635
4821921,0.03,0.0398232,1,136643
4823381,0.04,0.0399646,1,136643
4824841,0.05,0.0479929,1,136659
4826301,0.06,0.0575986,1,136659
4827761,0.21,0.17952,1,136679
4829221,0.22,0.211904,1,136679
4830681,0.07,0.0983808,1,136694
4832141,0.08,0.0836762,1,136694
4833601,0.07,0.0727352,1,136705
4835061,0.08,0.078547,1,136705
4836521,0.14,0.127709,1,136766
4837981,0.15,0.145542,1,136766
4839441,0.15,0.149108,1,136766
4840901,0.18,0.173822,1,136821
4842361,0.19,0.186764,1,136821
4843821,0.16,0.165353,1,136833
4845281,0.17,0.169071,1,136833
4846741,0.15,0.153814,1,136875
4848201,0.16,0.158763,1,136875
4849661,0.07,0.0877526,1,136918
4851121,0.08,0.0815505,1,136918
4852581,0.03,0.0403101,1,136934
4854041,0.04,0.040062,1,136934
4855501,0.03,0.0320124,1,136949
4856961,0.04,0.0384025,1,136949
4858421,0.01,0.0156805,1,136967
4859881,0.02,0.0191361,1,136967
4861341,0.05,0.0438272,1,136973
4862801,0.06,0.0567654,1,136973
4864261,0.01,0.0193531,1,136989
4865721,0.02,0.0198706,1,136989
4867181,0.1,0.0839741,1,137007
4868641,0.11,0.104795,1,137007
4870101,0.13,0.124959,1,137030
4871561,0.14,0.136992,1,137030
4873021,0.08,0.0913984,1,137040
4874481,0.09,0.0902797,1,137040
4875941,0.16,0.146056,1,137050
4877401,0.17,0.165211,1,137050
4878861,0.19,0.185042,1,137059
4880321,0.2,0.197008,1,137059
4881781,0.19,0.191402,1,137065
4883241,0.2,0.19828,1,137065
4884701,0.17,0.175656,1,137082
4886161,0.18,0.179131,1,137082
4887621,0.13,0.139826,1,137110
4889081,0.14,0.139965,1,137110
4890541,0.13,0.131993,1,137118
4892001,0.14,0.138399,1,137118
4893461,0.11,0.11568,1,137129
4894921,0.12,0.119136,1,137129
4896381,0.24,0.215827,1,137194
4897841,0.25,0.243165,1,137194
4899301,0.25,0.248633,1,137196
4900761,0.26,0.257727,1,137196
4902221,0.16,0.179545,1,137251
4903681,0.17,0.171909,1,137251
4905141,0.12,0.130382,1,137263
4906601,0.13,0.130076,1,137263
4908061,0.19,0.178015,1,137304
4909521,0.2,0.195603,1,137304
4910981,0.13,0.143121,1,137343
4912441,0.14,0.140624,1,137343
4913901,0.13,0.132125,1,137357
4915361,0.14,0.138425,1,137357
4916821,0.13,0.131685,1,137372
4918281,0.14,0.138337,1,137372
4919741,0.01,0.0356674,1,137389
4921201,0.02,0.0231335,1,137389
4922661,0.01,0.0126267,1,137397
4924121,0.02,0.0185253,1,137397
4925581,0,0.00370507,1,137411
4927041,0,0.000741013,1,137411
4928501,0,0.000148203,1,137434
4929961,0,2.96405e-05,1,137434
4931421,0.17,0.136006,1,137458
4932881,0.18,0.171201,1,137458
4934341,0.09,0.10624,1,137468
4935801,0.1,0.101248,1,137468
4937261,0.17,0.15625,1,137480
4938721,0.18,0.17525,1,137480
4940181,0.17,0.17105,1,137490
4941641,0.18,0.17821,1,137490
4943101,0.17,0.171642,1,137496
4944561,0.18,0.178328,1,137496
4946021,0.17,0.171666,1,137512
4947481,0.18,0.178333,1,137512
4948941,0.17,0.171667,1,137538
4950401,0.18,0.178333,1,137538
4951861,0.17,0.171667,1,137546
4953321,0.18,0.178333,1,137546
4954781,0.17,0.171667,1,137556
4956241,0.18,0.178333,1,137556
4957701,0,0.0356667,1,137627
4959161,0,0.00713333,1,137627
4960621,0.2,0.161427,1,137629
4962081,0.21,0.200285,1,137629
4963541,0.22,0.216057,1,137680
4965001,0.23,0.227211,1,137680
4966461,0.23,0.229442,1,137680
4967921,0.22,0.221888,1,137691
4969381,0.23,0.228378,1,137691
4970841,0.35,0.325676,1,137735
4972301,0.36,0.353135,1,137735
4973761,0.35,0.350627,1,137771
4975221,0.36,0.358125,1,137771
4976681,0.35,0.351625,1,137785
4978141,0.36,0.358325,1,137785
4979601,0.33,0.335665,1,137800
4981061,0.34,0.339133,1,137800
4982521,0.35,0.347827,1,137811
4983981,0.36,0.357565,1,137811
4985441,0.31,0.319513,1,137819
4986901,0.32,0.319903,1,137819
4988361,0.19,0.215981,1,137833
4989821,0.2,0.203196,1,137833
4991281,0,0.0406392,1,137858
4992741,0,0.00812784,1,137858
4994201,0.08,0.0656256,1,137888
4995661,0.09,0.0851251,1,137888
4997121,0.09,0.089025,1,137894
4998581,0.1,0.097805,1,137894
5000041,0.13,0.123561,1,137910
5001501,0.14,0.136712,1,137910
5002961,0.13,0.131342,1,137920
5004421,0.14,0.138268,1,137920
5005881,0.13,0.131654,1,137926
5007341,0.14,0.138331,1,137926
5008801,0.15,0.147666,1,137942
5010261,0.16,0.157533,1,137942
5011721,0.15,0.151507,1,137968
5013181,0.16,0.158301,1,137968
5014641,0.15,0.15166,1,137976
5016101,0.16,0.158332,1,137976
5017561,0.15,0.151666,1,137986
5019021,0.16,0.158333,1,137986
5020481,0.08,0.0956667,1,138049
5021941,0.09,0.0911333,1,138049
5023401,0.06,0.0662267,1,138060
5024861,0.07,0.0692453,1,138060
5026321,0.01,0.0218491,1,138113
5027781,0.02,0.0203698,1,138113
5029241,0.07,0.060074,1,138123
5030701,0.08,0.0760148,1,138123
5032161,0.19,0.167203,1,138173
5033621,0.2,0.193441,1,138173
5035081,0.19,0.190688,1,138209
5036541,0.2,0.198138,1,138209
5038001,0.19,0.191628,1,138223
5039461,0.2,0.198326,1,138223
5040921,0.19,0.191665,1,138237
5042381,0.2,0.198333,1,138237
5043841,0.21,0.207667,1,138249
5045301,0.22,0.217533,1,138249
5046761,0.23,0.227507,1,138255
5048221,0.24,0.237501,1,138255
5049681,0.23,0.2315,1,138263
5051141,0.24,0.2383,1,138263
5052601,0.14,0.15966,1,138279
5054061,0.15,0.151932,1,138279
5055521,0.1,0.110386,1,138313
5056981,0.11,0.110077,1,138313
5058441,0.11,0.110015,1,138319
5059901,0.12,0.118003,1,138319
5061361,0.12,0.119601,1,138337
5062821,0.13,0.12792,1,138337
5064281,0.13,0.129584,1,138347
5065741,0.14,0.137917,1,138347
5067201,0.13,0.131583,1,138353
5068661,0.14,0.138317,1,138353
5070121,0.11,0.115663,1,138370
5071581,0.12,0.119133,1,138370
5073041,0.11,0.111827,1,138396
5074501,0.12,0.118365,1,138396
5075961,0.11,0.111673,1,138404
5077421,0.12,0.118335,1,138404
5078881,0.11,0.111667,1,138414
5080341,0.12,0.118333,1,138414
5081801,0.18,0.167667,1,138474
5083261,0.19,0.185533,1,138474
5084721,0.14,0.149107,1,138483
5086181,0.15,0.149821,1,138483
5087641,0.19,0.181964,1,138534
5089101,0.2,0.196393,1,138534
5090561,0.16,0.167279,1,138547
5092021,0.17,0.169456,1,138547
5093481,0.19,0.185891,1,138603
5094941,0.2,0.197178,1,138603
5096401,0.19,0.191436,1,138639
5097861,0.2,0.198287,1,138639
5099321,0.2,0.199657,1,138639
5100781,0.21,0.207931,1,138653
5102241,0.22,0.217586,1,138653
5103701,0.21,0.211517,1,138667
5105161,0.22,0.218303,1,138667
5106621,0.19,0.195661,1,138680
5108081,0.2,0.199132,1,138680
5109541,0.21,0.207826,1,138687
5111001,0.22,0.217565,1,138687
5112461,0.21,0.211513,1,138695
5113921,0.22,0.218303,1,138695
5115381,0.17,0.179661,1,138707
5116841,0.18,0.179932,1,138707
5118301,0.15,0.155986,1,138739
5119761,0.16,0.159197,1,138739
5121221,0.15,0.151839,1,138745
5122681,0.16,0.158368,1,138745
5124141,0.08,0.0956736,1,138764
5125601,0.09,0.0911347,1,138764
5127061,0.16,0.146227,1,138774
5128521,0.17,0.165245,1,138774
5129981,0.16,0.161049,1,138780
5131441,0.17,0.16821,1,138780
5132901,0.17,0.169642,1,138796
5134361,0.18,0.177928,1,138796
5135821,0.17,0.171586,1,138822
5137281,0.18,0.178317,1,138822
5138741,0.17,0.171663,1,138830
5140201,0.18,0.178333,1,138830
5141661,0.17,0.171667,1,138840
5143121,0.18,0.178333,1,138840
5144581,0.04,0.0676667,1,138903
5146041,0.05,0.0535333,1,138903
5147501,0.15,0.130707,1,138911
5148961,0.16,0.154141,1,138911
5150421,0.08,0.0948283,1,138964
5151881,0.09,0.0909657,1,138964
5153341,0.04,0.0501931,1,138976
5154801,0.05,0.0500386,1,138976
5156261,0.18,0.154008,1,139033
5157721,0.19,0.182802,1,139033
5159181,0.19,0.18856,1,139069
5160641,0.2,0.197712,1,139069
5162101,0.19,0.191542,1,139071
5163561,0.2,0.198308,1,139071
5165021,0.19,0.191662,1,139085
5166481,0.2,0.198332,1,139085
5167941,0.19,0.191666,1,139099
5169401,0.2,0.198333,1,139099
5170861,0.19,0.191667,1,139111
5172321,0.2,0.198333,1,139111
5173781,0.19,0.191667,1,139119
5175241,0.2,0.198333,1,139119
5176701,0.19,0.191667,1,139127
5178161,0.2,0.198333,1,139127
5179621,0.21,0.207667,1,139137
5181081,0.22,0.217533,1,139137
5182541,0.18,0.187507,1,139168
5184001,0.19,0.189501,1,139168
5185461,0.24,0.2299,1,139174
5186921,0.25,0.24598,1,139174
5188381,0.18,0.193196,1,139190
5189841,0.19,0.190639,1,139190
5191301,0.21,0.206128,1,139204
5192761,0.22,0.217226,1,139204
5194221,0.22,0.219445,1,139210
5195681,0.23,0.227889,1,139210
5197141,0.25,0.245578,1,139226
5198601,0.26,0.257116,1,139226
5200061,0.25,0.251423,1,139252
5201521,0.26,0.258285,1,139252
5202981,0.25,0.251657,1,139260
5204441,0.26,0.258331,1,139260
5205901,0.25,0.251666,1,139270
5207361,0.26,0.258333,1,139270
5208821,0.12,0.147667,1,139327
5210281,0.13,0.133533,1,139327
5211741,0.02,0.0427067,1,139340
5213201,0.03,0.0325413,1,139340
5214661,0.11,0.0945083,1,139390
5216121,0.12,0.114902,1,139390
5217581,0.12,0.11898,1,139400
5219041,0.13,0.127796,1,139400
5220501,0.22,0.201559,1,139464
5221961,0.23,0.224312,1,139464
5223421,0.23,0.228862,1,139500
5224881,0.24,0.237772,1,139500
5226341,0.23,0.231554,1,139502
5227801,0.24,0.238311,1,139502
5229261,0.25,0.247662,1,139516
5230721,0.26,0.257532,1,139516
5232181,0.26,0.259506,1,139516
5233641,0.27,0.267901,1,139530
5235101,0.28,0.27758,1,139530
5236561,0.27,0.271516,1,139542
5238021,0.28,0.278303,1,139542
5239481,0.27,0.271661,1,139550
5240941,0.28,0.278332,1,139550
5242401,0.27,0.271666,1,139558
5243861,0.28,0.278333,1,139558
5245321,0.25,0.255667,1,139569
5246781,0.26,0.259133,1,139569
5248241,0.27,0.267827,1,139599
5249701,0.28,0.277565,1,139599
5251161,0.22,0.231513,1,139607
5252621,0.23,0.230303,1,139607
5254081,0.2,0.206061,1,139621
5255541,0.21,0.209212,1,139621
5257001,0.22,0.217842,1,139637
5258461,0.23,0.227568,1,139637
5259921,0.23,0.229514,1,139643
5261381,0.24,0.237903,1,139643
5262841,0.25,0.247581,1,139660
5264301,0.26,0.257516,1,139660
5265761,0.25,0.251503,1,139686
5267221,0.26,0.258301,1,139686
5268681,0.25,0.25166,1,139694
5270141,0.26,0.258332,1,139694
5271601,0.25,0.251666,1,139704
5273061,0.26,0.258333,1,139704
5274521,0.13,0.155667,1,139755
5275981,0.14,0.143133,1,139755
5277441,0.01,0.0366267,1,139763
5278901,0.02,0.0233253,1,139763
5280361,0.09,0.0766651,1,139817
5281821,0.1,0.095333,1,139817
5283281,0.12,0.115067,1,139828
5284741,0.13,0.127013,1,139828
5286201,0.15,0.145403,1,139897
5287661,0.16,0.157081,1,139897
5289121,0.23,0.215416,1,139933
5290581,0.24,0.235083,1,139933
5292041,0.23,0.231017,1,139935
5293501,0.24,0.238203,1,139935
5294961,0.25,0.247641,1,139950
5296421,0.26,0.257528,1,139950
5297881,0.25,0.251506,1,139964
5299341,0.26,0.258301,1,139964
5300801,0.25,0.25166,1,139976
5302261,0.26,0.258332,1,139976
5303721,0.25,0.251666,1,139984
5305181,0.26,0.258333,1,139984
5306641,0.25,0.251667,1,139992
5308101,0.26,0.258333,1,139992
5309561,0.25,0.251667,1,140002
5311021,0.26,0.258333,1,140002
5312481,0.22,0.227667,1,140032
5313941,0.23,0.229533,1,140032
5315401,0.22,0.221907,1,140038
5316861,0.23,0.228381,1,140038
5318321,0.24,0.237676,1,140052
5319781,0.25,0.247535,1,140052
5321241,0.23,0.233507,1,140069
5322701,0.24,0.238701,1,140069
5324161,0.24,0.23974,1,140075
5325621,0.25,0.247948,1,140075
5327081,0.28,0.27359,1,140093
5328541,0.29,0.286718,1,140093
5330001,0.31,0.305344,1,140119
5331461,0.32,0.317069,1,140119
5332921,0.31,0.311414,1,140127
5334381,0.32,0.318283,1,140127
5335841,0.31,0.311657,1,140137
5337301,0.32,0.318331,1,140137
5338761,0.16,0.191666,1,140182
5340221,0.17,0.174333,1,140182
5341681,0.16,0.162867,1,140184
5343141,0.17,0.168573,1,140184
5344601,0.16,0.161715,1,140243
5346061,0.17,0.168343,1,140243
5347521,0.18,0.177669,1,140255
5348981,0.19,0.187534,1,140255
5350441,0.25,0.237507,1,140325
5351901,0.26,0.255501,1,140325
5353361,0.27,0.2671,1,140365
5354821,0.28,0.27742,1,140365
5356281,0.27,0.271484,1,140367
5357741,0.28,0.278297,1,140367
5359201,0.27,0.271659,1,140383
5360661,0.28,0.278332,1,140383
5362121,0.29,0.287666,1,140397
5363581,0.3,0.297533,1,140397
5365041,0.29,0.291507,1,140409
5366501,0.3,0.298301,1,140409
5367961,0.3,0.29966,1,140409
5369421,0.31,0.307932,1,140417
5370881,0.32,0.317586,1,140417
5372341,0.31,0.311517,1,140425
5373801,0.32,0.318303,1,140425
5375261,0.31,0.311661,1,140435
5376721,0.32,0.318332,1,140435
5378181,0.45,0.423666,1,140464
5379641,0.46,0.452733,1,140464
5381101,0.5,0.490547,1,140471
5382561,0.51,0.506109,1,140471
5384021,0.53,0.525222,1,140485
5385481,0.54,0.537044,1,140485
5386941,0.44,0.459409,1,140502
5388401,0.45,0.451882,1,140502
5389861,0.51,0.498376,1,140508
5391321,0.52,0.515675,1,140508
5392781,0.54,0.535135,1,140528
5394241,0.55,0.547027,1,140528
5395701,0.51,0.517405,1,140555
5397161,0.52,0.519481,1,140555
5398621,0.51,0.511896,1,140563
5400081,0.52,0.518379,1,140563
5401541,0.51,0.511676,1,140573
5403001,0.52,0.518335,1,140573
5404461,0.51,0.511667,1,140610
5405921,0.52,0.518333,1,140610
5407381,0.51,0.511667,1,140612
5408841,0.52,0.518333,1,140612
5410301,0.44,0.455667,1,140671
5411761,0.45,0.451133,1,140671
5413221,0.47,0.466227,1,140684
5414681,0.48,0.477245,1,140684
5416141,0.46,0.463449,1,140758
5417601,0.47,0.46869,1,140758
5419061,0.46,0.461738,1,140799
5420521,0.47,0.468348,1,140799
5421981,0.47,0.46967,1,140801
5423441,0.48,0.477934,1,140801
5424901,0.49,0.487587,1,140817
5426361,0.5,0.497517,1,140817
5427821,0.47,0.475503,1,140832
5429281,0.48,0.479101,1,140832
5430741,0.47,0.47182,1,140844
5432201,0.48,0.478364,1,140844
5433661,0.47,0.471673,1,140846
5435121,0.48,0.478335,1,140846
5436581,0.47,0.471667,1,140854
5438041,0.48,0.478333,1,140854
5439501,0.47,0.471667,1,140862
5440961,0.48,0.478333,1,140862
5442421,0.47,0.471667,1,140872
5443881,0.48,0.478333,1,140872
5445341,0.55,0.535667,1,140908
5446801,0.56,0.555133,1,140908
5448261,0.47,0.487027,1,140918
5449721,0.48,0.481405,1,140918
5451181,0.55,0.536281,1,140934
5452641,0.56,0.555256,1,140934
5454101,0.51,0.519051,1,140946
5455561,0.52,0.51981,1,140946
5457021,0.54,0.535962,1,140956
5458481,0.55,0.547192,1,140956
5459941,0.54,0.541438,1,140976
5461401,0.55,0.548288,1,140976
5462861,0.55,0.549658,1,141002
5464321,0.56,0.557931,1,141002
5465781,0.55,0.551586,1,141010
5467241,0.56,0.558317,1,141010
5468701,0.57,0.567663,1,141020
5470161,0.58,0.577533,1,141020
5471621,0.54,0.547507,1,141056
5473081,0.55,0.549501,1,141056
5474541,0.54,0.5419,1,141058
5476001,0.55,0.54838,1,141058
5477461,0.63,0.613676,1,141115
5478921,0.64,0.634735,1,141115
5480381,0.67,0.662947,1,141130
5481841,0.68,0.676589,1,141130
5483301,0.65,0.655318,1,141202
5484761,0.66,0.659064,1,141202
5486221,0.7,0.691813,1,141244
5487681,0.71,0.706363,1,141244
5489141,0.7,0.701272,1,141246
5490601,0.71,0.708254,1,141246
5492061,0.75,0.741651,1,141263
5493521,0.76,0.75633,2,141263
5494981,0.75,0.751266,2,141277
5496441,0.76,0.758253,2,141277
5497901,0.75,0.751651,2,141289
5499361,0.76,0.75833,2,141289
5500821,0.75,0.751666,2,141291
5502281,0.76,0.758333,2,141291
5503741,0.75,0.751667,2,141299
5505201,0.76,0.758333,2,141299
5506661,0.76,0.759667,2,141299
5508121,0.77,0.767933,2,141307
5509581,0.78,0.777587,2,141307
5511041,0.79,0.787517,2,141317
5512501,0.8,0.797503,2,141317
5513961,0.93,0.903501,2,141357
5515421,0.94,0.9327,2,141357
5516881,0.93,0.93054,2,141363
5518341,0.94,0.938108,2,141363
5519801,0.84,0.859622,2,141384
5521261,0.85,0.851924,2,141384
5522721,0.89,0.882385,2,141394
5524181,0.9,0.896477,2,141394
5525641,0.79,0.811295,2,141405
5527101,0.8,0.802259,2,141405
5528561,0.88,0.864452,2,141425
5530021,0.89,0.88489,2,141425
5531481,0.87,0.872978,2,141451
5532941,0.88,0.878596,2,141451
5534401,0.88,0.879719,2,141459
5535861,0.89,0.887944,2,141459
5537321,0.91,0.905589,2,141470
5538781,0.92,0.917118,2,141470
5540241,0.86,0.871424,2,141505
5541701,0.87,0.870285,2,141505
5543161,0.86,0.862057,2,141507
5544621,0.87,0.868411,2,141507
5546081,0.82,0.829682,2,141569
5547541,0.83,0.829936,2,141569
5549001,0.73,0.749987,1,141586
5550461,0.74,0.741997,1,141586
5551921,0.82,0.804399,2,141657
5553381,0.83,0.82488,2,141657
5554841,0.91,0.892976,2,141701
5556301,0.92,0.914595,2,141701
5557761,0.91,0.910919,2,141703
5559221,0.92,0.918184,2,141703
5560681,0.94,0.935637,2,141722
5562141,0.95,0.947127,2,141722
5586961,0.94,0.94,2,141847
5588421,0.95,0.948,2,141847
5610321,0.94,0.94,2,141970
5611781,0.95,0.948,2,141970
5757781,0.81,0.81,2,143080
5759241,0.82,0.818,2,143080
5760701,0.77,0.7796,2,143100
5762161,0.78,0.77992,2,143100
5763621,0.71,0.723984,1,143119
5765081,0.72,0.720797,1,143119
5766541,0.57,0.600159,1,143168
5768001,0.58,0.584032,1,143168
5769461,0.51,0.524806,1,143187
5770921,0.52,0.520961,1,143187
5772381,0.45,0.464192,1,143207
5773841,0.46,0.460838,1,143207
5775301,0.37,0.388168,1,143226
5776761,0.38,0.381634,1,143226
5778221,0.36,0.364327,1,143243
5779681,0.37,0.368865,1,143243
5781141,0.34,0.345773,1,143260
5782601,0.35,0.349155,1,143260
5784061,0.31,0.317831,1,143272
5785521,0.32,0.319566,1,143272
5786981,0.31,0.311913,1,143280
5788441,0.27,0.278383,1,143288
5716901,0.21,0.223677,1,143295
5789901,0.01,0.0527353,1,143324
5791361,0.01,0.0185471,1,143331
5792821,0.01,0.0117094,1,143337
5794281,0.01,0.0103419,1,143343
5795741,0.03,0.0260684,1,143377
5797201,0.05,0.0452137,1,143391
5798661,0.03,0.0330427,1,143405
5800121,0.07,0.0626085,1,143419
5801581,0,0.0125217,1,143450
5803041,0.01,0.0105043,1,143476
5804501,0.01,0.0101009,1,143542
5805961,0,0.00202017,1,143560
5807421,0,0.000404035,1,143576
5808881,0,8.08069e-05,1,143618
5810341,0.03,0.0240162,1,143634
5811801,0,0.00480323,1,143651
5813261,0.79,0.632961,1,143681
5814721,0.69,0.678592,1,143698
5816181,0.63,0.639718,1,143708
5817641,0.63,0.631944,1,143709
5819101,0.63,0.630389,1,143716
5820561,0.61,0.614078,1,143722
5822021,0.61,0.610816,1,143726
5823481,0.57,0.578163,1,143752
5824941,0.58,0.579633,1,143752
5826401,0.45,0.475927,1,143764
5827861,0.46,0.463185,1,143764
5829321,0.01,0.100637,1,143814
5830781,0.02,0.0361274,1,143814
5832241,0.11,0.0952255,1,143843
5833701,0.12,0.115045,1,143843
5835161,0.03,0.047009,1,143897
5836621,0.04,0.0414018,1,143897
5838081,0.05,0.0482804,1,143981
5839541,0.06,0.0576561,1,143981
5841001,0.01,0.0195312,1,144039
5842461,0.02,0.0199062,1,144039
5843921,0.01,0.0119812,1,144072
5845381,0.02,0.0183962,1,144072
5846841,0.05,0.0436792,1,144153
5848301,0.06,0.0567359,1,144153
5849761,0.09,0.0833472,1,144161
5851221,0.1,0.0966694,1,144161
5852681,0.05,0.0593339,1,144173
5854141,0.06,0.0598668,1,144173
5855601,0.09,0.0839734,1,144201
5857061,0.1,0.0967947,1,144201
5858521,0.09,0.0913589,1,144207
5859981,0.1,0.0982718,1,144207
5861441,0.09,0.0916544,1,144235
5862901,0.1,0.0983309,1,144235
5864361,0.07,0.0756662,1,144269
5865821,0.08,0.0791332,1,144269
5867281,0.05,0.0558266,1,144319
5868741,0.06,0.0591653,1,144319
5870201,0.03,0.0358331,1,144404
5871661,0.04,0.0391666,1,144404
5873121,0.03,0.0318333,1,144460
5874581,0.04,0.0383667,1,144460
5876041,0.03,0.0316733,1,144493
5877501,0.04,0.0383347,1,144493
5878961,0.03,0.0316669,1,144576
5880421,0.04,0.0383334,1,144576
5881881,0.03,0.0316667,1,144586
5883341,0.04,0.0383333,1,144586
5884801,0.03,0.0316667,1,144596
5886261,0.04,0.0383333,1,144596
5887721,0.03,0.0316667,1,144626
5889181,0.04,0.0383333,1,144626
5890641,0.04,0.0396667,1,144626
5892101,0.05,0.0479333,1,144632
5893561,0.06,0.0575867,1,144632
5895021,0.07,0.0675173,1,144660
5896481,0.08,0.0775035,1,144660
5897941,0.01,0.0235007,1,144693
5899401,0.02,0.0207001,1,144693
5900861,0.03,0.02814,1,144742
5902321,0.04,0.037628,1,144742
5903781,0.03,0.0315256,1,144826
5905241,0.04,0.0383051,1,144826
5906701,0.01,0.015661,1,144882
5908161,0.02,0.0191322,1,144882
5909621,0.01,0.0118264,1,144915
5911081,0.02,0.0183653,1,144915
5912541,0.07,0.0596731,1,144998
5914001,0.08,0.0759346,1,144998
5915461,0.07,0.0711869,1,145008
5916921,0.08,0.0782374,1,145008
5918381,0.09,0.0876475,1,145018
5919841,0.1,0.0975295,1,145018
5921301,0.09,0.0915059,1,145048
5922761,0.1,0.0983012,1,145048
5924221,0.09,0.0916602,1,145050
5925681,0.1,0.098332,1,145050
5927141,0.11,0.107666,1,145056
5928601,0.12,0.117533,1,145056
5930061,0.09,0.0955067,1,145085
5931521,0.1,0.0991013,1,145085
5932981,0.01,0.0278203,1,145115
5934441,0.02,0.0215641,1,145115
5935901,0.01,0.0123128,1,145165
5937361,0.02,0.0184626,1,145165
5938821,0,0.00369251,1,145249
5940281,0,0.000738502,1,145249
5941741,0,0.0001477,1,145304
5943201,0,2.95401e-05,1,145304
5944661,0,5.90802e-06,1,145337
5946121,0,1.1816e-06,1,145337
5947581,0.03,0.0240002,1,145423
5949041,0.04,0.0368,1,145423
5950501,0.03,0.03136,1,145433
5951961,0.04,0.038272,1,145433
5953421,0.05,0.0476544,1,145444
5954881,0.06,0.0575309,1,145444
5956341,0.07,0.0675062,1,145474
5957801,0.08,0.0775012,1,145474
5959261,0.07,0.0715002,1,145476
5960721,0.08,0.0783,1,145476
5962181,0.05,0.05566,1,145483
5963641,0.06,0.059132,1,145483
5965101,0.06,0.0598264,1,145483
5966561,0.07,0.0679653,1,145511
5968021,0.08,0.0775931,1,145511
5969481,0.11,0.103519,1,145537
5970941,0.12,0.116704,1,145537
5972401,0.03,0.0473407,1,145587
5973861,0.04,0.0414681,1,145587
5975321,0,0.00829363,1,145671
5976781,0,0.00165873,1,145671
5978241,0,0.000331745,1,145726
5979701,0,6.6349e-05,1,145726
5981161,0,1.32698e-05,1,145759
5982621,0,2.65396e-06,1,145759
5984081,0.03,0.0240005,1,145846
5985541,0.04,0.0368001,1,145846
5987001,0.03,0.03136,1,145856
5988461,0.04,0.038272,1,145856
5989921,0.03,0.0316544,1,145868
5991381,0.04,0.0383309,1,145868
5992841,0.03,0.0316662,1,145899
5994301,0.04,0.0383332,1,145899
5995761,0.03,0.0316666,1,145901
5997221,0.04,0.0383333,1,145901
5998681,0.03,0.0316667,1,145907
6000141,0.04,0.0383333,1,145907
6001601,0.05,0.0476667,1,145935
6003061,0.06,0.0575333,1,145935
6004521,0.07,0.0675067,1,145963
6005981,0.08,0.0775013,1,145963
6007441,0.05,0.0555003,1,146009
6008901,0.06,0.0591001,1,146009
6010361,0.01,0.01982,1,146092
6011821,0.02,0.019964,1,146092
6013281,0.01,0.0119928,1,146147
6014741,0.02,0.0183986,1,146147
6016201,0.01,0.0116797,1,146180
6017661,0.02,0.0183359,1,146180
6019121,0.03,0.0276672,1,146268
6020581,0.04,0.0375334,1,146268
6022041,0.03,0.0315067,1,146278
6023501,0.04,0.0383013,1,146278
6024961,0.03,0.0316603,1,146290
6026421,0.04,0.0383321,1,146290
6027881,0.03,0.0316664,1,146321
6029341,0.04,0.0383333,1,146321
6030801,0.03,0.0316667,1,146323
6032261,0.04,0.0383333,1,146323
6033721,0.03,0.0316667,1,146329
6035181,0.04,0.0383333,1,146329
6036641,0.05,0.0476667,1,146358
6038101,0.06,0.0575333,1,146358
6039561,0.05,0.0515067,1,146387
6041021,0.06,0.0583013,1,146387
6042481,0.06,0.0596603,1,146387
6043941,0.05,0.0519321,1,146432
6045401,0.06,0.0583864,1,146432
6046861,0.03,0.0356773,1,146513
6048321,0.04,0.0391355,1,146513
6049781,0.01,0.0158271,1,146568
6051241,0.02,0.0191654,1,146568
6052701,0.01,0.0118331,1,146601
6054161,0.02,0.0183666,1,146601
6055621,0.03,0.0276733,1,146690
6057081,0.04,0.0375347,1,146690
6058541,0.05,0.0475069,1,146700
6060001,0.06,0.0575014,1,146700
6061461,0.05,0.0515003,1,146712
6062921,0.06,0.0583001,1,146712
6064381,0.03,0.03566,1,146743
6065841,0.04,0.039132,1,146743
6067301,0.03,0.0318264,1,146745
6068761,0.04,0.0383653,1,146745
6070221,0.03,0.0316731,1,146751
6071681,0.04,0.0383346,1,146751
6073141,0.07,0.0636669,1,146781
6074601,0.08,0.0767334,1,146781
6076061,0.05,0.0553467,1,146810
6077521,0.06,0.0590693,1,146810
6078981,0.05,0.0518139,1,146812
6080441,0.06,0.0583628,1,146812
6081901,0.09,0.0836726,1,146856
6083361,0.1,0.0967345,1,146856
6084821,0,0.0193469,1,146936
6086281,0,0.00386938,1,146936
6087741,0,0.000773876,1,146990
6089201,0,0.000154775,1,146990
6090661,0.01,0.00803096,1,147023
6092121,0.02,0.0176062,1,147023
6093581,0.01,0.0115212,1,147113
6095041,0.02,0.0183042,1,147113
6096501,0.03,0.0276609,1,147124
6097961,0.04,0.0375322,1,147124
6099421,0.03,0.0315064,1,147136
6100881,0.04,0.0383013,1,147136
6102341,0.03,0.0316603,1,147166
6103801,0.04,0.0383321,1,147166
6105261,0.03,0.0316664,1,147168
6106721,0.04,0.0383333,1,147168
6108181,0.03,0.0316667,1,147174
6109641,0.04,0.0383333,1,147174
6111101,0.05,0.0476667,1,147206
6112561,0.06,0.0575333,1,147206
6114021,0.05,0.0515067,1,147234
6115481,0.06,0.0583013,1,147234
6116941,0.05,0.0516603,1,147236
6118401,0.06,0.0583321,1,147236
6119861,0.06,0.0596664,1,147236
6121321,0.13,0.115933,1,147282
6122781,0.14,0.135187,1,147282
6124241,0,0.0270373,1,147358
6125701,0,0.00540747,1,147358
6127161,0,0.00108149,1,147412
6128621,0,0.000216299,1,147412
6130081,0.05,0.0400433,1,147445
6131541,0.06,0.0560087,1,147445
6133001,0.01,0.0192017,1,147535
6134461,0.02,0.0198403,1,147535
6135921,0.01,0.0119681,1,147547
6137381,0.02,0.0183936,1,147547
6138841,0.01,0.0116787,1,147559
6140301,0.02,0.0183357,1,147559
6141761,0.01,0.0116671,1,147589
6143221,0.02,0.0183334,1,147589
6144681,0.01,0.0116667,1,147591
6146141,0.02,0.0183333,1,147591
6147601,0.01,0.0116667,1,147597
6149061,0.02,0.0183333,1,147597
6150521,0.03,0.0276667,1,147630
6151981,0.04,0.0375333,1,147630
6153441,0.05,0.0475067,1,147658
6154901,0.06,0.0575013,1,147658
6156361,0.05,0.0515003,1,147660
6157821,0.06,0.0583001,1,147660
6159281,0.05,0.05166,1,147709
6160741,0.06,0.058332,1,147709
6162201,0.03,0.0356664,1,147779
6163661,0.04,0.0391333,1,147779
6165121,0.01,0.0158267,1,147833
6166581,0.02,0.0191653,1,147833
6168041,0.03,0.0278331,1,147868
6169501,0.04,0.0375666,1,147868
6170961,0.05,0.0475133,1,147956
6172421,0.06,0.0575027,1,147956
6173881,0.05,0.0515005,1,147968
6175341,0.06,0.0583001,1,147968
6176801,0.05,0.05166,1,147980
6178261,0.06,0.058332,1,147980
6179721,0.05,0.0516664,1,148010
6181181,0.06,0.0583333,1,148010
6182641,0.05,0.0516667,1,148012
6184101,0.06,0.0583333,1,148012
6185561,0.05,0.0516667,1,148018
6187021,0.06,0.0583333,1,148018
6188481,0.05,0.0516667,1,148052
6189941,0.06,0.0583333,1,148052
6191401,0.05,0.0516667,1,148081
6192861,0.06,0.0583333,1,148081
6194321,0.05,0.0516667,1,148083
6195781,0.06,0.0583333,1,148083
6197241,0.05,0.0516667,1,148132
6198701,0.06,0.0583333,1,148132
6200161,0.11,0.0996667,1,148201
6201621,0.12,0.115933,1,148201
6203081,0.12,0.119187,1,148201
6204541,0.07,0.0798373,1,148254
6206001,0.08,0.0799675,1,148254
6207461,0.03,0.0399935,1,148290
6208921,0.04,0.0399987,1,148290
6210381,0.03,0.0319997,1,148379
6211841,0.04,0.0383999,1,148379
6213301,0.03,0.03168,1,148391
6214761,0.04,0.038336,1,148391
6216221,0.03,0.0316672,1,148403
6217681,0.04,0.0383334,1,148403
6219141,0.05,0.0476667,1,148433
6220601,0.06,0.0575333,1,148433
6222061,0.05,0.0515067,1,148435
6223521,0.06,0.0583013,1,148435
6224981,0.05,0.0516603,1,148441
6226441,0.06,0.0583321,1,148441
6227901,0.05,0.0516664,1,148475
6229361,0.06,0.0583333,1,148475
6230821,0.03,0.0356667,1,148504
6232281,0.04,0.0391333,1,148504
6233741,0.03,0.0318267,1,148506
6235201,0.04,0.0383653,1,148506
6236661,0.03,0.0316731,1,148555
6238121,0.04,0.0383346,1,148555
6239581,0.09,0.0796669,1,148627
6241041,0.1,0.0959334,1,148627
6242501,0.09,0.0911867,1,148629
6243961,0.1,0.0982373,1,148629
6245421,0.09,0.0916475,1,148679
6246881,0.1,0.0983295,1,148679
6248341,0.03,0.0436659,1,148713
6249801,0.04,0.0407332,1,148713
6251261,0.01,0.0161466,1,148802
6252721,0.02,0.0192293,1,148802
6254181,0.01,0.0118459,1,148814
6255641,0.02,0.0183692,1,148814
6257101,0.01,0.0116738,1,148826
6258561,0.02,0.0183348,1,148826
6260021,0.05,0.043667,1,148857
6261481,0.06,0.0567334,1,148857
6262941,0.05,0.0513467,1,148859
6264401,0.06,0.0582693,1,148859
6265861,0.05,0.0516539,1,148865
6267321,0.06,0.0583308,1,148865
6268781,0.05,0.0516662,1,148899
6270241,0.06,0.0583332,1,148899
6271701,0.05,0.0516666,1,148927
6273161,0.06,0.0583333,1,148927
6274621,0.05,0.0516667,1,148929
6276081,0.06,0.0583333,1,148929
6277541,0.09,0.0836667,1,148978
6279001,0.1,0.0967333,1,148978
6280461,0.17,0.155347,1,149053
6281921,0.18,0.175069,1,149053
6283381,0.17,0.171014,1,149055
6284841,0.18,0.178203,1,149055
6286301,0.17,0.171641,1,149105
6287761,0.18,0.178328,1,149105
6289221,0.18,0.179666,1,149105
6290681,0.17,0.171933,1,149136
6292141,0.18,0.178387,1,149136
6293601,0.09,0.107677,1,149224
6295061,0.1,0.101535,1,149224
6296521,0.09,0.0923071,1,149236
6297981,0.1,0.0984614,1,149236
6299441,0.09,0.0916923,1,149248
6300901,0.1,0.0983385,1,149248
6302361,0.11,0.107668,1,149281
6303821,0.12,0.117534,1,149281
6305281,0.11,0.111507,1,149283
6306741,0.12,0.118301,1,149283
6308201,0.11,0.11166,1,149289
6309661,0.12,0.118332,1,149289
6311121,0.13,0.127666,1,149323
6312581,0.14,0.137533,1,149323
6314041,0.13,0.131507,1,149351
6315501,0.14,0.138301,1,149351
6316961,0.13,0.13166,1,149353
6318421,0.14,0.138332,1,149353
6319881,0.15,0.147666,1,149404
6321341,0.16,0.157533,1,149404
6322801,0.17,0.167507,1,149483
6324261,0.18,0.177501,1,149483
6325721,0.17,0.1715,1,149485
6327181,0.18,0.1783,1,149485
6328641,0.17,0.17166,1,149535
6330101,0.18,0.178332,1,149535
6331561,0.17,0.171666,1,149565
6333021,0.18,0.178333,1,149565
6334481,0.21,0.203667,1,149649
6335941,0.22,0.216733,1,149649
6337401,0.23,0.227347,1,149661
6338861,0.24,0.237469,1,149661
6340321,0.23,0.231494,1,149673
6341781,0.24,0.238299,1,149673
6343241,0.25,0.24766,1,149707
6344701,0.26,0.257532,1,149707
6346161,0.25,0.251506,1,149709
6347621,0.26,0.258301,1,149709
6349081,0.25,0.25166,1,149715
6350541,0.26,0.258332,1,149715
6352001,0.23,0.235666,1,149750
6353461,0.24,0.239133,1,149750
6354921,0.23,0.231827,1,149778
6356381,0.24,0.238365,1,149778
6357841,0.23,0.231673,1,149780
6359301,0.24,0.238335,1,149780
6360761,0.25,0.247667,1,149832
6362221,0.26,0.257533,1,149832
6363681,0.23,0.235507,1,149912
6365141,0.24,0.239101,1,149912
6366601,0.23,0.23182,1,149914
6368061,0.24,0.238364,1,149914
6369521,0.27,0.263673,1,149964
6370981,0.28,0.276735,1,149964
6372441,0.27,0.271347,1,149994
6373901,0.28,0.278269,1,149994
6375361,0.27,0.271654,1,150080
6376821,0.28,0.278331,1,150080
6378281,0.28,0.279666,1,150080
6379741,0.27,0.271933,1,150093
6381201,0.28,0.278387,1,150093
6382661,0.27,0.271677,1,150105
6384121,0.28,0.278335,1,150105
6385581,0.25,0.255667,1,150140
6387041,0.26,0.259133,1,150140
6388501,0.25,0.251827,1,150142
6389961,0.26,0.258365,1,150142
6391421,0.25,0.251673,1,150148
6392881,0.26,0.258335,1,150148
6394341,0.25,0.251667,1,150182
6395801,0.26,0.258333,1,150182
6397261,0.27,0.267667,1,150210
6398721,0.28,0.277533,1,150210
6400181,0.27,0.271507,1,150212
6401641,0.28,0.278301,1,150212
6403101,0.25,0.25566,1,150265
6404561,0.26,0.259132,1,150265
6406021,0.27,0.267826,1,150344
6407481,0.28,0.277565,1,150344
6408941,0.27,0.271513,1,150346
6410401,0.28,0.278303,1,150346
6411861,0.31,0.303661,1,150398
6413321,0.32,0.316732,1,150398
6414781,0.31,0.311346,1,150428
6416241,0.32,0.318269,1,150428
6417701,0.55,0.503654,1,150514
6419161,0.56,0.548731,1,150514
6420621,0.55,0.549746,1,150516
6422081,0.56,0.557949,1,150516
6423541,0.55,0.55159,1,150528
6425001,0.56,0.558318,1,150528
6426461,0.55,0.551664,1,150540
6427921,0.56,0.558333,1,150540
6429381,0.59,0.583667,1,150574
6430841,0.6,0.596733,1,150574
6432301,0.59,0.591347,1,150576
6433761,0.6,0.598269,1,150576
6435221,0.59,0.591654,1,150582
6436681,0.6,0.598331,1,150582
6438141,0.59,0.591666,1,150616
6439601,0.6,0.598333,1,150616
6441061,0.61,0.607667,1,150645
6442521,0.62,0.617533,1,150645
6443981,0.61,0.611507,1,150647
6445441,0.62,0.618301,1,150647
6446901,0.61,0.61166,1,150699
6448361,0.62,0.618332,1,150699
6449821,0.67,0.659666,1,150779
6451281,0.68,0.675933,1,150779
6452741,0.67,0.671187,1,150781
6454201,0.68,0.678237,1,150781
6455661,0.69,0.687647,1,150835
6457121,0.7,0.697529,1,150835
6458581,0.73,0.723506,1,150865
6460041,0.74,0.736701,1,150865
6461501,0.81,0.79534,2,150963
6462961,0.82,0.815068,2,150963
6464421,0.81,0.811014,2,150965
6465881,0.82,0.818203,2,150965
6467341,0.82,0.819641,2,150965
6468801,0.83,0.827928,2,150977
6470261,0.84,0.837586,2,150977
6471721,0.83,0.831517,2,150989
6473181,0.84,0.838303,2,150989
6474641,0.87,0.863661,2,151025
6476101,0.88,0.876732,2,151025
6477561,0.87,0.871346,2,151027
6479021,0.88,0.878269,2,151027
6480481,0.87,0.871654,2,151033
6481941,0.88,0.878331,2,151033
6483401,0.87,0.871666,2,151067
6484861,0.88,0.878333,2,151067
6486321,0.93,0.919667,2,151097
6487781,0.94,0.935933,2,151097
6489241,0.93,0.931187,2,151099
6490701,0.94,0.938237,2,151099
6492161,0.93,0.931647,2,151151
6493621,0.94,0.93833,2,151151
6503841,0.94,0.94,2,151323
6505301,0.95,0.948,2,151323
6636701,0.92,0.92,2,152730
6638161,0.93,0.928,2,152730
6639621,0.88,0.8896,2,152750
6641081,0.89,0.88992,2,152750
6645461,0.95,0.95,2,152858
6648381,0.91,0.91,2,152868
6649841,0.92,0.918,2,152868
6651301,0.73,0.7676,2,152900
6652761,0.74,0.74552,1,152900
6654221,0.57,0.605104,1,152925
6655681,0.58,0.585021,1,152925
6657141,0.49,0.509004,1,152945
6658601,0.5,0.501801,1,152945
6660061,0.5,0.50036,1,152945
6661521,0.43,0.444072,1,152967
6662981,0.44,0.440814,1,152967
6664441,0.39,0.400163,1,152989
6665901,0.4,0.400033,1,152989
6667361,0.27,0.296007,1,153008
6668821,0.28,0.283201,1,153008
6670281,0.21,0.22464,1,153027
6671741,0.22,0.220928,1,153027
6673201,0.21,0.212186,1,153039
6674661,0.17,0.178437,1,153050
6625021,0.13,0.139687,1,153060
6676121,0.01,0.0359375,1,153150
6677581,0.01,0.0151875,1,153206
6679041,0,0.0030375,1,153308
6680501,0.01,0.0086075,1,153328
6681961,0.03,0.0257215,1,153338
6683421,0.01,0.0131443,1,153357
6684881,0.01,0.0106289,1,153375
6686341,0.01,0.0101258,1,153391
6687801,0.07,0.0580252,1,153409
6689261,0.03,0.035605,1,153429
6690721,0.01,0.015121,1,153458
6692181,0.01,0.0110242,1,153459
6693641,0.01,0.0102048,1,153470
6695101,0.07,0.058041,1,153479
6696561,0.03,0.0356082,1,153487
6698021,0.01,0.0151216,1,153627
6699481,0.02,0.0190243,1,153627
6700941,0.03,0.0278049,1,153749
6702401,0.04,0.037561,1,153749
6703861,0.07,0.0635122,1,153778
6705321,0.08,0.0767024,1,153778
6706781,0,0.0153405,1,153812
6708241,0,0.0030681,1,153812
6709701,0.01,0.00861362,1,153851
6711161,0.02,0.0177227,1,153851
6712621,0,0.00354454,1,153880
6714081,0,0.000708909,1,153880
6715541,0.03,0.0241418,1,153903
6717001,0.04,0.0368284,1,153903
6718461,0.04,0.0393657,1,153903
6719921,0.03,0.0318731,1,154048
6721381,0.04,0.0383746,1,154048
6722841,0.07,0.0636749,1,154171
6724301,0.08,0.076735,1,154171
6725761,0.01,0.023347,1,154202
6727221,0.02,0.0206694,1,154202
6728681,0,0.00413388,1,154233
6730141,0,0.000826776,1,154233
6731601,0.01,0.00816536,1,154272
6733061,0.02,0.0176331,1,154272
6734521,0.05,0.0435266,1,154301
6735981,0.06,0.0567053,1,154301
6737441,0.03,0.0353411,1,154325
6738901,0.04,0.0390682,1,154325
6740361,0.03,0.0318136,1,154327
6741821,0.04,0.0383627,1,154327
6743281,0.01,0.0156725,1,154471
6744741,0.02,0.0191345,1,154471
6746201,0.01,0.0118269,1,154596
6747661,0.02,0.0183654,1,154596
6749121,0,0.00367308,1,154624
6750581,0,0.000734615,1,154624
6752041,0,0.000146923,1,154655
6753501,0,2.93846e-05,1,154655
6754961,0.01,0.00800588,1,154694
6756421,0.02,0.0176012,1,154694
6757881,0.01,0.0115202,1,154725
6759341,0.02,0.018304,1,154725
6760801,0.01,0.0116608,1,154748
6762261,0.02,0.0183322,1,154748
6763721,0.01,0.0116664,1,154750
6765181,0.02,0.0183333,1,154750
6766641,0.01,0.0116667,1,154893
6768101,0.02,0.0183333,1,154893
6769561,0.02,0.0196667,1,154893
6771021,0.01,0.0119333,1,155018
6772481,0.02,0.0183867,1,155018
6773941,0,0.00367733,1,155046
6775401,0,0.000735467,1,155046
6776861,0,0.000147093,1,155077
6778321,0,2.94187e-05,1,155077
6779781,0.03,0.0240059,1,155116
6781241,0.04,0.0368012,1,155116
6782701,0.01,0.0153602,1,155147
6784161,0.02,0.019072,1,155147
6785621,0.01,0.0118144,1,155170
6787081,0.02,0.0183629,1,155170
6788541,0.01,0.0116726,1,155172
6790001,0.02,0.0183345,1,155172
6791461,0,0.0036669,1,155315
6792921,0,0.000733381,1,155315
6794381,0.01,0.00814668,1,155439
6795841,0.02,0.0176293,1,155439
6797301,0.01,0.0115259,1,155467
6798761,0.02,0.0183052,1,155467
6800221,0.01,0.011661,1,155498
6801681,0.02,0.0183322,1,155498
6803141,0.01,0.0116664,1,155538
6804601,0.02,0.0183333,1,155538
6806061,0.03,0.0276667,1,155568
6807521,0.04,0.0375333,1,155568
6808981,0.07,0.0635067,1,155591
6810441,0.08,0.0767013,1,155591
6811901,0.07,0.0713403,1,155593
6813361,0.08,0.0782681,1,155593
6814821,0.01,0.0236536,1,155736
6816281,0.02,0.0207307,1,155736
6817741,0.01,0.0121461,1,155860
6819201,0.02,0.0184292,1,155860
6820661,0.03,0.0276858,1,155888
6822121,0.04,0.0375372,1,155888
6823581,0.04,0.0395074,1,155888
6825041,0.03,0.0319015,1,155919
6826501,0.04,0.0383803,1,155919
6827961,0.03,0.0316761,1,155959
6829421,0.04,0.0383352,1,155959
6830881,0.01,0.015667,1,155990
6832341,0.02,0.0191334,1,155990
6833801,0.05,0.0438267,1,156015
6835261,0.06,0.0567653,1,156015
6836721,0.05,0.0513531,1,156017
6838181,0.06,0.0582706,1,156017
6839641,0.03,0.0356541,1,156157
6841101,0.04,0.0391308,1,156157
6842561,0.03,0.0318262,1,156281
6844021,0.04,0.0383652,1,156281
6845481,0.01,0.015673,1,156310
6846941,0.02,0.0191346,1,156310
6848401,0.01,0.0118269,1,156312
6849861,0.02,0.0183654,1,156312
6851321,0.03,0.0276731,1,156342
6852781,0.04,0.0375346,1,156342
6854241,0.03,0.0315069,1,156382
6855701,0.04,0.0383014,1,156382
6857161,0.01,0.0156603,1,156412
6858621,0.02,0.0191321,1,156412
6860081,0.01,0.0118264,1,156439
6861541,0.02,0.0183653,1,156439
6863001,0.01,0.0116731,1,156441
6864461,0.02,0.0183346,1,156441
6865921,0.01,0.0116669,1,156580
6867381,0.02,0.0183334,1,156580
6868841,0.01,0.0116667,1,156704
6870301,0.02,0.0183333,1,156704
6871761,0.01,0.0116667,1,156732
6873221,0.02,0.0183333,1,156732
6874681,0.01,0.0116667,1,156734
6876141,0.02,0.0183333,1,156734
6877601,0.02,0.0196667,1,156734
6879061,0.01,0.0119333,1,156765
6880521,0.02,0.0183867,1,156765
6881981,0.03,0.0276773,1,156805
6883441,0.04,0.0375355,1,156805
6884901,0.01,0.0155071,1,156834
6886361,0.02,0.0191014,1,156834
6887821,0.03,0.0278203,1,156861
6889281,0.04,0.0375641,1,156861
6890741,0.03,0.0315128,1,156863
6892201,0.04,0.0383026,1,156863
6893661,0.07,0.0636605,1,157002
6895121,0.08,0.0767321,1,157002
6896581,0,0.0153464,1,157126
6898041,0,0.00306928,1,157126
6899501,0.01,0.00861386,1,157154
6900961,0.02,0.0177228,1,157154
6902421,0.01,0.0115446,1,157156
6903881,0.02,0.0183089,1,157156
6905341,0.03,0.0276618,1,157186
6906801,0.04,0.0375324,1,157186
6908261,0.03,0.0315065,1,157227
6909721,0.04,0.0383013,1,157227
6911181,0.05,0.0476603,1,157255
6912641,0.06,0.0575321,1,157255
6914101,0.03,0.0355064,1,157283
6915561,0.04,0.0391013,1,157283
6917021,0.03,0.0318203,1,157285
6918481,0.04,0.0383641,1,157285
6919941,0.03,0.0316728,1,157426
6921401,0.04,0.0383346,1,157426
6922861,0.01,0.0156669,1,157547
6924321,0.02,0.0191334,1,157547
6925781,0.01,0.0118267,1,157575
6927241,0.02,0.0183653,1,157575
6928701,0.01,0.0116731,1,157577
6930161,0.02,0.0183346,1,157577
6931621,0.01,0.0116669,1,157608
6933081,0.02,0.0183334,1,157608
6934541,0.03,0.0276667,1,157649
6936001,0.04,0.0375333,1,157649
6937461,0.04,0.0395067,1,157649
6938921,0.03,0.0319013,1,157678
6940381,0.04,0.0383803,1,157678
6941841,0.05,0.0476761,1,157705
6943301,0.06,0.0575352,1,157705
6944761,0.05,0.051507,1,157707
6946221,0.06,0.0583014,1,157707
6947681,0.09,0.0836603,1,157848
6949141,0.1,0.0967321,1,157848
6950601,0.03,0.0433464,1,157968
6952061,0.04,0.0406693,1,157968
6953521,0.03,0.0321339,1,157996
6954981,0.04,0.0384268,1,157996
6956441,0.03,0.0316854,1,157998
6957901,0.04,0.0383371,1,157998
6959361,0.01,0.0156674,1,158029
6960821,0.02,0.0191335,1,158029
6962281,0.03,0.0278267,1,158071
6963741,0.04,0.0375653,1,158071
6965201,0.03,0.0315131,1,158073
6966661,0.04,0.0383026,1,158073
6968121,0.03,0.0316605,1,158101
6969581,0.04,0.0383321,1,158101
6971041,0.03,0.0316664,1,158129
6972501,0.04,0.0383333,1,158129
6973961,0.03,0.0316667,1,158131
6975421,0.04,0.0383333,1,158131
6976881,0.13,0.111667,1,158274
6978341,0.14,0.134333,1,158274
6979801,0.01,0.0348667,1,158391
6981261,0.02,0.0229733,1,158391
6982721,0.03,0.0285947,1,158419
6984181,0.04,0.0377189,1,158419
6985641,0.03,0.0315438,1,158421
6987101,0.04,0.0383088,1,158421
6988561,0.01,0.0156618,1,158451
6990021,0.02,0.0191324,1,158451
6991481,0.01,0.0118265,1,158494
6992941,0.02,0.0183653,1,158494
6994401,0.01,0.0116731,1,158496
6995861,0.02,0.0183346,1,158496
6997321,0.02,0.0196669,1,158496
6998781,0.03,0.0279334,1,158524
7000241,0.04,0.0375867,1,158524
7001701,0.03,0.0315173,1,158552
7003161,0.04,0.0383035,1,158552
7004621,0.03,0.0316607,1,158554
7006081,0.04,0.0383321,1,158554
7007541,0.03,0.0316664,1,158702
7009001,0.04,0.0383333,1,158702
7010461,0.07,0.0636667,1,158813
7011921,0.08,0.0767333,1,158813
7013381,0.01,0.0233467,1,158842
7014841,0.02,0.0206693,1,158842
7016301,0.01,0.0121339,1,158844
7017761,0.02,0.0184268,1,158844
7019221,0.01,0.0116854,1,158873
7020681,0.02,0.0183371,1,158873
7022141,0.01,0.0116674,1,158916
7023601,0.02,0.0183335,1,158916
7025061,0.01,0.0116667,1,158918
7026521,0.02,0.0183333,1,158918
7027981,0.03,0.0276667,1,158946
7029441,0.04,0.0375333,1,158946
7030901,0.03,0.0315067,1,158974
7032361,0.04,0.0383013,1,158974
7033821,0.03,0.0316603,1,158976
7035281,0.04,0.0383321,1,158976
7036741,0.07,0.0636664,1,159124
7038201,0.08,0.0767333,1,159124
7039661,0.05,0.0553467,1,159237
7041121,0.06,0.0590693,1,159237
7042581,0.03,0.0358139,1,159263
7044041,0.04,0.0391628,1,159263
7045501,0.03,0.0318326,1,159265
7046961,0.04,0.0383665,1,159265
7048421,0.03,0.0316733,1,159294
7049881,0.04,0.0383347,1,159294
7051341,0.03,0.0316669,1,159337
7052801,0.04,0.0383334,1,159337
7054261,0.03,0.0316667,1,159339
7055721,0.04,0.0383333,1,159339
7057181,0.03,0.0316667,1,159368
7058641,0.04,0.0383333,1,159368
7060101,0.03,0.0316667,1,159396
7061561,0.04,0.0383333,1,159396
7063021,0.04,0.0396667,1,159396
7064481,0.05,0.0479333,1,159398
7065941,0.06,0.0575867,1,159398
7067401,0.11,0.0995173,1,159548
7068861,0.12,0.115903,1,159548
7070321,0.13,0.127181,1,159660
7071781,0.14,0.137436,1,159660
7073241,0.15,0.147487,1,159685
7074701,0.16,0.157497,1,159685
7076161,0.15,0.151499,1,159687
7077621,0.16,0.1583,1,159687
7079081,0.19,0.18366,1,159716
7080541,0.2,0.196732,1,159716
7082001,0.09,0.111346,1,159759
7083461,0.1,0.102269,1,159759
7084921,0.09,0.0924539,1,159761
7086381,0.1,0.0984908,1,159761
7087841,0.09,0.0916982,1,159790
7089301,0.1,0.0983396,1,159790
7090761,0.09,0.0916679,1,159818
7092221,0.1,0.0983336,1,159818
7093681,0.09,0.0916667,1,159820
7095141,0.1,0.0983333,1,159820
7096601,0.09,0.0916667,1,159822
7098061,0.1,0.0983333,1,159822
7099521,0.19,0.171667,1,159975
7100981,0.2,0.194333,1,159975
7102441,0.17,0.174867,1,160088
7103901,0.18,0.178973,1,160088
7105361,0.21,0.203795,1,160114
7106821,0.22,0.216759,1,160114
7108281,0.21,0.211352,1,160116
7109741,0.22,0.21827,1,160116
7111201,0.25,0.243654,1,160147
7112661,0.26,0.256731,1,160147
7114121,0.27,0.267346,1,160185
7115581,0.28,0.277469,1,160185
7117041,0.27,0.271494,1,160187
7118501,0.28,0.278299,1,160187
7119961,0.29,0.28766,1,160216
7121421,0.3,0.297532,1,160216
7122881,0.29,0.291506,1,160244
7124341,0.3,0.298301,1,160244
7125801,0.29,0.29166,1,160246
7127261,0.3,0.298332,1,160246
7128721,0.29,0.291666,1,160248
7130181,0.3,0.298333,1,160248
7131641,0.3,0.299667,1,160248
7133101,0.29,0.291933,1,160406
7134561,0.3,0.298387,1,160406
7136021,0.49,0.451677,1,160518
7137481,0.5,0.490335,1,160518
7138941,0.51,0.506067,1,160546
7140401,0.52,0.517213,1,160546
7141861,0.51,0.511443,1,160548
7143321,0.52,0.518289,1,160548
7144781,0.57,0.559658,1,160581
7146241,0.58,0.575932,1,160581
7147701,0.57,0.571186,1,160620
7149161,0.58,0.578237,1,160620
7150621,0.57,0.571647,1,160622
7152081,0.58,0.57833,1,160622
7153541,0.57,0.571666,1,160652
7155001,0.58,0.578333,1,160652
7156461,0.59,0.587667,1,160680
7157921,0.6,0.597533,1,160680
7159381,0.59,0.591507,1,160682
7160841,0.6,0.598301,1,160682
7162301,0.59,0.59166,1,160684
7163761,0.6,0.598332,1,160684
7165221,0.61,0.607666,1,160841
7166681,0.62,0.617533,1,160841
7168141,0.73,0.707507,1,160963
7169601,0.74,0.733501,1,160963
7171061,0.71,0.7147,1,160992
7172521,0.72,0.71894,1,160992
7173981,0.71,0.711788,1,160994
7175441,0.72,0.718358,1,160994
7176901,0.71,0.711672,1,161030
7178361,0.72,0.718334,1,161030
7179821,0.71,0.711667,1,161069
7181281,0.72,0.718333,1,161069
7182741,0.71,0.711667,1,161071
7184201,0.72,0.718333,1,161071
7185661,0.77,0.759667,2,161101
7187121,0.78,0.775933,2,161101
7188581,0.75,0.755187,2,161130
7190041,0.76,0.759037,2,161130
7191501,0.75,0.751807,2,161132
7192961,0.76,0.758361,2,161132
7194421,0.75,0.751672,2,161134
7195881,0.76,0.758334,2,161134
7197341,0.77,0.767667,2,161292
7198801,0.78,0.777533,2,161292
7200261,0.78,0.779507,2,161292
7305381,0.85,0.85,2,162738
7306841,0.86,0.858,2,162738
7308301,0.31,0.4196,1,162859
7309761,0.32,0.33992,1,162859
7311221,0.21,0.235984,1,162879
7312681,0.22,0.223197,1,162879
7314141,0.11,0.132639,1,162900
7315601,0.12,0.122528,1,162900
7317061,0,0.0245056,1,162920
7318521,0,0.00490111,1,162920
7319981,0.01,0.00898022,1,162957
7321441,0.02,0.017796,1,162957
7322901,0.05,0.0435592,1,162981
7324361,0.06,0.0567118,1,162981
7325821,0.03,0.0353424,1,163006
7327281,0.04,0.0390685,1,163006
7328741,0.05,0.0478137,1,163030
7330201,0.06,0.0575627,1,163030
7331661,0.03,0.0355125,1,163053
7333121,0.04,0.0391025,1,163053
7334581,0.07,0.0638205,1,163073
7336041,0.08,0.0767641,1,163073
7337501,0,0.0153528,1,163191
7338961,0,0.00307056,1,163191
7340421,0.01,0.00861411,1,163209
7341881,0.02,0.0177228,1,163209
7343341,0.05,0.0435446,1,163295
7344801,0.06,0.0567089,1,163295
7346261,0.03,0.0353418,1,163310
7347721,0.04,0.0390684,1,163310
7349181,0.05,0.0478137,1,163326
7350641,0.06,0.0575627,1,163326
7352101,0.06,0.0595125,1,163326
7353561,0.01,0.0199025,1,163341
7355021,0.02,0.0199805,1,163341
7356481,0.03,0.0279961,1,163378
7357941,0.04,0.0375992,1,163378
7359401,0.01,0.0155198,1,163404
7360861,0.02,0.019104,1,163404
7362321,0.01,0.0118208,1,163428
7363781,0.02,0.0183642,1,163428
7365241,0.01,0.0116728,1,163453
7366701,0.02,0.0183346,1,163453
7368161,0.01,0.0116669,1,163475
7369621,0.02,0.0183334,1,163475
7371081,0.03,0.0276667,1,163497
7372541,0.04,0.0375333,1,163497
7374001,0.03,0.0315067,1,163612
7375461,0.04,0.0383013,1,163612
7376921,0.07,0.0636603,1,163630
7378381,0.08,0.0767321,1,163630
7379841,0.07,0.0713464,1,163718
7381301,0.08,0.0782693,1,163718
7382761,0.03,0.0396539,1,163732
7384221,0.04,0.0399308,1,163732
7385681,0.05,0.0479862,1,163749
7387141,0.06,0.0575972,1,163749
7388601,0.05,0.0515194,1,163751
7390061,0.06,0.0583039,1,163751
7391521,0.05,0.0516608,1,163763
7392981,0.06,0.0583322,1,163763
7394441,0.01,0.0196664,1,163801
7395901,0.02,0.0199333,1,163801
7397361,0.01,0.0119867,1,163826
7398821,0.02,0.0183973,1,163826
7400281,0.01,0.0116795,1,163850
7401741,0.02,0.0183359,1,163850
7403201,0.01,0.0116672,1,163875
7404661,0.02,0.0183334,1,163875
7406121,0.03,0.0276667,1,163897
7407581,0.04,0.0375333,1,163897
7409041,0.03,0.0315067,1,163920
7410501,0.04,0.0383013,1,163920
7411961,0,0.00766027,1,164035
7413421,0,0.00153205,1,164035
7414881,0.03,0.0243064,1,164055
7416341,0.04,0.0368613,1,164055
7417801,0.01,0.0153723,1,164143
7419261,0.02,0.0190745,1,164143
7420721,0.01,0.0118149,1,164155
7422181,0.02,0.018363,1,164155
7423641,0.01,0.0116726,1,164173
7425101,0.02,0.0183345,1,164173
7426561,0.01,0.0116669,1,164175
7428021,0.02,0.0183334,1,164175
7429481,0.02,0.0196667,1,164175
7430941,0.03,0.0279333,1,164187
7432401,0.04,0.0375867,1,164187
7433861,0,0.00751733,1,164223
7435321,0,0.00150347,1,164223
7436781,0.01,0.00830069,1,164248
7438241,0.02,0.0176601,1,164248
7439701,0.01,0.011532,1,164272
7441161,0.02,0.0183064,1,164272
7442621,0.01,0.0116613,1,164297
7444081,0.02,0.0183323,1,164297
7445541,0.01,0.0116665,1,164320
7447001,0.02,0.0183333,1,164320
7448461,0.03,0.0276667,1,164343
7449921,0.04,0.0375333,1,164343
7451381,0.01,0.0155067,1,164457
7452841,0.02,0.0191013,1,164457
7454301,0.01,0.0118203,1,164478
7455761,0.02,0.0183641,1,164478
7457221,0.01,0.0116728,1,164565
7458681,0.02,0.0183346,1,164565
7460141,0.03,0.0276669,1,164577
7461601,0.04,0.0375334,1,164577
7463061,0.01,0.0155067,1,164595
7464521,0.02,0.0191013,1,164595
7465981,0.01,0.0118203,1,164597
7467441,0.02,0.0183641,1,164597
7468901,0.03,0.0276728,1,164609
7470361,0.04,0.0375346,1,164609
7471821,0.01,0.0155069,1,164644
7473281,0.02,0.0191014,1,164644
7474741,0.01,0.0118203,1,164669
7476201,0.02,0.0183641,1,164669
7477661,0.03,0.0276728,1,164693
7479121,0.04,0.0375346,1,164693
7480581,0.03,0.0315069,1,164718
7482041,0.04,0.0383014,1,164718
7483501,0.03,0.0316603,1,164741
7484961,0.04,0.0383321,1,164741
7486421,0.03,0.0316664,1,164765
7487881,0.04,0.0383333,1,164765
7489341,0.01,0.0156667,1,164878
7490801,0.02,0.0191333,1,164878
7492261,0.01,0.0118267,1,164899
7493721,0.02,0.0183653,1,164899
7495181,0.01,0.0116731,1,164986
7496641,0.02,0.0183346,1,164986
7498101,0.03,0.0276669,1,164999
7499561,0.04,0.0375334,1,164999
7501021,0.05,0.0475067,1,165016
7502481,0.06,0.0575013,1,165016
7503941,0.05,0.0515003,1,165018
7505401,0.06,0.0583001,1,165018
7506861,0.03,0.03566,1,165031
7508321,0.04,0.039132,1,165031
7509781,0.03,0.0318264,1,165065
7511241,0.04,0.0383653,1,165065
7512701,0.04,0.0396731,1,165065
7514161,0.01,0.0159346,1,165090
7515621,0.02,0.0191869,1,165090
7517081,0.03,0.0278374,1,165115
7518541,0.04,0.0375675,1,165115
7520001,0.01,0.0155135,1,165140
7521461,0.02,0.0191027,1,165140
7522921,0.01,0.0118205,1,165163
7524381,0.02,0.0183641,1,165163
7525841,0.01,0.0116728,1,165187
7527301,0.02,0.0183346,1,165187
7528761,0.07,0.0596669,1,165299
7530221,0.08,0.0759334,1,165299
7531681,0.01,0.0231867,1,165320
7533141,0.02,0.0206373,1,165320
7534601,0.09,0.0761275,1,165407
7536061,0.1,0.0952255,1,165407
7537521,0.09,0.0910451,1,165421
7538981,0.1,0.098209,1,165421
7540441,0.09,0.0916418,1,165439
7541901,0.1,0.0983284,1,165439
7543361,0.09,0.0916657,1,165441
7544821,0.1,0.0983331,1,165441
7546281,0.11,0.107667,1,165453
7547741,0.12,0.117533,1,165453
7549201,0.05,0.0635067,1,165487
7550661,0.06,0.0607013,1,165487
7552121,0.05,0.0521403,1,165489
7553581,0.06,0.0584281,1,165489
7555041,0.01,0.0196856,1,165512
7556501,0.02,0.0199371,1,165512
7557961,0.01,0.0119874,1,165538
7559421,0.02,0.0183975,1,165538
7560881,0.01,0.0116795,1,165562
7562341,0.02,0.0183359,1,165562
7563801,0.01,0.0116672,1,165585
7565261,0.02,0.0183334,1,165585
7566721,0.01,0.0116667,1,165609
7568181,0.02,0.0183333,1,165609
7569641,0.07,0.0596667,1,165724
7571101,0.08,0.0759333,1,165724
7572561,0.07,0.0711867,1,165742
7574021,0.08,0.0782373,1,165742
7575481,0.05,0.0556475,1,165833
7576941,0.06,0.0591295,1,165833
7578401,0.05,0.0518259,1,165847
7579861,0.06,0.0583652,1,165847
7581321,0.05,0.051673,1,165865
7582781,0.06,0.0583346,1,165865
7584241,0.05,0.0516669,1,165867
7585701,0.06,0.0583334,1,165867
7587161,0.07,0.0676667,1,165880
7588621,0.08,0.0775333,1,165880
7590081,0.05,0.0555067,1,165911
7591541,0.06,0.0591013,1,165911
7593001,0.05,0.0518203,1,165913
7594461,0.06,0.0583641,1,165913
7595921,0.03,0.0356728,1,165934
7597381,0.04,0.0391346,1,165934
7598841,0.04,0.0398269,1,165934
7600301,0.01,0.0159654,1,165960
7601761,0.02,0.0191931,1,165960
7603221,0.01,0.0118386,1,165984
7604681,0.02,0.0183677,1,165984
7606141,0.01,0.0116735,1,166007
7607601,0.02,0.0183347,1,166007
7609061,0.01,0.0116669,1,166031
7610521,0.02,0.0183334,1,166031
7611981,0.03,0.0276667,1,166149
7613441,0.04,0.0375333,1,166149
7614901,0.05,0.0475067,1,166167
7616361,0.06,0.0575013,1,166167
7617821,0.11,0.0995003,1,166257
7619281,0.12,0.1159,1,166257
7620741,0.11,0.11118,1,166271
7622201,0.12,0.118236,1,166271
7623661,0.11,0.111647,1,166289
7625121,0.12,0.118329,1,166289
7626581,0.11,0.111666,1,166291
7628041,0.12,0.118333,1,166291
7629501,0.13,0.127667,1,166305
7630961,0.14,0.137533,1,166305
7632421,0.13,0.131507,1,166335
7633881,0.14,0.138301,1,166335
7635341,0.13,0.13166,1,166337
7636801,0.14,0.138332,1,166337
7638261,0.13,0.131666,1,166357
7639721,0.14,0.138333,1,166357
7641181,0.05,0.0676667,1,166381
7642641,0.06,0.0615333,1,166381
7644101,0.01,0.0203067,1,166405
7645561,0.02,0.0200613,1,166405
7647021,0.03,0.0280123,1,166428
7648481,0.04,0.0376025,1,166428
7649941,0.01,0.0155205,1,166452
7651401,0.02,0.0191041,1,166452
7652861,0.03,0.0278208,1,166571
7654321,0.04,0.0375642,1,166571
7655781,0.03,0.0315128,1,166590
7657241,0.04,0.0383026,1,166590
7658701,0.05,0.0476605,1,166683
7660161,0.06,0.0575321,1,166683
7661621,0.05,0.0515064,1,166697
7663081,0.06,0.0583013,1,166697
7664541,0.05,0.0516603,1,166715
7666001,0.06,0.0583321,1,166715
7667461,0.05,0.0516664,1,166717
7668921,0.06,0.0583333,1,166717
7670381,0.03,0.0356667,1,166732
7671841,0.04,0.0391333,1,166732
7673301,0.05,0.0478267,1,166762
7674761,0.06,0.0575653,1,166762
7676221,0.05,0.0515131,1,166764
7677681,0.06,0.0583026,1,166764
7679141,0.05,0.0516605,1,166784
7680601,0.06,0.0583321,1,166784
7682061,0.05,0.0516664,1,166804
7683521,0.06,0.0583333,1,166804
7684981,0.01,0.0196667,1,166826
7686441,0.02,0.0199333,1,166826
7687901,0.02,0.0199867,1,166826
7689361,0.03,0.0279973,1,166850
7690821,0.04,0.0375995,1,166850
7692281,0.01,0.0155199,1,166873
7693741,0.02,0.019104,1,166873
7695201,0.03,0.0278208,1,166993
7696661,0.04,0.0375642,1,166993
7698121,0.01,0.0155128,1,167012
7699581,0.02,0.0191026,1,167012
7701041,0.09,0.0758205,1,167106
7702501,0.1,0.0951641,1,167106
7703961,0.11,0.107033,1,167120
7705421,0.12,0.117407,1,167120
7706881,0.13,0.127481,1,167138
7708341,0.14,0.137496,1,167138
7709801,0.13,0.131499,1,167140
7711261,0.14,0.1383,1,167140
7712721,0.13,0.13166,1,167154
7714181,0.14,0.138332,1,167154
7715641,0.17,0.163666,1,167185
7717101,0.18,0.176733,1,167185
7718561,0.17,0.171347,1,167187
7720021,0.18,0.178269,1,167187
7721481,0.17,0.171654,1,167207
7722941,0.18,0.178331,1,167207
7724401,0.19,0.187666,1,167227
7725861,0.2,0.197533,1,167227
7727321,0.11,0.127507,1,167247
7728781,0.12,0.121501,1,167247
7730241,0.11,0.1123,1,167249
7731701,0.12,0.11846,1,167249
7733161,0.07,0.079692,1,167273
7734621,0.08,0.0799384,1,167273
7736081,0.01,0.0239877,1,167295
7737541,0.02,0.0207975,1,167295
7739001,0.03,0.0281595,1,167416
7740461,0.04,0.0376319,1,167416
7741921,0.03,0.0315264,1,167434
7743381,0.04,0.0383053,1,167434
7744841,0.09,0.0796611,1,167532
7746301,0.1,0.0959322,1,167532
7747761,0.11,0.107186,1,167547
7749221,0.12,0.117437,1,167547
7750681,0.15,0.143487,1,167566
7752141,0.16,0.156697,1,167566
7753601,0.15,0.151339,1,167568
7755061,0.16,0.158268,1,167568
7756521,0.15,0.151654,1,167582
7757981,0.16,0.158331,1,167582
7759441,0.15,0.151666,1,167615
7760901,0.16,0.158333,1,167615
7762361,0.15,0.151667,1,167617
7763821,0.16,0.158333,1,167617
7765281,0.15,0.151667,1,167637
7766741,0.16,0.158333,1,167637
7768201,0.17,0.167667,1,167658
7769661,0.18,0.177533,1,167658
7771121,0.17,0.171507,1,167674
7772581,0.18,0.178301,1,167674
7774041,0.17,0.17166,1,167676
7775501,0.18,0.178332,1,167676
7776961,0.17,0.171666,1,167698
7778421,0.18,0.178333,1,167698
7779881,0.18,0.179667,1,167698
7781341,0.17,0.171933,1,167717
7782801,0.18,0.178387,1,167717
7784261,0.01,0.0436773,1,167839
7785721,0.02,0.0247355,1,167839
7787181,0.01,0.0129471,1,167857
7788641,0.02,0.0185894,1,167857
7790101,0.07,0.0597179,1,167958
7791561,0.08,0.0759436,1,167958
7793021,0.07,0.0711887,1,167974
7794481,0.08,0.0782377,1,167974
7795941,0.09,0.0876476,1,167995
7797401,0.1,0.0975295,1,167995
7798861,0.09,0.0915059,1,167997
7800321,0.1,0.0983012,1,167997
7801781,0.09,0.0916602,1,168011
7803241,0.1,0.098332,1,168011
7804701,0.09,0.0916664,1,168044
7806161,0.1,0.0983333,1,168044
7807621,0.09,0.0916667,1,168046
7809081,0.1,0.0983333,1,168046
7810541,0.09,0.0916667,1,168066
7812001,0.1,0.0983333,1,168066
7813461,0.09,0.0916667,1,168088
7814921,0.1,0.0983333,1,168088
7816381,0.09,0.0916667,1,168104
7817841,0.1,0.0983333,1,168104
7819301,0.09,0.0916667,1,168106
7820761,0.1,0.0983333,1,168106
7822221,0.11,0.107667,1,168128
7823681,0.12,0.117533,1,168128
7825141,0.13,0.127507,1,168146
7826601,0.14,0.137501,1,168146
7828061,0.13,0.1315,1,168260
7829521,0.14,0.1383,1,168260
7830981,0.13,0.13166,1,168278
7832441,0.14,0.138332,1,168278
7833901,0.13,0.131666,1,168382
7835361,0.14,0.138333,1,168382
7836821,0.13,0.131667,1,168398
7838281,0.14,0.138333,1,168398
7839741,0.09,0.0996667,1,168420
7841201,0.1,0.0999333,1,168420
7842661,0.09,0.0919867,1,168422
7844121,0.1,0.0983973,1,168422
7845581,0.09,0.0916795,1,168436
7847041,0.1,0.0983359,1,168436
7848501,0.09,0.0916672,1,168469
7849961,0.1,0.0983334,1,168469
7851421,0.09,0.0916667,1,168471
7852881,0.1,0.0983333,1,168471
7854341,0.09,0.0916667,1,168491
7855801,0.1,0.0983333,1,168491
7857261,0.09,0.0916667,1,168513
7858721,0.1,0.0983333,1,168513
7860181,0.11,0.107667,1,168529
7861641,0.12,0.117533,1,168529
7863101,0.11,0.111507,1,168531
7864561,0.12,0.118301,1,168531
7866021,0.13,0.12766,1,168554
7867481,0.14,0.137532,1,168554
7868941,0.11,0.115506,1,168573
7870401,0.12,0.119101,1,168573
7871861,0.12,0.11982,1,168573
7873321,0.17,0.159964,1,168687
7874781,0.18,0.175993,1,168687
7876241,0.17,0.171199,1,168705
7877701,0.18,0.17824,1,168705
7879161,0.19,0.187648,1,168809
7880621,0.2,0.19753,1,168809
7882081,0.19,0.191506,1,168825
7883541,0.2,0.198301,1,168825
7885001,0.21,0.20766,1,168845
7886461,0.22,0.217532,1,168845
7887921,0.21,0.211506,1,168847
7889381,0.22,0.218301,1,168847
7890841,0.21,0.21166,1,168861
7892301,0.22,0.218332,1,168861
7893761,0.23,0.227666,1,168894
7895221,0.24,0.237533,1,168894
7896681,0.23,0.231507,1,168896
7898141,0.24,0.238301,1,168896
7899601,0.27,0.26366,1,168916
7901061,0.28,0.276732,1,168916
7902521,0.29,0.287346,1,168938
7903981,0.3,0.297469,1,168938
7905441,0.31,0.307494,1,168955
7906901,0.32,0.317499,1,168955
7908361,0.31,0.3115,1,168957
7909821,0.32,0.3183,1,168957
7911281,0.31,0.31166,1,168981
7912741,0.32,0.318332,1,168981
7914201,0.31,0.311666,1,168999
7915661,0.32,0.318333,1,168999
7917121,0.31,0.311667,1,169001
7918581,0.32,0.318333,1,169001
7920041,0.39,0.375667,1,169117
7921501,0.4,0.395133,1,169117
7922961,0.39,0.391027,1,169135
7924421,0.4,0.398205,1,169135
7925881,0.43,0.423641,1,169240
7927341,0.44,0.436728,1,169240
7928801,0.43,0.431346,1,169256
7930261,0.44,0.438269,1,169256
7931721,0.45,0.447654,1,169277
7933181,0.46,0.457531,1,169277
7934641,0.45,0.451506,1,169279
7936101,0.46,0.458301,1,169279
7937561,0.45,0.45166,1,169293
7939021,0.46,0.458332,1,169293
7940481,0.47,0.467666,1,169327
7941941,0.48,0.477533,1,169327
7943401,0.47,0.471507,1,169329
7944861,0.48,0.478301,1,169329
7946321,0.53,0.51966,1,169351
7947781,0.54,0.535932,1,169351
7949241,0.55,0.547186,1,169374
7950701,0.56,0.557437,1,169374
7952161,0.55,0.551487,1,169392
7953621,0.56,0.558297,1,169392
7955081,0.55,0.551659,1,169394
7956541,0.56,0.558332,1,169394
7958001,0.55,0.551666,1,169418
7959461,0.56,0.558333,1,169418
7960921,0.55,0.551667,1,169436
7962381,0.56,0.558333,1,169436
7963841,0.55,0.551667,1,169438
7965301,0.56,0.558333,1,169438
7966761,0.53,0.535667,1,169558
7968221,0.54,0.539133,1,169558
7969681,0.54,0.539827,1,169558
7971141,0.55,0.547965,1,169576
7972601,0.56,0.557593,1,169576
7974061,0.53,0.535519,1,169683
7975521,0.54,0.539104,1,169683
7976981,0.53,0.531821,1,169699
7978441,0.54,0.538364,1,169699
7979901,0.55,0.547673,1,169721
7981361,0.56,0.557535,1,169721
7982821,0.55,0.551507,1,169723
7984281,0.56,0.558301,1,169723
7985741,0.57,0.56766,1,169737
7987201,0.58,0.577532,1,169737
7988661,0.59,0.587506,1,169772
7990121,0.6,0.597501,1,169772
7991581,0.59,0.5915,1,169774
7993041,0.6,0.5983,1,169774
7994501,0.59,0.59166,1,169799
7995961,0.6,0.598332,1,169799
7997421,0.59,0.591666,1,169823
7998881,0.6,0.598333,1,169823
8000341,0.61,0.607667,1,169841
8001801,0.62,0.617533,1,169841
8003261,0.61,0.611507,1,169843
8004721,0.62,0.618301,1,169843
8006181,0.63,0.62766,1,169867
8007641,0.64,0.637532,1,169867
8009101,0.63,0.631506,1,169885
8010561,0.64,0.638301,1,169885
8012021,0.63,0.63166,1,169887
8013481,0.64,0.638332,1,169887
8014941,0.67,0.663666,1,170006
8016401,0.68,0.676733,1,170006
8017861,0.68,0.679347,1,170024
8019321,0.69,0.687869,1,170024
8020781,0.67,0.673574,1,170130
8022241,0.68,0.678715,1,170130
8023701,0.67,0.671743,1,170146
8025161,0.68,0.678349,1,170146
8026621,0.67,0.67167,1,170169
8028081,0.68,0.678334,1,170169
8029541,0.67,0.671667,1,170171
8031001,0.68,0.678333,1,170171
8032461,0.65,0.655667,1,170186
8033921,0.66,0.659133,1,170186
8035381,0.69,0.683827,1,170222
8036841,0.7,0.696765,1,170222
8038301,0.69,0.691353,1,170224
8039761,0.7,0.698271,1,170224
8041221,0.67,0.675654,1,170249
8042681,0.68,0.679131,1,170249
8044141,0.67,0.671826,1,170273
8045601,0.68,0.678365,1,170273
8047061,0.67,0.671673,1,170292
8048521,0.68,0.678335,1,170292
8049981,0.67,0.671667,1,170294
8051441,0.68,0.678333,1,170294
8052901,0.65,0.655667,1,170319
8054361,0.66,0.659133,1,170319
8055821,0.65,0.651827,1,170337
8057281,0.66,0.658365,1,170337
8058741,0.65,0.651673,1,170339
8060201,0.66,0.658335,1,170339
8061661,0.67,0.667667,1,170460
8063121,0.68,0.677533,1,170460
8064581,0.9,0.855507,2,170478
8066041,0.91,0.899101,2,170478
8067501,0.89,0.89182,2,170584
8068961,0.9,0.898364,2,170584
8070421,0.9,0.899673,2,170584
8071881,0.91,0.907935,2,170600
8073341,0.92,0.917587,2,170600
8074801,0.93,0.927517,2,170623
8076261,0.94,0.937504,2,170623
8077721,0.93,0.931501,2,170625
8079181,0.94,0.9383,2,170625
8080641,0.93,0.93166,2,170639
8082101,0.94,0.938332,2,170639
8083561,0.95,0.947666,2,170677
8086481,0.95,0.95,2,170679
8228101,0.85,0.85,2,172103
8229561,0.86,0.858,2,172103
8231021,0.76,0.7796,2,172110
8232481,0.77,0.77192,2,172110
8233941,0.75,0.754384,2,172119
8235401,0.76,0.758877,2,172119
8236861,0.65,0.671775,1,172142
8238321,0.66,0.662355,1,172142
8239781,0.61,0.620471,1,172168
8241241,0.62,0.620094,1,172168
8242701,0.49,0.516019,1,172192
8244161,0.5,0.503204,1,172192
8245621,0.43,0.444641,1,172217
8247081,0.44,0.440928,1,172217
8248541,0.35,0.368186,1,172233
8250001,0.36,0.361637,1,172233
8251461,0.31,0.320327,1,172249
8252921,0.32,0.320065,1,172249
8254381,0.27,0.280013,1,172259
8255841,0.28,0.280003,1,172259
8257301,0.25,0.256001,1,172282
8258761,0.26,0.2592,1,172282
8260221,0.03,0.07584,1,172339
8261681,0.04,0.047168,1,172339
8263141,0.03,0.0334336,1,172379
8264601,0.04,0.0386867,1,172379
8266061,0.05,0.0477373,1,172492
8267521,0.06,0.0575475,1,172492
8268981,0.07,0.0675095,1,172509
8270441,0.08,0.0775019,1,172509
8271901,0.09,0.0875004,1,172527
8273361,0.1,0.0975001,1,172527
8274821,0.03,0.0435,1,172553
8276281,0.04,0.0407,1,172553
8277741,0.13,0.11214,1,172566
8279201,0.14,0.134428,1,172566
8280661,0.14,0.138886,1,172566
8282121,0.11,0.115777,1,172570
8283581,0.12,0.119155,1,172570
8285041,0.13,0.127831,1,172577
8286501,0.14,0.137566,1,172577
8287961,0.09,0.0995132,1,172595
8289421,0.1,0.0999026,1,172595
8290881,0.13,0.123981,1,172619
8292341,0.14,0.136796,1,172619
8293801,0.09,0.0993592,1,172637
8295261,0.1,0.0998718,1,172637
8296721,0.13,0.123974,1,172659
8298181,0.14,0.136795,1,172659
8299641,0.11,0.115359,1,172671
8301101,0.12,0.119072,1,172671
8302561,0.11,0.111814,1,172685
8304021,0.12,0.118363,1,172685
8305481,0.11,0.111673,1,172693
8306941,0.12,0.118335,1,172693
8308401,0.15,0.143667,1,172715
8309861,0.16,0.156733,1,172715
8311321,0.01,0.0393467,1,172761
8312781,0.02,0.0238693,1,172761
8314241,0.03,0.0287739,1,172801
8315701,0.04,0.0377548,1,172801
8317161,0.05,0.047551,1,172915
8318621,0.06,0.0575102,1,172915
8320081,0.05,0.051502,1,172933
8321541,0.06,0.0583004,1,172933
8323001,0.05,0.0516601,1,172952
8324461,0.06,0.058332,1,172952
8325921,0.03,0.0356664,1,172975
8327381,0.04,0.0391333,1,172975
8328841,0.03,0.0318267,1,172993
8330301,0.04,0.0383653,1,172993
8331761,0.03,0.0316731,1,172995
8333221,0.04,0.0383346,1,172995
8334681,0.03,0.0316669,1,172997
8336141,0.04,0.0383334,1,172997
8337601,0.03,0.0316667,1,173005
8339061,0.04,0.0383333,1,173005
8340521,0.03,0.0316667,1,173021
8341981,0.04,0.0383333,1,173021
8343441,0.05,0.0476667,1,173047
8344901,0.06,0.0575333,1,173047
8346361,0.05,0.0515067,1,173063
8347821,0.06,0.0583013,1,173063
8349281,0.05,0.0516603,1,173087
8350741,0.06,0.0583321,1,173087
8352201,0.07,0.0676664,1,173098
8353661,0.08,0.0775333,1,173098
8355121,0.07,0.0715067,1,173112
8356581,0.08,0.0783013,1,173112
8358041,0.07,0.0716603,1,173120
8359501,0.08,0.0783321,1,173120
8360961,0.09,0.0876664,1,173144
8362421,0.1,0.0975333,1,173144
8363881,0.11,0.107507,1,173183
8365341,0.12,0.117501,1,173183
8366801,0.03,0.0475003,1,173224
8368261,0.04,0.0415001,1,173224
8369721,0.05,0.0483,1,173339
8371181,0.06,0.05766,1,173339
8372641,0.05,0.051532,1,173357
8374101,0.06,0.0583064,1,173357
8375561,0.07,0.0676613,1,173376
8377021,0.08,0.0775323,1,173376
8378481,0.07,0.0715064,1,173398
8379941,0.08,0.0783013,1,173398
8381401,0.07,0.0716603,1,173416
8382861,0.08,0.0783321,1,173416
8384321,0.07,0.0716664,1,173418
8385781,0.08,0.0783333,1,173418
8387241,0.07,0.0716667,1,173420
8388701,0.08,0.0783333,1,173420
8390161,0.08,0.0796667,1,173420
8391621,0.09,0.0879333,1,173428
8393081,0.1,0.0975867,1,173428
8394541,0.09,0.0915173,1,173444
8396001,0.1,0.0983035,1,173444
8397461,0.07,0.0756607,1,173471
8398921,0.08,0.0791321,1,173471
8400381,0.07,0.0718264,1,173487
8401841,0.08,0.0783653,1,173487
8403301,0.07,0.0716731,1,173511
8404761,0.08,0.0783346,1,173511
8406221,0.07,0.0716669,1,173523
8407681,0.08,0.0783334,1,173523
8409141,0.07,0.0716667,1,173537
8410601,0.08,0.0783333,1,173537
8412061,0.09,0.0876667,1,173545
8413521,0.1,0.0975333,1,173545
8414981,0.07,0.0755067,1,173570
8416441,0.08,0.0791013,1,173570
8417901,0.09,0.0878203,1,173610
8419361,0.1,0.0975641,1,173610
8420821,0.07,0.0755128,1,173647
8422281,0.08,0.0791026,1,173647
8423741,0.01,0.0238205,1,173763
8425201,0.02,0.0207641,1,173763
8426661,0.01,0.0121528,1,173781
8428121,0.02,0.0184306,1,173781
8429581,0.01,0.0116861,1,173801
8431041,0.02,0.0183372,1,173801
8432501,0.03,0.0276674,1,173823
8433961,0.04,0.0375335,1,173823
8435421,0.09,0.0795067,1,173841
8436881,0.1,0.0959013,1,173841
8438341,0.09,0.0911803,1,173843
8439801,0.1,0.0982361,1,173843
8441261,0.09,0.0916472,1,173845
8442721,0.1,0.0983294,1,173845
8444181,0.09,0.0916659,1,173853
8445641,0.1,0.0983332,1,173853
8447101,0.09,0.0916666,1,173869
8448561,0.1,0.0983333,1,173869
8450021,0.09,0.0916667,1,173895
8451481,0.1,0.0983333,1,173895
8452941,0.09,0.0916667,1,173911
8454401,0.1,0.0983333,1,173911
8455861,0.09,0.0916667,1,173935
8457321,0.1,0.0983333,1,173935
8458781,0.09,0.0916667,1,173947
8460241,0.1,0.0983333,1,173947
8461701,0.11,0.107667,1,173961
8463161,0.12,0.117533,1,173961
8464621,0.09,0.0955067,1,173970
8466081,0.1,0.0991013,1,173970
8467541,0.09,0.0918203,1,173994
8469001,0.1,0.0983641,1,173994
8470461,0.09,0.0916728,1,174035
8471921,0.1,0.0983346,1,174035
8473381,0.11,0.107667,1,174071
8474841,0.12,0.117533,1,174071
8476301,0.11,0.111507,1,174184
8477761,0.12,0.118301,1,174184
8479221,0.11,0.11166,1,174202
8480681,0.12,0.118332,1,174202
8482141,0.11,0.111666,1,174222
8483601,0.12,0.118333,1,174222
8485061,0.11,0.111667,1,174245
8486521,0.12,0.118333,1,174245
8487981,0.09,0.0956667,1,174266
8489441,0.1,0.0991333,1,174266
8490901,0.09,0.0918267,1,174268
8492361,0.1,0.0983653,1,174268
8493821,0.09,0.0916731,1,174270
8495281,0.1,0.0983346,1,174270
8496741,0.09,0.0916669,1,174278
8498201,0.1,0.0983334,1,174278
8499661,0.09,0.0916667,1,174294
8501121,0.1,0.0983333,1,174294
8502581,0.1,0.0996667,1,174294
8504041,0.11,0.107933,1,174320
8505501,0.12,0.117587,1,174320
8506961,0.11,0.111517,1,174336
8508421,0.12,0.118303,1,174336
8509881,0.11,0.111661,1,174360
8511341,0.12,0.118332,1,174360
8512801,0.11,0.111666,1,174372
8514261,0.12,0.118333,1,174372
8515721,0.13,0.127667,1,174387
8517181,0.14,0.137533,1,174387
8518641,0.13,0.131507,1,174395
8520101,0.14,0.138301,1,174395
8521561,0.13,0.13166,1,174419
8523021,0.14,0.138332,1,174419
8524481,0.17,0.163666,1,174460
8525941,0.18,0.176733,1,174460
8527401,0.15,0.155347,1,174497
8528861,0.16,0.159069,1,174497
8530321,0.19,0.183814,1,174610
8531781,0.2,0.196763,1,174610
8533241,0.19,0.191353,1,174628
8534701,0.2,0.198271,1,174628
8536161,0.19,0.191654,1,174648
8537621,0.2,0.198331,1,174648
8539081,0.21,0.207666,1,174671
8540541,0.22,0.217533,1,174671
8542001,0.25,0.243507,1,174691
8543461,0.26,0.256701,1,174691
8544921,0.25,0.25134,1,174693
8546381,0.26,0.258268,1,174693
8547841,0.25,0.251654,1,174695
8549301,0.26,0.258331,1,174695
8550761,0.25,0.251666,1,174703
8552221,0.26,0.258333,1,174703
8553681,0.27,0.267667,1,174719
8555141,0.28,0.277533,1,174719
8556601,0.27,0.271507,1,174721
8558061,0.28,0.278301,1,174721
8559521,0.27,0.27166,1,174747
8560981,0.28,0.278332,1,174747
8562441,0.29,0.287666,1,174763
8563901,0.3,0.297533,1,174763
8565361,0.31,0.307507,1,174787
8566821,0.32,0.317501,1,174787
8568281,0.31,0.3115,1,174799
8569741,0.32,0.3183,1,174799
8571201,0.33,0.32766,1,174815
8572661,0.34,0.337532,1,174815
8574121,0.33,0.331506,1,174823
8575581,0.34,0.338301,1,174823
8577041,0.33,0.33166,1,174847
8578501,0.34,0.338332,1,174847
8579961,0.39,0.379666,1,174890
8581421,0.4,0.395933,1,174890
8582881,0.41,0.407187,1,174926
8584341,0.42,0.417437,1,174926
8585801,0.45,0.443487,1,175041
8587261,0.46,0.456697,1,175041
8588721,0.45,0.451339,1,175059
8590181,0.46,0.458268,1,175059
8591641,0.45,0.451654,1,175079
8593101,0.46,0.458331,1,175079
8594561,0.45,0.451666,1,175103
8596021,0.46,0.458333,1,175103
8597481,0.45,0.451667,1,175125
8598941,0.46,0.458333,1,175125
8600401,0.45,0.451667,1,175127
8601861,0.46,0.458333,1,175127
8603321,0.45,0.451667,1,175129
8604781,0.46,0.458333,1,175129
8606241,0.45,0.451667,1,175137
8607701,0.46,0.458333,1,175137
8609161,0.49,0.483667,1,175154
8610621,0.5,0.496733,1,175154
8612081,0.49,0.491347,1,175156
8613541,0.5,0.498269,1,175156
8615001,0.49,0.491654,1,175182
8616461,0.5,0.498331,1,175182
8617921,0.5,0.499666,1,175182
8619381,0.53,0.523933,1,175199
8620841,0.54,0.536787,1,175199
8622301,0.55,0.547357,1,175224
8623761,0.56,0.557471,1,175224
8625221,0.55,0.551494,1,175236
8626681,0.56,0.558299,1,175236
8628141,0.53,0.53566,1,175253
8629601,0.54,0.539132,1,175253
8631061,0.53,0.531826,1,175261
8632521,0.54,0.538365,1,175261
8633981,0.53,0.531673,1,175285
8635441,0.54,0.538335,1,175285
8636901,0.51,0.515667,1,175331
8638361,0.52,0.519133,1,175331
8639821,0.53,0.527827,1,175368
8641281,0.54,0.537565,1,175368
8642741,0.59,0.579513,1,175485
8644201,0.6,0.595903,1,175485
8645661,0.61,0.607181,1,175503
8647121,0.62,0.617436,1,175503
8648581,0.61,0.611487,1,175523
8650041,0.62,0.618297,1,175523
8651501,0.61,0.611659,1,175547
8652961,0.62,0.618332,1,175547
8654421,0.61,0.611666,1,175569
8655881,0.62,0.618333,1,175569
8657341,0.61,0.611667,1,175571
8658801,0.62,0.618333,1,175571
8660261,0.61,0.611667,1,175573
8661721,0.62,0.618333,1,175573
8663181,0.63,0.627667,1,175581
8664641,0.64,0.637533,1,175581
8666101,0.61,0.615507,1,175600
8667561,0.62,0.619101,1,175600
8669021,0.61,0.61182,1,175602
8670481,0.62,0.618364,1,175602
8671941,0.63,0.627673,1,175628
8673401,0.64,0.637535,1,175628
8674861,0.63,0.631507,1,175646
8676321,0.64,0.638301,1,175646
8677781,0.67,0.66366,1,175672
8679241,0.68,0.676732,1,175672
8680701,0.69,0.687346,1,175684
8682161,0.7,0.697469,1,175684
8683621,0.69,0.691494,1,175700
8685081,0.7,0.698299,1,175700
8686541,0.69,0.69166,1,175708
8688001,0.7,0.698332,1,175708
8689461,0.69,0.691666,1,175732
8690921,0.7,0.698333,1,175732
8692381,0.69,0.691667,1,175777
8693841,0.7,0.698333,1,175777
8695301,0.71,0.707667,1,175815
8696761,0.72,0.717533,1,175815
8698221,0.71,0.711507,1,175935
8699681,0.72,0.718301,1,175935
8701141,0.73,0.72766,1,175954
8702601,0.74,0.737532,1,175954
8704061,0.73,0.731506,1,175974
8705521,0.74,0.738301,1,175974
8706981,0.73,0.73166,1,175998
8708441,0.74,0.738332,1,175998
8709901,0.73,0.731666,1,176020
8711361,0.74,0.738333,1,176020
8712821,0.73,0.731667,1,176022
8714281,0.74,0.738333,1,176022
8715741,0.73,0.731667,1,176024
8717201,0.74,0.738333,1,176024
8718661,0.71,0.715667,1,176033
8720121,0.72,0.719133,1,176033
8721581,0.71,0.711827,1,176051
8723041,0.72,0.718365,1,176051
8724501,0.71,0.711673,1,176053
8725961,0.72,0.718335,1,176053
8727421,0.69,0.695667,1,176080
8728881,0.7,0.699133,1,176080
8730341,0.71,0.707827,1,176098
8731801,0.72,0.717565,1,176098
8733261,0.71,0.711513,1,176126
8734721,0.72,0.718303,1,176126
8736181,0.72,0.719661,1,176126
8737641,0.71,0.711932,1,176139
8739101,0.72,0.718386,1,176139
8740561,0.71,0.711677,1,176155
8742021,0.72,0.718335,1,176155
8743481,0.71,0.711667,1,176163
8744941,0.72,0.718333,1,176163
8746401,0.71,0.711667,1,176187
8747861,0.72,0.718333,1,176187
8749321,0.73,0.727667,1,176232
8750781,0.74,0.737533,1,176232
8752241,0.73,0.731507,1,176271
8753701,0.74,0.738301,1,176271
8755161,0.73,0.73166,1,176391
8756621,0.74,0.738332,1,176391
8758081,0.73,0.731666,1,176411
8759541,0.74,0.738333,1,176411
8761001,0.77,0.763667,2,176431
8762461,0.78,0.776733,2,176431
8763921,0.79,0.787347,2,176455
8765381,0.8,0.797469,2,176455
8766841,0.79,0.791494,2,176477
8768301,0.8,0.798299,2,176477
8769761,0.79,0.79166,2,176479
8771221,0.8,0.798332,2,176479
8772681,0.79,0.791666,2,176481
8774141,0.8,0.798333,2,176481
8775601,0.79,0.791667,2,176489
8777061,0.8,0.798333,2,176489
8778521,0.79,0.791667,2,176507
8779981,0.8,0.798333,2,176507
8781441,0.79,0.791667,2,176509
8782901,0.8,0.798333,2,176509
8784361,0.81,0.807667,2,176535
8785821,0.82,0.817533,2,176535
8787281,0.83,0.827507,2,176554
8788741,0.84,0.837501,2,176554
8790201,0.87,0.8635,2,176582
8791661,0.88,0.8767,2,176582
8793121,0.87,0.87134,2,176584
8794581,0.88,0.878268,2,176584
8796041,0.87,0.871654,2,176596
8797501,0.88,0.878331,2,176596
8798961,0.87,0.871666,2,176612
8800421,0.88,0.878333,2,176612
8801881,0.87,0.871667,2,176620
8803341,0.88,0.878333,2,176620
8804801,0.89,0.887667,2,176644
8806261,0.9,0.897533,2,176644
8807721,0.95,0.939507,2,176690
9003361,0.94,0.94,2,178362
9004821,0.95,0.948,2,178362
9017961,0.95,0.95,2,178463
9020881,0.95,0.95,2,178481
9029641,0.95,0.95,2,178494
9044241,0.95,0.95,2,178586
9047161,0.95,0.95,2,178588
9144981,0.95,0.95,2,179435
9248641,0.93,0.93,2,180247
9250101,0.94,0.938,2,180247
9280761,0.95,0.95,2,180464
9304121,0.81,0.81,2,180658
9305581,0.82,0.818,2,180658
9307041,0.73,0.7476,1,180684
9308501,0.74,0.74152,1,180684
9309961,0.63,0.652304,1,180710
9311421,0.64,0.642461,1,180710
9312881,0.55,0.568492,1,180730
9314341,0.56,0.561698,1,180730
9315801,0.43,0.45634,1,180757
9317261,0.44,0.443268,1,180757
9318721,0.39,0.400654,1,180783
9320181,0.4,0.400131,1,180783
9321641,0.33,0.344026,1,180809
9323101,0.34,0.340805,1,180809
9324561,0.35,0.348161,1,180824
9326021,0.36,0.357632,1,180824
9327481,0.35,0.351526,1,180846
9328941,0.36,0.358305,1,180846
9330401,0.37,0.367661,1,180859
9331861,0.38,0.377532,1,180859
9333321,0.39,0.387506,1,180873
9334781,0.4,0.397501,1,180873
9336241,0.37,0.3755,1,180887
9337701,0.38,0.3791,1,180887
9339161,0.37,0.37182,1,180897
9340621,0.38,0.378364,1,180897
9342081,0.41,0.403673,1,180915
9343541,0.42,0.416735,1,180915
9345001,0.37,0.379347,1,180935
9346461,0.38,0.379869,1,180935
9347921,0.39,0.387974,1,180957
9349381,0.4,0.397595,1,180957
9350841,0.37,0.375519,1,180973
9352301,0.38,0.379104,1,180973
9353761,0.41,0.403821,1,180994
9355221,0.42,0.416764,1,180994
9356681,0.45,0.443353,1,181001
9358141,0.46,0.456671,1,181001
9359601,0.45,0.451334,1,181005
9361061,0.46,0.458267,1,181005
9362521,0.41,0.419653,1,181021
9363981,0.42,0.419931,1,181021
9365441,0.49,0.475986,1,181047
9366901,0.5,0.495197,1,181047
9368361,0.49,0.491039,1,181120
9369821,0.5,0.498208,1,181120
9371281,0.49,0.491642,1,181142
9372741,0.5,0.498328,1,181142
9374201,0.5,0.499666,1,181142
9375661,0.53,0.523933,1,181163
9377121,0.54,0.536787,1,181163
9378581,0.49,0.499357,1,181179
9380041,0.5,0.499871,1,181179
9381501,0.55,0.539974,1,181200
9382961,0.56,0.555995,1,181200
9384421,0.55,0.551199,1,181224
9385881,0.56,0.55824,1,181224
9387341,0.53,0.535648,1,181247
9388801,0.54,0.53913,1,181247
9390261,0.53,0.531826,1,181263
9391721,0.54,0.538365,1,181263
9393181,0.51,0.515673,1,181285
9394641,0.52,0.519135,1,181285
9396101,0.51,0.511827,1,181299
9397561,0.52,0.518365,1,181299
9399021,0.55,0.543673,1,181314
9400481,0.56,0.556735,1,181314
9401941,0.53,0.535347,1,181327
9403401,0.54,0.539069,1,181327
9404861,0.53,0.531814,1,181337
9406321,0.54,0.538363,1,181337
9407781,0.57,0.563673,1,181357
9409241,0.58,0.576735,1,181357
9410701,0.57,0.571347,1,181375
9412161,0.58,0.578269,1,181375
9413621,0.63,0.619654,1,181398
9415081,0.64,0.635931,1,181398
9416541,0.69,0.679186,1,181413
9418001,0.7,0.695837,1,181413
9419461,0.69,0.691167,1,181436
9420921,0.7,0.698233,1,181436
9422381,0.75,0.739647,1,181445
9423841,0.76,0.755929,2,181445
9425301,0.77,0.767186,2,181449
9426761,0.78,0.777437,2,181449
9428221,0.77,0.771487,2,181463
9429681,0.78,0.778297,2,181463
9431141,0.81,0.80366,2,181493
9432601,0.82,0.816732,2,181493
9434061,0.79,0.795346,2,181566
9435521,0.8,0.799069,2,181566
9436981,0.81,0.807814,2,181588
9438441,0.82,0.817563,2,181588
9439901,0.83,0.827513,2,181610
9441361,0.84,0.837503,2,181610
9442821,0.83,0.831501,2,181624
9444281,0.84,0.8383,2,181624
9445741,0.87,0.86366,2,181648
9447201,0.88,0.876732,2,181648
9448661,0.87,0.871346,2,181672
9450121,0.88,0.878269,2,181672
9451581,0.87,0.871654,2,181694
9453041,0.88,0.878331,2,181694
9454501,0.87,0.871666,2,181710
9455961,0.88,0.878333,2,181710
9457421,0.89,0.887667,2,181731
9458881,0.9,0.897533,2,181731
9460341,0.89,0.891507,2,181745
9461801,0.9,0.898301,2,181745
9463261,0.91,0.90766,2,181762
9464721,0.92,0.917532,2,181762
9466181,0.91,0.911506,2,181774
9467641,0.92,0.918301,2,181774
9469101,0.91,0.91166,2,181784
9470561,0.92,0.918332,2,181784
9472021,0.93,0.927666,2,181806
9473481,0.94,0.937533,2,181806
9474941,0.93,0.931507,2,181824
9476401,0.94,0.938301,2,181824
9648681,0.95,0.95,2,183191
9651601,0.95,0.95,2,183239
9593201,0.78,0.814,2,183263
9600501,0.55,0.6028,1,183297
9653061,0.43,0.46456,1,183315
9654521,0.25,0.292912,1,183336
9609261,0.15,0.178582,1,183351
9655981,0,0.0357165,1,183367
9657441,0.01,0.0151433,1,183380
9658901,0,0.00302866,1,183387
9660361,0.07,0.0566057,1,183414
9661821,0.01,0.0193211,1,183447
9663281,0.03,0.0278642,1,183500
9664741,0.03,0.0295728,1,183542
9666201,0.01,0.0139146,1,183558
9667661,0.03,0.0267829,1,183572
9669121,0.03,0.0293566,1,183585
9670581,0.03,0.0298713,1,183600
9672041,0.01,0.0139743,1,183612
9673501,0,0.00279485,1,183619
9674961,0.05,0.040559,1,183628
9676421,0.01,0.0161118,1,183666
9677881,0.01,0.0112224,1,183689
9679341,0.01,0.0102445,1,183707
9680801,0.03,0.0260489,1,183724
9682261,0.01,0.0132098,1,183745
9683721,0.05,0.042642,1,183757
9685181,0.05,0.0485284,1,183769
9686641,0.09,0.0817057,1,183779
9688101,0.03,0.0403411,1,183801
9689561,0.04,0.0400682,1,183801
9691021,0.01,0.0160136,1,183838
9692481,0.02,0.0192027,1,183838
9693941,0.03,0.0278405,1,183922
9695401,0.04,0.0375681,1,183922
9696861,0.05,0.0475136,1,183979
9698321,0.06,0.0575027,1,183979
9699781,0.03,0.0355005,1,184007
9701241,0.04,0.0391001,1,184007
9702701,0.03,0.03182,1,184033
9704161,0.04,0.038364,1,184033
9705621,0.05,0.0476728,1,184051
9707081,0.06,0.0575346,1,184051
9708541,0.05,0.0515069,1,184110
9710001,0.06,0.0583014,1,184110
9711461,0.11,0.0996603,1,184146
9712921,0.12,0.115932,1,184146
9714381,0.11,0.111186,1,184180
9715841,0.12,0.118237,1,184180
9717301,0.07,0.0796475,1,184204
9718761,0.08,0.0799295,1,184204
9720221,0.07,0.0719859,1,184224
9721681,0.08,0.0783972,1,184224
9723141,0.01,0.0236794,1,184260
9724601,0.02,0.0207359,1,184260
9726061,0,0.00414718,1,184345
9727521,0,0.000829435,1,184345
9728981,0.01,0.00816589,1,184403
9730441,0.02,0.0176332,1,184403
9731901,0.01,0.0115266,1,184430
9733361,0.02,0.0183053,1,184430
9734821,0.01,0.0116611,1,184456
9736281,0.02,0.0183322,1,184456
9737741,0.01,0.0116664,1,184475
9739201,0.02,0.0183333,1,184475
9740661,0.01,0.0116667,1,184534
9742121,0.02,0.0183333,1,184534
9743581,0.05,0.0436667,1,184573
9745041,0.06,0.0567333,1,184573
9746501,0.05,0.0513467,1,184607
9747961,0.06,0.0582693,1,184607
9749421,0.01,0.0196539,1,184629
9750881,0.02,0.0199308,1,184629
9752341,0.02,0.0199862,1,184629
9753801,0.09,0.0759972,1,184649
9755261,0.1,0.0951994,1,184649
9756721,0.01,0.0270399,1,184682
9758181,0.02,0.021408,1,184682
9759641,0,0.0042816,1,184767
9761101,0,0.000856319,1,184767
9762561,0.01,0.00817126,1,184825
9764021,0.02,0.0176343,1,184825
9765481,0,0.00352685,1,184852
9766941,0,0.00070537,1,184852
9768401,0,0.000141074,1,184878
9769861,0,2.82148e-05,1,184878
9771321,0.01,0.00800564,1,184897
9772781,0.02,0.0176011,1,184897
9774241,0.01,0.0115202,1,184956
9775701,0.02,0.018304,1,184956
9777161,0.01,0.0116608,1,184997
9778621,0.02,0.0183322,1,184997
9780081,0.01,0.0116664,1,185031
9781541,0.02,0.0183333,1,185031
9783001,0.03,0.0276667,1,185051
9784461,0.04,0.0375333,1,185051
9785921,0.03,0.0315067,1,185074
9787381,0.04,0.0383013,1,185074
9788841,0.01,0.0156603,1,185103
9790301,0.02,0.0191321,1,185103
9791761,0,0.00382641,1,185188
9793221,0,0.000765282,1,185188
9794681,0.01,0.00815306,1,185246
9796141,0.02,0.0176306,1,185246
9797601,0,0.00352612,1,185273
9799061,0,0.000705224,1,185273
9800521,0,0.000141045,1,185299
9801981,0,2.8209e-05,1,185299
9803441,0.01,0.00800564,1,185318
9804901,0.02,0.0176011,1,185318
9806361,0.03,0.0275202,1,185377
9807821,0.04,0.037504,1,185377
9809281,0.05,0.0475008,1,185418
9810741,0.06,0.0575002,1,185418
9812201,0.05,0.0515,1,185452
9813661,0.06,0.0583,1,185452
9815121,0.07,0.06766,1,185473
9816581,0.08,0.077532,1,185473
9818041,0.05,0.0555064,1,185496
9819501,0.06,0.0591013,1,185496
9820961,0.01,0.0198203,1,185524
9822421,0.02,0.0199641,1,185524
9823881,0.02,0.0199928,1,185524
9825341,0.01,0.0119986,1,185609
9826801,0.02,0.0183997,1,185609
9828261,0.03,0.0276799,1,185667
9829721,0.04,0.037536,1,185667
9831181,0.01,0.0155072,1,185694
9832641,0.02,0.0191014,1,185694
9834101,0.01,0.0118203,1,185720
9835561,0.02,0.0183641,1,185720
9837021,0.03,0.0276728,1,185739
9838481,0.04,0.0375346,1,185739
9839941,0.05,0.0475069,1,185799
9841401,0.06,0.0575014,1,185799
9842861,0.03,0.0355003,1,185841
9844321,0.04,0.0391001,1,185841
9845781,0.03,0.03182,1,185875
9847241,0.04,0.038364,1,185875
9848701,0.05,0.0476728,1,185897
9850161,0.06,0.0575346,1,185897
9851621,0.05,0.0515069,1,185919
9853081,0.06,0.0583014,1,185919
9854541,0.03,0.0356603,1,185945
9856001,0.04,0.0391321,1,185945
9857461,0.03,0.0318264,1,185947
9858921,0.04,0.0383653,1,185947
9860381,0,0.00767306,1,186031
9861841,0,0.00153461,1,186031
9863301,0.01,0.00830692,1,186090
9864761,0.02,0.0176614,1,186090
9866221,0.03,0.0275323,1,186116
9867681,0.04,0.0375065,1,186116
9869141,0.01,0.0155013,1,186142
9870601,0.02,0.0191003,1,186142
9872061,0.01,0.0118201,1,186162
9873521,0.02,0.018364,1,186162
9874981,0.03,0.0276728,1,186223
9876441,0.04,0.0375346,1,186223
9877901,0.05,0.0475069,1,186264
9879361,0.06,0.0575014,1,186264
9880821,0.05,0.0515003,1,186298
9882281,0.06,0.0583001,1,186298
9883741,0.05,0.05166,1,186321
9885201,0.06,0.058332,1,186321
9886661,0.05,0.0516664,1,186343
9888121,0.06,0.0583333,1,186343
9889581,0.01,0.0196667,1,186368
9891041,0.02,0.0199333,1,186368
9892501,0.01,0.0119867,1,186370
9893961,0.02,0.0183973,1,186370
9895421,0,0.00367947,1,186453
9896881,0,0.000735893,1,186453
9898341,0,0.000147179,1,186453
9899801,0.05,0.0400294,1,186512
9901261,0.06,0.0560059,1,186512
9902721,0.01,0.0192012,1,186539
9904181,0.02,0.0198402,1,186539
9905641,0,0.00396805,1,186564
9907101,0,0.000793609,1,186564
9908561,0.03,0.0241587,1,186584
9910021,0.04,0.0368317,1,186584
9911481,0.03,0.0313663,1,186646
9912941,0.04,0.0382733,1,186646
9914401,0.01,0.0156547,1,186688
9915861,0.02,0.0191309,1,186688
9917321,0.01,0.0118262,1,186722
9918781,0.02,0.0183652,1,186722
9920241,0.03,0.027673,1,186745
9921701,0.04,0.0375346,1,186745
9923161,0.03,0.0315069,1,186767
9924621,0.04,0.0383014,1,186767
9926081,0,0.00766028,1,186790
9927541,0,0.00153206,1,186790
9929001,0.01,0.00830641,1,186792
9930461,0.02,0.0176613,1,186792
9931921,0,0.00353226,1,186875
9933381,0,0.000706451,1,186875
9934841,0.09,0.0721413,1,186935
9936301,0.1,0.0944283,1,186935
9937761,0.07,0.0748856,1,186960
9939221,0.08,0.0789771,1,186960
9940681,0.03,0.0397954,1,186985
9942141,0.04,0.0399591,1,186985
9943601,0.01,0.0159918,1,187006
9945061,0.02,0.0191984,1,187006
9946521,0.03,0.0278397,1,187068
9947981,0.04,0.0375679,1,187068
9949441,0.03,0.0315136,1,187109
9950901,0.04,0.0383027,1,187109
9952361,0.07,0.0636605,1,187143
9953821,0.08,0.0767321,1,187143
9955281,0.07,0.0713464,1,187167
9956741,0.08,0.0782693,1,187167
9958201,0.09,0.0876539,1,187189
9959661,0.1,0.0975308,1,187189
9961121,0.05,0.0595062,1,187211
9962581,0.06,0.0599012,1,187211
9964041,0.05,0.0519802,1,187213
9965501,0.06,0.0583961,1,187213
9966961,0.01,0.0196792,1,187296
9968421,0.02,0.0199358,1,187296
9969881,0.09,0.0759872,1,187360
9971341,0.1,0.0951974,1,187360
9972801,0.1,0.0990395,1,187360
9974261,0.11,0.107808,1,187384
9975721,0.12,0.117562,1,187384
9977181,0.15,0.143512,1,187407
9978641,0.16,0.156702,1,187407
9980101,0.07,0.0873405,1,187427
9981561,0.08,0.0814681,1,187427
9983021,0.03,0.0402936,1,187490
9984481,0.04,0.0400587,1,187490
9985941,0.07,0.0640117,1,187531
9987401,0.08,0.0768023,1,187531
9988861,0.13,0.11936,1,187567
9990321,0.14,0.135872,1,187567
9991781,0.13,0.131174,1,187591
9993241,0.14,0.138235,1,187591
9994701,0.11,0.115647,1,187614
9996161,0.12,0.119129,1,187614
9997621,0.11,0.111826,1,187634
9999081,0.12,0.118365,1,187634
10000541,0.11,0.111673,1,187636
10002001,0.12,0.118335,1,187636
10003461,0.05,0.0636669,1,187717
10004921,0.06,0.0607334,1,187717
10006381,0.11,0.100147,1,187785
10007841,0.12,0.116029,1,187785
10009301,0.11,0.111206,1,187787
10010761,0.12,0.118241,1,187787
10012221,0.13,0.127648,1,187811
10013681,0.14,0.13753,1,187811
10015141,0.11,0.115506,1,187836
10016601,0.12,0.119101,1,187836
10018061,0.13,0.12782,1,187852
10019521,0.14,0.137564,1,187852
10020981,0.09,0.0995128,1,187913
10022441,0.1,0.0999026,1,187913
10023901,0.11,0.107981,1,187956
10025361,0.12,0.117596,1,187956
10026821,0.17,0.159519,1,187995
10028281,0.18,0.175904,1,187995
10029741,0.17,0.171181,1,188019
10031201,0.18,0.178236,1,188019
10032661,0.17,0.171647,1,188041
10034121,0.18,0.178329,1,188041
10035581,0.17,0.171666,1,188061
10037041,0.18,0.178333,1,188061
10038501,0.17,0.171667,1,188063
10039961,0.18,0.178333,1,188063
10041421,0.21,0.203667,1,188141
10042881,0.22,0.216733,1,188141
10044341,0.17,0.179347,1,188212
10045801,0.18,0.179869,1,188212
10047261,0.17,0.171974,1,188214
10048721,0.18,0.178395,1,188214
10050181,0.17,0.171679,1,188239
10051641,0.18,0.178336,1,188239
10053101,0.18,0.179667,1,188239
10054561,0.19,0.187933,1,188263
10056021,0.2,0.197587,1,188263
10057481,0.23,0.223517,1,188280
10058941,0.24,0.236703,1,188280
10060401,0.23,0.231341,1,188339
10061861,0.24,0.238268,1,188339
10063321,0.25,0.247654,1,188383
10064781,0.26,0.257531,1,188383
10066241,0.23,0.235506,1,188425
10067701,0.24,0.239101,1,188425
10069161,0.23,0.23182,1,188449
10070621,0.24,0.238364,1,188449
10072081,0.23,0.231673,1,188471
10073541,0.24,0.238335,1,188471
10075001,0.23,0.231667,1,188491
10076461,0.24,0.238333,1,188491
10077921,0.23,0.231667,1,188493
10079381,0.24,0.238333,1,188493
10080841,0.23,0.231667,1,188573
10082301,0.24,0.238333,1,188573
10083761,0.23,0.231667,1,188642
10085221,0.24,0.238333,1,188642
10086681,0.23,0.231667,1,188644
10088141,0.24,0.238333,1,188644
10089601,0.23,0.231667,1,188669
10091061,0.24,0.238333,1,188669
10092521,0.23,0.231667,1,188693
10093981,0.24,0.238333,1,188693
10095441,0.27,0.263667,1,188712
10096901,0.28,0.276733,1,188712
10098361,0.27,0.271347,1,188771
10099821,0.28,0.278269,1,188771
10101281,0.25,0.255654,1,188816
10102741,0.26,0.259131,1,188816
10104201,0.23,0.235826,1,188857
10105661,0.24,0.239165,1,188857
10107121,0.23,0.231833,1,188881
10108581,0.24,0.238367,1,188881
10110041,0.27,0.263673,1,188903
10111501,0.28,0.276735,1,188903
10112961,0.29,0.287347,1,188923
10114421,0.3,0.297469,1,188923
10115881,0.29,0.291494,1,188925
10117341,0.3,0.298299,1,188925
10118801,0.33,0.32366,1,189005
10120261,0.34,0.336732,1,189005
10121721,0.35,0.347346,1,189074
10123181,0.36,0.357469,1,189074
10124641,0.35,0.351494,1,189076
10126101,0.36,0.358299,1,189076
10127561,0.37,0.36766,1,189101
10129021,0.38,0.377532,1,189101
10130481,0.41,0.403506,1,189125
10131941,0.42,0.416701,1,189125
10133401,0.41,0.41134,1,189146
10134861,0.42,0.418268,1,189146
10136321,0.42,0.419654,1,189146
10137781,0.45,0.443931,1,189205
10139241,0.46,0.456786,1,189205
10140701,0.47,0.467357,1,189249
10142161,0.48,0.477471,1,189249
10143621,0.47,0.471494,1,189289
10145081,0.48,0.478299,1,189289
10146541,0.49,0.48766,1,189313
10148001,0.5,0.497532,1,189313
10149461,0.53,0.523506,1,189337
10150921,0.54,0.536701,1,189337
10152381,0.55,0.54734,1,189358
10153841,0.56,0.557468,1,189358
10155301,0.55,0.551494,1,189360
10156761,0.56,0.558299,1,189360
10158221,0.57,0.56766,1,189442
10159681,0.58,0.577532,1,189442
10161141,0.57,0.571506,1,189512
10162601,0.58,0.578301,1,189512
10164061,0.57,0.57166,1,189514
10165521,0.58,0.578332,1,189514
10166981,0.57,0.571666,1,189540
10168441,0.58,0.578333,1,189540
10169901,0.65,0.635667,1,189566
10171361,0.66,0.655133,1,189566
10172821,0.63,0.635027,1,189587
10174281,0.64,0.639005,1,189587
10175741,0.63,0.631801,1,189589
10177201,0.64,0.63836,1,189589
10178661,0.67,0.663672,1,189649
10180121,0.68,0.676734,1,189649
10181581,0.69,0.687347,1,189694
10183041,0.7,0.697469,1,189694
10184501,0.69,0.691494,1,189734
10185961,0.7,0.698299,1,189734
10187421,0.71,0.70766,1,189759
10188881,0.72,0.717532,1,189759
10190341,0.73,0.727506,1,189785
10191801,0.74,0.737501,1,189785
10193261,0.75,0.7475,1,189807
10194721,0.76,0.7575,2,189807
10196181,0.75,0.7515,2,189809
10197641,0.76,0.7583,2,189809
10199101,0.81,0.79966,2,189892
10200561,0.82,0.815932,2,189892
10202021,0.83,0.827186,2,189962
10203481,0.84,0.837437,2,189962
10204941,0.83,0.831487,2,189964
10206401,0.84,0.838298,2,189964
10207861,0.83,0.83166,2,189990
10209321,0.84,0.838332,2,189990
10210781,0.8,0.807666,2,190020
10212241,0.81,0.809533,2,190020
10213701,0.82,0.817907,2,190040
10215161,0.83,0.827581,2,190040
10216621,0.82,0.821516,2,190042
10218081,0.83,0.828303,2,190042
10219541,0.83,0.829661,2,190042
10221001,0.85,0.845932,2,190104
10222461,0.86,0.857186,2,190104
10223921,0.87,0.867437,2,190150
10225381,0.88,0.877487,2,190150
10226841,0.89,0.887498,2,190190
10228301,0.9,0.897499,2,190190
10229761,0.89,0.8915,2,190216
10231221,0.9,0.8983,2,190216
10232681,0.87,0.87566,2,190243
10234141,0.88,0.879132,2,190243
10235601,0.85,0.855826,2,190266
10237061,0.86,0.859165,2,190266
10238521,0.85,0.851833,2,190268
10239981,0.86,0.858367,2,190268
10241441,0.83,0.835673,2,190354
10242901,0.84,0.839135,2,190354
10244361,0.87,0.863827,2,190425
10245821,0.88,0.876765,2,190425
10247281,0.87,0.871353,2,190427
10248741,0.88,0.878271,2,190427
10250201,0.87,0.871654,2,190453
10251661,0.88,0.878331,2,190453
10380141,0.91,0.91,2,191936
10381601,0.92,0.918,2,191936
10383061,0.93,0.9276,2,191959
10384521,0.94,0.93752,2,191959
10340721,0.93,0.93,2,191987
10387441,0.71,0.754,2,192051
10388901,0.63,0.6548,1,192096
10390361,0.51,0.53896,1,192142
10391821,0.47,0.483792,1,192173
10393281,0.37,0.392758,1,192190
10394741,0.21,0.246552,1,192213
10396201,0.01,0.0573103,1,192327
10397661,0,0.0114621,1,192354
10399121,0.01,0.0102924,1,192382
10400581,0.03,0.0260585,1,192407
10402041,0.01,0.0132117,1,192426
10403501,0.01,0.0106423,1,192427
10404961,0.03,0.0261285,1,192444
10406421,0.03,0.0292257,1,192454
10407881,0.05,0.0458451,1,192548
10409341,0.06,0.057169,1,192548
10410801,0.03,0.0354338,1,192617
10412261,0.04,0.0390868,1,192617
10413721,0.03,0.0318174,1,192644
10415181,0.04,0.0383635,1,192644
10416641,0.01,0.0156727,1,192775
10418101,0.02,0.0191345,1,192775
10419561,0.01,0.0118269,1,192829
10421021,0.02,0.0183654,1,192829
10422481,0.05,0.0436731,1,192848
10423941,0.06,0.0567346,1,192848
10425401,0,0.0113469,1,192876
10426861,0,0.00226938,1,192876
10428321,0.03,0.0244539,1,192972
10429781,0.04,0.0368908,1,192972
10431241,0.07,0.0633782,1,193040
10432701,0.08,0.0766756,1,193040
10434161,0.07,0.0713351,1,193067
10435621,0.08,0.078267,1,193067
10437081,0.03,0.0396534,1,193197
10438541,0.04,0.0399307,1,193197
10440001,0,0.00798614,1,193251
10441461,0,0.00159723,1,193251
10442921,0.01,0.00831945,1,193272
10444381,0.02,0.0176639,1,193272
10445841,0,0.00353278,1,193298
10447301,0,0.000706555,1,193298
10448761,0,0.000141311,1,193298
10450221,0.01,0.00802826,1,193395
10451681,0.02,0.0176057,1,193395
10453141,0.01,0.0115211,1,193465
10454601,0.02,0.0183042,1,193465
10456061,0.03,0.0276608,1,193492
10457521,0.04,0.0375322,1,193492
10458981,0.01,0.0155064,1,193620
10460441,0.02,0.0191013,1,193620
10461901,0,0.00382026,1,193673
10463361,0,0.000764051,1,193673
10464821,0.01,0.00815281,1,193694
10466281,0.02,0.0176306,1,193694
10467741,0,0.00352611,1,193720
10469201,0,0.000705222,1,193720
10470661,0.07,0.056141,1,193816
10472121,0.08,0.0752282,1,193816
10473581,0.03,0.0390456,1,193886
10475041,0.04,0.0398091,1,193886
10476501,0.03,0.0319618,1,193914
10477961,0.04,0.0383924,1,193914
10479421,0.03,0.0316785,1,194041
10480881,0.04,0.0383357,1,194041
10482341,0.01,0.0156671,1,194094
10483801,0.02,0.0191334,1,194094
10485261,0.01,0.0118267,1,194115
10486721,0.02,0.0183653,1,194115
10488181,0,0.00367307,1,194141
10489641,0,0.000734613,1,194141
10491101,0.05,0.0401469,1,194240
10492561,0.06,0.0560294,1,194240
10494021,0.03,0.0352059,1,194308
10495481,0.04,0.0390412,1,194308
10496941,0.04,0.0398082,1,194308
10498401,0.03,0.0319616,1,194336
10499861,0.04,0.0383923,1,194336
10501321,0.05,0.0476785,1,194463
10502781,0.06,0.0575357,1,194463
10504241,0.03,0.0355071,1,194515
10505701,0.04,0.0391014,1,194515
10507161,0.01,0.0158203,1,194536
10508621,0.02,0.0191641,1,194536
10510081,0,0.00383281,1,194562
10511541,0,0.000766562,1,194562
10513001,0.03,0.0241533,1,194663
10514461,0.04,0.0368307,1,194663
10515921,0.03,0.0313661,1,194730
10517381,0.04,0.0382732,1,194730
10518841,0.03,0.0316546,1,194732
10520301,0.04,0.0383309,1,194732
10521761,0.05,0.0476662,1,194759
10523221,0.06,0.0575332,1,194759
10524681,0.07,0.0675066,1,194887
10526141,0.08,0.0775013,1,194887
10527601,0.01,0.0235003,1,194938
10529061,0.02,0.0207001,1,194938
10530521,0.01,0.01214,1,194958
10531981,0.02,0.018428,1,194958
10533441,0,0.0036856,1,194984
10534901,0,0.00073712,1,194984
10536361,0.05,0.0401474,1,195086
10537821,0.06,0.0560295,1,195086
10539281,0.07,0.0672059,1,195153
10540741,0.08,0.0774412,1,195153
10542201,0.07,0.0714882,1,195155
10543661,0.08,0.0782976,1,195155
10545121,0.08,0.0796595,1,195155
10546581,0.15,0.135932,1,195183
10548041,0.16,0.155186,1,195183
10549501,0.19,0.183037,1,195312
10550961,0.2,0.196607,1,195312
10552421,0.23,0.223321,1,195360
10553881,0.24,0.236664,1,195360
10555341,0.19,0.199333,1,195380
10556801,0.2,0.199867,1,195380
10558261,0.11,0.127973,1,195406
10559721,0.12,0.121595,1,195406
10561181,0.03,0.0483189,1,195510
10562641,0.04,0.0416638,1,195510
10564101,0.03,0.0323328,1,195578
10565561,0.04,0.0384666,1,195578
10567021,0.03,0.0316933,1,195580
10568481,0.04,0.0383387,1,195580
10569941,0.03,0.0316677,1,195611
10571401,0.04,0.0383335,1,195611
10572861,0.03,0.0316667,1,195742
10574321,0.04,0.0383333,1,195742
10575781,0.07,0.0636667,1,195792
10577241,0.08,0.0767333,1,195792
10578701,0.07,0.0713467,1,195810
10580161,0.08,0.0782693,1,195810
10581621,0.09,0.0876539,1,195832
10583081,0.1,0.0975308,1,195832
10584541,0.13,0.123506,1,195932
10586001,0.14,0.136701,1,195932
10587461,0.15,0.14734,1,196000
10588921,0.16,0.157468,1,196000
10590381,0.15,0.151494,1,196002
10591841,0.16,0.158299,1,196002
10593301,0.13,0.13566,1,196033
10594761,0.14,0.139132,1,196033
10596221,0.19,0.179826,1,196164
10597681,0.2,0.195965,1,196164
10599141,0.2,0.199193,1,196164
10600601,0.33,0.303839,1,196216
10602061,0.34,0.332768,1,196216
10603521,0.35,0.346554,1,196234
10604981,0.36,0.357311,1,196234
10606441,0.35,0.351462,1,196257
10607901,0.36,0.358292,1,196257
10609361,0.31,0.319658,1,196359
10610821,0.32,0.319932,1,196359
10612281,0.29,0.295986,1,196428
10613741,0.3,0.299197,1,196428
10615201,0.29,0.291839,1,196430
10616661,0.3,0.298368,1,196430
10618121,0.29,0.291674,1,196460
10619581,0.3,0.298335,1,196460
10621041,0.33,0.323667,1,196594
10622501,0.34,0.336733,1,196594
10623961,0.33,0.331347,1,196596
10625421,0.34,0.338269,1,196596
10626881,0.33,0.331654,1,196654
10628341,0.34,0.338331,1,196654
10629801,0.35,0.347666,1,196673
10631261,0.36,0.357533,1,196673
10632721,0.37,0.367507,1,196696
10634181,0.38,0.377501,1,196696
10635641,0.41,0.4035,1,196796
10637101,0.42,0.4167,1,196796
10638561,0.43,0.42734,1,196864
10640021,0.44,0.437468,1,196864
10641481,0.43,0.431494,1,196866
10642941,0.44,0.438299,1,196866
10644401,0.43,0.43166,1,196896
10645861,0.44,0.438332,1,196896
10647321,0.51,0.495666,1,197032
10648781,0.52,0.515133,1,197032
10650241,0.51,0.511027,1,197034
10651701,0.52,0.518205,1,197034
10653161,0.52,0.519641,1,197034
10654621,0.49,0.495928,1,197092
10656081,0.5,0.499186,1,197092
10657541,0.57,0.555837,1,197112
10659001,0.58,0.575167,1,197112
10660461,0.57,0.571034,1,197136
10661921,0.58,0.578207,1,197136
10663381,0.67,0.651641,1,197238
10664841,0.68,0.674328,1,197238
10666301,0.69,0.686866,1,197307
10667761,0.7,0.697373,1,197307
10669221,0.69,0.691475,1,197309
10670681,0.7,0.698295,1,197309
10672141,0.69,0.691659,1,197339
10673601,0.7,0.698332,1,197339
10675061,0.71,0.707666,1,197479
10676521,0.72,0.717533,1,197479
10677981,0.71,0.711507,1,197481
10679441,0.72,0.718301,1,197481
10680901,0.71,0.71166,1,197537
10682361,0.72,0.718332,1,197537
10683821,0.69,0.695666,1,197561
10685281,0.7,0.699133,1,197561
10686741,0.69,0.691827,1,197585
10688201,0.7,0.698365,1,197585
10689661,0.75,0.739673,1,197692
10691121,0.76,0.755935,2,197692
10692581,0.77,0.767187,2,197762
10694041,0.78,0.777437,2,197762
10695501,0.77,0.771487,2,197764
10696961,0.78,0.778298,2,197764
10698421,0.77,0.77166,2,197794
10699881,0.78,0.778332,2,197794
10701341,0.83,0.819666,2,197935
10702801,0.84,0.835933,2,197935
10704261,0.83,0.831187,2,197937
10705721,0.84,0.838237,2,197937
10707181,0.85,0.847647,2,197993
10708641,0.86,0.85753,2,197993
10710101,0.87,0.867506,2,198016
10711561,0.88,0.877501,2,198016
10713021,0.88,0.8795,2,198016
10714481,0.91,0.9039,2,198040
10715941,0.92,0.91678,2,198040
10823981,0.92,0.92,2,199874
10825441,0.93,0.928,2,199874
10829821,0.91,0.91,2,199928
10831281,0.92,0.918,2,199928
10832741,0.87,0.8796,2,199948
10834201,0.88,0.87992,2,199948
10835661,0.54,0.607984,1,200044
10837121,0.55,0.561597,1,200044
10838581,0.55,0.552319,1,200044
10840041,0.39,0.422464,1,200116
10841501,0.4,0.404493,1,200116
10842961,0.33,0.344899,1,200137
10844421,0.34,0.34098,1,200137
10845881,0.17,0.204196,1,200161
10847341,0.18,0.184839,1,200161
10848801,0.05,0.0769678,1,200294
10850261,0.06,0.0633936,1,200294
10851721,0,0.0126787,1,200318
10853181,0,0.00253574,1,200318
10854641,0.03,0.0245071,1,200345
10856101,0.04,0.0369014,1,200345
10857561,0.03,0.0313803,1,200376
10859021,0.04,0.0382761,1,200376
10860481,0.03,0.0316552,1,200394
10861941,0.04,0.038331,1,200394
10863401,0.09,0.0796662,1,200412
10864861,0.1,0.0959332,1,200412
10866321,0.25,0.219187,1,200491
10867781,0.26,0.251837,1,200491
10869241,0.25,0.250367,1,200493
10870701,0.26,0.258074,1,200493
10872161,0.21,0.219615,1,200557
10873621,0.22,0.219923,1,200557
10875081,0.23,0.227985,1,200575
10876541,0.24,0.237597,1,200575
10878001,0.27,0.263519,1,200591
10879461,0.28,0.276704,1,200591
10880921,0.13,0.159341,1,200718
10882381,0.14,0.143868,1,200718
10883841,0.15,0.148774,1,200740
10885301,0.16,0.157755,1,200740
10886761,0.07,0.0875509,1,200768
10888221,0.08,0.0815102,1,200768
10889681,0.07,0.072302,1,200799
10891141,0.08,0.0784604,1,200799
10892601,0.01,0.0236921,1,200817
10894061,0.02,0.0207384,1,200817
10895521,0.07,0.0601477,1,200838
10896981,0.08,0.0760295,1,200838
10898441,0.15,0.135206,1,200925
10899901,0.16,0.155041,1,200925
10901361,0.15,0.151008,1,200927
10902821,0.16,0.158202,1,200927
10904281,0.19,0.18364,1,200989
10905741,0.2,0.196728,1,200989
10907201,0.2,0.199346,1,200989
10908661,0.23,0.223869,1,201008
10910121,0.24,0.236774,1,201008
10911581,0.23,0.231355,1,201026
10913041,0.24,0.238271,1,201026
10914501,0.33,0.311654,1,201146
10915961,0.34,0.334331,1,201146
10917421,0.35,0.346866,1,201169
10918881,0.36,0.357373,1,201169
10920341,0.35,0.351475,1,201193
10921801,0.36,0.358295,1,201193
10923261,0.37,0.367659,1,201224
10924721,0.38,0.377532,1,201224
10926181,0.35,0.355506,1,201239
10927641,0.36,0.359101,1,201239
10929101,0.35,0.35182,1,201263
10930561,0.36,0.358364,1,201263
10932021,0.51,0.479673,1,201354
10933481,0.52,0.511935,1,201354
10934941,0.51,0.510387,1,201356
10936401,0.52,0.518077,1,201356
10937861,0.53,0.527615,1,201420
10939321,0.54,0.537523,1,201420
10940781,0.53,0.531505,1,201440
10942241,0.54,0.538301,1,201440
10943701,0.55,0.54766,1,201458
10945161,0.56,0.557532,1,201458
10946621,0.63,0.615506,1,201583
10948081,0.64,0.635101,1,201583
10949541,0.63,0.63102,1,201607
10951001,0.64,0.638204,1,201607
10952461,0.65,0.647641,1,201631
10953921,0.66,0.657528,1,201631
10955381,0.65,0.651506,1,201663
10956841,0.66,0.658301,1,201663
10958301,0.65,0.65166,1,201677
10959761,0.66,0.658332,1,201677
10961221,0.69,0.683666,1,201701
10962681,0.7,0.696733,1,201701
10964141,0.91,0.867347,2,201800
10965601,0.92,0.909469,2,201800
10967061,0.91,0.909894,2,201802
10968521,0.92,0.917979,2,201802
10969981,0.95,0.943596,2,201867
11089701,0.89,0.89,2,203505
11091161,0.9,0.898,2,203505
11092621,0.71,0.7476,1,203544
11094081,0.72,0.72552,1,203544
11095541,0.61,0.633104,1,203568
11097001,0.62,0.622621,1,203568
11098461,0.45,0.484524,1,203599
11099921,0.46,0.464905,1,203599
11101381,0.25,0.292981,1,203628
11102841,0.26,0.266596,1,203628
11104301,0,0.0533192,1,203703
11105761,0,0.0106638,1,203703
11107221,0,0.00213277,1,203725
11108681,0,0.000426554,1,203725
11110141,0,8.53108e-05,1,203785
11111601,0,1.70622e-05,1,203785
11113061,0.05,0.0400034,1,203817
11114521,0.06,0.0560007,1,203817
11115981,0.03,0.0352001,1,203838
11117441,0.04,0.03904,1,203838
11118901,0,0.00780801,1,203874
11120361,0,0.0015616,1,203874
11121821,0.09,0.0723123,1,203932
11123281,0.1,0.0944625,1,203932
11124741,0.01,0.0268925,1,203970
11126201,0.02,0.0213785,1,203970
11127661,0.02,0.0202757,1,203970
11129121,0.03,0.0280551,1,204000
11130581,0.04,0.037611,1,204000
11132041,0,0.00752221,1,204019
11133501,0,0.00150444,1,204019
11134961,0,0.000300888,1,204042
11136421,0,6.01776e-05,1,204042
11137881,0.01,0.00801204,1,204061
11139341,0.02,0.0176024,1,204061
11140801,0,0.00352048,1,204124
11142261,0,0.000704096,1,204124
11143721,0,0.000140819,1,204146
11145181,0,2.81638e-05,1,204146
11146641,0,5.63277e-06,1,204206
11148101,0,1.12655e-06,1,204206
11149561,0.05,0.0400002,1,204240
11151021,0.06,0.056,1,204240
11152481,0.03,0.0352,1,204260
11153941,0.04,0.03904,1,204260
11155401,0,0.007808,1,204295
11156861,0,0.0015616,1,204295
11158321,0.07,0.0563123,1,204357
11159781,0.08,0.0752625,1,204357
11161241,0.01,0.0230525,1,204391
11162701,0.02,0.0206105,1,204391
11164161,0.01,0.0121221,1,204393
11165621,0.02,0.0184244,1,204393
11167081,0.07,0.0596849,1,204423
11168541,0.08,0.075937,1,204423
11170001,0.01,0.0231874,1,204441
11171461,0.02,0.0206375,1,204441
11172921,0,0.0041275,1,204464
11174381,0,0.000825499,1,204464
11175841,0.01,0.0081651,1,204483
11177301,0.02,0.017633,1,204483
11178761,0,0.0035266,1,204546
11180221,0,0.000705321,1,204546
11181681,0,0.000141064,1,204568
11183141,0,2.82128e-05,1,204568
11184601,0,5.64256e-06,1,204628
11186061,0,1.12851e-06,1,204628
11187521,0.01,0.00800023,1,204664
11188981,0.02,0.0176,1,204664
11190441,0,0.00352001,1,204683
11191901,0,0.000704002,1,204683
11193361,0,0.0001408,1,204717
11194821,0,2.81601e-05,1,204717
11196281,0.01,0.00800563,1,204782
11197741,0.02,0.0176011,1,204782
11199201,0.01,0.0115202,1,204813
11200661,0.02,0.018304,1,204813
11202121,0.01,0.0116608,1,204815
11203581,0.02,0.0183322,1,204815
11205041,0.01,0.0116664,1,204848
11206501,0.02,0.0183333,1,204848
11207961,0.02,0.0196667,1,204848
11209421,0.07,0.0599333,1,204863
11210881,0.08,0.0759867,1,204863
11212341,0,0.0151973,1,204886
11213801,0,0.00303947,1,204886
11215261,0.01,0.00860789,1,204905
11216721,0.02,0.0177216,1,204905
11218181,0,0.00354432,1,204968
11219641,0,0.000708863,1,204968
11221101,0,0.000141773,1,204990
11222561,0,2.83545e-05,1,204990
11224021,0,5.6709e-06,1,205050
11225481,0,1.13418e-06,1,205050
11226941,0.01,0.00800023,1,205086
11228401,0.02,0.0176,1,205086
11229861,0,0.00352001,1,205105
11231321,0,0.000704002,1,205105
11232781,0,0.0001408,1,205139
11234241,0,2.81601e-05,1,205139
11235701,0.01,0.00800563,1,205204
11237161,0.02,0.0176011,1,205204
11238621,0.01,0.0115202,1,205235
11240081,0.02,0.018304,1,205235
11241541,0.01,0.0116608,1,205237
11243001,0.02,0.0183322,1,205237
11244461,0.03,0.0276664,1,205270
11245921,0.04,0.0375333,1,205270
11247381,0.01,0.0155067,1,205287
11248841,0.02,0.0191013,1,205287
11250301,0.01,0.0118203,1,205307
11251761,0.02,0.0183641,1,205307
11253221,0.01,0.0116728,1,205326
11254681,0.02,0.0183346,1,205326
11256141,0,0.00366691,1,205389
11257601,0,0.000733382,1,205389
11259061,0,0.000146676,1,205411
11260521,0,2.93353e-05,1,205411
11261981,0,5.86706e-06,1,205471
11263441,0,1.17341e-06,1,205471
11264901,0.03,0.0240002,1,205507
11266361,0.04,0.0368,1,205507
11267821,0.01,0.01536,1,205526
11269281,0.02,0.019072,1,205526
11270741,0,0.0038144,1,205560
11272201,0,0.00076288,1,205560
11273661,0.03,0.0241526,1,205625
11275121,0.04,0.0368305,1,205625
11276581,0.01,0.0153661,1,205656
11278041,0.02,0.0190732,1,205656
11279501,0.01,0.0118146,1,205658
11280961,0.02,0.0183629,1,205658
11282421,0.05,0.0436726,1,205692
11283881,0.06,0.0567345,1,205692
11285341,0.05,0.0513469,1,205708
11286801,0.06,0.0582694,1,205708
11288261,0.06,0.0596539,1,205708
11289721,0.03,0.0359308,1,205728
11291181,0.04,0.0391862,1,205728
11292641,0.03,0.0318372,1,205747
11294101,0.04,0.0383674,1,205747
11295561,0,0.00767349,1,205810
11297021,0,0.0015347,1,205810
11298481,0.03,0.0243069,1,205832
11299941,0.04,0.0368614,1,205832
11301401,0,0.00737228,1,205892
11302861,0,0.00147446,1,205892
11304321,0.03,0.0242949,1,205929
11305781,0.04,0.036859,1,205929
11307241,0.03,0.0313718,1,205947
11308701,0.04,0.0382744,1,205947
11310161,0,0.00765487,1,205981
11311621,0,0.00153097,1,205981
11313081,0.03,0.0243062,1,206047
11314541,0.04,0.0368612,1,206047
11316001,0.01,0.0153722,1,206077
11317461,0.02,0.0190744,1,206077
11318921,0.01,0.0118149,1,206079
11320381,0.02,0.018363,1,206079
11321841,0.03,0.0276726,1,206115
11323301,0.04,0.0375345,1,206115
11324761,0.03,0.0315069,1,206131
11326221,0.04,0.0383014,1,206131
11327681,0.03,0.0316603,1,206133
11329141,0.04,0.0383321,1,206133
11330601,0.07,0.0636664,1,206151
11332061,0.08,0.0767333,1,206151
11333521,0.01,0.0233467,1,206170
11334981,0.02,0.0206693,1,206170
11336441,0,0.00413387,1,206232
11337901,0,0.000826773,1,206232
11339361,0.01,0.00816535,1,206255
11340821,0.02,0.0176331,1,206255
11342281,0,0.00352661,1,206314
11343741,0,0.000705323,1,206314
11345201,0.05,0.0401411,1,206352
11346661,0.06,0.0560282,1,206352
11348121,0.01,0.0192056,1,206370
11349581,0.02,0.0198411,1,206370
11351041,0,0.00396823,1,206403
11352501,0,0.000793645,1,206403
11353961,0.01,0.00815873,1,206470
11355421,0.02,0.0176317,1,206470
11356881,0.01,0.0115263,1,206499
11358341,0.02,0.0183053,1,206499
11359801,0.01,0.0116611,1,206501
11361261,0.02,0.0183322,1,206501
11362721,0.07,0.0596664,1,206538
11364181,0.08,0.0759333,1,206538
11365641,0.07,0.0711867,1,206554
11367101,0.08,0.0782373,1,206554
11368561,0.07,0.0716475,1,206556
11370021,0.08,0.0783295,1,206556
11371481,0.03,0.0396659,1,206576
11372941,0.04,0.0399332,1,206576
11374401,0.04,0.0399866,1,206576
11375861,0.05,0.0479973,1,206592
11377321,0.06,0.0575995,1,206592
11378781,0,0.0115199,1,206654
11380241,0,0.00230398,1,206654
11381701,0.03,0.0244608,1,206677
11383161,0.04,0.0368922,1,206677
11384621,0,0.00737843,1,206736
11386081,0,0.00147569,1,206736
11387541,0.07,0.0562951,1,206776
11389001,0.08,0.075259,1,206776
11390461,0.13,0.119052,1,206792
11391921,0.14,0.13581,1,206792
11393381,0,0.0271621,1,206825
11394841,0,0.00543241,1,206825
11396301,0.01,0.00908648,1,206892
11397761,0.02,0.0178173,1,206892
11399221,0.01,0.0115635,1,206921
11400681,0.02,0.0183127,1,206921
11402141,0.01,0.0116625,1,206923
11403601,0.02,0.0183325,1,206923
11405061,0.01,0.0116665,1,206963
11406521,0.02,0.0183333,1,206963
11407981,0.01,0.0116667,1,206979
11409441,0.02,0.0183333,1,206979
11410901,0.01,0.0116667,1,206981
11412361,0.02,0.0183333,1,206981
11413821,0.01,0.0116667,1,206999
11415281,0.02,0.0183333,1,206999
11416741,0.03,0.0276667,1,207015
11418201,0.04,0.0375333,1,207015
11419661,0,0.00750667,1,207075
11421121,0,0.00150133,1,207075
11422581,0.03,0.0243003,1,207099
11424041,0.04,0.0368601,1,207099
11425501,0,0.00737201,1,207157
11426961,0,0.0014744,1,207157
11428421,0.03,0.0242949,1,207200
11429881,0.04,0.036859,1,207200
11431341,0.05,0.0473718,1,207219
11432801,0.06,0.0574744,1,207219
11434261,0,0.0114949,1,207246
11435721,0,0.00229897,1,207246
11437181,0.03,0.0244598,1,207313
11438641,0.04,0.036892,1,207313
11440101,0.01,0.0153784,1,207342
11441561,0.02,0.0190757,1,207342
11443021,0.01,0.0118151,1,207344
11444481,0.02,0.018363,1,207344
11445941,0.05,0.0436726,1,207384
11447401,0.06,0.0567345,1,207384
11448861,0.05,0.0513469,1,207400
11450321,0.06,0.0582694,1,207400
11451781,0.05,0.0516539,1,207402
11453241,0.06,0.0583308,1,207402
11454701,0.05,0.0516662,1,207420
11456161,0.06,0.0583332,1,207420
11457621,0.07,0.0676666,1,207437
11459081,0.08,0.0775333,1,207437
11460541,0.01,0.0235067,1,207496
11462001,0.02,0.0207013,1,207496
11463461,0.02,0.0201403,1,207496
11464921,0.03,0.0280281,1,207521
11466381,0.04,0.0376056,1,207521
11467841,0,0.00752112,1,207578
11469301,0,0.00150422,1,207578
11470761,0.03,0.0243008,1,207622
11472221,0.04,0.0368602,1,207622
11473681,0.03,0.031372,1,207642
11475141,0.04,0.0382744,1,207642
11476601,0,0.00765488,1,207667
11478061,0,0.00153098,1,207667
11479521,0.07,0.0563062,1,207735
11480981,0.08,0.0752612,1,207735
11482441,0.03,0.0390522,1,207763
11483901,0.04,0.0398104,1,207763
11485361,0.03,0.0319621,1,207765
11486821,0.04,0.0383924,1,207765
11488281,0.01,0.0156785,1,207807
11489741,0.02,0.0191357,1,207807
11491201,0.03,0.0278271,1,207823
11492661,0.04,0.0375654,1,207823
11494121,0.03,0.0315131,1,207825
11495581,0.04,0.0383026,1,207825
11497041,0.03,0.0316605,1,207843
11498501,0.04,0.0383321,1,207843
11499961,0.09,0.0796664,1,207861
11501421,0.1,0.0959333,1,207861
11502881,0.09,0.0911867,1,207917
11504341,0.1,0.0982373,1,207917
11505801,0.09,0.0916475,1,207919
11507261,0.1,0.0983295,1,207919
11508721,0,0.0196659,1,207944
11510181,0,0.00393318,1,207944
11511641,0.01,0.00878664,1,208000
11513101,0.02,0.0177573,1,208000
11514561,0,0.00355147,1,208045
11516021,0,0.000710293,1,208045
11517481,0.01,0.00814206,1,208065
11518941,0.02,0.0176284,1,208065
11520401,0,0.00352568,1,208089
11521861,0,0.000705136,1,208089
11523321,0.09,0.072141,1,208160
11524781,0.1,0.0944282,1,208160
11526241,0.11,0.106886,1,208186
11527701,0.12,0.117377,1,208186
11529161,0.11,0.111475,1,208188
11530621,0.12,0.118295,1,208188
11532081,0.07,0.079659,1,208229
11533541,0.08,0.0799318,1,208229
11535001,0.05,0.0559864,1,208246
11536461,0.06,0.0591973,1,208246
11537921,0.05,0.0518395,1,208248
11539381,0.06,0.0583679,1,208248
11540841,0.05,0.0516736,1,208266
11542301,0.06,0.0583347,1,208266
11543761,0.03,0.0356669,1,208287
11545221,0.04,0.0391334,1,208287
11546681,0.07,0.0638267,1,208343
11548141,0.08,0.0767653,1,208343
11549601,0.07,0.0713531,1,208345
11551061,0.08,0.0782706,1,208345
11552521,0,0.0156541,1,208366
11553981,0,0.00313082,1,208366
11555441,0,0.000626165,1,208366
11556901,0.01,0.00812523,1,208422
11558361,0.02,0.017625,1,208422
11559821,0,0.00352501,1,208467
11561281,0,0.000705002,1,208467
11562741,0.01,0.008141,1,208487
11564201,0.02,0.0176282,1,208487
11565661,0,0.00352564,1,208511
11567121,0,0.000705128,1,208511
11568581,0.11,0.088141,1,208586
11570041,0.12,0.113628,1,208586
11571501,0.17,0.158726,1,208613
11572961,0.18,0.175745,1,208613
11574421,0.17,0.171149,1,208615
11575881,0.18,0.17823,1,208615
11577341,0.19,0.187646,1,208654
11578801,0.2,0.197529,1,208654
11580261,0.19,0.191506,1,208670
11581721,0.2,0.198301,1,208670
11583181,0.19,0.19166,1,208672
11584641,0.2,0.198332,1,208672
11586101,0.19,0.191666,1,208690
11587561,0.2,0.198333,1,208690
11589021,0.19,0.191667,1,208710
11590481,0.2,0.198333,1,208710
11591941,0.17,0.175667,1,208768
11593401,0.18,0.179133,1,208768
11594861,0.17,0.171827,1,208770
11596321,0.18,0.178365,1,208770
11597781,0.13,0.139673,1,208788
11599241,0.14,0.139935,1,208788
11600701,0.13,0.131987,1,208843
11602161,0.14,0.138397,1,208843
11603621,0,0.0276795,1,208888
11605081,0,0.00553589,1,208888
11606541,0.03,0.0251072,1,208908
11608001,0.04,0.0370214,1,208908
11609461,0,0.00740429,1,208932
11610921,0,0.00148086,1,208932
11612381,0.03,0.0242962,1,209012
11613841,0.04,0.0368592,1,209012
11615301,0.07,0.0633718,1,209042
11616761,0.08,0.0766744,1,209042
11618221,0.07,0.0713349,1,209044
11619681,0.08,0.078267,1,209044
11621141,0.09,0.0876534,1,209084
11622601,0.1,0.0975307,1,209084
11624061,0.11,0.107506,1,209100
11625521,0.12,0.117501,1,209100
11626981,0.11,0.1115,1,209102
11628441,0.12,0.1183,1,209102
11629901,0.11,0.11166,1,209120
11631361,0.12,0.118332,1,209120
11632821,0.11,0.111666,1,209140
11634281,0.12,0.118333,1,209140
11635741,0.15,0.143667,1,209197
11637201,0.16,0.156733,1,209197
11638661,0.15,0.151347,1,209199
11640121,0.16,0.158269,1,209199
11641581,0.15,0.151654,1,209215
11643041,0.16,0.158331,1,209215
11644501,0.19,0.183666,1,209270
11645961,0.2,0.196733,1,209270
11647421,0.2,0.199347,1,209270
11648881,0.19,0.191869,1,209309
11650341,0.2,0.198374,1,209309
11651801,0.17,0.175675,1,209330
11653261,0.18,0.179135,1,209330
11654721,0.15,0.155827,1,209353
11656181,0.16,0.159165,1,209353
11657641,0.03,0.0558331,1,209434
11659101,0.04,0.0431666,1,209434
11660561,0.03,0.0326333,1,209466
11662021,0.04,0.0385267,1,209466
11663481,0.03,0.0317053,1,209468
11664941,0.04,0.0383411,1,209468
11666401,0.09,0.0796682,1,209509
11667861,0.1,0.0959336,1,209509
11669321,0.13,0.123187,1,209526
11670781,0.14,0.136637,1,209526
11672241,0.13,0.131327,1,209528
11673701,0.14,0.138265,1,209528
11675161,0.13,0.131653,1,209546
11676621,0.14,0.138331,1,209546
11678081,0.13,0.131666,1,209566
11679541,0.14,0.138333,1,209566
11681001,0.17,0.163667,1,209625
11682461,0.18,0.176733,1,209625
11683921,0.17,0.171347,1,209627
11685381,0.18,0.178269,1,209627
11686841,0.17,0.171654,1,209643
11688301,0.18,0.178331,1,209643
11689761,0.19,0.187666,1,209700
11691221,0.2,0.197533,1,209700
11692681,0.19,0.191507,1,209702
11694141,0.2,0.198301,1,209702
11695601,0.19,0.19166,1,209740
11697061,0.2,0.198332,1,209740
11698521,0.21,0.207666,1,209760
11699981,0.22,0.217533,1,209760
11701441,0.21,0.211507,1,209782
11702901,0.22,0.218301,1,209782
11704361,0.19,0.19566,1,209857
11705821,0.2,0.199132,1,209857
11707281,0.19,0.191826,1,209889
11708741,0.2,0.198365,1,209889
11710201,0.19,0.191673,1,209891
11711661,0.2,0.198335,1,209891
11713121,0.23,0.223667,1,209935
11714581,0.24,0.236733,1,209935
11716041,0.27,0.263347,1,209954
11717501,0.28,0.276669,1,209954
11718961,0.27,0.271334,1,209956
11720421,0.28,0.278267,1,209956
11721881,0.29,0.287653,1,209974
11723341,0.3,0.297531,1,209974
11724801,0.31,0.307506,1,209994
11726261,0.32,0.317501,1,209994
11727721,0.31,0.3115,1,210055
11729181,0.32,0.3183,1,210055
11730641,0.31,0.31166,1,210057
11732101,0.32,0.318332,1,210057
11733561,0.31,0.311666,1,210073
11735021,0.32,0.318333,1,210073
11736481,0.27,0.279667,1,210131
11737941,0.28,0.279933,1,210131
11739401,0.27,0.271987,1,210133
11740861,0.28,0.278397,1,210133
11742321,0.27,0.271679,1,210171
11743781,0.28,0.278336,1,210171
11745241,0.28,0.279667,1,210171
11746701,0.27,0.271933,1,210192
11748161,0.28,0.278387,1,210192
11749621,0.29,0.287677,1,210214
11751081,0.3,0.297535,1,210214
11752541,0.31,0.307507,1,210288
11754001,0.32,0.317501,1,210288
11755461,0.31,0.3115,1,210320
11756921,0.32,0.3183,1,210320
11758381,0.31,0.31166,1,210322
11759841,0.32,0.318332,1,210322
11761301,0.31,0.311666,1,210368
11762761,0.32,0.318333,1,210368
11764221,0.37,0.359667,1,210389
11765681,0.38,0.375933,1,210389
11767141,0.37,0.371187,1,210391
11768601,0.38,0.378237,1,210391
11770061,0.41,0.403647,1,210410
11771521,0.42,0.41673,1,210410
11772981,0.43,0.427346,1,210431
11774441,0.44,0.437469,1,210431
11775901,0.65,0.607494,1,210492
11777361,0.66,0.649499,1,210492
11778821,0.65,0.6499,1,210494
11780281,0.66,0.65798,1,210494
11781741,0.67,0.667596,1,210510
11783201,0.68,0.677519,1,210510
11784661,0.73,0.719504,1,210566
11786121,0.74,0.735901,1,210566
11787581,0.73,0.73118,1,210568
11789041,0.74,0.738236,1,210568
11790501,0.73,0.731647,1,210606
11791961,0.74,0.738329,1,210606
11793421,0.73,0.731666,1,210626
11794881,0.74,0.738333,1,210626
11796341,0.75,0.747667,1,210649
11797801,0.76,0.757533,2,210649
11799261,0.75,0.751507,2,210724
11800721,0.76,0.758301,2,210724
11802181,0.75,0.75166,2,210756
11803641,0.76,0.758332,2,210756
11805101,0.75,0.751666,2,210758
11806561,0.76,0.758333,2,210758
11808021,0.75,0.751667,2,210804
11809481,0.76,0.758333,2,210804
11810941,0.73,0.735667,1,210828
11812401,0.74,0.739133,1,210828
11813861,0.73,0.731827,1,210830
11815321,0.74,0.738365,1,210830
11816781,0.67,0.683673,1,210851
11818241,0.68,0.680735,1,210851
11819701,0.67,0.672147,1,210873
11821161,0.68,0.678429,1,210873
11822621,0.83,0.799686,2,210945
11824081,0.84,0.831937,2,210945
11825541,0.83,0.830387,2,210947
11827001,0.84,0.838078,2,210947
11828461,0.81,0.815616,2,210964
11829921,0.82,0.819123,2,210964
11831381,0.89,0.875825,2,211023
11832841,0.9,0.895165,2,211023
11834301,0.89,0.891033,2,211025
11835761,0.9,0.898207,2,211025
11837221,0.89,0.891641,2,211063
11838681,0.9,0.898328,2,211063
11840141,0.89,0.891666,2,211083
11841601,0.9,0.898333,2,211083
11843061,0.93,0.923667,2,211107
11844521,0.94,0.936733,2,211107
11845981,0.94,0.939347,2,211107
11994901,0.94,0.94,2,212578
11996361,0.95,0.948,2,212578
12003661,0.9,0.9,2,212698
12005121,0.91,0.908,2,212698
12006581,0.91,0.9096,2,212710
12008041,0.92,0.91792,2,212710
12009501,0.77,0.799584,2,212744
12010961,0.78,0.783917,2,212744
12012421,0.77,0.772783,2,212773
12013881,0.78,0.778557,2,212773
12015341,0.73,0.739711,1,212802
12016801,0.74,0.739942,1,212802
12018261,0.67,0.683988,1,212826
12019721,0.68,0.680798,1,212826
12021181,0.65,0.65616,1,212855
12022641,0.66,0.659232,1,212855
12024101,0.61,0.619846,1,212882
12025561,0.62,0.619969,1,212882
12027021,0.55,0.563994,1,212906
12028481,0.56,0.560799,1,212906
12029941,0.47,0.48816,1,212920
12031401,0.48,0.481632,1,212920
12032861,0.41,0.424326,1,212941
12034321,0.42,0.420865,1,212941
12035781,0.41,0.412173,1,212965
12037241,0.42,0.418435,1,212965
12038701,0.41,0.411687,1,212990
12040161,0.42,0.418337,1,212990
12041621,0.41,0.411667,1,213021
12043081,0.42,0.418334,1,213021
12044541,0.47,0.459667,1,213056
12046001,0.48,0.475933,1,213056
12047461,0.45,0.455187,1,213106
12048921,0.46,0.459037,1,213106
12050381,0.47,0.467807,1,213136
12051841,0.48,0.477562,1,213136
12053301,0.49,0.487512,1,213164
12054761,0.5,0.497502,1,213164
12056221,0.5,0.4995,1,213164
12057681,0.53,0.5239,1,213176
12059141,0.54,0.53678,1,213176
12060601,0.53,0.531356,1,213203
12062061,0.54,0.538271,1,213203
12063521,0.47,0.483654,1,213232
12064981,0.48,0.480731,1,213232
12066441,0.49,0.488146,1,213259
12067901,0.5,0.497629,1,213259
12069361,0.45,0.459526,1,213280
12070821,0.46,0.459905,1,213280
12072281,0.47,0.467981,1,213308
12073741,0.48,0.477596,1,213308
12075201,0.47,0.471519,1,213333
12076661,0.48,0.478304,1,213333
12078121,0.47,0.471661,1,213354
12079581,0.48,0.478332,1,213354
12081041,0.45,0.455666,1,213364
12082501,0.46,0.459133,1,213364
12083961,0.45,0.451827,1,213382
12085421,0.46,0.458365,1,213382
12086881,0.47,0.467673,1,213406
12088341,0.48,0.477535,1,213406
12089801,0.53,0.519507,1,213431
12091261,0.54,0.535901,1,213431
12092721,0.51,0.51518,1,213462
12094181,0.52,0.519036,1,213462
12095641,0.51,0.511807,1,213500
12097101,0.52,0.518361,1,213500
12098561,0.51,0.511672,1,213549
12100021,0.52,0.518334,1,213549
12101481,0.49,0.495667,1,213580
12102941,0.5,0.499133,1,213580
12104401,0.49,0.491827,1,213609
12105861,0.5,0.498365,1,213609
12107321,0.49,0.491673,1,213611
12108781,0.5,0.498335,1,213611
12110241,0.45,0.459667,1,213624
12111701,0.46,0.459933,1,213624
12113161,0.45,0.451987,1,213651
12114621,0.46,0.458397,1,213651
12116081,0.43,0.435679,1,213677
12117541,0.44,0.439136,1,213677
12119001,0.47,0.463827,1,213705
12120461,0.48,0.476765,1,213705
12121921,0.45,0.455353,1,213724
12123381,0.46,0.459071,1,213724
12124841,0.47,0.467814,1,213753
12126301,0.48,0.477563,1,213753
12127761,0.49,0.487513,1,213778
12129221,0.5,0.497503,1,213778
12130681,0.51,0.5075,1,213799
12132141,0.52,0.5175,1,213799
12133601,0.53,0.5275,1,213808
12135061,0.54,0.5375,1,213808
12136521,0.53,0.5315,1,213826
12137981,0.54,0.5383,1,213826
12139441,0.51,0.51566,1,213851
12140901,0.52,0.519132,1,213851
12142361,0.55,0.543826,1,213879
12143821,0.56,0.556765,1,213879
12145281,0.55,0.551353,1,213909
12146741,0.56,0.558271,1,213909
12148201,0.57,0.567654,1,213947
12149661,0.58,0.577531,1,213947
12151121,0.55,0.555506,1,213996
12152581,0.56,0.559101,1,213996
12154041,0.55,0.55182,1,214026
12155501,0.56,0.558364,1,214026
12156961,0.55,0.551673,1,214055
12158421,0.56,0.558335,1,214055
12159881,0.55,0.551667,1,214057
12161341,0.56,0.558333,1,214057
12162801,0.53,0.535667,1,214068
12164261,0.54,0.539133,1,214068
12165721,0.54,0.539827,1,214068
12167181,0.61,0.595965,1,214095
12168641,0.62,0.615193,1,214095
12170101,0.59,0.595039,1,214120
12171561,0.6,0.599008,1,214120
12173021,0.59,0.591802,1,214150
12174481,0.6,0.59836,1,214150
12175941,0.59,0.591672,1,214168
12177401,0.6,0.598334,1,214168
12178861,0.61,0.607667,1,214198
12180321,0.62,0.617533,1,214198
12181781,0.61,0.611507,1,214224
12183241,0.62,0.618301,1,214224
12184701,0.65,0.64366,1,214246
12186161,0.66,0.656732,1,214246
12187621,0.65,0.651346,1,214256
12189081,0.66,0.658269,1,214256
12190541,0.67,0.667654,1,214274
12192001,0.68,0.677531,1,214274
12193461,0.69,0.687506,1,214298
12194921,0.7,0.697501,1,214298
12196381,0.69,0.6915,1,214328
12197841,0.7,0.6983,1,214328
12199301,0.75,0.73966,1,214358
12200761,0.76,0.755932,2,214358
12202221,0.81,0.799186,2,214397
12203681,0.82,0.815837,2,214397
12205141,0.83,0.827167,2,214445
12206601,0.84,0.837434,2,214445
12208061,0.83,0.831487,2,214475
12209521,0.84,0.838297,2,214475
12210981,0.83,0.831659,2,214504
12212441,0.84,0.838332,2,214504
12213901,0.83,0.831666,2,214506
12215361,0.84,0.838333,2,214506
12216821,0.83,0.831667,2,214516
12218281,0.84,0.838333,2,214516
12219741,0.87,0.863667,2,214546
12221201,0.88,0.876733,2,214546
12222661,0.89,0.887347,2,214570
12224121,0.9,0.897469,2,214570
12225581,0.89,0.891494,2,214600
12227041,0.9,0.898299,2,214600
12228501,0.89,0.89166,2,214618
12229961,0.9,0.898332,2,214618
12231421,0.87,0.875666,2,214649
12232881,0.88,0.879133,2,214649
12234341,0.87,0.871827,2,214675
12235801,0.88,0.878365,2,214675
12237261,0.83,0.839673,2,214699
12238721,0.84,0.839935,2,214699
12240181,0.83,0.831987,2,214709
12241641,0.84,0.838397,2,214709
12243101,0.81,0.81568,2,214728
12244561,0.82,0.819136,2,214728
12246021,0.83,0.827827,2,214753
12247481,0.84,0.837565,2,214753
12248941,0.83,0.831513,2,214783
12250401,0.84,0.838303,2,214783
12251861,0.83,0.831661,2,214816
12253321,0.84,0.838332,2,214816
12254781,0.83,0.831666,2,214858
12256241,0.84,0.838333,2,214858
12257701,0.87,0.863667,2,214907
12259161,0.88,0.876733,2,214907
12260621,0.89,0.887347,2,214937
12262081,0.9,0.897469,2,214937
12263541,0.91,0.907494,2,214966
12265001,0.92,0.917499,2,214966
12266461,0.91,0.9115,2,214968
12267921,0.92,0.9183,2,214968
12269381,0.91,0.91166,2,214978
12270841,0.92,0.918332,2,214978
12272301,0.91,0.911666,2,215010
12273761,0.92,0.918333,2,215010
12444581,0.88,0.88,2,217066
12504441,0.6,0.656,1,217094
12505901,0.59,0.6032,1,217098
12507361,0.59,0.59264,1,217100
12508821,0.47,0.494528,1,217154
12510281,0.29,0.330906,1,217188
12511741,0.17,0.202181,1,217206
12513201,0.05,0.0804362,1,217221
12473781,0,0.0160872,1,217260
12514661,0,0.00321745,1,217323
12516121,0.03,0.0246435,1,217356
12517581,0.05,0.0449287,1,217391
12519041,0.01,0.0169857,1,217439
12520501,0.01,0.0113971,1,217473
12521961,0.07,0.0582794,1,217490
12523421,0.09,0.0836559,1,217508
12524881,0.11,0.104731,1,217520
12526341,0.11,0.108946,1,217530
12527801,0.13,0.125789,1,217537
12529261,0.05,0.0651578,1,217553
12530721,0.07,0.0690316,1,217555
12532181,0.07,0.0698063,1,217556
12533641,0.05,0.0539613,1,217598
12535101,0.03,0.0347923,1,217623
12536561,0.09,0.0789585,1,217635
12538021,0.09,0.0877917,1,217644
12539481,0,0.0175583,1,217681
12540941,0.03,0.0275117,1,217778
12542401,0.04,0.0375023,1,217778
12543861,0.11,0.0955005,1,217860
12545321,0.12,0.1151,1,217860
12546781,0.01,0.03102,1,217914
12548241,0.02,0.022204,1,217914
12549701,0.09,0.0764408,1,217946
12551161,0.1,0.0952882,1,217946
12552621,0.09,0.0910576,1,217964
12554081,0.1,0.0982115,1,217964
12555541,0.07,0.0756423,1,217979
12557001,0.08,0.0791285,1,217979
12558461,0.09,0.0878257,1,218021
12559921,0.1,0.0975651,1,218021
12561381,0.11,0.107513,1,218060
12562841,0.12,0.117503,1,218060
12564301,0,0.0235005,1,218102
12565761,0,0.0047001,1,218102
12567221,0,0.000940021,1,218102
12568681,0.01,0.008188,1,218201
12570141,0.02,0.0176376,1,218201
12571601,0.01,0.0115275,1,218287
12573061,0.02,0.0183055,1,218287
12574521,0.01,0.0116611,1,218336
12575981,0.02,0.0183322,1,218336
12577441,0.01,0.0116664,1,218372
12578901,0.02,0.0183333,1,218372
12580361,0.05,0.0436667,1,218390
12581821,0.06,0.0567333,1,218390
12583281,0.09,0.0833467,1,218404
12584741,0.1,0.0966693,1,218404
12586201,0.11,0.107334,1,218447
12587661,0.12,0.117467,1,218447
12589121,0.11,0.111493,1,218487
12590581,0.12,0.118299,1,218487
12592041,0.05,0.0636597,1,218524
12593501,0.06,0.0607319,1,218524
12594961,0.03,0.0361464,1,218622
12596421,0.04,0.0392293,1,218622
12597881,0.03,0.0318459,1,218708
12599341,0.04,0.0383692,1,218708
12600801,0.03,0.0316738,1,218757
12602261,0.04,0.0383348,1,218757
12603721,0.07,0.063667,1,218793
12605181,0.08,0.0767334,1,218793
12606641,0.03,0.0393467,1,218813
12608101,0.04,0.0398693,1,218813
12609561,0.09,0.0799739,1,218829
12611021,0.1,0.0959948,1,218829
12612481,0.11,0.107199,1,218873
12613941,0.12,0.11744,1,218873
12615401,0.13,0.127488,1,218913
12616861,0.14,0.137498,1,218913
12618321,0.15,0.1475,1,218947
12619781,0.16,0.1575,1,218947
12621241,0.03,0.0555,1,219044
12622701,0.04,0.0431,1,219044
12624161,0.01,0.01662,1,219130
12625621,0.02,0.019324,1,219130
12627081,0.02,0.0198648,1,219130
12628541,0.01,0.011973,1,219179
12630001,0.02,0.0183946,1,219179
12631461,0.07,0.0596789,1,219217
12632921,0.08,0.0759358,1,219217
12634381,0.07,0.0711872,1,219235
12635841,0.08,0.0782374,1,219235
12637301,0.11,0.103647,1,219254
12638761,0.12,0.11673,1,219254
12640221,0.17,0.159346,1,219299
12641681,0.18,0.175869,1,219299
12643141,0.17,0.171174,1,219340
12644601,0.18,0.178235,1,219340
12646061,0.19,0.187647,1,219375
12647521,0.2,0.197529,1,219375
12648981,0.03,0.0635059,1,219466
12650441,0.04,0.0447012,1,219466
12651901,0.03,0.0329402,1,219551
12653361,0.04,0.038588,1,219551
12654821,0.03,0.0317176,1,219553
12656281,0.04,0.0383435,1,219553
12657741,0.01,0.0156687,1,219601
12659201,0.02,0.0191337,1,219601
12660661,0.01,0.0118267,1,219642
12662121,0.02,0.0183653,1,219642
12663581,0.01,0.0116731,1,219660
12665041,0.02,0.0183346,1,219660
12666501,0.03,0.0276669,1,219681
12667961,0.04,0.0375334,1,219681
12669421,0.05,0.0475067,1,219729
12670881,0.06,0.0575013,1,219729
12672341,0.09,0.0835003,1,219770
12673801,0.1,0.0967001,1,219770
12675261,0.11,0.10734,1,219806
12676721,0.12,0.117468,1,219806
12678181,0.01,0.0314936,1,219889
12679641,0.02,0.0222987,1,219889
12681101,0.05,0.0444597,1,219974
12682561,0.06,0.056892,1,219974
12684021,0.05,0.0513784,1,219976
12685481,0.06,0.0582757,1,219976
12686941,0.06,0.0596551,1,219976
12688401,0.03,0.035931,1,220023
12689861,0.04,0.0391862,1,220023
12691321,0.05,0.0478372,1,220064
12692781,0.06,0.0575674,1,220064
12694241,0.05,0.0515135,1,220082
12695701,0.06,0.0583027,1,220082
12697161,0.05,0.0516605,1,220104
12698621,0.06,0.0583321,1,220104
12700081,0.01,0.0196664,1,220153
12701541,0.02,0.0199333,1,220153
12703001,0.03,0.0279867,1,220196
12704461,0.04,0.0375973,1,220196
12705921,0.07,0.0635195,1,220233
12707381,0.08,0.0767039,1,220233
12708841,0.01,0.0233408,1,220311
12710301,0.02,0.0206682,1,220311
12711761,0,0.00413363,1,220398
12713221,0,0.000826726,1,220398
12714681,0.01,0.00816535,1,220400
12716141,0.02,0.0176331,1,220400
12717601,0.23,0.187527,1,220445
12719061,0.24,0.229505,1,220445
12720521,0.27,0.261901,1,220487
12721981,0.28,0.27638,1,220487
12723441,0.27,0.271276,1,220505
12724901,0.28,0.278255,1,220505
12726361,0.27,0.271651,1,220527
12727821,0.28,0.27833,1,220527
12729281,0.31,0.303666,1,220574
12730741,0.32,0.316733,1,220574
12732201,0.31,0.311347,1,220618
12733661,0.32,0.318269,1,220618
12735121,0.35,0.343654,1,220657
12736581,0.36,0.356731,1,220657
12738041,0.41,0.399346,1,220732
12739501,0.42,0.415869,1,220732
12740961,0.25,0.283174,1,220819
12742421,0.26,0.264635,1,220819
12743881,0.25,0.252927,1,220821
12745341,0.26,0.258585,1,220821
12746801,0.35,0.331717,1,220877
12748261,0.36,0.354343,1,220877
12749721,0.37,0.366869,1,220921
12751181,0.38,0.377374,1,220921
12752641,0.38,0.379475,1,220921
12754101,0.39,0.387895,1,220939
12755561,0.4,0.397579,1,220939
12757021,0.39,0.391516,1,220961
12758481,0.4,0.398303,1,220961
12759941,0.41,0.407661,1,221010
12761401,0.42,0.417532,1,221010
12762861,0.43,0.427506,1,221054
12764321,0.44,0.437501,1,221054
12765781,0.51,0.4955,1,221095
12767241,0.52,0.5151,1,221095
12768701,0.59,0.57502,1,221173
12770161,0.6,0.595004,1,221173
12771621,0.63,0.623001,1,221252
12773081,0.64,0.6366,1,221252
12774541,0.63,0.63132,1,221254
12776001,0.64,0.638264,1,221254
12777461,0.83,0.791653,2,221315
12778921,0.84,0.830331,2,221315
12780381,0.81,0.814066,2,221360
12781841,0.82,0.818813,2,221360
12783301,0.81,0.811763,2,221362
12784761,0.82,0.818353,2,221362
12786221,0.81,0.811671,2,221380
12787681,0.82,0.818334,2,221380
12789141,0.81,0.811667,2,221402
12790601,0.82,0.818333,2,221402
12792061,0.81,0.811667,2,221452
12793521,0.82,0.818333,2,221452
12794981,0.81,0.811667,2,221497
12796441,0.82,0.818333,2,221497
12797901,0.81,0.811667,2,221542
12799361,0.82,0.818333,2,221542
12800821,0.89,0.875667,2,221624
12802281,0.9,0.895133,2,221624
12803741,0.93,0.923027,2,221705
12805201,0.94,0.936605,2,221705
12806661,0.93,0.931321,2,221707
12808121,0.94,0.938264,2,221707
12900101,0.77,0.77,2,223033
12901561,0.78,0.778,2,223033
12903021,0.57,0.6116,1,223113
12904481,0.58,0.58632,1,223113
12905941,0.55,0.557264,1,223154
12907401,0.56,0.559453,1,223154
12908861,0.51,0.519891,1,223191
12910321,0.52,0.519978,1,223191
12911781,0.43,0.447996,1,223236
12913241,0.44,0.441599,1,223236
12914701,0.33,0.35232,1,223259
12916161,0.34,0.342464,1,223259
12917621,0.25,0.268493,1,223291
12919081,0.26,0.261699,1,223291
12920541,0.23,0.23634,1,223323
12922001,0.24,0.239268,1,223323
12923461,0.17,0.183854,1,223337
12924921,0.18,0.180771,1,223337
12926381,0.17,0.172154,1,223357
12927841,0.18,0.178431,1,223357
12929301,0.05,0.0756862,1,223384
12930761,0.06,0.0631372,1,223384
12932221,0.09,0.0846274,1,223412
12933681,0.1,0.0969255,1,223412
12935141,0.01,0.0273851,1,223493
12936601,0.02,0.021477,1,223493
12938061,0,0.0042954,1,223563
12939521,0,0.000859081,1,223563
12940981,0.05,0.0401718,1,223603
12942441,0.06,0.0560344,1,223603
12943901,0.07,0.0672069,1,223638
12945361,0.08,0.0774414,1,223638
12946821,0.07,0.0714883,1,223679
12948281,0.08,0.0782977,1,223679
12949741,0.05,0.0556595,1,223697
12951201,0.06,0.0591319,1,223697
12952661,0.11,0.0998264,1,223725
12954121,0.12,0.115965,1,223725
12955581,0.09,0.0951931,1,223756
12957041,0.1,0.0990386,1,223756
12958501,0.05,0.0598077,1,223767
12959961,0.06,0.0599615,1,223767
12961421,0.11,0.0999923,1,223787
12962881,0.12,0.115998,1,223787
12964341,0.12,0.1192,1,223787
12965801,0.11,0.11184,1,223808
12967261,0.12,0.118368,1,223808
12968721,0.11,0.111674,1,223838
12970181,0.12,0.118335,1,223838
12971641,0.13,0.127667,1,223915
12973101,0.14,0.137533,1,223915
12974561,0.01,0.0355067,1,223985
12976021,0.02,0.0231013,1,223985
12977481,0.05,0.0446203,1,224027
12978941,0.06,0.0569241,1,224027
12980401,0.05,0.0513848,1,224063
12981861,0.06,0.058277,1,224063
12983321,0.11,0.0996554,1,224104
12984781,0.12,0.115931,1,224104
12986241,0.15,0.143186,1,224121
12987701,0.16,0.156637,1,224121
12989161,0.13,0.135327,1,224152
12990621,0.14,0.139065,1,224152
12992081,0.13,0.131813,1,224182
12993541,0.14,0.138363,1,224182
12995001,0.15,0.147673,1,224191
12996461,0.16,0.157535,1,224191
12997921,0.13,0.135507,1,224214
12999381,0.14,0.139101,1,224214
13000841,0.13,0.13182,1,224234
13002301,0.14,0.138364,1,224234
13003761,0.13,0.131673,1,224264
13005221,0.14,0.138335,1,224264
13006681,0.13,0.131667,1,224342
13008141,0.14,0.138333,1,224342
13009601,0.13,0.131667,1,224406
13011061,0.14,0.138333,1,224406
13012521,0.09,0.0996667,1,224450
13013981,0.1,0.0999333,1,224450
13015441,0.13,0.123987,1,224486
13016901,0.14,0.136797,1,224486
13018361,0.21,0.195359,1,224530
13019821,0.22,0.215072,1,224530
13021281,0.23,0.227014,1,224549
13022741,0.24,0.237403,1,224549
13024201,0.23,0.231481,1,224579
13025661,0.24,0.238296,1,224579
13027121,0.25,0.247659,1,224609
13028581,0.26,0.257532,1,224609
13030041,0.25,0.251506,1,224619
13031501,0.26,0.258301,1,224619
13032961,0.25,0.25166,1,224641
13034421,0.26,0.258332,1,224641
13035881,0.25,0.251666,1,224661
13037341,0.26,0.258333,1,224661
13038801,0.31,0.299667,1,224691
13040261,0.32,0.315933,1,224691
13041721,0.32,0.319187,1,224691
13043181,0.33,0.327837,1,224769
13044641,0.34,0.337567,1,224769
13046101,0.37,0.363513,1,224833
13047561,0.38,0.376703,1,224833
13049021,0.37,0.371341,1,224875
13050481,0.38,0.378268,1,224875
13051941,0.37,0.371654,1,224913
13053401,0.38,0.378331,1,224913
13054861,0.49,0.467666,1,224961
13056321,0.5,0.493533,1,224961
13057781,0.51,0.506707,1,224981
13059241,0.52,0.517341,1,224981
13060701,0.55,0.543468,1,225011
13062161,0.56,0.556694,1,225011
13063621,0.57,0.567339,1,225042
13065081,0.58,0.577468,1,225042
13066541,0.57,0.571494,1,225052
13068001,0.58,0.578299,1,225052
13069461,0.59,0.58766,1,225074
13070921,0.6,0.597532,1,225074
13072381,0.61,0.607506,1,225094
13073841,0.62,0.617501,1,225094
13075301,0.67,0.6595,1,225127
13076761,0.68,0.6759,1,225127
13078221,0.67,0.67118,1,225129
13079681,0.68,0.678236,1,225129
13081141,0.67,0.671647,1,225207
13082601,0.68,0.678329,1,225207
13084061,0.67,0.671666,1,225273
13085521,0.68,0.678333,1,225273
13086981,0.67,0.671667,1,225315
13088441,0.68,0.678333,1,225315
13089901,0.67,0.671667,1,225353
13091361,0.68,0.678333,1,225353
13092821,0.61,0.623667,1,225407
13094281,0.62,0.620733,1,225407
13095741,0.67,0.660147,1,225428
13097201,0.68,0.676029,1,225428
13098661,0.63,0.639206,1,225460
13100121,0.64,0.639841,1,225460
13101581,0.63,0.631968,1,225492
13103041,0.64,0.638394,1,225492
13104501,0.63,0.631679,1,225502
13105961,0.64,0.638336,1,225502
13107421,0.63,0.631667,1,225525
13108881,0.64,0.638333,1,225525
13110341,0.67,0.663667,1,225546
13111801,0.68,0.676733,1,225546
13113261,0.69,0.687347,1,225582
13114721,0.7,0.697469,1,225582
13116181,0.69,0.691494,1,225584
13117641,0.7,0.698299,1,225584
13119101,0.7,0.69966,1,225584
13120561,0.75,0.739932,1,225662
13122021,0.76,0.755986,2,225662
13123481,0.79,0.783197,2,225728
13124941,0.8,0.796639,2,225728
13126401,0.79,0.791328,2,225770
13127861,0.8,0.798266,2,225770
13129321,0.79,0.791653,2,225808
13130781,0.8,0.798331,2,225808
13132241,0.77,0.775666,2,225859
13133701,0.78,0.779133,2,225859
13135161,0.73,0.739827,1,225883
13136621,0.74,0.739965,1,225883
13138081,0.77,0.763993,2,225913
13139541,0.78,0.776799,2,225913
13141001,0.79,0.78736,2,225945
13142461,0.8,0.797472,2,225945
13143921,0.79,0.791494,2,225955
13145381,0.8,0.798299,2,225955
13146841,0.81,0.80766,2,225978
13148301,0.82,0.817532,2,225978
13149761,0.83,0.827506,2,226001
13151221,0.84,0.837501,2,226001
13152681,0.85,0.8475,2,226038
13154141,0.86,0.8575,2,226038
13155601,0.85,0.8515,2,226040
13157061,0.86,0.8583,2,226040
13158521,0.85,0.85166,2,226120
13159981,0.86,0.858332,2,226120
13161441,0.85,0.851666,2,226188
13162901,0.86,0.858333,2,226188
13164361,0.85,0.851667,2,226230
13165821,0.86,0.858333,2,226230
13167281,0.85,0.851667,2,226268
13168741,0.86,0.858333,2,226268
13170201,0.85,0.851667,2,226318
13171661,0.86,0.858333,2,226318
13173121,0.85,0.851667,2,226340
13174581,0.86,0.858333,2,226340
13176041,0.89,0.883667,2,226372
13177501,0.9,0.896733,2,226372
13178961,0.93,0.923347,2,226405
13180421,0.94,0.936669,2,226405
13181881,0.93,0.931334,2,226415
13183341,0.94,0.938267,2,226415
13292841,0.91,0.91,2,227752
13294301,0.92,0.918,2,227752
13298681,0.89,0.89,2,227802
13300141,0.9,0.898,2,227802
13301601,0.85,0.8596,2,227829
13303061,0.86,0.85992,2,227829
13304521,0.85,0.851984,2,227848
13305981,0.86,0.858397,2,227848
13307441,0.77,0.787679,2,227882
13308901,0.78,0.781536,2,227882
13310361,0.69,0.708307,1,227912
13311821,0.7,0.701661,1,227912
13313281,0.65,0.660332,1,227941
13314741,0.66,0.660066,1,227941
13316201,0.53,0.556013,1,227984
13317661,0.54,0.543203,1,227984
13319121,0.45,0.468641,1,228029
13320581,0.46,0.461728,1,228029
13322041,0.45,0.452346,1,228090
13323501,0.46,0.458469,1,228090
13324961,0.43,0.435694,1,228126
13326421,0.44,0.439139,1,228126
13327881,0.41,0.415828,1,228159
13329341,0.42,0.419166,1,228159
13330801,0.35,0.363833,1,228185
13332261,0.36,0.360767,1,228185
13333721,0.37,0.368153,1,228223
13335181,0.38,0.377631,1,228223
13336641,0.39,0.387526,1,228245
13338101,0.4,0.397505,1,228245
13339561,0.37,0.375501,1,228267
13341021,0.38,0.3791,1,228267
13342481,0.35,0.35582,1,228293
13343941,0.36,0.359164,1,228293
13345401,0.35,0.351833,1,228311
13346861,0.36,0.358367,1,228311
13348321,0.39,0.383673,1,228341
13349781,0.4,0.396735,1,228341
13351241,0.39,0.391347,1,228367
13352701,0.4,0.398269,1,228367
13354161,0.43,0.423654,1,228394
13355621,0.44,0.436731,1,228394
13357081,0.45,0.447346,1,228431
13358541,0.46,0.457469,1,228431
13360001,0.47,0.467494,1,228472
13361461,0.48,0.477499,1,228472
13362921,0.53,0.5195,1,228533
13364381,0.54,0.5359,1,228533
13365841,0.57,0.56318,1,228568
13367301,0.58,0.576636,1,228568
13368761,0.57,0.571327,1,228600
13370221,0.58,0.578265,1,228600
13371681,0.61,0.603653,1,228623
13373141,0.62,0.616731,1,228623
13374601,0.59,0.595346,1,228662
13376061,0.6,0.599069,1,228662
13377521,0.6,0.599814,1,228662
13378981,0.63,0.623963,1,228685
13380441,0.64,0.636793,1,228685
13381901,0.61,0.615358,1,228706
13383361,0.62,0.619072,1,228706
13384821,0.65,0.643814,1,228731
13386281,0.66,0.656763,1,228731
13387741,0.65,0.651353,1,228749
13389201,0.66,0.65827,1,228749
13390661,0.65,0.651654,1,228781
13392121,0.66,0.658331,1,228781
13393581,0.69,0.683666,1,228807
13395041,0.7,0.696733,1,228807
13396501,0.71,0.707347,1,228836
13397961,0.72,0.717469,1,228836
13399421,0.73,0.727494,1,228874
13400881,0.74,0.737499,1,228874
13402341,0.81,0.7955,2,228916
13403801,0.82,0.8151,2,228916
13405261,0.85,0.84302,2,228980
13406721,0.86,0.856604,2,228980
13408181,0.85,0.851321,2,229017
13409641,0.86,0.858264,2,229017
13411101,0.87,0.867653,2,229049
13412561,0.88,0.877531,2,229049
13414021,0.89,0.887506,2,229074
13415481,0.9,0.897501,2,229074
13416941,0.91,0.9075,2,229112
13418401,0.92,0.9175,2,229112
13419861,0.91,0.9115,2,229114
13421321,0.92,0.9183,2,229114
13422781,0.91,0.91166,2,229138
13424241,0.92,0.918332,2,229138
13425701,0.91,0.911666,2,229158
13427161,0.92,0.918333,2,229158
13428621,0.91,0.911667,2,229185
13430081,0.92,0.918333,2,229185
13431541,0.91,0.911667,2,229203
13433001,0.92,0.918333,2,229203
13434461,0.91,0.911667,2,229235
13435921,0.92,0.918333,2,229235
13437381,0.87,0.879667,2,229263
13438841,0.88,0.879933,2,229263
13440301,0.87,0.871987,2,229293
13441761,0.88,0.878397,2,229293
13443221,0.87,0.871679,2,229332
13444681,0.88,0.878336,2,229332
13446141,0.91,0.903667,2,229378
13447601,0.92,0.916733,2,229378
13449061,0.89,0.895347,2,229444
13450521,0.9,0.899069,2,229444
13451981,0.89,0.891814,2,229481
13453441,0.9,0.898363,2,229481
13454901,0.91,0.907673,2,229514
13456361,0.92,0.917534,2,229514
13457821,0.91,0.911507,2,229540
13459281,0.92,0.918301,2,229540
13460741,0.93,0.92766,2,229579
13462201,0.94,0.937532,2,229579
13463661,0.93,0.931506,2,229581
13465121,0.94,0.938301,2,229581
13466581,0.94,0.93966,2,229581
13468041,0.95,0.947932,2,229605
13470961,0.95,0.95,2,229625
13473881,0.93,0.93,2,229652
13475341,0.94,0.938,2,229652
13476801,0.93,0.9316,2,229670
13478261,0.94,0.93832,2,229670
13479721,0.95,0.947664,2,229702
13482641,0.95,0.95,2,229728
13491401,0.92,0.92,2,229845
13492861,0.93,0.928,2,229845
13644701,0.93,0.93,2,231526
13646161,0.94,0.938,2,231526
13647621,0.82,0.8436,2,231556
13649081,0.83,0.83272,2,231556
13650541,0.83,0.830544,2,231576
13652001,0.84,0.838109,2,231576
13653461,0.79,0.799622,2,231606
13654921,0.8,0.799924,2,231606
13656381,0.85,0.839985,2,231620
13608201,0.81,0.815997,2,231633
13657841,0.73,0.747199,1,231662
13659301,0.65,0.66944,1,231687
13660761,0.55,0.573888,1,231718
13662221,0.53,0.538778,1,231756
13663681,0.41,0.435756,1,231831
13665141,0.33,0.351151,1,231865
13666601,0.21,0.23823,1,231916
13668061,0.23,0.231646,1,231957
13669521,0.23,0.230329,1,231993
13670981,0.23,0.230066,1,232018
13672441,0.21,0.214013,1,232039
13673901,0.21,0.210803,1,232066
13675361,0.21,0.210161,1,232067
13676821,0.19,0.194032,1,232083
13678281,0.19,0.190806,1,232094
13679741,0.17,0.174161,1,232140
13681201,0.18,0.178832,1,232140
13682661,0.23,0.219766,1,232203
13684121,0.24,0.235953,1,232203
13685581,0.27,0.263191,1,232302
13687041,0.28,0.276638,1,232302
13688501,0.33,0.319328,1,232389
13689961,0.34,0.335866,1,232389
13691421,0.39,0.379173,1,232450
13692881,0.4,0.395835,1,232450
13694341,0.45,0.439167,1,232497
13695801,0.46,0.455833,1,232497
13697261,0.45,0.451167,1,232513
13698721,0.46,0.458233,1,232513
13700181,0.47,0.467647,1,232569
13701641,0.48,0.477529,1,232569
13703101,0.51,0.503506,1,232635
13704561,0.52,0.516701,1,232635
13706021,0.61,0.59134,1,232736
13707481,0.62,0.614268,1,232736
13708941,0.67,0.658854,1,232826
13710401,0.68,0.675771,1,232826
13711861,0.67,0.671154,1,232890
13713321,0.68,0.678231,1,232890
13714781,0.71,0.703646,1,232940
13716241,0.72,0.716729,1,232940
13717701,0.75,0.743346,1,232956
13719161,0.76,0.756669,2,232956
13720621,0.77,0.767334,2,233013
13722081,0.78,0.777467,2,233013
13723541,0.78,0.779493,2,233013
13725001,0.79,0.787899,2,233081
13726461,0.8,0.79758,2,233081
13727921,0.79,0.791516,2,233187
13729381,0.8,0.798303,2,233187
13730841,0.87,0.855661,2,233280
13732301,0.88,0.875132,2,233280
13733761,0.89,0.887026,2,233344
13735221,0.9,0.897405,2,233344
13736681,0.87,0.875481,2,233396
13738141,0.88,0.879096,2,233396
13739601,0.83,0.839819,2,233414
13741061,0.84,0.839964,2,233414
13742521,0.85,0.847993,2,233472
13743981,0.86,0.857599,2,233472
13745441,0.85,0.85152,2,233474
13746901,0.86,0.858304,2,233474
13748361,0.89,0.883661,2,233542
13749821,0.9,0.896732,2,233542
13751281,0.89,0.891346,2,233648
13752741,0.9,0.898269,2,233648
13754201,0.87,0.875654,2,233745
13755661,0.88,0.879131,2,233745
13757121,0.87,0.871826,2,233810
13758581,0.88,0.878365,2,233810
13760041,0.89,0.887673,2,233861
13761501,0.9,0.897535,2,233861
13762961,0.89,0.891507,2,233877
13764421,0.9,0.898301,2,233877
13765881,0.93,0.92366,2,233936
13767341,0.94,0.936732,2,233936
13768801,0.93,0.931346,2,233938
13770261,0.94,0.938269,2,233938
13771721,0.95,0.947654,2,234008
13835961,0.9,0.9,2,235298
13837421,0.91,0.908,2,235298
13838881,0.83,0.8456,2,235346
13840341,0.84,0.84112,2,235346
13841801,0.75,0.768224,2,235372
13843261,0.76,0.761645,2,235372
13844721,0.55,0.592329,1,235421
13846181,0.56,0.566466,1,235421
13847641,0.23,0.297293,1,235528
13849101,0.24,0.251459,1,235528
13850561,0.07,0.106292,1,235560
13852021,0.08,0.0852583,1,235560
13853481,0.03,0.0410517,1,235640
13854941,0.04,0.0402103,1,235640
13856401,0.01,0.0160421,1,235702
13857861,0.02,0.0192084,1,235702
13859321,0.01,0.0118417,1,235755
13860781,0.02,0.0183683,1,235755
13862241,0,0.00367367,1,235768
13863701,0,0.000734733,1,235768
13865161,0.03,0.0241469,1,235809
13866621,0.04,0.0368294,1,235809
13868081,0.01,0.0153659,1,235831
13869541,0.02,0.0190732,1,235831
13871001,0.03,0.0278146,1,235870
13872461,0.04,0.0375629,1,235870
13873921,0.11,0.0955126,1,235961
13875381,0.12,0.115103,1,235961
13876841,0.07,0.0790205,1,235985
13878301,0.08,0.0798041,1,235985
13879761,0.03,0.0399608,1,236063
13881221,0.04,0.0399922,1,236063
13882681,0.04,0.0399984,1,236063
13884141,0.01,0.0159997,1,236124
13885601,0.02,0.0191999,1,236124
13887061,0.03,0.02784,1,236177
13888521,0.04,0.037568,1,236177
13889981,0,0.0075136,1,236190
13891441,0,0.00150272,1,236190
13892901,0.05,0.0403005,1,236232
13894361,0.06,0.0560601,1,236232
13895821,0.01,0.019212,1,236253
13897281,0.02,0.0198424,1,236253
13898741,0.05,0.0439685,1,236293
13900201,0.06,0.0567937,1,236293
13901661,0.13,0.115359,1,236388
13903121,0.14,0.135072,1,236388
13904581,0.11,0.115014,1,236410
13906041,0.12,0.119003,1,236410
13907501,0.05,0.0638006,1,236486
13908961,0.06,0.0607601,1,236486
13910421,0.03,0.036152,1,236545
13911881,0.04,0.0392304,1,236545
13913341,0.05,0.0478461,1,236599
13914801,0.06,0.0575692,1,236599
13916261,0.01,0.0195138,1,236611
13917721,0.02,0.0199028,1,236611
13919181,0.05,0.0439806,1,236655
13920641,0.06,0.0567961,1,236655
13922101,0.07,0.0673592,1,236674
13923561,0.08,0.0774718,1,236674
13925021,0.07,0.0714944,1,236716
13926481,0.08,0.0782989,1,236716
13927941,0.15,0.13566,1,236815
13929401,0.16,0.155132,1,236815
13930861,0.15,0.151026,1,236836
13932321,0.16,0.158205,1,236836
13933781,0.17,0.167641,1,236909
13935241,0.18,0.177528,1,236909
13936701,0.05,0.0755056,1,236967
13938161,0.06,0.0631011,1,236967
13939621,0.06,0.0606202,1,236967
13941081,0.07,0.068124,1,237022
13942541,0.08,0.0776248,1,237022
13944001,0.07,0.071525,1,237032
13945461,0.08,0.078305,1,237032
13946921,0.07,0.071661,1,237078
13948381,0.08,0.0783322,1,237078
13949841,0.07,0.0716664,1,237098
13951301,0.08,0.0783333,1,237098
13952761,0.09,0.0876667,1,237140
13954221,0.1,0.0975333,1,237140
13955681,0.07,0.0755067,1,237243
13957141,0.08,0.0791013,1,237243
13958601,0.07,0.0718203,1,237264
13960061,0.08,0.0783641,1,237264
13961521,0.11,0.103673,1,237338
13962981,0.12,0.116735,1,237338
13964441,0.13,0.127347,1,237390
13965901,0.14,0.137469,1,237390
13967361,0.13,0.131494,1,237392
13968821,0.14,0.138299,1,237392
13970281,0.19,0.17966,1,237447
13971741,0.2,0.195932,1,237447
13973201,0.19,0.191186,1,237457
13974661,0.2,0.198237,1,237457
13976121,0.19,0.191647,1,237503
13977581,0.2,0.198329,1,237503
13979041,0.19,0.191666,1,237523
13980501,0.2,0.198333,1,237523
13981961,0.17,0.175667,1,237566
13983421,0.18,0.179133,1,237566
13984881,0.23,0.219827,1,237668
13986341,0.24,0.235965,1,237668
13987801,0.25,0.247193,1,237689
13989261,0.26,0.257439,1,237689
13990721,0.27,0.267488,1,237765
13992181,0.28,0.277498,1,237765
13993641,0.27,0.2715,1,237818
13995101,0.28,0.2783,1,237818
13996561,0.27,0.27166,1,237820
13998021,0.28,0.278332,1,237820
13999481,0.23,0.239666,1,237878
14000941,0.24,0.239933,1,237878
14002401,0.24,0.239987,1,237878
14003861,0.27,0.263997,1,237888
14005321,0.28,0.276799,1,237888
14006781,0.27,0.27136,1,237934
14008241,0.28,0.278272,1,237934
14009701,0.27,0.271654,1,237954
14011161,0.28,0.278331,1,237954
14012621,0.29,0.287666,1,237996
14014081,0.3,0.297533,1,237996
14015541,0.39,0.371507,1,238101
14017001,0.4,0.394301,1,238101
14018461,0.43,0.42286,1,238123
14019921,0.44,0.436572,1,238123
14021381,0.49,0.479314,1,238200
14022841,0.5,0.495863,1,238200
14024301,0.53,0.523173,1,238253
14025761,0.54,0.536635,1,238253
14027221,0.53,0.531327,1,238255
14028681,0.54,0.538265,1,238255
14030141,0.53,0.531653,1,238311
14031601,0.54,0.538331,1,238311
14033061,0.51,0.515666,1,238322
14034521,0.52,0.519133,1,238322
14035981,0.53,0.527827,1,238368
14037441,0.54,0.537565,1,238368
14038901,0.53,0.531513,1,238388
14040361,0.54,0.538303,1,238388
14041821,0.55,0.547661,1,238431
14043281,0.56,0.557532,1,238431
14044741,0.65,0.631506,1,238541
14046201,0.66,0.654301,1,238541
14047661,0.65,0.65086,1,238565
14049121,0.66,0.658172,1,238565
14050581,0.71,0.699634,1,238645
14052041,0.72,0.715927,1,238645
14053501,0.73,0.727185,1,238700
14054961,0.74,0.737437,1,238700
14056421,0.73,0.731487,1,238702
14057881,0.74,0.738297,1,238702
14059341,0.75,0.747659,1,238758
14060801,0.76,0.757532,2,238758
14062261,0.75,0.751506,2,238768
14063721,0.76,0.758301,2,238768
14065181,0.77,0.76766,2,238815
14066641,0.78,0.777532,2,238815
14068101,0.78,0.779506,2,238815
14069561,0.79,0.787901,2,238835
14071021,0.8,0.79758,2,238835
14072481,0.85,0.839516,2,238879
14073941,0.86,0.855903,2,238879
14075401,0.89,0.883181,2,238994
14076861,0.9,0.896636,2,238994
14078321,0.91,0.907327,2,239018
14079781,0.92,0.917465,2,239018
14081241,0.89,0.895493,2,239101
14082701,0.9,0.899099,2,239101
14084161,0.91,0.90782,2,239157
14085621,0.92,0.917564,2,239157
14087081,0.91,0.911513,2,239159
14088541,0.92,0.918303,2,239159
14090001,0.89,0.895661,2,239216
14091461,0.9,0.899132,2,239216
14092921,0.89,0.891826,2,239226
14094381,0.9,0.898365,2,239226
14095841,0.91,0.907673,2,239274
14097301,0.92,0.917535,2,239274
14098761,0.91,0.911507,2,239276
14100221,0.92,0.918301,2,239276
14101681,0.91,0.91166,2,239296
14103141,0.92,0.918332,2,239296
14215561,0.9,0.9,2,241034
14217021,0.91,0.908,2,241034
14218481,0.81,0.8296,2,241065
14219941,0.82,0.82192,2,241065
14221401,0.69,0.716384,1,241106
14222861,0.7,0.703277,1,241106
14224321,0.57,0.596655,1,241137
14225781,0.58,0.583331,1,241137
14227241,0.53,0.540666,1,241167
14228701,0.54,0.540133,1,241167
14230161,0.53,0.532027,1,241185
14231621,0.54,0.538405,1,241185
14233081,0.47,0.483681,1,241212
14234541,0.48,0.480736,1,241212
14236001,0.33,0.360147,1,241235
14237461,0.34,0.344029,1,241235
14238921,0.25,0.268806,1,241266
14240381,0.26,0.261761,1,241266
14241841,0.15,0.172352,1,241354
14243301,0.16,0.16247,1,241354
14244761,0.01,0.0404941,1,241377
14246221,0.02,0.0240988,1,241377
14247681,0.05,0.0448198,1,241465
14249141,0.06,0.056964,1,241465
14250601,0.05,0.0513928,1,241501
14252061,0.06,0.0582786,1,241501
14253521,0.07,0.0676557,1,241527
14254981,0.08,0.0775311,1,241527
14256441,0.03,0.0395062,1,241562
14257901,0.04,0.0399012,1,241562
14259361,0.07,0.0639802,1,241587
14260821,0.08,0.076796,1,241587
14262281,0,0.0153592,1,241615
14263741,0,0.00307184,1,241615
14265201,0.03,0.0246144,1,241633
14266661,0.04,0.0369229,1,241633
14268121,0.03,0.0313846,1,241657
14269581,0.04,0.0382769,1,241657
14271041,0.07,0.0636554,1,241673
14272501,0.08,0.0767311,1,241673
14273961,0.09,0.0873462,1,241700
14275421,0.1,0.0974692,1,241700
14276881,0.03,0.0434938,1,241783
14278341,0.04,0.0406988,1,241783
14279801,0.04,0.0401398,1,241783
14281261,0.09,0.080028,1,241799
14282721,0.1,0.0960056,1,241799
14284181,0.01,0.0272011,1,241889
14285641,0.02,0.0214402,1,241889
14287101,0.07,0.060288,1,241925
14288561,0.08,0.0760576,1,241925
14290021,0.07,0.0712115,1,241952
14291481,0.08,0.0782423,1,241952
14292941,0.07,0.0716485,1,241985
14294401,0.08,0.0783297,1,241985
14295861,0.07,0.0716659,1,242012
14297321,0.08,0.0783332,1,242012
14298781,0.05,0.0556666,1,242037
14300241,0.06,0.0591333,1,242037
14301701,0.07,0.0678267,1,242056
14303161,0.08,0.0775653,1,242056
14304621,0.03,0.0395131,1,242080
14306081,0.04,0.0399026,1,242080
14307541,0.05,0.0479805,1,242098
14309001,0.06,0.0575961,1,242098
14310461,0.05,0.0515192,1,242126
14311921,0.06,0.0583038,1,242126
14313381,0.07,0.0676608,1,242206
14314841,0.08,0.0775322,1,242206
14316301,0.09,0.0875064,1,242224
14317761,0.1,0.0975013,1,242224
14319221,0.03,0.0435003,1,242310
14320681,0.04,0.0407001,1,242310
14322141,0.09,0.08014,1,242349
14323601,0.1,0.096028,1,242349
14325061,0.09,0.0912056,1,242376
14326521,0.1,0.0982411,1,242376
14327981,0.13,0.123648,1,242409
14329441,0.14,0.13673,1,242409
14330901,0.17,0.163346,1,242436
14332361,0.18,0.176669,1,242436
14333821,0.17,0.171334,1,242460
14335281,0.18,0.178267,1,242460
14336741,0.19,0.187653,1,242480
14338201,0.2,0.197531,1,242480
14339661,0.21,0.207506,1,242502
14341121,0.22,0.217501,1,242502
14342581,0.23,0.2275,1,242521
14344041,0.24,0.2375,1,242521
14345501,0.25,0.2475,1,242549
14346961,0.26,0.2575,1,242549
14348421,0.27,0.2675,1,242630
14349881,0.28,0.2775,1,242630
14351341,0.25,0.2555,1,242649
14352801,0.26,0.2591,1,242649
14354261,0.26,0.25982,1,242649
14355721,0.25,0.251964,1,242732
14357181,0.26,0.258393,1,242732
14358641,0.29,0.283679,1,242774
14360101,0.3,0.296736,1,242774
14361561,0.27,0.275347,1,242801
14363021,0.28,0.279069,1,242801
14364481,0.31,0.303814,1,242836
14365941,0.32,0.316763,1,242836
14367401,0.37,0.359353,1,242865
14368861,0.38,0.375871,1,242865
14370321,0.37,0.371174,1,242889
14371781,0.38,0.378235,1,242889
14373241,0.39,0.387647,1,242910
14374701,0.4,0.397529,1,242910
14376161,0.37,0.375506,1,242933
14377621,0.38,0.379101,1,242933
14379081,0.39,0.38782,1,242953
14380541,0.4,0.397564,1,242953
14382001,0.41,0.407513,1,242982
14383461,0.42,0.417503,1,242982
14384921,0.45,0.443501,1,243064
14386381,0.46,0.4567,1,243064
14387841,0.45,0.45134,1,243082
14389301,0.46,0.458268,1,243082
14390761,0.45,0.451654,1,243084
14392221,0.46,0.458331,1,243084
14393681,0.47,0.467666,1,243166
14395141,0.48,0.477533,1,243166
14396601,0.51,0.503507,1,243210
14398061,0.52,0.516701,1,243210
14399521,0.53,0.52734,1,243236
14400981,0.54,0.537468,1,243236
14402441,0.57,0.563494,1,243273
14403901,0.58,0.576699,1,243273
14405361,0.61,0.60334,1,243305
14406821,0.62,0.616668,1,243305
14408281,0.63,0.627334,1,243329
14409741,0.64,0.637467,1,243329
14411201,0.63,0.631493,1,243351
14412661,0.64,0.638299,1,243351
14414121,0.63,0.63166,1,243373
14415581,0.64,0.638332,1,243373
14417041,0.63,0.631666,1,243394
14418501,0.64,0.638333,1,243394
14419961,0.65,0.647667,1,243424
14421421,0.66,0.657533,1,243424
14422881,0.61,0.619507,1,243508
14424341,0.62,0.619901,1,243508
14425801,0.63,0.62798,1,243526
14427261,0.64,0.637596,1,243526
14428721,0.63,0.631519,1,243528
14430181,0.64,0.638304,1,243528
14431641,0.65,0.647661,1,243611
14433101,0.66,0.657532,1,243611
14434561,0.66,0.659506,1,243611
14436021,0.63,0.635901,1,243657
14437481,0.64,0.63918,1,243657
14438941,0.61,0.615836,1,243684
14440401,0.62,0.619167,1,243684
14441861,0.61,0.611833,1,243723
14443321,0.62,0.618367,1,243723
14444781,0.61,0.611673,1,243757
14446241,0.62,0.618335,1,243757
14447701,0.67,0.659667,1,243782
14449161,0.68,0.675933,1,243782
14450621,0.69,0.687187,1,243804
14452081,0.7,0.697437,1,243804
14453541,0.71,0.707487,1,243826
14455001,0.72,0.717498,1,243826
14456461,0.69,0.695499,1,243847
14457921,0.7,0.6991,1,243847
14459381,0.71,0.70782,1,243878
14460841,0.72,0.717564,1,243878
14462301,0.71,0.711513,1,243960
14463761,0.72,0.718303,1,243960
14465221,0.73,0.727661,1,243979
14466681,0.74,0.737532,1,243979
14468141,0.73,0.731506,1,243981
14469601,0.74,0.738301,1,243981
14471061,0.75,0.74766,1,244065
14472521,0.76,0.757532,2,244065
14473981,0.75,0.751506,2,244109
14475441,0.76,0.758301,2,244109
14476901,0.79,0.78366,2,244135
14478361,0.8,0.796732,2,244135
14479821,0.81,0.807346,2,244174
14481281,0.82,0.817469,2,244174
14482741,0.81,0.811494,2,244208
14484201,0.82,0.818299,2,244208
14485661,0.79,0.79566,2,244236
14487121,0.8,0.799132,2,244236
14488581,0.81,0.807826,2,244259
14490041,0.82,0.817565,2,244259
14491501,0.83,0.827513,2,244282
14492961,0.84,0.837503,2,244282
14494421,0.83,0.831501,2,244302
14495881,0.84,0.8383,2,244302
14497341,0.91,0.89566,2,244334
14498801,0.92,0.915132,2,244334
14500261,0.95,0.943026,2,244416
14625821,0.88,0.88,2,245878
14627281,0.89,0.888,2,245878
14637501,0.95,0.95,2,246044
14640421,0.87,0.87,2,246080
14641881,0.88,0.878,2,246080
14643341,0.87,0.8716,2,246106
14644801,0.88,0.87832,2,246106
14646261,0.88,0.879664,2,246120
14647721,0.89,0.887933,2,246120
14649181,0.86,0.865587,2,246140
14650641,0.87,0.869117,2,246140
14652101,0.93,0.917823,2,246171
14653561,0.94,0.935565,2,246171
14655021,0.91,0.915113,2,246201
14656481,0.92,0.919023,2,246201
14657941,0.85,0.863805,2,246221
14659401,0.86,0.860761,2,246221
14660861,0.81,0.820152,2,246260
14662321,0.82,0.82003,2,246260
14663781,0.83,0.828006,2,246300
14665241,0.84,0.837601,2,246300
14666701,0.87,0.86352,2,246358
14668161,0.88,0.876704,2,246358
14669621,0.87,0.871341,2,246390
14671081,0.88,0.878268,2,246390
14672541,0.91,0.903654,2,246421
14674001,0.92,0.916731,2,246421
14675461,0.95,0.943346,2,246482
14678381,0.95,0.95,2,246512
14681301,0.93,0.93,2,246547
14682761,0.94,0.938,2,246547
14684221,0.91,0.9156,2,246572
14685681,0.92,0.91912,2,246572
14687141,0.93,0.927824,2,246585
14688601,0.94,0.937565,2,246585
14690061,0.94,0.939513,2,246585
14865261,0.82,0.82,2,248568
14866721,0.83,0.828,2,248568
14868181,0.82,0.8216,2,248590
14869641,0.83,0.82832,2,248590
14871101,0.83,0.829664,2,248628
14872561,0.84,0.837933,2,248628
14874021,0.75,0.767587,2,248661
14875481,0.76,0.761517,2,248661
14876941,0.76,0.760303,2,248661
14878401,0.71,0.720061,1,248690
14879861,0.72,0.720012,1,248690
14881321,0.73,0.728002,1,248706
14833141,0.63,0.6496,1,248722
14882781,0.35,0.40992,1,248791
14843361,0.27,0.297984,1,248817
14884241,0.01,0.0675968,1,248871
14885701,0,0.0135194,1,248938
14887161,0.07,0.0587039,1,248971
14888621,0.09,0.0837408,1,249003
14890081,0.05,0.0567482,1,249042
14891541,0.05,0.0513496,1,249059
14893001,0.05,0.0502699,1,249090
14894461,0.05,0.050054,1,249122
14895921,0.05,0.0500108,1,249123
14897381,0.07,0.0660022,1,249146
14898841,0.07,0.0692004,1,249147
14900301,0.09,0.0858401,1,249163
14901761,0.11,0.105168,1,249174
14903221,0.15,0.141034,1,249229
14904681,0.15,0.148207,1,249251
14906141,0,0.0296413,1,249359
14907601,0,0.00592827,1,249359
14909061,0.07,0.0571857,1,249428
14910521,0.08,0.0754371,1,249428
14911981,0.07,0.0710874,1,249482
14913441,0.08,0.0782175,1,249482
14914901,0.05,0.0556435,1,249545
14916361,0.06,0.0591287,1,249545
14917821,0.03,0.0358257,1,249570
14919281,0.04,0.0391651,1,249570
14920741,0.03,0.031833,1,249588
14922201,0.04,0.0383666,1,249588
14923661,0.05,0.0476733,1,249657
14925121,0.06,0.0575347,1,249657
14926581,0.05,0.0515069,1,249780
14928041,0.06,0.0583014,1,249780
14929501,0.07,0.0676603,1,249852
14930961,0.08,0.0775321,1,249852
14932421,0.09,0.0875064,1,249906
14933881,0.1,0.0975013,1,249906
14935341,0.03,0.0435003,1,249968
14936801,0.04,0.0407001,1,249968
14938261,0.05,0.04814,1,249992
14939721,0.06,0.057628,1,249992
14941181,0.03,0.0355256,1,250010
14942641,0.04,0.0391051,1,250010
14944101,0.07,0.063821,1,250080
14945561,0.08,0.0767642,1,250080
14947021,0.07,0.0713528,1,250203
14948481,0.08,0.0782706,1,250203
14949941,0.08,0.0796541,1,250203
14951401,0.09,0.0879308,1,250276
14952861,0.1,0.0975862,1,250276
14954321,0.13,0.123517,1,250331
14955781,0.14,0.136703,1,250331
14957241,0.13,0.131341,1,250390
14958701,0.14,0.138268,1,250390
14960161,0.17,0.163654,1,250415
14961621,0.18,0.176731,1,250415
14963081,0.19,0.187346,1,250432
14964541,0.2,0.197469,1,250432
14966001,0.23,0.223494,1,250504
14967461,0.24,0.236699,1,250504
14968921,0.25,0.24734,1,250627
14970381,0.26,0.257468,1,250627
14971841,0.25,0.251494,1,250629
14973301,0.26,0.258299,1,250629
14974761,0.25,0.25166,1,250702
14976221,0.26,0.258332,1,250702
14977681,0.27,0.267666,1,250759
14979141,0.28,0.277533,1,250759
14980601,0.27,0.271507,1,250818
14982061,0.28,0.278301,1,250818
14983521,0.29,0.28766,1,250845
14984981,0.3,0.297532,1,250845
14986441,0.31,0.307506,1,250863
14987901,0.32,0.317501,1,250863
14989361,0.37,0.3595,1,250937
14990821,0.38,0.3759,1,250937
14992281,0.47,0.45118,1,251061
14993741,0.48,0.474236,1,251061
14995201,0.47,0.470847,1,251063
14996661,0.48,0.478169,1,251063
14998121,0.47,0.471634,1,251136
14999581,0.48,0.478327,1,251136
15001041,0.48,0.479665,1,251136
15002501,0.55,0.535933,1,251194
15003961,0.56,0.555187,1,251194
15005421,0.55,0.551037,1,251253
15006881,0.56,0.558207,1,251253
15008341,0.57,0.567642,1,251281
15009801,0.58,0.577528,1,251281
15011261,0.55,0.555506,1,251300
15012721,0.56,0.559101,1,251300
15014181,0.61,0.59982,1,251377
15015641,0.62,0.615964,1,251377
15017101,0.63,0.627193,1,251506
15018561,0.64,0.637439,1,251506
15020021,0.63,0.631488,1,251508
15021481,0.64,0.638298,1,251508
15022941,0.61,0.615659,1,251581
15024401,0.62,0.619132,1,251581
15025861,0.63,0.627826,1,251642
15027321,0.64,0.637565,1,251642
15028781,0.63,0.631513,1,251701
15030241,0.64,0.638303,1,251701
15031701,0.65,0.647661,1,251730
15033161,0.66,0.657532,1,251730
15034621,0.65,0.651506,1,251748
15036081,0.66,0.658301,1,251748
15037541,0.71,0.69966,1,251828
15039001,0.72,0.715932,1,251828
15040461,0.75,0.743186,1,251958
15041921,0.76,0.756637,2,251958
15043381,0.75,0.751327,2,251960
15044841,0.76,0.758265,2,251960
15046301,0.77,0.767653,2,252032
15047761,0.78,0.777531,2,252032
15049221,0.81,0.803506,2,252094
15050681,0.82,0.816701,2,252094
15052141,0.82,0.81934,2,252094
15053601,0.89,0.875868,2,252153
15055061,0.9,0.895174,2,252153
15056521,0.89,0.891035,2,252183
15057981,0.9,0.898207,2,252183
15059441,0.91,0.907641,2,252201
15060901,0.92,0.917528,2,252201
15062361,0.89,0.895506,2,252284
15063821,0.9,0.899101,2,252284
15225881,0.89,0.89,2,255126
15227341,0.9,0.898,2,255126
15228801,0.9,0.8996,2,255126
15230261,0.94,0.93192,2,255149
15231721,0.95,0.946384,2,255149
15233181,0.55,0.629277,1,255304
15234641,0.56,0.573855,1,255304
15236101,0.53,0.538771,1,255338
15237561,0.54,0.539754,1,255338
15239021,0.45,0.467951,1,255375
15240481,0.46,0.46159,1,255375
15241941,0.39,0.404318,1,255423
15243401,0.4,0.400864,1,255423
15244861,0.35,0.360173,1,255465
15246321,0.36,0.360035,1,255465
15247781,0.27,0.288007,1,255491
15249241,0.28,0.281601,1,255491
15250701,0.23,0.24032,1,255528
15252161,0.24,0.240064,1,255528
15253621,0.29,0.280013,1,255567
15255081,0.3,0.296003,1,255567
15256541,0.19,0.211201,1,255596
15258001,0.2,0.20224,1,255596
15259461,0.19,0.192448,1,255617
15260921,0.2,0.19849,1,255617
15262381,0.21,0.207698,1,255752
15263841,0.22,0.21754,1,255752
15265301,0.19,0.195508,1,255785
15266761,0.2,0.199102,1,255785
15268221,0.23,0.22382,1,255818
15269681,0.24,0.236764,1,255818
15271141,0.33,0.311353,1,255863
15272601,0.34,0.334271,1,255863
15274061,0.31,0.314854,1,255903
15275521,0.32,0.318971,1,255903
15276981,0.31,0.311794,1,255925
15278441,0.32,0.318359,1,255925
15279901,0.29,0.295672,1,255960
15281361,0.3,0.299134,1,255960
15282821,0.25,0.259827,1,256002
15284281,0.26,0.259965,1,256002
15285741,0.27,0.267993,1,256026
15287201,0.28,0.277599,1,256026
15288661,0.29,0.28752,1,256047
15290121,0.3,0.297504,1,256047
15291581,0.43,0.403501,1,256183
15293041,0.44,0.4327,1,256183
15294501,0.44,0.43854,1,256183
15295961,0.47,0.463708,1,256215
15297421,0.48,0.476742,1,256215
15298881,0.49,0.487348,1,256250
15300341,0.5,0.49747,1,256250
15301801,0.49,0.491494,1,256300
15303261,0.5,0.498299,1,256300
15304721,0.51,0.50766,1,256339
15306181,0.52,0.517532,1,256339
15307641,0.51,0.511506,1,256361
15309101,0.52,0.518301,1,256361
15310561,0.51,0.51166,1,256395
15312021,0.52,0.518332,1,256395
15313481,0.51,0.511666,1,256435
15314941,0.52,0.518333,1,256435
15316401,0.51,0.511667,1,256460
15317861,0.52,0.518333,1,256460
15319321,0.55,0.543667,1,256482
15320781,0.56,0.556733,1,256482
15322241,0.55,0.551347,1,256625
15323701,0.56,0.558269,1,256625
15325161,0.55,0.551654,1,256627
15326621,0.56,0.558331,1,256627
15328081,0.57,0.567666,1,256660
15329541,0.58,0.577533,1,256660
15331001,0.57,0.571507,1,256696
15332461,0.58,0.578301,1,256696
15333921,0.57,0.57166,1,256746
15335381,0.58,0.578332,1,256746
15336841,0.61,0.603666,1,256786
15338301,0.62,0.616733,1,256786
15339761,0.61,0.611347,1,256808
15341221,0.62,0.618269,1,256808
15342681,0.63,0.627654,1,256842
15344141,0.64,0.637531,1,256842
15345601,0.65,0.647506,1,256882
15347061,0.66,0.657501,1,256882
15348521,0.67,0.6675,1,256907
15349981,0.68,0.6775,1,256907
15351441,0.71,0.7035,1,256931
15352901,0.72,0.7167,1,256931
15354361,0.81,0.79134,2,257074
15355821,0.82,0.814268,2,257074
15357281,0.81,0.810854,2,257076
15358741,0.82,0.818171,2,257076
15360201,0.82,0.819634,2,257076
15361661,0.83,0.827927,2,257110
15363121,0.84,0.837585,2,257110
15364581,0.85,0.847517,2,257146
15366041,0.86,0.857503,2,257146
15367501,0.85,0.851501,2,257196
15368961,0.86,0.8583,2,257196
15370421,0.85,0.85166,2,257238
15371881,0.86,0.858332,2,257238
15373341,0.87,0.867666,2,257260
15374801,0.88,0.877533,2,257260
15376261,0.89,0.887507,2,257295
15377721,0.9,0.897501,2,257295
15379181,0.89,0.8915,2,257336
15380641,0.9,0.8983,2,257336
15382101,0.89,0.89166,2,257362
15383561,0.9,0.898332,2,257362
15385021,0.91,0.907666,2,257388
15386481,0.92,0.917533,2,257388
15500361,0.93,0.93,2,259084
15501821,0.94,0.938,2,259084
15510581,0.92,0.92,2,259178
15512041,0.93,0.928,2,259178
15513501,0.75,0.7856,2,259208
15514961,0.76,0.76512,2,259208
15516421,0.93,0.897024,2,259237
15517881,0.94,0.931405,2,259237
15519341,0.81,0.834281,2,259277
15520801,0.82,0.822856,2,259277
15522261,0.73,0.748571,1,259306
15523721,0.74,0.741714,1,259306
15525181,0.21,0.316343,1,259449
15526641,0.22,0.239269,1,259449
15528101,0.17,0.183854,1,259488
15529561,0.18,0.180771,1,259488
15531021,0.15,0.156154,1,259523
15532481,0.16,0.159231,1,259523
15533941,0.15,0.151846,1,259544
15535401,0.16,0.158369,1,259544
15536861,0.09,0.103674,1,259566
15538321,0.1,0.100735,1,259566
15539781,0.05,0.060147,1,259605
15541241,0.06,0.0600294,1,259605
15542701,0.07,0.0680059,1,259632
15544161,0.08,0.0776012,1,259632
15545621,0.09,0.0875202,1,259649
15547081,0.1,0.097504,1,259649
15548541,0.07,0.0755008,1,259672
15550001,0.08,0.0791002,1,259672
15551461,0.03,0.03982,1,259704
15552921,0.04,0.039964,1,259704
15554381,0.09,0.0799928,1,259738
15555841,0.1,0.0959986,1,259738
15557301,0.07,0.0751997,1,259763
15558761,0.08,0.0790399,1,259763
15560221,0.15,0.135808,1,259880
15561681,0.16,0.155162,1,259880
15563141,0.15,0.151032,1,259917
15564601,0.16,0.158206,1,259917
15566061,0.11,0.119641,1,259951
15567521,0.12,0.119928,1,259951
15568981,0.13,0.127986,1,259972
15570441,0.14,0.137597,1,259972
15571901,0.17,0.163519,1,259991
15573361,0.18,0.176704,1,259991
15574821,0.21,0.203341,1,260028
15576281,0.22,0.216668,1,260028
15577741,0.15,0.163334,1,260056
15579201,0.16,0.160667,1,260056
15580661,0.16,0.160133,1,260056
15582121,0.15,0.152027,1,260074
15583581,0.16,0.158405,1,260074
15585041,0.19,0.183681,1,260096
15586501,0.2,0.196736,1,260096
15587961,0.15,0.159347,1,260126
15589421,0.16,0.159869,1,260126
15590881,0.09,0.103974,1,260163
15592341,0.1,0.100795,1,260163
15593801,0.09,0.092159,1,260187
15595261,0.1,0.0984318,1,260187
15596721,0.17,0.155686,1,260308
15598181,0.18,0.175137,1,260308
15599641,0.19,0.187027,1,260345
15601101,0.2,0.197405,1,260345
15602561,0.21,0.207481,1,260377
15604021,0.22,0.217496,1,260377
15605481,0.21,0.211499,1,260399
15606941,0.22,0.2183,1,260399
15608401,0.21,0.21166,1,260420
15609861,0.22,0.218332,1,260420
15611321,0.25,0.243666,1,260459
15612781,0.26,0.256733,1,260459
15614241,0.23,0.235347,1,260484
15615701,0.24,0.239069,1,260484
15617161,0.23,0.231814,1,260486
15618621,0.24,0.238363,1,260486
15620081,0.25,0.247673,1,260503
15621541,0.26,0.257535,1,260503
15623001,0.25,0.251507,1,260527
15624461,0.26,0.258301,1,260527
15625921,0.27,0.26766,1,260555
15627381,0.28,0.277532,1,260555
15628841,0.29,0.287506,1,260589
15630301,0.3,0.297501,1,260589
15631761,0.29,0.2915,1,260613
15633221,0.3,0.2983,1,260613
15634681,0.29,0.29166,1,260738
15636141,0.3,0.298332,1,260738
15637601,0.33,0.323666,1,260776
15639061,0.34,0.336733,1,260776
15640521,0.35,0.347347,1,260809
15641981,0.36,0.357469,1,260809
15643441,0.37,0.367494,1,260831
15644901,0.38,0.377499,1,260831
15646361,0.39,0.3875,1,260852
15647821,0.4,0.3975,1,260852
15649281,0.37,0.3755,1,260893
15650741,0.38,0.3791,1,260893
15652201,0.41,0.40382,1,260917
15653661,0.42,0.416764,1,260917
15655121,0.41,0.411353,1,260919
15656581,0.42,0.418271,1,260919
15658041,0.41,0.411654,1,260937
15659501,0.42,0.418331,1,260937
15660961,0.42,0.419666,1,260937
15662421,0.45,0.443933,1,260961
15663881,0.46,0.456787,1,260961
15665341,0.47,0.467357,1,260990
15666801,0.48,0.477471,1,260990
15668261,0.49,0.487494,1,261025
15669721,0.5,0.497499,1,261025
15671181,0.49,0.4915,1,261049
15672641,0.5,0.4983,1,261049
15674101,0.51,0.50766,1,261174
15675561,0.52,0.517532,1,261174
15677021,0.51,0.511506,1,261214
15678481,0.52,0.518301,1,261214
15679941,0.53,0.52766,1,261248
15681401,0.54,0.537532,1,261248
15682861,0.55,0.547506,1,261271
15684321,0.56,0.557501,1,261271
15685781,0.57,0.5675,1,261293
15687241,0.58,0.5775,1,261293
15688701,0.57,0.5715,1,261333
15690161,0.58,0.5783,1,261333
15691621,0.59,0.58766,1,261359
15693081,0.6,0.597532,1,261359
15694541,0.59,0.591506,1,261361
15696001,0.6,0.598301,1,261361
15697461,0.59,0.59166,1,261379
15698921,0.6,0.598332,1,261379
15700381,0.59,0.591666,1,261404
15701841,0.6,0.598333,1,261404
15703301,0.61,0.607667,1,261434
15704761,0.62,0.617533,1,261434
15706221,0.61,0.611507,1,261470
15707681,0.62,0.618301,1,261470
15709141,0.61,0.61166,1,261494
15710601,0.62,0.618332,1,261494
15712061,0.67,0.659666,1,261620
15713521,0.68,0.675933,1,261620
15714981,0.71,0.703187,1,261660
15716441,0.72,0.716637,1,261660
15717901,0.75,0.743327,1,261695
15719361,0.76,0.756665,2,261695
15720821,0.77,0.767333,2,261719
15722281,0.78,0.777467,2,261719
15723741,0.75,0.755493,2,261742
15725201,0.76,0.759099,2,261742
15726661,0.79,0.78382,2,261782
15728121,0.8,0.796764,2,261782
15729581,0.77,0.775353,2,261809
15731041,0.78,0.779071,2,261809
15732501,0.77,0.771814,2,261811
15733961,0.78,0.778363,2,261811
15735421,0.79,0.787673,2,261829
15736881,0.8,0.797535,2,261829
15738341,0.81,0.807507,2,261854
15739801,0.82,0.817501,2,261854
15741261,0.79,0.7955,2,261885
15742721,0.8,0.7991,2,261885
15744181,0.8,0.79982,2,261885
15745641,0.85,0.839964,2,261921
15747101,0.86,0.855993,2,261921
15748561,0.87,0.867199,2,261945
15750021,0.88,0.87744,2,261945
15751481,0.87,0.871488,2,262074
15752941,0.88,0.878298,2,262074
15754401,0.89,0.88766,2,262116
15755861,0.9,0.897532,2,262116
15757321,0.93,0.923506,2,262153
15758781,0.94,0.936701,2,262153
15901861,0.94,0.94,2,263771
15903321,0.95,0.948,2,263771
15904781,0.85,0.8696,2,263800
15906241,0.86,0.86192,2,263800
15907701,0.89,0.884384,2,263831
15909161,0.9,0.896877,2,263831
15910621,0.79,0.811375,2,263860
15912081,0.8,0.802275,2,263860
15913541,0.81,0.808455,2,263875
15869741,0.77,0.777691,2,263891
15915001,0.29,0.387538,1,264014
15916461,0.25,0.277508,1,264059
15917921,0.09,0.127502,1,264107
15919381,0.01,0.0335003,1,264142
15920841,0.07,0.0627001,1,264170
15922301,0.05,0.05254,1,264202
15923761,0.03,0.034508,1,264228
15925221,0.09,0.0789016,1,264246
15926681,0.05,0.0557803,1,264269
15928141,0.07,0.0671561,1,264320
15929601,0.07,0.0694312,1,264321
15931061,0.07,0.0698862,1,264336
15932521,0.07,0.0699772,1,264350
15933981,0.05,0.0539954,1,264492
15935441,0.06,0.0587991,1,264492
15936901,0.05,0.0517598,1,264563
15938361,0.06,0.058352,1,264563
15939821,0.01,0.0196704,1,264625
15941281,0.02,0.0199341,1,264625
15942741,0.05,0.0439868,1,264671
15944201,0.06,0.0567974,1,264671
15945661,0.07,0.0673595,1,264744
15947121,0.08,0.0774719,1,264744
15948581,0.07,0.0714944,1,264760
15950041,0.08,0.0782989,1,264760
15951501,0.08,0.0796598,1,264760
15952961,0.15,0.135932,1,264915
15954421,0.16,0.155186,1,264915
15955881,0.17,0.167037,1,264986
15957341,0.18,0.177407,1,264986
15958801,0.03,0.0594815,1,265046
15960261,0.04,0.0438963,1,265046
15961721,0.03,0.0327793,1,265094
15963181,0.04,0.0385559,1,265094
15964641,0.05,0.0477112,1,265168
15966101,0.06,0.0575422,1,265168
15967561,0.09,0.0835084,1,265184
15969021,0.1,0.0967017,1,265184
15970481,0.09,0.0913403,1,265186
15971941,0.1,0.0982681,1,265186
15973401,0.11,0.107654,1,265344
15974861,0.12,0.117531,1,265344
15976321,0.13,0.127506,1,265416
15977781,0.14,0.137501,1,265416
15979241,0.15,0.1475,1,265469
15980701,0.16,0.1575,1,265469
15982161,0.19,0.1835,1,265517
15983621,0.2,0.1967,1,265517
15985081,0.21,0.20734,1,265592
15986541,0.22,0.217468,1,265592
15988001,0.23,0.227494,1,265610
15989461,0.24,0.237499,1,265610
15990921,0.23,0.2315,1,265612
15992381,0.24,0.2383,1,265612
15993841,0.33,0.31166,1,265771
15995301,0.34,0.334332,1,265771
15996761,0.34,0.338866,1,265771
15998221,0.39,0.379773,1,265844
15999681,0.4,0.395955,1,265844
16001141,0.35,0.359191,1,265898
16002601,0.36,0.359838,1,265898
16004061,0.35,0.351968,1,265948
16005521,0.36,0.358394,1,265948
16006981,0.45,0.431679,1,266024
16008441,0.46,0.454336,1,266024
16009901,0.43,0.434867,1,266043
16011361,0.44,0.438973,1,266043
16012821,0.43,0.431795,1,266045
16014281,0.44,0.438359,1,266045
16015741,0.57,0.543672,1,266209
16017201,0.58,0.572734,1,266209
16018661,0.59,0.586547,1,266284
16020121,0.6,0.597309,1,266284
16021581,0.61,0.607462,1,266336
16023041,0.62,0.617492,1,266336
16024501,0.65,0.643498,1,266386
16025961,0.66,0.6567,1,266386
16027421,0.59,0.60334,1,266467
16028881,0.6,0.600668,1,266467
16030341,0.59,0.592134,1,266485
16031801,0.6,0.598427,1,266485
16033261,0.59,0.591685,1,266487
16034721,0.6,0.598337,1,266487
16036181,0.69,0.671667,1,266658
16037641,0.7,0.694333,1,266658
16039101,0.71,0.706867,1,266734
16040561,0.72,0.717373,1,266734
16042021,0.72,0.719475,1,266734
16043481,0.73,0.727895,1,266787
16044941,0.74,0.737579,1,266787
16046401,0.77,0.763516,2,266839
16047861,0.78,0.776703,2,266839
16049321,0.79,0.787341,2,266917
16050781,0.8,0.797468,2,266917
16052241,0.79,0.791494,2,266935
16053701,0.8,0.798299,2,266935
16055161,0.79,0.79166,2,266937
16056621,0.8,0.798332,2,266937
16058081,0.81,0.807666,2,267113
16059541,0.82,0.817533,2,267113
16061001,0.87,0.859507,2,267190
16062461,0.88,0.875901,2,267190
16063921,0.87,0.87118,2,267192
16065381,0.88,0.878236,2,267192
16066841,0.85,0.855647,2,267245
16068301,0.86,0.859129,2,267245
16069761,0.89,0.883826,2,267299
16071221,0.9,0.896765,2,267299
16072681,0.93,0.923353,2,267378
16074141,0.94,0.936671,2,267378
16075601,0.93,0.931334,2,267396
16077061,0.94,0.938267,2,267396
16078521,0.93,0.931653,2,267398
16079981,0.94,0.938331,2,267398
16154441,0.91,0.91,2,268993
16155901,0.92,0.918,2,268993
16157361,0.71,0.7516,2,269079
16158821,0.72,0.72632,1,269079
16160281,0.71,0.713264,1,269112
16161741,0.72,0.718653,1,269112
16163201,0.63,0.647731,1,269147
16164661,0.64,0.641546,1,269147
16166121,0.51,0.536309,1,269190
16167581,0.52,0.523262,1,269190
16169041,0.25,0.304652,1,269264
16170501,0.26,0.26893,1,269264
16171961,0.25,0.253786,1,269292
16173421,0.26,0.258757,1,269292
16174881,0.23,0.235751,1,269318
16176341,0.24,0.23915,1,269318
16177801,0.23,0.23183,1,269350
16179261,0.24,0.238366,1,269350
16180721,0.17,0.183673,1,269460
16182181,0.18,0.180735,1,269460
16183641,0.09,0.108147,1,269536
16185101,0.1,0.101629,1,269536
16186561,0.13,0.124326,1,269569
16188021,0.14,0.136865,1,269569
16189481,0.09,0.099373,1,269600
16190941,0.1,0.0998746,1,269600
16192401,0.13,0.123975,1,269637
16193861,0.14,0.136795,1,269637
16195321,0.11,0.115359,1,269698
16196781,0.12,0.119072,1,269698
16198241,0.09,0.0958144,1,269726
16199701,0.1,0.0991629,1,269726
16201161,0.1,0.0998326,1,269726
16202621,0.09,0.0919665,1,269751
16204081,0.1,0.0983933,1,269751
16205541,0.13,0.123679,1,269783
16207001,0.14,0.136736,1,269783
16208461,0.17,0.163347,1,269890
16209921,0.18,0.176669,1,269890
16211381,0.21,0.203334,1,269962
16212841,0.22,0.216667,1,269962
16214301,0.19,0.195333,1,269997
16215761,0.2,0.199067,1,269997
16217221,0.27,0.255813,1,270026
16218681,0.28,0.275163,1,270026
16220141,0.33,0.319033,1,270065
16221601,0.34,0.335807,1,270065
16223061,0.37,0.363161,1,270125
16224521,0.38,0.376632,1,270125
16225981,0.35,0.355326,1,270152
16227441,0.36,0.359065,1,270152
16228901,0.39,0.383813,1,270176
16230361,0.4,0.396763,1,270176
16231821,0.39,0.391353,1,270210
16233281,0.4,0.398271,1,270210
16234741,0.43,0.423654,1,270319
16236201,0.44,0.436731,1,270319
16237661,0.45,0.447346,1,270393
16239121,0.46,0.457469,1,270393
16240581,0.47,0.467494,1,270427
16242041,0.48,0.477499,1,270427
16243501,0.49,0.4875,1,270460
16244961,0.5,0.4975,1,270460
16246421,0.49,0.4915,1,270502
16247881,0.5,0.4983,1,270502
16249341,0.49,0.49166,1,270564
16250801,0.5,0.498332,1,270564
16252261,0.51,0.507666,1,270590
16253721,0.52,0.517533,1,270590
16255181,0.51,0.511507,1,270616
16256641,0.52,0.518301,1,270616
16258101,0.51,0.51166,1,270650
16259561,0.52,0.518332,1,270650
16261021,0.52,0.519666,1,270650
16262481,0.61,0.591933,1,270761
16263941,0.62,0.614387,1,270761
16265401,0.63,0.626877,1,270836
16266861,0.64,0.637375,1,270836
16268321,0.65,0.647475,1,270871
16269781,0.66,0.657495,1,270871
16271241,0.67,0.667499,1,270905
16272701,0.68,0.6775,1,270905
16274161,0.65,0.6555,1,270947
16275621,0.66,0.6591,1,270947
16277081,0.71,0.69982,1,271009
16278541,0.72,0.715964,1,271009
16280001,0.71,0.711193,1,271036
16281461,0.72,0.718239,1,271036
16282921,0.71,0.711648,1,271062
16284381,0.72,0.71833,1,271062
16285841,0.71,0.711666,1,271096
16287301,0.72,0.718333,1,271096
16288761,0.71,0.711667,1,271098
16290221,0.72,0.718333,1,271098
16291681,0.61,0.631667,1,271213
16293141,0.62,0.622333,1,271213
16294601,0.63,0.628467,1,271289
16296061,0.64,0.637693,1,271289
16297521,0.63,0.631539,1,271325
16298981,0.64,0.638308,1,271325
16300441,0.65,0.647662,1,271360
16301901,0.66,0.657532,1,271360
16303361,0.67,0.667506,1,271401
16304821,0.68,0.677501,1,271401
16306281,0.71,0.7035,1,271466
16307741,0.72,0.7167,1,271466
16309201,0.73,0.72734,1,271493
16310661,0.74,0.737468,1,271493
16312121,0.73,0.731494,1,271519
16313581,0.74,0.738299,1,271519
16315041,0.77,0.76366,2,271553
16316501,0.78,0.776732,2,271553
16317961,0.77,0.771346,2,271555
16319421,0.78,0.778269,2,271555
16320881,0.78,0.779654,2,271555
16322341,0.81,0.803931,2,271665
16323801,0.82,0.816786,2,271665
16325261,0.91,0.891357,2,271742
16326721,0.92,0.914271,2,271742
16328181,0.93,0.926854,2,271778
16329641,0.94,0.937371,2,271778
16331101,0.93,0.931474,2,271814
16332561,0.94,0.938295,2,271814
16334021,0.95,0.947659,2,271856
16437681,0.86,0.86,2,273449
16439141,0.87,0.868,2,273449
16443521,0.91,0.91,2,273540
16444981,0.92,0.918,2,273540
16446441,0.93,0.9276,2,273621
16447901,0.94,0.93752,2,273621
16449361,0.89,0.899504,2,273666
16450821,0.9,0.899901,2,273666
16452281,0.95,0.93998,2,273712
16459581,0.87,0.87,2,273779
16461041,0.88,0.878,2,273779
16462501,0.81,0.8236,2,273852
16463961,0.82,0.82072,2,273852
16465421,0.81,0.812144,2,273886
16466881,0.82,0.818429,2,273886
16468341,0.77,0.779686,2,273906
16469801,0.78,0.779937,2,273906
16471261,0.77,0.771987,2,273924
16472721,0.78,0.778397,2,273924
16474181,0.79,0.787679,2,273966
16475641,0.8,0.797536,2,273966
16477101,0.77,0.775507,2,274010
16478561,0.78,0.779101,2,274010
16480021,0.83,0.81982,2,274089
16481481,0.84,0.835964,2,274089
16482941,0.85,0.847193,2,274132
16484401,0.86,0.857439,2,274132
16485861,0.87,0.867488,2,274181
16487321,0.88,0.877498,2,274181
16488781,0.89,0.8875,2,274217
16490241,0.9,0.8975,2,274217
16491701,0.89,0.8915,2,274243
16493161,0.9,0.8983,2,274243
16494621,0.95,0.93966,2,274313
16497541,0.95,0.95,2,274347
16569081,0.95,0.95,2,275316
16655221,0.95,0.95,2,276513
16658141,0.89,0.89,2,276549
16659601,0.9,0.898,2,276549
16661061,0.63,0.6836,1,276604
16662521,0.64,0.64872,1,276604
16663981,0.59,0.601744,1,276637
16665441,0.6,0.600349,1,276637
16666901,0.47,0.49607,1,276674
16668361,0.48,0.483214,1,276674
16669821,0.25,0.296643,1,276709
16671281,0.26,0.267329,1,276709
16672741,0.17,0.189466,1,276742
16674201,0.18,0.181893,1,276742
16675661,0.18,0.180379,1,276742
16677121,0.01,0.0440757,1,276777
16678581,0.02,0.0248151,1,276777
16680041,0.01,0.012963,1,276810
16681501,0.02,0.0185926,1,276810
16682961,0.01,0.0117185,1,276844
16684421,0.02,0.0183437,1,276844
16685881,0.05,0.0436687,1,276869
16687341,0.06,0.0567337,1,276869
16688801,0.03,0.0353468,1,276907
16690261,0.04,0.0390694,1,276907
16691721,0.05,0.0478139,1,276982
16693181,0.06,0.0575628,1,276982
16694641,0.03,0.0355126,1,277014
16696101,0.04,0.0391025,1,277014
16697561,0.01,0.0158205,1,277056
16699021,0.02,0.0191641,1,277056
16700481,0.07,0.0598328,1,277087
16701941,0.08,0.0759666,1,277087
16703401,0.01,0.0231933,1,277118
16704861,0.02,0.0206387,1,277118
16706321,0.05,0.0441277,1,277142
16707781,0.06,0.0568255,1,277142
16709241,0.05,0.0513651,1,277171
16710701,0.06,0.058273,1,277171
16712161,0.05,0.0516546,1,277173
16713621,0.06,0.0583309,1,277173
16715081,0.01,0.0196662,1,277199
16716541,0.02,0.0199332,1,277199
16718001,0,0.00398665,1,277232
16719461,0,0.000797329,1,277232
16720921,0.03,0.0241595,1,277266
16722381,0.04,0.0368319,1,277266
16723841,0.01,0.0153664,1,277293
16725301,0.02,0.0190733,1,277293
16726761,0.03,0.0278147,1,277330
16728221,0.04,0.0375629,1,277330
16729681,0.01,0.0155126,1,277406
16731141,0.02,0.0191025,1,277406
16732601,0,0.0038205,1,277437
16734061,0,0.000764101,1,277437
16735521,0.01,0.00815282,1,277478
16736981,0.02,0.0176306,1,277478
16738441,0.07,0.0595261,1,277512
16739901,0.08,0.0759052,1,277512
16741361,0.09,0.087181,1,277540
16742821,0.1,0.0974362,1,277540
16744281,0.03,0.0434872,1,277566
16745741,0.04,0.0406974,1,277566
16747201,0.07,0.0641395,1,277595
16748661,0.08,0.0768279,1,277595
16750121,0.07,0.0713656,1,277597
16751581,0.08,0.0782731,1,277597
16753041,0.05,0.0556546,1,277621
16754501,0.06,0.0591309,1,277621
16755961,0.06,0.0598262,1,277621
16757421,0.03,0.0359652,1,277654
16758881,0.04,0.039193,1,277654
16760341,0.01,0.0158386,1,277689
16761801,0.02,0.0191677,1,277689
16763261,0,0.00383354,1,277715
16764721,0,0.000766709,1,277715
16766181,0.01,0.00815334,1,277753
16767641,0.02,0.0176307,1,277753
16769101,0.01,0.0115261,1,277828
16770561,0.02,0.0183052,1,277828
16772021,0,0.00366105,1,277859
16773481,0,0.000732209,1,277859
16774941,0.01,0.00814644,1,277900
16776401,0.02,0.0176293,1,277900
16777861,0.03,0.0275259,1,277937
16779321,0.04,0.0375052,1,277937
16780781,0.01,0.015501,1,277966
16782241,0.02,0.0191002,1,277966
16783701,0.05,0.04382,1,277989
16785161,0.06,0.056764,1,277989
16786621,0.09,0.0833528,1,278020
16788081,0.1,0.0966706,1,278020
16789541,0.09,0.0913341,1,278022
16791001,0.1,0.0982668,1,278022
16792461,0.11,0.107653,1,278045
16793921,0.12,0.117531,1,278045
16795381,0.13,0.127506,1,278076
16796841,0.14,0.137501,1,278076
16798301,0.03,0.0515002,1,278110
16799761,0.04,0.0423,1,278110
16801221,0.01,0.01646,1,278136
16802681,0.02,0.019292,1,278136
16804141,0.03,0.0278584,1,278174
16805601,0.04,0.0375717,1,278174
16807061,0.03,0.0315143,1,278249
16808521,0.04,0.0383029,1,278249
16809981,0,0.00766057,1,278280
16811441,0,0.00153211,1,278280
16812901,0.01,0.00830642,1,278321
16814361,0.02,0.0176613,1,278321
16815821,0.03,0.0275323,1,278359
16817281,0.04,0.0375065,1,278359
16818741,0.03,0.0315013,1,278387
16820201,0.04,0.0383003,1,278387
16821661,0.05,0.0476601,1,278412
16823121,0.06,0.057532,1,278412
16824581,0.09,0.0835064,1,278445
16826041,0.1,0.0967013,1,278445
16827501,0.09,0.0913403,1,278447
16828961,0.1,0.0982681,1,278447
16830421,0.13,0.123654,1,278471
16831881,0.14,0.136731,1,278471
16833341,0.15,0.147346,1,278503
16834801,0.16,0.157469,1,278503
16836261,0.16,0.159494,1,278503
16837721,0.15,0.151899,1,278532
16839181,0.16,0.15838,1,278532
16840641,0.09,0.103676,1,278557
16842101,0.1,0.100735,1,278557
16843561,0.15,0.140147,1,278596
16845021,0.16,0.156029,1,278596
16846481,0.01,0.0392059,1,278671
16847941,0.02,0.0238412,1,278671
16849401,0.01,0.0127682,1,278701
16850861,0.02,0.0185536,1,278701
16852321,0.05,0.0437107,1,278742
16853781,0.06,0.0567421,1,278742
16855241,0.07,0.0673484,1,278781
16856701,0.08,0.0774697,1,278781
16858161,0.09,0.0874939,1,278809
16859621,0.1,0.0974988,1,278809
16861081,0.11,0.1075,1,278835
16862541,0.12,0.1175,1,278835
16864001,0.15,0.1435,1,278870
16865461,0.16,0.1567,1,278870
16866921,0.15,0.15134,1,278872
16868381,0.16,0.158268,1,278872
16869841,0.11,0.119654,1,278898
16871301,0.12,0.119931,1,278898
16872761,0.09,0.0959861,1,278931
16874221,0.1,0.0991972,1,278931
16875681,0.09,0.0918394,1,278933
16877141,0.1,0.0983679,1,278933
16878601,0.11,0.107674,1,278961
16880061,0.12,0.117535,1,278961
16881521,0.11,0.111507,1,278983
16882981,0.12,0.118301,1,278983
16884441,0.03,0.0476603,1,279025
16885901,0.04,0.0415321,1,279025
16887361,0,0.00830641,1,279093
16888821,0,0.00166128,1,279093
16890281,0.01,0.00833226,1,279123
16891741,0.02,0.0176665,1,279123
16893201,0.03,0.0275333,1,279166
16894661,0.04,0.0375067,1,279166
16896121,0.01,0.0155013,1,279206
16897581,0.02,0.0191003,1,279206
16899041,0.01,0.0118201,1,279235
16900501,0.02,0.018364,1,279235
16901961,0.03,0.0276728,1,279262
16903421,0.04,0.0375346,1,279262
16904881,0.01,0.0155069,1,279299
16906341,0.02,0.0191014,1,279299
16907801,0.01,0.0118203,1,279301
16909261,0.02,0.0183641,1,279301
16910721,0.01,0.0116728,1,279325
16912181,0.02,0.0183346,1,279325
16913641,0.03,0.0276669,1,279357
16915101,0.04,0.0375334,1,279357
16916561,0.03,0.0315067,1,279359
16918021,0.04,0.0383013,1,279359
16919481,0.05,0.0476603,1,279388
16920941,0.06,0.0575321,1,279388
16922401,0.06,0.0595064,1,279388
16923861,0.07,0.0679013,1,279410
16925321,0.08,0.0775803,1,279410
16926781,0.07,0.071516,1,279448
16928241,0.08,0.0783032,1,279448
16929701,0.09,0.0876606,1,279515
16931161,0.1,0.0975321,1,279515
16932621,0.09,0.0915064,1,279545
16934081,0.1,0.0983013,1,279545
16935541,0.01,0.0276603,1,279589
16937001,0.02,0.0215321,1,279589
16938461,0.03,0.0283064,1,279628
16939921,0.04,0.0376613,1,279628
16941381,0.05,0.0475323,1,279657
16942841,0.06,0.0575065,1,279657
16944301,0.09,0.0835013,1,279685
16945761,0.1,0.0967003,1,279685
16947221,0.11,0.10734,1,279721
16948681,0.12,0.117468,1,279721
16950141,0.11,0.111494,1,279723
16951601,0.12,0.118299,1,279723
16953061,0.11,0.11166,1,279747
16954521,0.12,0.118332,1,279747
16955981,0.11,0.111666,1,279780
16957441,0.12,0.118333,1,279780
16958901,0.11,0.111667,1,279782
16960361,0.12,0.118333,1,279782
16961821,0.15,0.143667,1,279812
16963281,0.16,0.156733,1,279812
16964741,0.15,0.151347,1,279834
16966201,0.16,0.158269,1,279834
16967661,0.17,0.167654,1,279872
16969121,0.18,0.177531,1,279872
16970581,0.25,0.235506,1,279940
16972041,0.26,0.255101,1,279940
16973501,0.29,0.28302,1,279970
16974961,0.3,0.296604,1,279970
16976421,0.25,0.259321,1,280010
16977881,0.26,0.259864,1,280010
16979341,0.21,0.219973,1,280050
16980801,0.22,0.219995,1,280050
16982261,0.19,0.195999,1,280080
16983721,0.2,0.1992,1,280080
16985181,0.19,0.19184,1,280110
16986641,0.2,0.198368,1,280110
16988101,0.21,0.207674,1,280147
16989561,0.22,0.217535,1,280147
16991021,0.21,0.211507,1,280149
16992481,0.22,0.218301,1,280149
16993941,0.21,0.21166,1,280173
16995401,0.22,0.218332,1,280173
16996861,0.23,0.227666,1,280206
16998321,0.24,0.237533,1,280206
16999781,0.23,0.231507,1,280208
17001241,0.24,0.238301,1,280208
17002701,0.23,0.23166,1,280240
17004161,0.24,0.238332,1,280240
17005621,0.29,0.279666,1,280262
17007081,0.3,0.295933,1,280262
17008541,0.31,0.307187,1,280301
17010001,0.32,0.317437,1,280301
17011461,0.32,0.319487,1,280301
17012921,0.33,0.327897,1,280373
17014381,0.34,0.33758,1,280373
17015841,0.39,0.379516,1,280405
17017301,0.4,0.395903,1,280405
17018761,0.43,0.423181,1,280443
17020221,0.44,0.436636,1,280443
17021681,0.43,0.431327,1,280481
17023141,0.44,0.438265,1,280481
17024601,0.47,0.463653,1,280510
17026061,0.48,0.476731,1,280510
17027521,0.47,0.471346,1,280540
17028981,0.48,0.478269,1,280540
17030441,0.53,0.519654,1,280578
17031901,0.54,0.535931,1,280578
17033361,0.53,0.531186,1,280580
17034821,0.54,0.538237,1,280580
17036281,0.53,0.531647,1,280604
17037741,0.54,0.538329,1,280604
17039201,0.59,0.579666,1,280638
17040661,0.6,0.595933,1,280638
17042121,0.59,0.591187,1,280640
17043581,0.6,0.598237,1,280640
17045041,0.59,0.591647,1,280672
17046501,0.6,0.598329,1,280672
17047961,0.57,0.575666,1,280697
17049421,0.58,0.579133,1,280697
17050881,0.57,0.571827,1,280737
17052341,0.58,0.578365,1,280737
17053801,0.57,0.571673,1,280739
17055261,0.58,0.578335,1,280739
17056721,0.59,0.587667,1,280811
17058181,0.6,0.597533,1,280811
17059641,0.53,0.543507,1,280846
17061101,0.54,0.540701,1,280846
17062561,0.51,0.51614,1,280886
17064021,0.52,0.519228,1,280886
17065481,0.51,0.511846,1,280924
17066941,0.52,0.518369,1,280924
17068401,0.57,0.559674,1,280955
17069861,0.58,0.575935,1,280955
17071321,0.57,0.571187,1,280985
17072781,0.58,0.578237,1,280985
17074241,0.55,0.555647,1,281026
17075701,0.56,0.559129,1,281026
17077161,0.55,0.551826,1,281028
17078621,0.56,0.558365,1,281028
17080081,0.55,0.551673,1,281052
17081541,0.56,0.558335,1,281052
17083001,0.57,0.567667,1,281089
17084461,0.58,0.577533,1,281089
17085921,0.57,0.571507,1,281091
17087381,0.58,0.578301,1,281091
17088841,0.57,0.57166,1,281123
17090301,0.58,0.578332,1,281123
17091761,0.59,0.587666,1,281147
17093221,0.6,0.597533,1,281147
17094681,0.63,0.623507,1,281187
17096141,0.64,0.636701,1,281187
17097601,0.63,0.63134,1,281189
17099061,0.64,0.638268,1,281189
17100521,0.63,0.631654,1,281262
17101981,0.64,0.638331,1,281262
17103441,0.64,0.639666,1,281262
17104901,0.65,0.647933,1,281294
17106361,0.66,0.657587,1,281294
17107821,0.63,0.635517,1,281333
17109281,0.64,0.639103,1,281333
17110741,0.71,0.695821,1,281371
17112201,0.72,0.715164,1,281371
17113661,0.73,0.727033,1,281405
17115121,0.74,0.737407,1,281405
17116581,0.73,0.731481,1,281435
17118041,0.74,0.738296,1,281435
17119501,0.77,0.763659,2,281475
17120961,0.78,0.776732,2,281475
17122421,0.77,0.771346,2,281477
17123881,0.78,0.778269,2,281477
17125341,0.77,0.771654,2,281501
17126801,0.78,0.778331,2,281501
17128261,0.79,0.787666,2,281539
17129721,0.8,0.797533,2,281539
17131181,0.79,0.791507,2,281541
17132641,0.8,0.798301,2,281541
17134101,0.81,0.80766,2,281573
17135561,0.82,0.817532,2,281573
17137021,0.81,0.811506,2,281598
17138481,0.82,0.818301,2,281598
17139941,0.83,0.82766,2,281640
17141401,0.84,0.837532,2,281640
17142861,0.83,0.831506,2,281642
17144321,0.84,0.838301,2,281642
17145781,0.89,0.87966,2,281715
17147241,0.9,0.895932,2,281715
17148701,0.89,0.891186,2,281747
17150161,0.9,0.898237,2,281747
17151621,0.89,0.891647,2,281785
17153081,0.9,0.898329,2,281785
17290321,0.93,0.93,2,283446
17294701,0.87,0.87,2,283540
17296161,0.91,0.902,2,283551
17297621,0.93,0.9244,2,283564
17300541,0.91,0.91,2,283596
17302001,0.89,0.894,2,283689
17303461,0.9,0.8988,2,283689
17469901,0.87,0.87,2,287160
17471361,0.88,0.878,2,287160
17472821,0.86,0.8636,2,287195
17474281,0.87,0.86872,2,287195
17475741,0.69,0.725744,1,287268
17477201,0.7,0.705149,1,287268
17478661,0.67,0.67703,1,287306
17480121,0.68,0.679406,1,287306
17481581,0.35,0.415881,1,287379
17483041,0.36,0.371176,1,287379
17484501,0.25,0.274235,1,287412
17485961,0.26,0.262847,1,287412
17487421,0.05,0.0925694,1,287486
17488881,0.06,0.0665139,1,287486
17490341,0.07,0.0693028,1,287519
17491801,0.08,0.0778606,1,287519
17493261,0.01,0.0235721,1,287597
17494721,0.02,0.0207144,1,287597
17496181,0.01,0.0121429,1,287625
17497641,0.02,0.0184286,1,287625
17499101,0.01,0.0116857,1,287660
17500561,0.02,0.0183371,1,287660
17502021,0.01,0.0116674,1,287724
17503481,0.02,0.0183335,1,287724
17504941,0.02,0.0196667,1,287724
17506401,0.01,0.0119333,1,287761
17507861,0.02,0.0183867,1,287761
17509321,0.05,0.0436773,1,287818
17510781,0.06,0.0567355,1,287818
17512241,0.03,0.0353471,1,287846
17513701,0.04,0.0390694,1,287846
17515161,0,0.00781388,1,287910
17516621,0,0.00156278,1,287910
17518081,0.03,0.0243126,1,287944
17519541,0.04,0.0368625,1,287944
17521001,0.01,0.0153725,1,288019
17522461,0.02,0.0190745,1,288019
17523921,0.01,0.0118149,1,288047
17525381,0.02,0.018363,1,288047
17526841,0.01,0.0116726,1,288082
17528301,0.02,0.0183345,1,288082
17529761,0.03,0.0276669,1,288146
17531221,0.04,0.0375334,1,288146
17532681,0.05,0.0475067,1,288182
17534141,0.06,0.0575013,1,288182
17535601,0.13,0.1155,1,288241
17537061,0.14,0.1351,1,288241
17538521,0.11,0.11502,1,288268
17539981,0.12,0.119004,1,288268
17541441,0.07,0.0798008,1,288331
17542901,0.08,0.0799602,1,288331
17544361,0.07,0.071992,1,288366
17545821,0.08,0.0783984,1,288366
17547281,0.03,0.0396797,1,288440
17548741,0.04,0.0399359,1,288440
17550201,0.03,0.0319872,1,288468
17551661,0.04,0.0383974,1,288468
17553121,0.03,0.0316795,1,288503
17554581,0.04,0.0383359,1,288503
17556041,0.05,0.0476672,1,288568
17557501,0.06,0.0575334,1,288568
17558961,0.03,0.0355067,1,288605
17560421,0.04,0.0391013,1,288605
17561881,0.04,0.0398203,1,288605
17563341,0.09,0.0799641,1,288668
17564801,0.1,0.0959928,1,288668
17566261,0.13,0.123199,1,288694
17567721,0.14,0.13664,1,288694
17569181,0.13,0.131328,1,288755
17570641,0.14,0.138266,1,288755
17572101,0.03,0.0516531,1,288790
17573561,0.04,0.0423306,1,288790
17575021,0.03,0.0324661,1,288862
17576481,0.04,0.0384932,1,288862
17577941,0.01,0.0156986,1,288890
17579401,0.02,0.0191397,1,288890
17580861,0.01,0.0118279,1,288925
17582321,0.02,0.0183656,1,288925
17583781,0.11,0.0916731,1,288991
17585241,0.12,0.114335,1,288991
17586701,0.11,0.110867,1,289027
17588161,0.12,0.118173,1,289027
17589621,0.11,0.111635,1,289029
17591081,0.12,0.118327,1,289029
17592541,0.05,0.0636654,1,289094
17594001,0.06,0.0607331,1,289094
17595461,0.07,0.0681466,1,289122
17596921,0.08,0.0776293,1,289122
17598381,0.05,0.0555259,1,289183
17599841,0.06,0.0591052,1,289183
17601301,0.07,0.067821,1,289213
17602761,0.08,0.0775642,1,289213
17604221,0.07,0.0715128,1,289285
17605681,0.08,0.0783026,1,289285
17607141,0,0.0156605,1,289312
17608601,0,0.0031321,1,289312
17610061,0,0.00062642,1,289347
17611521,0,0.000125284,1,289347
17612981,0.03,0.0240251,1,289418
17614441,0.04,0.036805,1,289418
17615901,0.05,0.047361,1,289454
17617361,0.06,0.0574722,1,289454
17618821,0.05,0.0514944,1,289456
17620281,0.06,0.0582989,1,289456
17621741,0.08,0.0756598,1,289518
17623201,0.09,0.087132,1,289518
17624661,0.09,0.0894264,1,289518
17626121,0.09,0.0898853,1,289547
17627581,0.1,0.0979771,1,289547
17629041,0.11,0.107595,1,289607
17630501,0.12,0.117519,1,289607
17631961,0.13,0.127504,1,289638
17633421,0.14,0.137501,1,289638
17634881,0.19,0.1795,1,289710
17636341,0.2,0.1959,1,289710
17637801,0.17,0.17518,1,289734
17639261,0.18,0.179036,1,289734
17640721,0.05,0.0758072,1,289769
17642181,0.06,0.0631614,1,289769
17643641,0.01,0.0206323,1,289841
17645101,0.02,0.0201265,1,289841
17646561,0,0.00402529,1,289878
17648021,0,0.000805058,1,289878
17649481,0.01,0.00816101,1,289880
17650941,0.02,0.0176322,1,289880
17652401,0.07,0.0595264,1,289943
17653861,0.08,0.0759053,1,289943
17655321,0.09,0.0871811,1,289972
17656781,0.1,0.0974362,1,289972
17658241,0.15,0.139487,1,290033
17659701,0.16,0.155897,1,290033
17661161,0.15,0.151179,1,290065
17662621,0.16,0.158236,1,290065
17664081,0.15,0.151647,1,290140
17665541,0.16,0.158329,1,290140
17667001,0.17,0.167666,1,290163
17668461,0.18,0.177533,1,290163
17669921,0.19,0.187507,1,290192
17671381,0.2,0.197501,1,290192
17672841,0.13,0.1435,1,290262
17674301,0.14,0.1407,1,290262
17675761,0.11,0.11614,1,290299
17677221,0.12,0.119228,1,290299
17678681,0.11,0.111846,1,290301
17680141,0.12,0.118369,1,290301
17681601,0.23,0.207674,1,290367
17683061,0.24,0.233535,1,290367
17684521,0.23,0.230707,1,290397
17685981,0.24,0.238141,1,290397
17687441,0.31,0.295628,1,290461
17688901,0.32,0.315126,1,290461
17690361,0.32,0.319025,1,290461
17691821,0.33,0.327805,1,290493
17693281,0.34,0.337561,1,290493
17694741,0.37,0.363512,1,290568
17696201,0.38,0.376702,1,290568
17697661,0.35,0.35534,1,290592
17699121,0.36,0.359068,1,290592
17700581,0.35,0.351814,1,290622
17702041,0.36,0.358363,1,290622
17703501,0.39,0.383673,1,290689
17704961,0.4,0.396735,1,290689
17706421,0.39,0.391347,1,290725
17707881,0.4,0.398269,1,290725
17709341,0.39,0.391654,1,290727
17710801,0.4,0.398331,1,290727
17712261,0.49,0.471666,1,290799
17713721,0.5,0.494333,1,290799
17715181,0.49,0.490867,1,290829
17716641,0.5,0.498173,1,290829
17718101,0.51,0.507635,1,290897
17719561,0.52,0.517527,1,290897
17721021,0.51,0.511505,1,290899
17722481,0.52,0.518301,1,290899
17723941,0.51,0.51166,1,290931
17725401,0.52,0.518332,1,290931
17726861,0.51,0.511666,1,291008
17728321,0.52,0.518333,1,291008
17729781,0.53,0.527667,1,291031
17731241,0.54,0.537533,1,291031
17732701,0.55,0.547507,1,291061
17734161,0.56,0.557501,1,291061
17735621,0.63,0.6155,1,291130
17737081,0.64,0.6351,1,291130
17738541,0.63,0.63102,1,291166
17740001,0.64,0.638204,1,291166
17741461,0.63,0.631641,1,291168
17742921,0.64,0.638328,1,291168
17744381,0.61,0.615666,1,291245
17745841,0.62,0.619133,1,291245
17747301,0.61,0.611827,1,291275
17748761,0.62,0.618365,1,291275
17750221,0.55,0.563673,1,291344
17751681,0.56,0.560735,1,291344
17753141,0.55,0.552147,1,291346
17754601,0.56,0.558429,1,291346
17756061,0.56,0.559686,1,291346
17757521,0.59,0.583937,1,291378
17758981,0.6,0.596787,1,291378
17760441,0.59,0.591357,1,291455
17761901,0.6,0.598271,1,291455
17763361,0.59,0.591654,1,291479
17764821,0.6,0.598331,1,291479
17766281,0.59,0.591666,1,291510
17767741,0.6,0.598333,1,291510
17769201,0.73,0.703667,1,291583
17770661,0.74,0.732733,1,291583
17772121,0.73,0.730547,1,291619
17773581,0.74,0.738109,1,291619
17775041,0.73,0.731622,1,291621
17776501,0.74,0.738324,1,291621
17777961,0.71,0.715665,1,291697
17779421,0.72,0.719133,1,291697
17780881,0.71,0.711827,1,291727
17782341,0.72,0.718365,1,291727
17783801,0.77,0.759673,2,291793
17785261,0.78,0.775935,2,291793
17786721,0.77,0.771187,2,291795
17788181,0.78,0.778237,2,291795
17789641,0.81,0.803647,2,291828
17791101,0.82,0.816729,2,291828
17792561,0.87,0.859346,2,291905
17794021,0.88,0.875869,2,291905
17795481,0.87,0.871174,2,291929
17796941,0.88,0.878235,2,291929
17798401,0.89,0.887647,2,291960
17799861,0.9,0.897529,2,291960
17801321,0.87,0.875506,2,292040
17802781,0.88,0.879101,2,292040
17804241,0.91,0.90382,2,292076
17805701,0.92,0.916764,2,292076
17807161,0.91,0.911353,2,292078
17808621,0.92,0.918271,2,292078
17810081,0.91,0.911654,2,292153
17811541,0.92,0.918331,2,292153
17813001,0.91,0.911666,2,292183
17814461,0.92,0.918333,2,292183
17899141,0.95,0.95,2,293380
17923961,0.85,0.85,2,293724
17925421,0.86,0.858,2,293724
17926881,0.71,0.7396,1,293741
17928341,0.72,0.72392,1,293741
17929801,0.47,0.520784,1,293806
17931261,0.48,0.488157,1,293806
17932721,0.37,0.393631,1,293840
17934181,0.38,0.382726,1,293840
17935641,0.27,0.292545,1,293860
17937101,0.28,0.282509,1,293860
17938561,0.21,0.224502,1,293889
17940021,0.22,0.2209,1,293889
17941481,0.07,0.10018,1,293934
17942941,0.08,0.084036,1,293934
17944401,0.03,0.0408072,1,293979
17945861,0.04,0.0401614,1,293979
17947321,0.01,0.0160323,1,294006
17948781,0.02,0.0192065,1,294006
17950241,0.05,0.0438413,1,294049
17951701,0.06,0.0567683,1,294049
17953161,0.09,0.0833537,1,294097
17954621,0.1,0.0966707,1,294097
17956081,0.07,0.0753341,1,294162
17957541,0.08,0.0790668,1,294162
17959001,0.09,0.0878134,1,294187
17960461,0.1,0.0975627,1,294187
17961921,0.03,0.0435125,1,294197
17963381,0.04,0.0407025,1,294197
17964841,0.07,0.0641405,1,294250
17966301,0.08,0.0768281,1,294250
17967761,0.15,0.135366,1,294279
17969221,0.16,0.155073,1,294279
17970681,0.13,0.135015,1,294294
17972141,0.14,0.139003,1,294294
17973601,0.13,0.131801,1,294320
17975061,0.14,0.13836,1,294320
17976521,0.14,0.139672,1,294320
17977981,0.17,0.163934,1,294358
17979441,0.18,0.176787,1,294358
17980901,0.03,0.0593574,1,294401
17982361,0.04,0.0438715,1,294401
17983821,0.03,0.0327743,1,294427
17985281,0.04,0.0385549,1,294427
17986741,0.03,0.031711,1,294472
17988201,0.04,0.0383422,1,294472
17989661,0.03,0.0316684,1,294522
17991121,0.04,0.0383337,1,294522
17992581,0.07,0.0636667,1,294586
17994041,0.08,0.0767333,1,294586
17995501,0.07,0.0713467,1,294612
17996961,0.08,0.0782693,1,294612
17998421,0.05,0.0556539,1,294619
17999881,0.06,0.0591308,1,294619
18001341,0.09,0.0838262,1,294674
18002801,0.1,0.0967652,1,294674
18004261,0.18,0.163353,1,294707
18005721,0.19,0.184671,1,294707
18007181,0.19,0.188934,1,294721
18008641,0.2,0.197787,1,294721
18010101,0.19,0.191557,1,294747
18011561,0.2,0.198311,1,294747
18013021,0.19,0.191662,1,294749
18014481,0.2,0.198332,1,294749
18015941,0.17,0.175666,1,294788
18017401,0.18,0.179133,1,294788
18018861,0.15,0.155827,1,294824
18020321,0.16,0.159165,1,294824
18021781,0.13,0.135833,1,294850
18023241,0.14,0.139167,1,294850
18024701,0.07,0.0838333,1,294895
18026161,0.08,0.0807667,1,294895
18027621,0.09,0.0881533,1,294945
18029081,0.1,0.0976307,1,294945
18030541,0.09,0.0915261,1,295011
18032001,0.1,0.0983052,1,295011
18033461,0.09,0.091661,1,295037
18034921,0.1,0.0983322,1,295037
18036381,0.09,0.0916664,1,295043
18037841,0.1,0.0983333,1,295043
18039301,0.09,0.0916667,1,295100
18040761,0.1,0.0983333,1,295100
18042221,0.03,0.0436667,1,295138
18043681,0.04,0.0407333,1,295138
18045141,0.03,0.0321467,1,295152
18046601,0.04,0.0384293,1,295152
18048061,0.03,0.0316859,1,295178
18049521,0.04,0.0383372,1,295178
18050981,0.03,0.0316674,1,295180
18052441,0.04,0.0383335,1,295180
18053901,0.03,0.0316667,1,295218
18055361,0.04,0.0383333,1,295218
18056821,0.04,0.0396667,1,295218
18058281,0.05,0.0479333,1,295253
18059741,0.06,0.0575867,1,295253
18061201,0.07,0.0675173,1,295278
18062661,0.08,0.0775035,1,295278
18064121,0.07,0.0715007,1,295320
18065581,0.08,0.0783001,1,295320
18067041,0.07,0.07166,1,295371
18068501,0.08,0.078332,1,295371
18069961,0.13,0.119666,1,295437
18071421,0.14,0.135933,1,295437
18072881,0.17,0.163187,1,295463
18074341,0.18,0.176637,1,295463
18075801,0.17,0.171327,1,295469
18077261,0.18,0.178265,1,295469
18078721,0.17,0.171653,1,295526
18080181,0.18,0.178331,1,295526
18081641,0.15,0.155666,1,295561
18083101,0.16,0.159133,1,295561
18084561,0.15,0.151827,1,295575
18086021,0.16,0.158365,1,295575
18087481,0.17,0.167673,1,295601
18088941,0.18,0.177535,1,295601
18090401,0.17,0.171507,1,295603
18091861,0.18,0.178301,1,295603
18093321,0.19,0.18766,1,295641
18094781,0.2,0.197532,1,295641
18096241,0.21,0.207506,1,295676
18097701,0.22,0.217501,1,295676
18099161,0.23,0.2275,1,295702
18100621,0.24,0.2375,1,295702
18102081,0.25,0.2475,1,295744
18103541,0.26,0.2575,1,295744
18105001,0.33,0.3155,1,295795
18106461,0.34,0.3351,1,295795
18107921,0.31,0.31502,1,295864
18109381,0.32,0.319004,1,295864
18110841,0.37,0.359801,1,295892
18112301,0.38,0.37596,1,295892
18113761,0.37,0.371192,1,295898
18115221,0.38,0.378238,1,295898
18116681,0.41,0.403648,1,295955
18118141,0.42,0.41673,1,295955
18119601,0.41,0.411346,1,295989
18121061,0.42,0.418269,1,295989
18122521,0.41,0.411654,1,296003
18123981,0.42,0.418331,1,296003
18125441,0.43,0.427666,1,296030
18126901,0.44,0.437533,1,296030
18128361,0.43,0.431507,1,296032
18129821,0.44,0.438301,1,296032
18131281,0.47,0.46366,1,296071
18132741,0.48,0.476732,1,296071
18134201,0.49,0.487346,1,296107
18135661,0.5,0.497469,1,296107
18137121,0.53,0.523494,1,296134
18138581,0.54,0.536699,1,296134
18140041,0.54,0.53934,1,296134
18141501,0.57,0.563868,1,296177
18142961,0.58,0.576774,1,296177
18144421,0.55,0.555355,1,296232
18145881,0.56,0.559071,1,296232
18147341,0.57,0.567814,1,296300
18148801,0.58,0.577563,1,296300
18150261,0.57,0.571513,1,296331
18151721,0.58,0.578303,1,296331
18153181,0.57,0.571661,1,296337
18154641,0.58,0.578332,1,296337
18156101,0.61,0.603666,1,296396
18157561,0.62,0.616733,1,296396
18159021,0.65,0.643347,1,296430
18160481,0.66,0.656669,1,296430
18161941,0.65,0.651334,1,296444
18163401,0.66,0.658267,1,296444
18164861,0.65,0.651653,1,296472
18166321,0.66,0.658331,1,296472
18167781,0.65,0.651666,1,296474
18169241,0.66,0.658333,1,296474
18170701,0.73,0.715667,1,296515
18172161,0.74,0.735133,1,296515
18173621,0.75,0.747027,1,296552
18175081,0.76,0.757405,2,296552
18176541,0.73,0.735481,1,296581
18178001,0.74,0.739096,1,296581
18179461,0.73,0.731819,1,296583
18180921,0.74,0.738364,1,296583
18182381,0.75,0.747673,1,296627
18183841,0.76,0.757535,2,296627
18185301,0.81,0.799507,2,296681
18186761,0.82,0.815901,2,296681
18188221,0.81,0.81118,2,296750
18189681,0.82,0.818236,2,296750
18191141,0.79,0.795647,2,296781
18192601,0.8,0.799129,2,296781
18194061,0.81,0.807826,2,296787
18195521,0.82,0.817565,2,296787
18196981,0.79,0.795513,2,296848
18198441,0.8,0.799103,2,296848
18199901,0.83,0.823821,2,296884
18201361,0.84,0.836764,2,296884
18202821,0.83,0.831353,2,296898
18204281,0.84,0.838271,2,296898
18205741,0.85,0.847654,2,296926
18207201,0.86,0.857531,2,296926
18208661,0.85,0.851506,2,296928
18210121,0.86,0.858301,2,296928
18211581,0.85,0.85166,2,296973
18213041,0.86,0.858332,2,296973
18214501,0.87,0.867666,2,297011
18215961,0.88,0.877533,2,297011
18217421,0.87,0.871507,2,297039
18218881,0.88,0.878301,2,297039
18220341,0.87,0.87166,2,297041
18221801,0.88,0.878332,2,297041
18223261,0.87,0.871666,2,297086
18224721,0.88,0.878333,2,297086
18226181,0.88,0.879667,2,297086
18227641,0.87,0.871933,2,297143
18229101,0.88,0.878387,2,297143
18230561,0.91,0.903677,2,297212
18232021,0.92,0.916735,2,297212
18233481,0.91,0.911347,2,297242
18234941,0.92,0.918269,2,297242
18236401,0.93,0.927654,2,297249
18237861,0.94,0.937531,2,297249
18239321,0.95,0.947506,2,297309
18248081,0.95,0.95,2,297390
18251001,0.95,0.95,2,297392
18256841,0.95,0.95,2,297476
18363421,0.95,0.95,2,298689
18386781,0.93,0.93,2,298938
18388241,0.94,0.938,2,298938
18401381,0.82,0.82,2,299121
18402841,0.83,0.828,2,299121
18404301,0.83,0.8296,2,299121
18405761,0.91,0.89392,2,299152
18407221,0.92,0.914784,2,299152
18408681,0.93,0.926957,2,299178
18410141,0.94,0.937391,2,299178
18417441,0.93,0.93,2,299288
18418901,0.94,0.938,2,299288
18423281,0.93,0.93,2,299339
18424741,0.94,0.938,2,299339
18426201,0.94,0.9396,2,299375
18427661,0.95,0.94792,2,299375
18429121,0.95,0.949584,2,299401
18437881,0.91,0.91,2,299477
18439341,0.92,0.918,2,299477
18440801,0.95,0.9436,2,299510
18604321,0.95,0.95,2,301237
18610161,0.93,0.93,2,301302
18611621,0.94,0.938,2,301302
18627681,0.95,0.95,2,301472
18745941,0.93,0.93,2,302666
18747401,0.94,0.938,2,302666
18760541,0.91,0.91,2,302782
18762001,0.92,0.918,2,302782
18766381,0.93,0.93,2,302863
18767841,0.94,0.938,2,302863
18769301,0.89,0.8996,2,302886
18770761,0.9,0.89992,2,302886
18772221,0.89,0.891984,2,302916
18773681,0.9,0.898397,2,302916
18775141,0.75,0.779679,2,302953
18776601,0.76,0.763936,2,302953
18778061,0.75,0.752787,2,302986
18779521,0.76,0.758557,2,302986
18780981,0.73,0.735711,1,303010
18782441,0.74,0.739142,1,303010
18783901,0.67,0.683828,1,303033
18785361,0.68,0.680766,1,303033
18786821,0.61,0.624153,1,303074
18788281,0.62,0.620831,1,303074
18789741,0.65,0.644166,1,303106
18791201,0.66,0.656833,1,303106
18792661,0.75,0.731367,1,303126
18794121,0.76,0.754273,2,303126
18795581,0.67,0.686855,1,303148
18797041,0.68,0.681371,1,303148
18798501,0.63,0.640274,1,303174
18799961,0.64,0.640055,1,303174
18801421,0.64,0.640011,1,303174
18802881,0.65,0.648002,1,303206
18804341,0.66,0.6576,1,303206
18805801,0.65,0.65152,1,303226
18807261,0.66,0.658304,1,303226
18808721,0.69,0.683661,1,303252
18810181,0.7,0.696732,1,303252
18811641,0.69,0.691346,1,303258
18813101,0.7,0.698269,1,303258
18814561,0.69,0.691654,1,303304
18816021,0.7,0.698331,1,303304
18817481,0.71,0.707666,1,303331
18818941,0.72,0.717533,1,303331
18820401,0.69,0.695507,1,303352
18821861,0.7,0.699101,1,303352
18823321,0.77,0.75582,2,303382
18824781,0.78,0.775164,2,303382
18826241,0.73,0.739033,1,303412
18827701,0.74,0.739807,1,303412
18829161,0.71,0.715961,1,303445
18830621,0.72,0.719192,1,303445
18832081,0.73,0.727838,1,303468
18833541,0.74,0.737568,1,303468
18835001,0.75,0.747514,1,303488
18836461,0.76,0.757503,2,303488
18837921,0.77,0.767501,2,303526
18839381,0.78,0.7775,2,303526
18840841,0.69,0.7075,1,303560
18842301,0.7,0.7015,1,303560
18843761,0.73,0.7243,1,303585
18845221,0.74,0.73686,1,303585
18846681,0.73,0.731372,1,303603
18848141,0.74,0.738274,1,303603
18849601,0.73,0.731655,1,303627
18851061,0.74,0.738331,1,303627
18852521,0.75,0.747666,1,303659
18853981,0.76,0.757533,2,303659
18855441,0.77,0.767507,2,303679
18856901,0.78,0.777501,2,303679
18858361,0.79,0.7875,2,303707
18859821,0.8,0.7975,2,303707
18861281,0.81,0.8075,2,303713
18862741,0.82,0.8175,2,303713
18864201,0.83,0.8275,2,303759
18865661,0.84,0.8375,2,303759
18867121,0.85,0.8475,2,303787
18868581,0.86,0.8575,2,303787
18870041,0.87,0.8675,2,303807
18871501,0.88,0.8775,2,303807
18872961,0.89,0.8875,2,303841
18874421,0.9,0.8975,2,303841
18875881,0.89,0.8915,2,303869
18877341,0.9,0.8983,2,303869
18878801,0.89,0.89166,2,303901
18880261,0.9,0.898332,2,303901
18881721,0.89,0.891666,2,303925
18883181,0.9,0.898333,2,303925
18884641,0.91,0.907667,2,303946
18886101,0.92,0.917533,2,303946
18887561,0.93,0.927507,2,303985
18889021,0.94,0.937501,2,303985
18890481,0.93,0.9315,2,304015
18891941,0.94,0.9383,2,304015
19103641,0.92,0.92,2,306366
19106561,0.77,0.77,2,306450
19108021,0.75,0.754,2,306467
19109481,0.77,0.7668,2,306491
19110941,0.65,0.67336,1,306549
19112401,0.66,0.662672,1,306549
19113861,0.57,0.588534,1,306579
19115321,0.57,0.573707,1,306594
19116781,0.51,0.522741,1,306613
19118241,0.41,0.432548,1,306686
19119701,0.43,0.43051,1,306694
19121161,0.35,0.366102,1,306705
19122621,0.29,0.30522,1,306721
19124081,0.29,0.293044,1,306739
19125541,0.31,0.306609,1,306756
19127001,0.35,0.341322,1,306817
19128461,0.37,0.364264,1,306855
19129921,0.38,0.376853,1,306855
19131381,0.31,0.323371,1,306925
19132841,0.32,0.320674,1,306925
19134301,0.37,0.360135,1,307002
19135761,0.38,0.376027,1,307002
19137221,0.33,0.339205,1,307028
19138681,0.34,0.339841,1,307028
19140141,0.35,0.347968,1,307059
19141601,0.36,0.357594,1,307059
19143061,0.41,0.399519,1,307136
19144521,0.42,0.415904,1,307136
19145981,0.37,0.379181,1,307156
19147441,0.38,0.379836,1,307156
19148901,0.39,0.387967,1,307192
19150361,0.4,0.397593,1,307192
19151821,0.4,0.399519,1,307192
19153281,0.53,0.503904,1,307294
19154741,0.54,0.532781,1,307294
19156201,0.51,0.514556,1,307361
19157661,0.52,0.518911,1,307361
19159121,0.55,0.543782,1,307441
19160581,0.56,0.556756,1,307441
19162041,0.55,0.551351,1,307465
19163501,0.56,0.55827,1,307465
19164961,0.57,0.567654,1,307497
19166421,0.58,0.577531,1,307497
19167881,0.55,0.555506,1,307577
19169341,0.56,0.559101,1,307577
19170801,0.55,0.55182,1,307595
19172261,0.56,0.558364,1,307595
19173721,0.53,0.535673,1,307632
19175181,0.54,0.539135,1,307632
19176641,0.53,0.531827,1,307634
19178101,0.54,0.538365,1,307634
19179561,0.65,0.627673,1,307742
19181021,0.66,0.653535,1,307742
19182481,0.67,0.666707,1,307808
19183941,0.68,0.677341,1,307808
19185401,0.69,0.687468,1,307890
19186861,0.7,0.697494,1,307890
19188321,0.71,0.707499,1,307914
19189781,0.72,0.7175,1,307914
19191241,0.75,0.7435,1,307947
19192701,0.76,0.7567,2,307947
19194161,0.73,0.73534,1,308026
19195621,0.74,0.739068,1,308026
19197081,0.73,0.731814,1,308044
19198541,0.74,0.738363,1,308044
19200001,0.77,0.763673,2,308080
19201461,0.78,0.776735,2,308080
19202921,0.77,0.771347,2,308082
19204381,0.78,0.778269,2,308082
19205841,0.81,0.803654,2,308196
19207301,0.82,0.816731,2,308196
19208761,0.82,0.819346,2,308196
19210221,0.83,0.827869,2,308263
19211681,0.84,0.837574,2,308263
19213141,0.85,0.847515,2,308346
19214601,0.86,0.857503,2,308346
19216061,0.87,0.867501,2,308371
19217521,0.88,0.8775,2,308371
19218981,0.91,0.9035,2,308406
19220441,0.92,0.9167,2,308406
19221901,0.91,0.91134,2,308484
19223361,0.92,0.918268,2,308484
19224821,0.93,0.927654,2,308502
19226281,0.94,0.937531,2,308502
19370821,0.92,0.92,2,310958
19372281,0.93,0.928,2,310958
19373741,0.93,0.9296,2,310983
19375201,0.94,0.93792,2,310983
19376661,0.87,0.883584,2,311028
19378121,0.88,0.880717,2,311028
19379581,0.51,0.584143,1,311121
19381041,0.52,0.532829,1,311121
19382501,0.41,0.434566,1,311180
19383961,0.42,0.422913,1,311180
19385421,0.31,0.332583,1,311237
19386881,0.32,0.322517,1,311237
19388341,0.27,0.280503,1,311290
19389801,0.28,0.280101,1,311290
19391261,0.19,0.20802,1,311322
19392721,0.2,0.201604,1,311322
19394181,0.2,0.200321,1,311322
19395641,0.15,0.160064,1,311345
19397101,0.16,0.160013,1,311345
19398561,0.17,0.168003,1,311387
19400021,0.18,0.177601,1,311387
19401481,0.07,0.0915201,1,311426
19402941,0.08,0.082304,1,311426
19404401,0.03,0.0404608,1,311450
19405861,0.04,0.0400922,1,311450
19407321,0.03,0.0320184,1,311492
19408781,0.04,0.0384037,1,311492
19410241,0.05,0.0476807,1,311567
19411701,0.06,0.0575361,1,311567
19413161,0.01,0.0195072,1,311621
19414621,0.02,0.0199014,1,311621
19416081,0.13,0.10798,1,311673
19417541,0.14,0.133596,1,311673
19419001,0.17,0.162719,1,311724
19420461,0.18,0.176544,1,311724
19421921,0.19,0.187309,1,311752
19423381,0.2,0.197462,1,311752
19424841,0.19,0.191492,1,311754
19426301,0.2,0.198298,1,311754
19427761,0.21,0.20766,1,311774
19429221,0.22,0.217532,1,311774
19430681,0.17,0.179506,1,311817
19432141,0.18,0.179901,1,311817
19433601,0.21,0.20398,1,311851
19435061,0.22,0.216796,1,311851
19436521,0.21,0.211359,1,311873
19437981,0.22,0.218272,1,311873
19439441,0.17,0.179654,1,311915
19440901,0.18,0.179931,1,311915
19442361,0.23,0.219986,1,311991
19443821,0.24,0.235997,1,311991
19445281,0.13,0.151199,1,312043
19446741,0.14,0.14224,1,312043
19448201,0.11,0.116448,1,312101
19449661,0.12,0.11929,1,312101
19451121,0.09,0.0958579,1,312154
19452581,0.1,0.0991716,1,312154
19454041,0.11,0.107834,1,312183
19455501,0.12,0.117567,1,312183
19456961,0.11,0.111513,1,312185
19458421,0.12,0.118303,1,312185
19459881,0.13,0.127661,1,312206
19461341,0.14,0.137532,1,312206
19462801,0.14,0.139506,1,312206
19464261,0.19,0.179901,1,312247
19465721,0.2,0.19598,1,312247
19467181,0.21,0.207196,1,312283
19468641,0.22,0.217439,1,312283
19470101,0.21,0.211488,1,312305
19471561,0.22,0.218298,1,312305
19473021,0.23,0.22766,1,312345
19474481,0.24,0.237532,1,312345
19475941,0.23,0.231506,1,312424
19477401,0.24,0.238301,1,312424
19478861,0.27,0.26366,1,312471
19480321,0.28,0.276732,1,312471
19481781,0.33,0.319346,1,312528
19483241,0.34,0.335869,1,312528
19484701,0.35,0.347174,1,312580
19486161,0.36,0.357435,1,312580
19487621,0.35,0.351487,1,312610
19489081,0.36,0.358297,1,312610
19490541,0.35,0.351659,1,312612
19492001,0.36,0.358332,1,312612
19493461,0.37,0.367666,1,312634
19494921,0.38,0.377533,1,312634
19496381,0.47,0.451507,1,312677
19497841,0.48,0.474301,1,312677
19499301,0.49,0.48686,1,312714
19500761,0.5,0.497372,1,312714
19502221,0.49,0.491474,1,312736
19503681,0.5,0.498295,1,312736
19505141,0.49,0.491659,1,312777
19506601,0.5,0.498332,1,312777
19508061,0.47,0.475666,1,312856
19509521,0.48,0.479133,1,312856
19510981,0.49,0.487827,1,312905
19512441,0.5,0.497565,1,312905
19513901,0.57,0.555513,1,312965
19515361,0.58,0.575103,1,312965
19516821,0.57,0.571021,1,313018
19518281,0.58,0.578204,1,313018
19519741,0.57,0.571641,1,313048
19521201,0.58,0.578328,1,313048
19522661,0.57,0.571666,1,313050
19524121,0.58,0.578333,1,313050
19525581,0.59,0.587667,1,313073
19527041,0.6,0.597533,1,313073
19528501,0.63,0.623507,1,313121
19529961,0.64,0.636701,1,313121
19531421,0.64,0.63934,1,313121
19532881,0.67,0.663868,1,313159
19534341,0.68,0.676774,1,313159
19535801,0.67,0.671355,1,313181
19537261,0.68,0.678271,1,313181
19538721,0.67,0.671654,1,313222
19540181,0.68,0.678331,1,313222
19541641,0.71,0.703666,1,313300
19543101,0.72,0.716733,1,313300
19544561,0.71,0.711347,1,313350
19546021,0.72,0.718269,1,313350
19547481,0.73,0.727654,1,313414
19548941,0.74,0.737531,1,313414
19550401,0.73,0.731506,1,313467
19551861,0.74,0.738301,1,313467
19553321,0.75,0.74766,1,313497
19554781,0.76,0.757532,2,313497
19556241,0.75,0.751506,2,313499
19557701,0.76,0.758301,2,313499
19559161,0.75,0.75166,2,313523
19560621,0.76,0.758332,2,313523
19562081,0.79,0.783666,2,313573
19563541,0.8,0.796733,2,313573
19565001,0.79,0.791347,2,313575
19566461,0.8,0.798269,2,313575
19567921,0.81,0.807654,2,313614
19569381,0.82,0.817531,2,313614
19570841,0.83,0.827506,2,313636
19572301,0.84,0.837501,2,313636
19573761,0.83,0.8315,2,313677
19575221,0.84,0.8383,2,313677
19576681,0.87,0.86366,2,313757
19578141,0.88,0.876732,2,313757
19579601,0.89,0.887346,2,313807
19581061,0.9,0.897469,2,313807
19582521,0.87,0.875494,2,313872
19583981,0.88,0.879099,2,313872
19585441,0.89,0.88782,2,313925
19586901,0.9,0.897564,2,313925
19588361,0.87,0.875513,2,313956
19589821,0.88,0.879103,2,313956
19591281,0.87,0.87182,2,313958
19592741,0.88,0.878364,2,313958
19594201,0.89,0.887673,2,313982
19595661,0.9,0.897535,2,313982
19597121,0.91,0.907507,2,314034
19598581,0.92,0.917501,2,314034
19600041,0.91,0.9115,2,314036
19601501,0.92,0.9183,2,314036
19602961,0.93,0.92766,2,314076
19604421,0.94,0.937532,2,314076
19605881,0.94,0.939506,2,314076
19607341,0.93,0.931901,2,314099
19608801,0.94,0.93838,2,314099
19610261,0.95,0.947676,2,314140
19681801,0.9,0.9,2,315698
19713921,0.73,0.764,2,315768
19715381,0.75,0.7528,2,315820
19716841,0.69,0.70256,1,315869
19718301,0.53,0.564512,1,315913
19719761,0.53,0.536902,1,315940
19721221,0.53,0.53138,1,315941
19722681,0.49,0.498276,1,315953
19724141,0.57,0.555655,1,315971
19725601,0.49,0.503131,1,315987
19727061,0.39,0.412626,1,316048
19728521,0.41,0.410525,1,316118
19729981,0.41,0.410105,1,316164
19731441,0.41,0.410021,1,316278
19732901,0.42,0.418004,1,316278
19734361,0.41,0.411601,1,316360
19735821,0.42,0.41832,1,316360
19737281,0.41,0.411664,1,316388
19738741,0.42,0.418333,1,316388
19740201,0.41,0.411667,1,316420
19741661,0.42,0.418333,1,316420
19743121,0.45,0.443667,1,316488
19744581,0.46,0.456733,1,316488
19746041,0.57,0.547347,1,316605
19747501,0.58,0.573469,1,316605
19748961,0.65,0.634694,1,316720
19750421,0.66,0.654939,1,316720
19751881,0.65,0.650988,1,316802
19753341,0.66,0.658198,1,316802
19754801,0.67,0.66764,1,316830
19756261,0.68,0.677528,1,316830
19757721,0.67,0.671506,1,316862
19759181,0.68,0.678301,1,316862
19760641,0.75,0.73566,1,316932
19762101,0.76,0.755132,2,316932
19763561,0.87,0.847026,2,317055
19765021,0.88,0.873405,2,317055
19766481,0.88,0.878681,2,317055
19767941,0.87,0.871736,2,317174
19769401,0.88,0.878347,2,317174
19770861,0.93,0.919669,2,317256
19772321,0.94,0.935934,2,317256
19773781,0.91,0.915187,2,317285
19775241,0.92,0.919037,2,317285
19776701,0.91,0.911807,2,317317
19778161,0.92,0.918361,2,317317
19779621,0.93,0.927672,2,317391
19781081,0.94,0.937534,2,317391
19861381,0.92,0.92,2,319451
19862841,0.93,0.928,2,319451
19864301,0.92,0.9216,2,319570
19865761,0.93,0.92832,2,319570
19867221,0.65,0.705664,1,319645
19868681,0.66,0.669133,1,319645
19870141,0.51,0.541827,1,319680
19871601,0.52,0.524365,1,319680
19873061,0.53,0.528873,1,319712
19874521,0.54,0.537775,1,319712
19875981,0.43,0.451555,1,319731
19877441,0.44,0.442311,1,319731
19878901,0.33,0.352462,1,319777
19880361,0.34,0.342492,1,319777
19881821,0.01,0.0764985,1,319921
19883281,0.02,0.0312997,1,319921
19884741,0.11,0.0942599,1,320037
19886201,0.12,0.114852,1,320037
19887661,0.11,0.11097,1,320098
19889121,0.12,0.118194,1,320098
19890581,0.09,0.0956388,1,320126
19892041,0.1,0.0991278,1,320126
19893501,0.09,0.0918256,1,320159
19894961,0.1,0.0983651,1,320159
19896421,0.11,0.107673,1,320173
19897881,0.12,0.117535,1,320173
19899341,0.12,0.119507,1,320173
19900801,0.17,0.159901,1,320214
19902261,0.18,0.17598,1,320214
19903721,0.17,0.171196,1,320342
19905181,0.18,0.178239,1,320342
19906641,0.05,0.0756478,1,320463
19908101,0.06,0.0631296,1,320463
19909561,0.09,0.0846259,1,320524
19911021,0.1,0.0969252,1,320524
19912481,0.13,0.123385,1,320551
19913941,0.14,0.136677,1,320551
19915401,0.13,0.131335,1,320584
19916861,0.14,0.138267,1,320584
19918321,0.15,0.147653,1,320599
19919781,0.16,0.157531,1,320599
19921241,0.15,0.151506,1,320601
19922701,0.16,0.158301,1,320601
19924161,0.17,0.16766,1,320644
19925621,0.18,0.177532,1,320644
19927081,0.21,0.203506,1,320772
19928541,0.22,0.216701,1,320772
19930001,0.15,0.16334,1,320887
19931461,0.16,0.160668,1,320887
19932921,0.21,0.200134,1,320950
19934381,0.22,0.216027,1,320950
19935841,0.19,0.195205,1,320979
19937301,0.2,0.199041,1,320979
19938761,0.25,0.239808,1,321012
19940221,0.26,0.255962,1,321012
19941681,0.25,0.251192,1,321028
19943141,0.26,0.258238,1,321028
19944601,0.25,0.251648,1,321030
19946061,0.26,0.25833,1,321030
19947521,0.26,0.259666,1,321030
19948981,0.33,0.315933,1,321074
19950441,0.34,0.335187,1,321074
19951901,0.39,0.379037,1,321204
19953361,0.4,0.395807,1,321204
19954821,0.47,0.455162,1,321316
19956281,0.48,0.475032,1,321316
19957741,0.47,0.471006,1,321382
19959201,0.48,0.478201,1,321382
19960661,0.47,0.47164,1,321410
19962121,0.48,0.478328,1,321410
19963581,0.51,0.503666,1,321446
19965041,0.52,0.516733,1,321446
19966501,0.51,0.511347,1,321462
19967961,0.52,0.518269,1,321462
19969421,0.51,0.511654,1,321464
19970881,0.52,0.518331,1,321464
19972341,0.49,0.495666,1,321511
19973801,0.5,0.499133,1,321511
19975261,0.49,0.491827,1,321644
19976721,0.5,0.498365,1,321644
19978181,0.49,0.491673,1,321760
19979641,0.5,0.498335,1,321760
19981101,0.53,0.523667,1,321826
19982561,0.54,0.536733,1,321826
19984021,0.53,0.531347,1,321854
19985481,0.54,0.538269,1,321854
19986941,0.53,0.531654,1,321892
19988401,0.54,0.538331,1,321892
19989861,0.55,0.547666,1,321908
19991321,0.56,0.557533,1,321908
19992781,0.55,0.551507,1,321910
19994241,0.56,0.558301,1,321910
19995701,0.61,0.59966,1,321956
19997161,0.62,0.615932,1,321956
19998621,0.65,0.643186,1,322089
20000081,0.66,0.656637,1,322089
20001541,0.66,0.659327,1,322089
20003001,0.73,0.715865,1,322205
20004461,0.74,0.735173,1,322205
20005921,0.73,0.731035,1,322273
20007381,0.74,0.738207,1,322273
20008841,0.73,0.731641,1,322301
20010301,0.74,0.738328,1,322301
20011761,0.73,0.731666,1,322339
20013221,0.74,0.738333,1,322339
20014681,0.71,0.715667,1,322356
20016141,0.72,0.719133,1,322356
20017601,0.71,0.711827,1,322358
20019061,0.72,0.718365,1,322358
20020521,0.77,0.759673,2,322407
20021981,0.78,0.775935,2,322407
20023441,0.77,0.771187,2,322542
20024901,0.78,0.778237,2,322542
20026361,0.77,0.771647,2,322544
20027821,0.78,0.77833,2,322544
20029281,0.87,0.851666,2,322663
20030741,0.88,0.874333,2,322663
20032201,0.91,0.902867,2,322731
20033661,0.92,0.916573,2,322731
20035121,0.95,0.943315,2,322759
20038041,0.95,0.95,2,322797
20040961,0.95,0.95,2,322813
20043881,0.95,0.95,2,322815
20116881,0.89,0.89,2,324172
20118341,0.9,0.898,2,324172
20160681,0.95,0.95,2,324928
20163601,0.91,0.91,2,324967
20165061,0.92,0.918,2,324967
20166521,0.77,0.7996,2,325052
20167981,0.78,0.78392,2,325052
20169441,0.73,0.740784,1,325089
20170901,0.74,0.740157,1,325089
20172361,0.77,0.764031,2,325119
20173821,0.78,0.776806,2,325119
20175281,0.67,0.691361,1,325160
20176741,0.68,0.682272,1,325160
20178201,0.68,0.680454,1,325160
20179661,0.65,0.656091,1,325198
20181121,0.66,0.659218,1,325198
20182581,0.67,0.667844,1,325227
20184041,0.68,0.677569,1,325227
20185501,0.49,0.527514,1,325275
20186961,0.5,0.505503,1,325275
20188421,0.51,0.509101,1,325307
20189881,0.52,0.51782,1,325307
20191341,0.39,0.415564,1,325397
20192801,0.4,0.403113,1,325397
20194261,0.27,0.296623,1,325434
20195721,0.28,0.283325,1,325434
20197181,0.27,0.272665,1,325512
20198641,0.28,0.278533,1,325512
20200101,0.29,0.287707,1,325547
20201561,0.3,0.297541,1,325547
20203021,0.27,0.275508,1,325579
20204481,0.28,0.279102,1,325579
20205941,0.23,0.23982,1,325615
20207401,0.24,0.239964,1,325615
20208861,0.25,0.247993,1,325651
20210321,0.26,0.257599,1,325651
20211781,0.29,0.28352,1,325681
20213241,0.3,0.296704,1,325681
20214701,0.27,0.275341,1,325720
20216161,0.28,0.279068,1,325720
20217621,0.21,0.223814,1,325753
20219081,0.22,0.220763,1,325753
20220541,0.21,0.212153,1,325837
20222001,0.22,0.218431,1,325837
20223461,0.27,0.259686,1,325868
20224921,0.28,0.275937,1,325868
20226381,0.31,0.303187,1,325946
20227841,0.32,0.316637,1,325946
20229301,0.35,0.343327,1,325982
20230761,0.36,0.356666,1,325982
20232221,0.33,0.335333,1,326013
20233681,0.34,0.339067,1,326013
20235141,0.33,0.331813,1,326047
20236601,0.34,0.338363,1,326047
20238061,0.35,0.347673,1,326084
20239521,0.36,0.357535,1,326084
20240981,0.36,0.359507,1,326084
20242441,0.43,0.415901,1,326116
20243901,0.44,0.43518,1,326116
20245361,0.43,0.431036,1,326154
20246821,0.44,0.438207,1,326154
20248281,0.43,0.431641,1,326184
20249741,0.44,0.438328,1,326184
20251201,0.47,0.463666,1,326268
20252661,0.48,0.476733,1,326268
20254121,0.43,0.439347,1,326302
20255581,0.44,0.439869,1,326302
20257041,0.49,0.479974,1,326382
20258501,0.5,0.495995,1,326382
20259961,0.49,0.491199,1,326420
20261421,0.5,0.49824,1,326420
20262881,0.49,0.491648,1,326450
20264341,0.5,0.49833,1,326450
20265801,0.49,0.491666,1,326484
20267261,0.5,0.498333,1,326484
20268721,0.53,0.523667,1,326522
20270181,0.54,0.536733,1,326522
20271641,0.53,0.531347,1,326524
20273101,0.54,0.538269,1,326524
20274561,0.59,0.579654,1,326559
20276021,0.6,0.595931,1,326559
20277481,0.59,0.591186,1,326597
20278941,0.6,0.598237,1,326597
20280401,0.61,0.607647,1,326627
20281861,0.62,0.61753,1,326627
20283321,0.65,0.643506,1,326713
20284781,0.66,0.656701,1,326713
20286241,0.65,0.65134,1,326745
20287701,0.66,0.658268,1,326745
20289161,0.73,0.715654,1,326828
20290621,0.74,0.735131,1,326828
20292081,0.75,0.747026,1,326866
20293541,0.76,0.757405,2,326866
20295001,0.79,0.783481,2,326896
20296461,0.8,0.796696,2,326896
20297921,0.81,0.807339,2,326930
20299381,0.82,0.817468,2,326930
20300841,0.87,0.859494,2,326970
20302301,0.88,0.875899,2,326970
20303761,0.87,0.87118,2,326972
20305221,0.88,0.878236,2,326972
20306681,0.89,0.887647,2,327010
20308141,0.9,0.897529,2,327010
20309601,0.9,0.899506,2,327010
20480421,0.88,0.88,2,329459
20481881,0.89,0.888,2,329459
20483341,0.91,0.9056,2,329492
20484801,0.92,0.91712,2,329492
20486261,0.93,0.927424,2,329525
20487721,0.94,0.937485,2,329525
20489181,0.83,0.851497,2,329561
20490641,0.84,0.842299,2,329561
20492101,0.61,0.65646,1,329611
20493561,0.62,0.627292,1,329611
20495021,0.41,0.453458,1,329683
20496481,0.42,0.426692,1,329683
20497941,0.13,0.189338,1,329734
20499401,0.14,0.149868,1,329734
20500861,0.07,0.0859735,1,329768
20502321,0.08,0.0811947,1,329768
20503781,0.01,0.0242389,1,329796
20505241,0.02,0.0208478,1,329796
20506701,0.03,0.0281696,1,329839
20508161,0.04,0.0376339,1,329839
20509621,0.13,0.111527,1,329868
20511081,0.14,0.134305,1,329868
20512541,0.07,0.0828611,1,329892
20514001,0.08,0.0805722,1,329892
20515461,0.03,0.0401144,1,329929
20516921,0.04,0.0400229,1,329929
20518381,0.03,0.0320046,1,329961
20519841,0.04,0.0384009,1,329961
20521301,0.05,0.0476802,1,329992
20522761,0.06,0.057536,1,329992
20524221,0.01,0.0195072,1,330023
20525681,0.02,0.0199014,1,330023
20527141,0.03,0.0279803,1,330062
20528601,0.04,0.0375961,1,330062
20530061,0.04,0.0395192,1,330062
20531521,0.09,0.0799038,1,330124
20532981,0.1,0.0959808,1,330124
20534441,0.09,0.0911962,1,330161
20535901,0.1,0.0982392,1,330161
20537361,0.05,0.0596478,1,330192
20538821,0.06,0.0599296,1,330192
20540281,0.05,0.0519859,1,330217
20541741,0.06,0.0583972,1,330217
20543201,0.01,0.0196794,1,330261
20544661,0.02,0.0199359,1,330261
20546121,0.05,0.0439872,1,330295
20547581,0.06,0.0567974,1,330295
20549041,0.13,0.115359,1,330316
20550501,0.14,0.135072,1,330316
20551961,0.03,0.0510144,1,330351
20553421,0.04,0.0422029,1,330351
20554881,0.03,0.0324406,1,330383
20556341,0.04,0.0384881,1,330383
20557801,0.03,0.0316976,1,330415
20559261,0.04,0.0383395,1,330415
20560721,0.09,0.0796679,1,330444
20562181,0.1,0.0959336,1,330444
20563641,0.03,0.0431867,1,330484
20565101,0.04,0.0406373,1,330484
20566561,0.03,0.0321275,1,330486
20568021,0.04,0.0384255,1,330486
20569481,0.15,0.127685,1,330550
20570941,0.16,0.153537,1,330550
20572401,0.13,0.134707,1,330587
20573861,0.14,0.138941,1,330587
20575321,0.19,0.179788,1,330616
20576781,0.2,0.195958,1,330616
20578241,0.17,0.175192,1,330641
20579701,0.18,0.179038,1,330641
20581161,0.17,0.171808,1,330683
20582621,0.18,0.178362,1,330683
20584081,0.01,0.0436723,1,330719
20585541,0.02,0.0247345,1,330719
20587001,0.03,0.0289469,1,330744
20588461,0.04,0.0377894,1,330744
20589921,0.07,0.0635579,1,330774
20591381,0.08,0.0767116,1,330774
20592841,0.05,0.0553423,1,330806
20594301,0.06,0.0590685,1,330806
20595761,0.01,0.0198137,1,330838
20597221,0.02,0.0199627,1,330838
20598681,0.03,0.0279925,1,330870
20600141,0.04,0.0375985,1,330870
20601601,0.01,0.0155197,1,330907
20603061,0.02,0.0191039,1,330907
20604521,0.01,0.0118208,1,330909
20605981,0.02,0.0183642,1,330909
20607441,0.11,0.0916728,1,330979
20608901,0.12,0.114335,1,330979
20610361,0.12,0.118867,1,330979
20611821,0.13,0.127773,1,331015
20613281,0.14,0.137555,1,331015
20614741,0.13,0.131511,1,331047
20616201,0.14,0.138302,1,331047
20617661,0.15,0.14766,1,331071
20619121,0.16,0.157532,1,331071
20620581,0.11,0.119506,1,331113
20622041,0.12,0.119901,1,331113
20623501,0.09,0.0959803,1,331141
20624961,0.1,0.0991961,1,331141
20626421,0.09,0.0918392,1,331167
20627881,0.1,0.0983678,1,331167
20629341,0.09,0.0916736,1,331199
20630801,0.1,0.0983347,1,331199
20632261,0.13,0.123667,1,331230
20633721,0.14,0.136733,1,331230
20635181,0.15,0.147347,1,331260
20636641,0.16,0.157469,1,331260
20638101,0.09,0.103494,1,331293
20639561,0.1,0.100699,1,331293
20641021,0.05,0.0601398,1,331329
20642481,0.06,0.060028,1,331329
20643941,0.05,0.0520056,1,331331
20645401,0.06,0.0584011,1,331331
20646861,0.05,0.0516802,1,331406
20648321,0.06,0.058336,1,331406
20649781,0.09,0.0836672,1,331442
20651241,0.1,0.0967334,1,331442
20652701,0.09,0.0913467,1,331474
20654161,0.1,0.0982693,1,331474
20655621,0.09,0.0916539,1,331499
20657081,0.1,0.0983308,1,331499
20658541,0.09,0.0916662,1,331539
20660001,0.1,0.0983332,1,331539
20661461,0.09,0.0916666,1,331566
20662921,0.1,0.0983333,1,331566
20664381,0.11,0.107667,1,331592
20665841,0.12,0.117533,1,331592
20667301,0.11,0.111507,1,331624
20668761,0.12,0.118301,1,331624
20670221,0.15,0.14366,1,331657
20671681,0.16,0.156732,1,331657
20673141,0.15,0.151346,1,331688
20674601,0.16,0.158269,1,331688
20676061,0.15,0.151654,1,331718
20677521,0.16,0.158331,1,331718
20678981,0.17,0.167666,1,331752
20680441,0.18,0.177533,1,331752
20681901,0.17,0.171507,1,331754
20683361,0.18,0.178301,1,331754
20684821,0.17,0.17166,1,331829
20686281,0.18,0.178332,1,331829
20687741,0.19,0.187666,1,331867
20689201,0.2,0.197533,1,331867
20690661,0.2,0.199507,1,331867
20692121,0.23,0.223901,1,331899
20693581,0.24,0.23678,1,331899
20695041,0.23,0.231356,1,331924
20696501,0.24,0.238271,1,331924
20697961,0.25,0.247654,1,331964
20699421,0.26,0.257531,1,331964
20700881,0.27,0.267506,1,331991
20702341,0.28,0.277501,1,331991
20703801,0.29,0.2875,1,332018
20705261,0.3,0.2975,1,332018
20706721,0.29,0.2915,1,332050
20708181,0.3,0.2983,1,332050
20709641,0.27,0.27566,1,332085
20711101,0.28,0.279132,1,332085
20712561,0.25,0.255826,1,332116
20714021,0.26,0.259165,1,332116
20715481,0.27,0.267833,1,332146
20716941,0.28,0.277567,1,332146
20718401,0.25,0.255513,1,332181
20719861,0.26,0.259103,1,332181
20721321,0.25,0.251821,1,332183
20722781,0.26,0.258364,1,332183
20724241,0.31,0.299673,1,332258
20725701,0.32,0.315935,1,332258
20727161,0.35,0.343187,1,332297
20728621,0.36,0.356637,1,332297
20730081,0.35,0.351327,1,332299
20731541,0.36,0.358266,1,332299
20733001,0.39,0.383653,1,332332
20734461,0.4,0.396731,1,332332
20735921,0.37,0.375346,1,332357
20737381,0.38,0.379069,1,332357
20738841,0.41,0.403814,1,332398
20740301,0.42,0.416763,1,332398
20741761,0.41,0.411353,1,332426
20743221,0.42,0.418271,1,332426
20744681,0.41,0.411654,1,332454
20746141,0.42,0.418331,1,332454
20747601,0.45,0.443666,1,332486
20749061,0.46,0.456733,1,332486
20750521,0.45,0.451347,1,332520
20751981,0.46,0.458269,1,332520
20753441,0.51,0.499654,1,332550
20754901,0.52,0.515931,1,332550
20756361,0.55,0.543186,1,332581
20757821,0.56,0.556637,1,332581
20759281,0.57,0.567327,1,332615
20760741,0.58,0.577466,1,332615
20762201,0.57,0.571493,1,332617
20763661,0.58,0.578299,1,332617
20765121,0.63,0.61966,1,332695
20766581,0.64,0.635932,1,332695
20768041,0.67,0.663186,1,332736
20769501,0.68,0.676637,1,332736
20770961,0.67,0.671327,1,332738
20772421,0.68,0.678266,1,332738
20773881,0.67,0.671653,1,332773
20775341,0.68,0.678331,1,332773
20776801,0.68,0.679666,1,332773
20778261,0.71,0.703933,1,332797
20779721,0.72,0.716787,1,332797
20781181,0.75,0.743357,1,332840
20782641,0.76,0.756671,2,332840
20784101,0.75,0.751334,2,332868
20785561,0.76,0.758267,2,332868
20787021,0.77,0.767653,2,332896
20788481,0.78,0.777531,2,332896
20789941,0.77,0.771506,2,332930
20791401,0.78,0.778301,2,332930
20792861,0.77,0.77166,2,332964
20794321,0.78,0.778332,2,332964
20795781,0.75,0.755666,2,332997
20797241,0.76,0.759133,2,332997
20798701,0.79,0.783827,2,333030
20800161,0.8,0.796765,2,333030
20801621,0.81,0.807353,2,333065
20803081,0.82,0.817471,2,333065
20804541,0.81,0.811494,2,333067
20806001,0.82,0.818299,2,333067
20807461,0.85,0.84366,2,333148
20808921,0.86,0.856732,2,333148
20810381,0.85,0.851346,2,333191
20811841,0.86,0.858269,2,333191
20813301,0.85,0.851654,2,333193
20814761,0.86,0.858331,2,333193
20816221,0.85,0.851666,2,333228
20817681,0.86,0.858333,2,333228
20819141,0.83,0.835667,2,333253
20820601,0.84,0.839133,2,333253
20822061,0.81,0.815827,2,333298
20823521,0.82,0.819165,2,333298
20824981,0.83,0.827833,2,333326
20826441,0.84,0.837567,2,333326
20827901,0.87,0.863513,2,333355
20829361,0.88,0.876703,2,333355
20830821,0.89,0.887341,2,333389
20832281,0.9,0.897468,2,333389
20833741,0.89,0.891494,2,333423
20835201,0.9,0.898299,2,333423
20836661,0.89,0.89166,2,333455
20838121,0.9,0.898332,2,333455
20839581,0.91,0.907666,2,333490
20841041,0.92,0.917533,2,333490
20842501,0.95,0.943507,2,333526
20845421,0.95,0.95,2,333528
21000181,0.79,0.79,2,335265
21001641,0.8,0.798,2,335265
21003101,0.85,0.8396,2,335297
21004561,0.86,0.85592,2,335297
21006021,0.75,0.771184,2,335328
21007481,0.76,0.762237,2,335328
21008941,0.83,0.816447,2,335341
20962221,0.75,0.763289,2,335358
21010401,0.49,0.544658,1,335416
21011861,0.47,0.484932,1,335441
21013321,0.23,0.280986,1,335518
21014781,0.11,0.144197,1,335553
21016241,0.01,0.0368395,1,335588
21017701,0.03,0.0313679,1,335628
21019161,0.03,0.0302736,1,335659
21020621,0.13,0.110055,1,335692
21022081,0.09,0.0940109,1,335713
21023541,0.01,0.0268022,1,335763
21025001,0.05,0.0453604,1,335786
21026461,0.05,0.0490721,1,335787
21027921,0.01,0.0178144,1,335803
21029381,0.05,0.0435629,1,335816
21030841,0.01,0.0167126,1,335885
21032301,0.02,0.0193425,1,335885
21033761,0.07,0.0598685,1,335979
21035221,0.08,0.0759737,1,335979
21036681,0.11,0.103195,1,336050
21038141,0.12,0.116639,1,336050
21039601,0.07,0.0793278,1,336119
21041061,0.08,0.0798656,1,336119
21042521,0.05,0.0559731,1,336184
21043981,0.06,0.0591946,1,336184
21045441,0.01,0.0198389,1,336210
21046901,0.02,0.0199678,1,336210
21048361,0.07,0.0599936,1,336239
21049821,0.08,0.0759987,1,336239
21051281,0.08,0.0791997,1,336239
21052741,0.07,0.0718399,1,336307
21054201,0.08,0.078368,1,336307
21055661,0.13,0.119674,1,336404
21057121,0.14,0.135935,1,336404
21058581,0.07,0.0831869,1,336477
21060041,0.08,0.0806374,1,336477
21061501,0.01,0.0241275,1,336544
21062961,0.02,0.0208255,1,336544
21064421,0.03,0.0281651,1,336608
21065881,0.04,0.037633,1,336608
21067341,0.03,0.0315266,1,336632
21068801,0.04,0.0383053,1,336632
21070261,0.03,0.0316611,1,336664
21071721,0.04,0.0383322,1,336664
21073181,0.03,0.0316664,1,336731
21074641,0.04,0.0383333,1,336731
21076101,0.07,0.0636667,1,336831
21077561,0.08,0.0767333,1,336831
21079021,0.07,0.0713467,1,336901
21080481,0.08,0.0782693,1,336901
21081941,0.03,0.0396539,1,336965
21083401,0.04,0.0399308,1,336965
21084861,0.03,0.0319862,1,337030
21086321,0.04,0.0383972,1,337030
21087781,0.03,0.0316794,1,337054
21089241,0.04,0.0383359,1,337054
21090701,0.03,0.0316672,1,337086
21092161,0.04,0.0383334,1,337086
21093621,0.05,0.0476667,1,337153
21095081,0.06,0.0575333,1,337153
21096541,0.06,0.0595067,1,337153
21098001,0.17,0.147901,1,337255
21099461,0.18,0.17358,1,337255
21100921,0.13,0.138716,1,337325
21102381,0.14,0.139743,1,337325
21103841,0.05,0.0679486,1,337387
21105301,0.06,0.0615897,1,337387
21106761,0.05,0.0523179,1,337452
21108221,0.06,0.0584636,1,337452
21109681,0.05,0.0516927,1,337476
21111141,0.06,0.0583385,1,337476
21112601,0.03,0.0356677,1,337508
21114061,0.04,0.0391335,1,337508
21115521,0.07,0.0638267,1,337576
21116981,0.08,0.0767653,1,337576
21118441,0.07,0.0713531,1,337578
21119901,0.08,0.0782706,1,337578
21121361,0.07,0.0716541,1,337685
21122821,0.08,0.0783308,1,337685
21124281,0.07,0.0716662,1,337753
21125741,0.08,0.0783332,1,337753
21127201,0.09,0.0876666,1,337811
21128661,0.1,0.0975333,1,337811
21130121,0.07,0.0755067,1,337876
21131581,0.08,0.0791013,1,337876
21133041,0.11,0.10382,1,337900
21134501,0.12,0.116764,1,337900
21135961,0.09,0.0953528,1,337931
21137421,0.1,0.0990706,1,337931
21138881,0.11,0.107814,1,338001
21140341,0.12,0.117563,1,338001
21141801,0.11,0.111513,1,338003
21143261,0.12,0.118303,1,338003
21144721,0.15,0.143661,1,338110
21146181,0.16,0.156732,1,338110
21147641,0.16,0.159346,1,338110
21149101,0.23,0.215869,1,338178
21150561,0.24,0.235174,1,338178
21152021,0.29,0.279035,1,338237
21153481,0.3,0.295807,1,338237
21154941,0.31,0.307161,1,338301
21156401,0.32,0.317432,1,338301
21157861,0.35,0.343486,1,338327
21159321,0.36,0.356697,1,338327
21160781,0.37,0.367339,1,338357
21162241,0.38,0.377468,1,338357
21163701,0.39,0.387494,1,338428
21165161,0.4,0.397499,1,338428
21166621,0.39,0.3915,1,338430
21168081,0.4,0.3983,1,338430
21169541,0.39,0.39166,1,338539
21171001,0.4,0.398332,1,338539
21172461,0.41,0.407666,1,338610
21173921,0.42,0.417533,1,338610
21175381,0.39,0.395507,1,338672
21176841,0.4,0.399101,1,338672
21178301,0.43,0.42382,1,338737
21179761,0.44,0.436764,1,338737
21181221,0.43,0.431353,1,338765
21182681,0.44,0.438271,1,338765
21184141,0.49,0.479654,1,338796
21185601,0.5,0.495931,1,338796
21187061,0.47,0.475186,1,338868
21188521,0.48,0.479037,1,338868
21189981,0.47,0.471807,1,338870
21191441,0.48,0.478362,1,338870
21192901,0.51,0.503672,1,338979
21194361,0.52,0.516734,1,338979
21195821,0.53,0.527347,1,339051
21197281,0.54,0.537469,1,339051
21198741,0.61,0.595494,1,339112
21200201,0.62,0.615099,1,339112
21201661,0.62,0.61902,1,339112
21203121,0.73,0.707804,1,339179
21204581,0.74,0.733561,1,339179
21206041,0.77,0.762712,2,339207
21207501,0.78,0.776542,2,339207
21208961,0.75,0.755308,2,339241
21210421,0.76,0.759062,2,339241
21211881,0.77,0.767812,2,339312
21213341,0.78,0.777562,2,339312
21214801,0.77,0.771513,2,339314
21216261,0.78,0.778303,2,339314
21217721,0.77,0.771661,2,339425
21219181,0.78,0.778332,2,339425
21220641,0.81,0.803666,2,339498
21222101,0.82,0.816733,2,339498
21223561,0.79,0.795347,2,339563
21225021,0.8,0.799069,2,339563
21226481,0.79,0.791814,2,339565
21227941,0.8,0.798363,2,339565
21229401,0.85,0.839673,2,339637
21230861,0.86,0.855935,2,339637
21232321,0.87,0.867187,2,339667
21233781,0.88,0.877437,2,339667
21235241,0.87,0.871487,2,339700
21236701,0.88,0.878297,2,339700
21238161,0.89,0.88766,2,339772
21239621,0.9,0.897532,2,339772
21241081,0.89,0.891506,2,339774
21242541,0.9,0.898301,2,339774
21244001,0.93,0.92366,2,339885
21245461,0.94,0.936732,2,339885
21246921,0.93,0.931346,2,339960
21248381,0.94,0.938269,2,339960
21360801,0.61,0.61,1,341932
21362261,0.62,0.618,1,341932
21363721,0.45,0.4836,1,341967
21365181,0.46,0.46472,1,341967
21366641,0.25,0.292944,1,341998
21368101,0.26,0.266589,1,341998
21369561,0.15,0.173318,1,342030
21371021,0.16,0.162664,1,342030
21372481,0.11,0.120533,1,342061
21373941,0.12,0.120107,1,342061
21375401,0.12,0.120021,1,342061
21376861,0.05,0.0640043,1,342108
21378321,0.06,0.0608009,1,342108
21379781,0,0.0121602,1,342158
21381241,0,0.00243203,1,342158
21382701,0.01,0.00848641,1,342202
21384161,0.02,0.0176973,1,342202
21385621,0.03,0.0275395,1,342260
21387081,0.04,0.0375079,1,342260
21388541,0.01,0.0155016,1,342315
21390001,0.02,0.0191003,1,342315
21391461,0.01,0.0118201,1,342384
21392921,0.02,0.018364,1,342384
21394381,0.11,0.0916728,1,342411
21395841,0.12,0.114335,1,342411
21397301,0.05,0.0628669,1,342432
21398761,0.06,0.0605734,1,342432
21400221,0.07,0.0681147,1,342459
21401681,0.08,0.0776229,1,342459
21403141,0.01,0.0235246,1,342488
21404601,0.02,0.0207049,1,342488
21406061,0.07,0.060141,1,342531
21407521,0.08,0.0760282,1,342531
21408981,0,0.0152056,1,342579
21410441,0,0.00304113,1,342579
21411901,0.05,0.0406082,1,342623
21413361,0.06,0.0561216,1,342623
21414821,0.01,0.0192243,1,342682
21416281,0.02,0.0198449,1,342682
21417741,0.13,0.107969,1,342736
21419201,0.14,0.133594,1,342736
21420661,0.05,0.0667188,1,342805
21422121,0.06,0.0613438,1,342805
21423581,0.03,0.0362688,1,342837
21425041,0.04,0.0392538,1,342837
21426501,0.07,0.0638507,1,342855
21427961,0.08,0.0767701,1,342855
21429421,0.07,0.071354,1,342883
21430881,0.08,0.0782708,1,342883
21432341,0.05,0.0556542,1,342909
21433801,0.06,0.0591308,1,342909
21435261,0.05,0.0518262,1,342955
21436721,0.06,0.0583652,1,342955
21438181,0.01,0.019673,1,343000
21439641,0.02,0.0199346,1,343000
21441101,0.02,0.0199869,1,343000
21442561,0.03,0.0279974,1,343046
21444021,0.04,0.0375995,1,343046
21445481,0.05,0.0475199,1,343103
21446941,0.06,0.057504,1,343103
21448401,0.05,0.0515008,1,343163
21449861,0.06,0.0583002,1,343163
21451321,0.03,0.03566,1,343228
21452781,0.04,0.039132,1,343228
21454241,0.05,0.0478264,1,343259
21455701,0.06,0.0575653,1,343259
21457161,0.09,0.0835131,1,343279
21458621,0.1,0.0967026,1,343279
21460081,0.11,0.107341,1,343307
21461541,0.12,0.117468,1,343307
21463001,0.09,0.0954936,1,343332
21464461,0.1,0.0990987,1,343332
21465921,0.03,0.0438197,1,343378
21467381,0.04,0.0407639,1,343378
21468841,0.01,0.0161528,1,343421
21470301,0.02,0.0192306,1,343421
21471761,0.01,0.0118461,1,343423
21473221,0.02,0.0183692,1,343423
21474681,0.01,0.0116738,1,343469
21476141,0.02,0.0183348,1,343469
21477601,0.03,0.027667,1,343527
21479061,0.04,0.0375334,1,343527
21480521,0.05,0.0475067,1,343587
21481981,0.06,0.0575013,1,343587
21483441,0.01,0.0195003,1,343651
21484901,0.02,0.0199001,1,343651
21486361,0.05,0.04398,1,343683
21487821,0.06,0.056796,1,343683
21489281,0.01,0.0193592,1,343705
21490741,0.02,0.0198718,1,343705
21492201,0.01,0.0119744,1,343734
21493661,0.02,0.0183949,1,343734
21495121,0.01,0.011679,1,343758
21496581,0.02,0.0183358,1,343758
21498041,0.01,0.0116672,1,343801
21499501,0.02,0.0183334,1,343801
21500961,0,0.00366669,1,343843
21502421,0,0.000733337,1,343843
21503881,0.01,0.00814667,1,343845
21505341,0.02,0.0176293,1,343845
21506801,0.01,0.0115259,1,343891
21508261,0.02,0.0183052,1,343891
21509721,0.02,0.019661,1,343891
21511181,0.01,0.0119322,1,343950
21512641,0.02,0.0183864,1,343950
21514101,0.07,0.0596773,1,344011
21515561,0.08,0.0759355,1,344011
21517021,0.05,0.0551871,1,344073
21518481,0.06,0.0590374,1,344073
21519941,0.05,0.0518075,1,344107
21521401,0.06,0.0583615,1,344107
21522861,0.05,0.0516723,1,344127
21524321,0.06,0.0583345,1,344127
21525781,0.05,0.0516669,1,344156
21527241,0.06,0.0583334,1,344156
21528701,0.09,0.0836667,1,344180
21530161,0.1,0.0967333,1,344180
21531621,0.05,0.0593467,1,344223
21533081,0.06,0.0598693,1,344223
21534541,0,0.0119739,1,344265
21536001,0,0.00239477,1,344265
21537461,0.01,0.00847895,1,344267
21538921,0.02,0.0176958,1,344267
21540381,0.01,0.0115392,1,344313
21541841,0.02,0.0183078,1,344313
21543301,0.03,0.0276616,1,344371
21544761,0.04,0.0375323,1,344371
21546221,0.03,0.0315065,1,344435
21547681,0.04,0.0383013,1,344435
21549141,0.09,0.0796603,1,344496
21550601,0.1,0.0959321,1,344496
21552061,0.11,0.107186,1,344530
21553521,0.12,0.117437,1,344530
21554981,0.11,0.111487,1,344550
21556441,0.12,0.118297,1,344550
21557901,0.09,0.0956595,1,344579
21559361,0.1,0.0991319,1,344579
21560821,0.09,0.0918264,1,344605
21562281,0.1,0.0983653,1,344605
21563741,0.11,0.107673,1,344646
21565201,0.12,0.117535,1,344646
21566661,0.05,0.0635069,1,344686
21568121,0.06,0.0607014,1,344686
21569581,0.05,0.0521403,1,344688
21571041,0.06,0.0584281,1,344688
21572501,0.03,0.0356856,1,344734
21573961,0.04,0.0391371,1,344734
21575421,0.01,0.0158274,1,344793
21576881,0.02,0.0191655,1,344793
21578341,0.02,0.0198331,1,344793
21579801,0.03,0.0279666,1,344857
21581261,0.04,0.0375933,1,344857
21582721,0.13,0.111519,1,344921
21584181,0.14,0.134304,1,344921
21585641,0.15,0.146861,1,344956
21587101,0.16,0.157372,1,344956
21588561,0.15,0.151474,1,344976
21590021,0.16,0.158295,1,344976
21591481,0.17,0.167659,1,345004
21592941,0.18,0.177532,1,345004
21594401,0.17,0.171506,1,345030
21595861,0.18,0.178301,1,345030
21597321,0.21,0.20366,1,345072
21598781,0.22,0.216732,1,345072
21600241,0.21,0.211346,1,345109
21601701,0.22,0.218269,1,345109
21603161,0.21,0.211654,1,345111
21604621,0.22,0.218331,1,345111
21606081,0.19,0.195666,1,345156
21607541,0.2,0.199133,1,345156
21609001,0.13,0.143827,1,345214
21610461,0.14,0.140765,1,345214
21611921,0.13,0.132153,1,345216
21613381,0.14,0.138431,1,345216
21614841,0.11,0.115686,1,345280
21616301,0.12,0.119137,1,345280
21617761,0.09,0.0958274,1,345349
21619221,0.1,0.0991655,1,345349
21620681,0.15,0.139833,1,345385
21622141,0.16,0.155967,1,345385
21623601,0.15,0.151193,1,345405
21625061,0.16,0.158239,1,345405
21626521,0.17,0.167648,1,345434
21627981,0.18,0.17753,1,345434
21629441,0.17,0.171506,1,345460
21630901,0.18,0.178301,1,345460
21632361,0.17,0.17166,1,345504
21633821,0.18,0.178332,1,345504
21635281,0.15,0.155666,1,345541
21636741,0.16,0.159133,1,345541
21638201,0.15,0.151827,1,345543
21639661,0.16,0.158365,1,345543
21641121,0.17,0.167673,1,345587
21642581,0.18,0.177535,1,345587
21644041,0.17,0.171507,1,345642
21645501,0.18,0.178301,1,345642
21646961,0.17,0.17166,1,345644
21648421,0.18,0.178332,1,345644
21649881,0.23,0.219666,1,345707
21651341,0.24,0.235933,1,345707
21652801,0.24,0.239187,1,345707
21654261,0.29,0.279837,1,345775
21655721,0.3,0.295967,1,345775
21657181,0.27,0.275193,1,345814
21658641,0.28,0.279039,1,345814
21660101,0.27,0.271808,1,345834
21661561,0.28,0.278362,1,345834
21663021,0.27,0.271672,1,345864
21664481,0.28,0.278334,1,345864
21665941,0.27,0.271667,1,345890
21667401,0.28,0.278333,1,345890
21668861,0.29,0.287667,1,345934
21670321,0.3,0.297533,1,345934
21671781,0.29,0.291507,1,345970
21673241,0.3,0.298301,1,345970
21674701,0.29,0.29166,1,345972
21676161,0.3,0.298332,1,345972
21677621,0.35,0.339666,1,346017
21679081,0.36,0.355933,1,346017
21680541,0.37,0.367187,1,346072
21682001,0.38,0.377437,1,346072
21683461,0.37,0.371487,1,346074
21684921,0.38,0.378297,1,346074
21686381,0.43,0.41966,1,346140
21687841,0.44,0.435932,1,346140
21689301,0.47,0.463186,1,346210
21690761,0.48,0.476637,1,346210
21692221,0.47,0.471327,1,346248
21693681,0.48,0.478266,1,346248
21695141,0.49,0.487653,1,346268
21696601,0.5,0.497531,1,346268
21698061,0.49,0.491506,1,346298
21699521,0.5,0.498301,1,346298
21700981,0.49,0.49166,1,346324
21702441,0.5,0.498332,1,346324
21703901,0.49,0.491666,1,346369
21705361,0.5,0.498333,1,346369
21706821,0.51,0.507667,1,346405
21708281,0.52,0.517533,1,346405
21709741,0.51,0.511507,1,346407
21711201,0.52,0.518301,1,346407
21712661,0.51,0.51166,1,346455
21714121,0.52,0.518332,1,346455
21715581,0.53,0.527666,1,346511
21717041,0.54,0.537533,1,346511
21718501,0.53,0.531507,1,346513
21719961,0.54,0.538301,1,346513
21721421,0.59,0.57966,1,346582
21722881,0.6,0.595932,1,346582
21724341,0.63,0.623186,1,346654
21725801,0.64,0.636637,1,346654
21727261,0.65,0.647327,1,346692
21728721,0.66,0.657465,1,346692
21730181,0.66,0.659493,1,346692
21731641,0.71,0.699899,1,346713
21733101,0.72,0.71598,1,346713
21734561,0.73,0.727196,1,346743
21736021,0.74,0.737439,1,346743
21737481,0.73,0.731488,1,346769
21738941,0.74,0.738298,1,346769
21740401,0.77,0.76366,2,346814
21741861,0.78,0.776732,2,346814
21743321,0.79,0.787346,2,346851
21744781,0.8,0.797469,2,346851
21746241,0.79,0.791494,2,346853
21747701,0.8,0.798299,2,346853
21749161,0.79,0.79166,2,346901
21750621,0.8,0.798332,2,346901
21752081,0.81,0.807666,2,346958
21753541,0.82,0.817533,2,346958
21755001,0.81,0.811507,2,346960
21756461,0.82,0.818301,2,346960
21757921,0.83,0.82766,2,347032
21759381,0.84,0.837532,2,347032
21760841,0.91,0.895506,2,347106
21762301,0.92,0.915101,2,347106
21763761,0.89,0.89502,2,347145
21765221,0.9,0.899004,2,347145
21766681,0.89,0.891801,2,347147
21768141,0.9,0.89836,2,347147
21769601,0.91,0.907672,2,347170
21771061,0.92,0.917534,2,347170
21772521,0.91,0.911507,2,347201
21773981,0.92,0.918301,2,347201
21775441,0.91,0.91166,2,347227
21776901,0.92,0.918332,2,347227
21778361,0.95,0.943666,2,347274
21936041,0.91,0.91,2,349178
21937501,0.92,0.918,2,349178
21938961,0.83,0.8476,2,349211
21940421,0.84,0.84152,2,349211
21941881,0.75,0.768304,2,349238
21943341,0.76,0.761661,2,349238
21944801,0.71,0.720332,1,349266
21946261,0.72,0.720066,1,349266
21947721,0.61,0.632013,1,349324
21949181,0.62,0.622403,1,349324
21950641,0.61,0.612481,1,349352
21952101,0.62,0.618496,1,349352
21953561,0.41,0.451699,1,349400
21955021,0.42,0.42634,1,349400
21956481,0.33,0.349268,1,349474
21957941,0.34,0.341854,1,349474
21959401,0.25,0.268371,1,349514
21960861,0.26,0.261674,1,349514
21962321,0.21,0.220335,1,349532
21963781,0.22,0.220067,1,349532
21965241,0.11,0.132013,1,349557
21966701,0.12,0.122403,1,349557
21968161,0.09,0.0964805,1,349591
21969621,0.1,0.0992961,1,349591
21971081,0.05,0.0598592,1,349615
21972541,0.06,0.0599718,1,349615
21974001,0.09,0.0839944,1,349629
21975461,0.1,0.0967989,1,349629
21976921,0.1,0.0993598,1,349629
21978381,0.05,0.059872,1,349645
21979841,0.06,0.0599744,1,349645
21981301,0.01,0.0199949,1,349674
21982761,0.02,0.019999,1,349674
21984221,0,0.00399979,1,349697
21985681,0,0.000799959,1,349697
21987141,0.01,0.00815999,1,349723
21988601,0.02,0.017632,1,349723
21990061,0.05,0.0435264,1,349776
21991521,0.06,0.0567053,1,349776
21992981,0,0.0113411,1,349804
21994441,0,0.00226821,1,349804
21995901,0.05,0.0404536,1,349842
21997361,0.06,0.0560907,1,349842
21998821,0.01,0.0192181,1,349912
22000281,0.02,0.0198436,1,349912
22001741,0.05,0.0439687,1,349948
22003201,0.06,0.0567937,1,349948
22004661,0.07,0.0673587,1,349964
22006121,0.08,0.0774717,1,349964
22007581,0.09,0.0874944,1,349984
22009041,0.1,0.0974989,1,349984
22010501,0.07,0.0754998,1,350017
22011961,0.08,0.0791,1,350017
22013421,0.07,0.07182,1,350039
22014881,0.08,0.078364,1,350039
22016341,0.07,0.0716728,1,350055
22017801,0.08,0.0783346,1,350055
22019261,0.11,0.103667,1,350068
22020721,0.12,0.116733,1,350068
22022181,0.13,0.127347,1,350095
22023641,0.14,0.137469,1,350095
22025101,0.07,0.0834939,1,350118
22026561,0.08,0.0806988,1,350118
22028021,0.01,0.0241398,1,350144
22029481,0.02,0.020828,1,350144
22030941,0.09,0.0761656,1,350199
22032401,0.1,0.0952331,1,350199
22033861,0.05,0.0590466,1,350225
22035321,0.06,0.0598093,1,350225
22036781,0.03,0.0359619,1,350265
22038241,0.04,0.0391924,1,350265
22039701,0.11,0.0958385,1,350333
22041161,0.12,0.115168,1,350333
22042621,0.13,0.127034,1,350371
22044081,0.14,0.137407,1,350371
22045541,0.11,0.115481,1,350388
22047001,0.12,0.119096,1,350388
22048461,0.13,0.127819,1,350409
22049921,0.14,0.137564,1,350409
22051381,0.13,0.131513,1,350441
22052841,0.14,0.138303,1,350441
22054301,0.13,0.131661,1,350463
22055761,0.14,0.138332,1,350463
22057221,0.13,0.131666,1,350479
22058681,0.14,0.138333,1,350479
22060141,0.11,0.115667,1,350494
22061601,0.12,0.119133,1,350494
22063061,0.17,0.159827,1,350522
22064521,0.18,0.175965,1,350522
22065981,0.18,0.179193,1,350522
22067441,0.19,0.187839,1,350542
22068901,0.2,0.197568,1,350542
22070361,0.17,0.175514,1,350565
22071821,0.18,0.179103,1,350565
22073281,0.23,0.219821,1,350624
22074741,0.24,0.235964,1,350624
22076201,0.23,0.231193,1,350648
22077661,0.24,0.238239,1,350648
22079121,0.21,0.215648,1,350687
22080581,0.22,0.21913,1,350687
22082041,0.23,0.227826,1,350759
22083501,0.24,0.237565,1,350759
22084961,0.23,0.231513,1,350798
22086421,0.24,0.238303,1,350798
22087881,0.23,0.231661,1,350814
22089341,0.24,0.238332,1,350814
22090801,0.25,0.247666,1,350836
22092261,0.26,0.257533,1,350836
22093721,0.31,0.299507,1,350868
22095181,0.32,0.315901,1,350868
22096641,0.33,0.32718,1,350890
22098101,0.34,0.337436,1,350890
22099561,0.33,0.331487,1,350906
22101021,0.34,0.338297,1,350906
22102481,0.33,0.331659,1,350920
22103941,0.34,0.338332,1,350920
22105401,0.35,0.347666,1,350951
22106861,0.36,0.357533,1,350951
22108321,0.35,0.351507,1,350953
22109781,0.36,0.358301,1,350953
22111241,0.35,0.35166,1,350973
22112701,0.36,0.358332,1,350973
22114161,0.35,0.351666,1,350995
22115621,0.36,0.358333,1,350995
22117081,0.35,0.351667,1,351057
22118541,0.36,0.358333,1,351057
22120001,0.39,0.383667,1,351081
22121461,0.4,0.396733,1,351081
22122921,0.41,0.407347,1,351119
22124381,0.42,0.417469,1,351119
22125841,0.43,0.427494,1,351192
22127301,0.44,0.437499,1,351192
22128761,0.45,0.4475,1,351231
22130221,0.46,0.4575,1,351231
22131681,0.45,0.4515,1,351247
22133141,0.46,0.4583,1,351247
22134601,0.49,0.48366,1,351270
22136061,0.5,0.496732,1,351270
22137521,0.47,0.475346,1,351305
22138981,0.48,0.479069,1,351305
22140441,0.45,0.455814,1,351328
22141901,0.46,0.459163,1,351328
22143361,0.45,0.451833,1,351344
22144821,0.46,0.458366,1,351344
22146281,0.45,0.451673,1,351358
22147741,0.46,0.458335,1,351358
22149201,0.49,0.483667,1,351390
22150661,0.5,0.496733,1,351390
22152121,0.49,0.491347,1,351392
22153581,0.5,0.498269,1,351392
22155041,0.49,0.491654,1,351412
22156501,0.5,0.498331,1,351412
22157961,0.5,0.499666,1,351412
22159421,0.51,0.507933,1,351434
22160881,0.52,0.517587,1,351434
22162341,0.53,0.527517,1,351496
22163801,0.54,0.537503,1,351496
22165261,0.55,0.547501,1,351522
22166721,0.56,0.5575,1,351522
22168181,0.57,0.5675,1,351561
22169641,0.58,0.5775,1,351561
22171101,0.53,0.5395,1,351635
22172561,0.54,0.5399,1,351635
22174021,0.53,0.53198,1,351675
22175481,0.54,0.538396,1,351675
22176941,0.53,0.531679,1,351691
22178401,0.54,0.538336,1,351691
22179861,0.55,0.547667,1,351716
22181321,0.56,0.557533,1,351716
22182781,0.61,0.599507,1,351750
22184241,0.62,0.615901,1,351750
22185701,0.63,0.62718,1,351772
22187161,0.64,0.637436,1,351772
22188621,0.65,0.647487,1,351788
22190081,0.66,0.657497,1,351788
22191541,0.67,0.6675,1,351802
22193001,0.68,0.6775,1,351802
22194461,0.71,0.7035,1,351836
22195921,0.72,0.7167,1,351836
22197381,0.71,0.71134,1,351838
22198841,0.72,0.718268,1,351838
22200301,0.71,0.711654,1,351858
22201761,0.72,0.718331,1,351858
22203221,0.73,0.727666,1,351880
22204681,0.74,0.737533,1,351880
22206141,0.71,0.715507,1,351943
22207601,0.72,0.719101,1,351943
22209061,0.71,0.71182,1,351970
22210521,0.72,0.718364,1,351970
22211981,0.77,0.759673,2,352010
22213441,0.78,0.775935,2,352010
22214901,0.79,0.787187,2,352082
22216361,0.8,0.797437,2,352082
22217821,0.79,0.791487,2,352122
22219281,0.8,0.798297,2,352122
22220741,0.81,0.80766,2,352138
22222201,0.82,0.817532,2,352138
22223661,0.83,0.827506,2,352164
22225121,0.84,0.837501,2,352164
22226581,0.81,0.8155,2,352201
22228041,0.82,0.8191,2,352201
22229501,0.85,0.84382,2,352224
22230961,0.86,0.856764,2,352224
22232421,0.87,0.867353,2,352241
22233881,0.88,0.877471,2,352241
22235341,0.85,0.855494,2,352256
22236801,0.86,0.859099,2,352256
22238261,0.83,0.83582,2,352292
22239721,0.84,0.839164,2,352292
22241181,0.83,0.831833,2,352294
22242641,0.84,0.838367,2,352294
22244101,0.83,0.831673,2,352314
22245561,0.84,0.838335,2,352314
22247021,0.85,0.847667,2,352337
22248481,0.86,0.857533,2,352337
22249941,0.86,0.859507,2,352337
22251401,0.89,0.883901,2,352399
22252861,0.9,0.89678,2,352399
22254321,0.87,0.875356,2,352426
22255781,0.88,0.879071,2,352426
22257241,0.89,0.887814,2,352469
22258701,0.9,0.897563,2,352469
22407621,0.94,0.94,2,354027
22409081,0.95,0.948,2,354027
22410541,0.95,0.9496,2,354053
22416381,0.95,0.95,2,354121
22419301,0.86,0.86,2,354146
22420761,0.87,0.868,2,354146
22422221,0.87,0.8696,2,354165
22423681,0.88,0.87792,2,354165
22425141,0.77,0.791584,2,354190
22426601,0.78,0.782317,2,354190
22428061,0.77,0.772463,2,354232
22429521,0.78,0.778493,2,354232
22430981,0.71,0.723699,1,354267
22432441,0.72,0.72074,1,354267
22433901,0.65,0.664148,1,354287
22435361,0.66,0.66083,1,354287
22436821,0.63,0.636166,1,354305
22438281,0.64,0.639233,1,354305
22439741,0.63,0.631847,1,354337
22441201,0.64,0.638369,1,354337
22442661,0.57,0.583674,1,354363
22444121,0.58,0.580735,1,354363
22445581,0.43,0.460147,1,354391
22447041,0.44,0.444029,1,354391
22448501,0.44,0.440806,1,354391
22449961,0.47,0.464161,1,354444
22451421,0.48,0.476832,1,354444
22452881,0.45,0.455366,1,354474
22454341,0.46,0.459073,1,354474
22455801,0.43,0.435815,1,354502
22457261,0.44,0.439163,1,354502
22458721,0.45,0.447833,1,354530
22460181,0.46,0.457567,1,354530
22461641,0.41,0.419513,1,354564
22463101,0.42,0.419903,1,354564
22464561,0.45,0.443981,1,354589
22466021,0.46,0.456796,1,354589
22467481,0.45,0.451359,1,354610
22468941,0.46,0.458272,1,354610
22470401,0.47,0.467654,1,354629
22471861,0.48,0.477531,1,354629
22473321,0.47,0.471506,1,354649
22474781,0.48,0.478301,1,354649
22476241,0.49,0.48766,1,354691
22477701,0.5,0.497532,1,354691
22479161,0.47,0.475506,1,354723
22480621,0.48,0.479101,1,354723
22482081,0.49,0.48782,1,354740
22483541,0.5,0.497564,1,354740
22485001,0.49,0.491513,1,354757
22486461,0.5,0.498303,1,354757
22487921,0.55,0.539661,1,354789
22489381,0.56,0.555932,1,354789
22490841,0.61,0.599186,1,354812
22492301,0.62,0.615837,1,354812
22493761,0.59,0.595167,1,354833
22495221,0.6,0.599033,1,354833
22496681,0.59,0.591807,1,354835
22498141,0.6,0.598361,1,354835
22499601,0.61,0.607672,1,354889
22501061,0.62,0.617534,1,354889
22502521,0.63,0.627507,1,354918
22503981,0.64,0.637501,1,354918
22505441,0.65,0.6475,1,354945
22506901,0.66,0.6575,1,354945
22508361,0.69,0.6835,1,354974
22509821,0.7,0.6967,1,354974
22511281,0.71,0.70734,1,355006
22512741,0.72,0.717468,1,355006
22514201,0.73,0.727494,1,355033
22515661,0.74,0.737499,1,355033
22517121,0.71,0.7155,1,355054
22518581,0.72,0.7191,1,355054
22520041,0.73,0.72782,1,355074
22521501,0.74,0.737564,1,355074
22522961,0.73,0.731513,1,355094
22524421,0.74,0.738303,1,355094
22525881,0.73,0.731661,1,355137
22527341,0.74,0.738332,1,355137
22528801,0.77,0.763666,2,355168
22530261,0.78,0.776733,2,355168
22531721,0.77,0.771347,2,355186
22533181,0.78,0.778269,2,355186
22534641,0.79,0.787654,2,355203
22536101,0.8,0.797531,2,355203
22537561,0.79,0.791506,2,355238
22539021,0.8,0.798301,2,355238
22540481,0.79,0.79166,2,355264
22541941,0.8,0.798332,2,355264
22543401,0.83,0.823666,2,355284
22544861,0.84,0.836733,2,355284
22546321,0.83,0.831347,2,355286
22547781,0.84,0.838269,2,355286
22549241,0.81,0.815654,2,355341
22550701,0.82,0.819131,2,355341
22552161,0.82,0.819826,2,355341
22553621,0.83,0.827965,2,355371
22555081,0.84,0.837593,2,355371
22556541,0.83,0.831519,2,355399
22558001,0.84,0.838304,2,355399
22559461,0.83,0.831661,2,355430
22560921,0.84,0.838332,2,355430
22562381,0.81,0.815666,2,355463
22563841,0.82,0.819133,2,355463
22565301,0.81,0.811827,2,355491
22566761,0.82,0.818365,2,355491
22568221,0.81,0.811673,2,355511
22569681,0.82,0.818335,2,355511
22571141,0.79,0.795667,2,355532
22572601,0.8,0.799133,2,355532
22574061,0.79,0.791827,2,355552
22575521,0.8,0.798365,2,355552
22576981,0.79,0.791673,2,355595
22578441,0.8,0.798335,2,355595
22579901,0.77,0.775667,2,355628
22581361,0.78,0.779133,2,355628
22582821,0.79,0.787827,2,355646
22584281,0.8,0.797565,2,355646
22585741,0.79,0.791513,2,355664
22587201,0.8,0.798303,2,355664
22588661,0.81,0.807661,2,355699
22590121,0.82,0.817532,2,355699
22591581,0.83,0.827506,2,355725
22593041,0.84,0.837501,2,355725
22594501,0.83,0.8315,2,355747
22595961,0.84,0.8383,2,355747
22597421,0.83,0.83166,2,355749
22598881,0.84,0.838332,2,355749
22600341,0.87,0.863666,2,355803
22601801,0.88,0.876733,2,355803
22603261,0.87,0.871347,2,355833
22604721,0.88,0.878269,2,355833
22606181,0.87,0.871654,2,355861
22607641,0.88,0.878331,2,355861
22609101,0.87,0.871666,2,355892
22610561,0.88,0.878333,2,355892
22612021,0.93,0.919667,2,355924
22613481,0.94,0.935933,2,355924
22614941,0.95,0.947187,2,355952
22617861,0.95,0.95,2,355972
22620781,0.95,0.95,2,355992
22623701,0.95,0.95,2,356012
22790141,0.89,0.89,2,357572
22791601,0.9,0.898,2,357572
22795981,0.87,0.87,2,357640
22797441,0.88,0.878,2,357640
22798901,0.82,0.8316,2,357668
22800361,0.83,0.83032,2,357668
22801821,0.83,0.830064,2,357687
22803281,0.84,0.838013,2,357687
22804741,0.83,0.831603,2,357691
22806201,0.84,0.838321,2,357691
22807661,0.87,0.863664,2,357725
22809121,0.88,0.876733,2,357725
22810581,0.81,0.823347,2,357757
22812041,0.82,0.820669,2,357757
22813501,0.75,0.764134,2,357786
22814961,0.76,0.760827,2,357786
22816421,0.69,0.704165,1,357806
22817881,0.7,0.700833,1,357806
22819341,0.65,0.660167,1,357842
22820801,0.66,0.660033,1,357842
22822261,0.61,0.620007,1,357874
22823721,0.62,0.620001,1,357874
22825181,0.59,0.596,1,357899
22826641,0.6,0.5992,1,357899
22828101,0.55,0.55984,1,357921
22829561,0.56,0.559968,1,357921
22831021,0.61,0.599994,1,357935
22832481,0.62,0.615999,1,357935
22833941,0.63,0.6272,1,357960
22835401,0.64,0.63744,1,357960
22836861,0.69,0.679488,1,357992
22838321,0.7,0.695898,1,357992
22839781,0.65,0.65918,1,358023
22841241,0.66,0.659836,1,358023
22842701,0.63,0.635967,1,358044
22844161,0.64,0.639193,1,358044
22845621,0.63,0.631839,1,358077
22847081,0.64,0.638368,1,358077
22848541,0.63,0.631674,1,358106
22850001,0.64,0.638335,1,358106
22851461,0.71,0.695667,1,358133
22852921,0.72,0.715133,1,358133
22854381,0.67,0.679027,1,358149
22855841,0.68,0.679805,1,358149
22857301,0.69,0.687961,1,358153
22858761,0.7,0.697592,1,358153
22860221,0.73,0.723518,1,358189
22861681,0.74,0.736704,1,358189
22863141,0.71,0.715341,1,358218
22864601,0.72,0.719068,1,358218
22866061,0.73,0.727814,1,358244
22867521,0.74,0.737563,1,358244
22868981,0.71,0.715513,1,358261
22870441,0.72,0.719103,1,358261
22871901,0.69,0.695821,1,358295
22873361,0.7,0.699164,1,358295
22874821,0.69,0.691833,1,358325
22876281,0.7,0.698367,1,358325
22877741,0.69,0.691673,1,358349
22879201,0.7,0.698335,1,358349
22880661,0.7,0.699667,1,358349
22882121,0.73,0.723933,1,358369
22883581,0.74,0.736787,1,358369
22885041,0.71,0.715357,1,358386
22886501,0.72,0.719071,1,358386
22887961,0.81,0.791814,2,358412
22889421,0.82,0.814363,2,358412
22890881,0.83,0.826873,2,358447
22892341,0.84,0.837375,2,358447
22893801,0.87,0.863475,2,358476
22895261,0.88,0.876695,2,358476
22896721,0.87,0.871339,2,358496
22898181,0.88,0.878268,2,358496
22899641,0.85,0.855654,2,358529
22901101,0.86,0.859131,2,358529
22902561,0.89,0.883826,2,358558
22904021,0.9,0.896765,2,358558
22905481,0.91,0.907353,2,358589
22906941,0.92,0.917471,2,358589
22908401,0.91,0.911494,2,358603
22909861,0.92,0.918299,2,358603
22911321,0.89,0.89566,2,358608
22912781,0.9,0.899132,2,358608
22914241,0.89,0.891826,2,358646
22915701,0.9,0.898365,2,358646
22917161,0.89,0.891673,2,358674
22918621,0.9,0.898335,2,358674
22920081,0.93,0.923667,2,358701
22921541,0.94,0.936733,2,358701
22923001,0.93,0.931347,2,358717
22924461,0.94,0.938269,2,358717
22925921,0.93,0.931654,2,358750
22927381,0.94,0.938331,2,358750
23069001,0.95,0.95,2,360108
23162441,0.94,0.94,2,361882
23163901,0.95,0.948,2,361882
23168281,0.86,0.86,2,361949
23169741,0.87,0.868,2,361949
23171201,0.85,0.8536,2,362009
23172661,0.86,0.85872,2,362009
23174121,0.61,0.659744,1,362071
23175581,0.62,0.627949,1,362071
23177041,0.47,0.50159,1,362120
23178501,0.48,0.484318,1,362120
23179961,0.03,0.120864,1,362220
23181421,0.04,0.0561727,1,362220
23182881,0.03,0.0352345,1,362267
23184341,0.04,0.0390469,1,362267
23185801,0.05,0.0478094,1,362317
23187261,0.06,0.0575619,1,362317
23188721,0.03,0.0355124,1,362355
23190181,0.04,0.0391025,1,362355
23191641,0.05,0.0478205,1,362388
23193101,0.06,0.0575641,1,362388
23194561,0.01,0.0195128,1,362414
23196021,0.02,0.0199026,1,362414
23197481,0.02,0.0199805,1,362414
23198941,0.03,0.0279961,1,362472
23200401,0.04,0.0375992,1,362472
23201861,0.07,0.0635198,1,362522
23203321,0.08,0.076704,1,362522
23204781,0.07,0.0713408,1,362564
23206241,0.08,0.0782682,1,362564
23207701,0.09,0.0876536,1,362642
23209161,0.1,0.0975307,1,362642
23210621,0.03,0.0435061,1,362689
23212081,0.04,0.0407012,1,362689
23213541,0.07,0.0641402,1,362740
23215001,0.08,0.076828,1,362740
23216461,0.01,0.0233656,1,362777
23217921,0.02,0.0206731,1,362777
23219381,0.07,0.0601346,1,362811
23220841,0.08,0.0760269,1,362811
23222301,0.03,0.0392054,1,362835
23223761,0.04,0.0398411,1,362835
23225221,0.03,0.0319682,1,362837
23226681,0.04,0.0383936,1,362837
23228141,0.05,0.0476787,1,362895
23229601,0.06,0.0575357,1,362895
23231061,0.05,0.0515071,1,362947
23232521,0.06,0.0583014,1,362947
23233981,0.03,0.0356603,1,362989
23235441,0.04,0.0391321,1,362989
23236901,0.01,0.0158264,1,363068
23238361,0.02,0.0191653,1,363068
23239821,0,0.00383306,1,363112
23241281,0,0.000766611,1,363112
23242741,0.01,0.00815332,1,363165
23244201,0.02,0.0176307,1,363165
23245661,0.01,0.0115261,1,363199
23247121,0.02,0.0183052,1,363199
23248581,0.01,0.011661,1,363236
23250041,0.02,0.0183322,1,363236
23251501,0.03,0.0276664,1,363258
23252961,0.04,0.0375333,1,363258
23254421,0.03,0.0315067,1,363260
23255881,0.04,0.0383013,1,363260
23257341,0.04,0.0396603,1,363260
23258801,0.01,0.0159321,1,363319
23260261,0.02,0.0191864,1,363319
23261721,0.07,0.0598373,1,363371
23263181,0.08,0.0759675,1,363371
23264641,0.11,0.103193,1,363412
23266101,0.12,0.116639,1,363412
23267561,0.17,0.159328,1,363490
23269021,0.18,0.175866,1,363490
23270481,0.13,0.139173,1,363534
23271941,0.14,0.139835,1,363534
23273401,0.01,0.0359669,1,363587
23274861,0.02,0.0231934,1,363587
23276321,0.01,0.0126387,1,363621
23277781,0.02,0.0185277,1,363621
23279241,0.03,0.0277055,1,363658
23280701,0.04,0.0375411,1,363658
23282161,0,0.00750822,1,363681
23283621,0,0.00150164,1,363681
23285081,0.01,0.00830033,1,363683
23286541,0.02,0.0176601,1,363683
23288001,0.05,0.043532,1,363740
23289461,0.06,0.0567064,1,363740
23290921,0.03,0.0353413,1,363795
23292381,0.04,0.0390683,1,363795
23293841,0.11,0.0958137,1,363838
23295301,0.12,0.115163,1,363838
23296761,0.19,0.175033,1,363919
23298221,0.2,0.195007,1,363919
23299681,0.25,0.239001,1,363961
23301141,0.26,0.2558,1,363961
23302601,0.17,0.18716,1,364008
23304061,0.18,0.181432,1,364008
23305521,0.09,0.108286,1,364042
23306981,0.1,0.101657,1,364042
23308441,0.11,0.108331,1,364080
23309901,0.12,0.117666,1,364080
23311361,0.07,0.0795333,1,364102
23312821,0.08,0.0799067,1,364102
23314281,0.07,0.0719813,1,364104
23315741,0.08,0.0783963,1,364104
23317201,0.07,0.0716793,1,364163
23318661,0.08,0.0783359,1,364163
23320121,0.09,0.0876672,1,364217
23321581,0.1,0.0975334,1,364217
23323041,0.1,0.0995067,1,364217
23324501,0.13,0.123901,1,364264
23325961,0.14,0.13678,1,364264
23327421,0.15,0.147356,1,364349
23328881,0.16,0.157471,1,364349
23330341,0.19,0.183494,1,364394
23331801,0.2,0.196699,1,364394
23333261,0.21,0.20734,1,364437
23334721,0.22,0.217468,1,364437
23336181,0.23,0.227494,1,364467
23337641,0.24,0.237499,1,364467
23339101,0.21,0.2155,1,364506
23340561,0.22,0.2191,1,364506
23342021,0.21,0.21182,1,364526
23343481,0.22,0.218364,1,364526
23344941,0.21,0.211673,1,364528
23346401,0.22,0.218335,1,364528
23347861,0.21,0.211667,1,364587
23349321,0.22,0.218333,1,364587
23350781,0.25,0.243667,1,364642
23352241,0.26,0.256733,1,364642
23353701,0.25,0.251347,1,364644
23355161,0.26,0.258269,1,364644
23356621,0.25,0.251654,1,364692
23358081,0.26,0.258331,1,364692
23359541,0.27,0.267666,1,364778
23361001,0.28,0.277533,1,364778
23362461,0.25,0.255507,1,364825
23363921,0.26,0.259101,1,364825
23365381,0.31,0.29982,1,364869
23366841,0.32,0.315964,1,364869
23368301,0.33,0.327193,1,364900
23369761,0.34,0.337439,1,364900
23371221,0.33,0.331488,1,364938
23372681,0.34,0.338298,1,364938
23374141,0.33,0.33166,1,364958
23375601,0.34,0.338332,1,364958
23377061,0.33,0.331666,1,364960
23378521,0.34,0.338333,1,364960
23379981,0.33,0.331667,1,365019
23381441,0.34,0.338333,1,365019
23382901,0.35,0.347667,1,365076
23384361,0.36,0.357533,1,365076
23385821,0.35,0.351507,1,365078
23387281,0.36,0.358301,1,365078
23388741,0.36,0.35966,1,365078
23390201,0.41,0.399932,1,365126
23391661,0.42,0.415986,1,365126
23393121,0.41,0.411197,1,365213
23394581,0.42,0.418239,1,365213
23396041,0.41,0.411648,1,365259
23397501,0.42,0.41833,1,365259
23398961,0.47,0.459666,1,365306
23400421,0.48,0.475933,1,365306
23401881,0.49,0.487187,1,365338
23403341,0.5,0.497437,1,365338
23404801,0.51,0.507487,1,365376
23406261,0.52,0.517498,1,365376
23407721,0.53,0.5275,1,365396
23409181,0.54,0.5375,1,365396
23410641,0.53,0.5315,1,365398
23412101,0.54,0.5383,1,365398
23413561,0.57,0.56366,1,365457
23415021,0.58,0.576732,1,365457
23416481,0.59,0.587346,1,365515
23417941,0.6,0.597469,1,365515
23419401,0.59,0.591494,1,365517
23420861,0.6,0.598299,1,365517
23422321,0.59,0.59166,1,365567
23423781,0.6,0.598332,1,365567
23425241,0.65,0.639666,1,365654
23426701,0.66,0.655933,1,365654
23428161,0.67,0.667187,1,365700
23429621,0.68,0.677437,1,365700
23431081,0.69,0.687487,1,365750
23432541,0.7,0.697497,1,365750
23434001,0.71,0.707499,1,365783
23435461,0.72,0.7175,1,365783
23436921,0.77,0.7595,2,365822
23438381,0.78,0.7759,2,365822
23439841,0.81,0.80318,2,365843
23441301,0.82,0.816636,2,365843
23442761,0.81,0.811327,2,365845
23444221,0.82,0.818265,2,365845
23445681,0.85,0.843653,2,365906
23447141,0.86,0.856731,2,365906
23448601,0.85,0.851346,2,365965
23450061,0.86,0.858269,2,365965
23451521,0.85,0.851654,2,365967
23452981,0.86,0.858331,2,365967
23454441,0.87,0.867666,2,366017
23455901,0.88,0.877533,2,366017
23457361,0.89,0.887507,2,366107
23458821,0.9,0.897501,2,366107
23460281,0.9,0.8995,2,366107
23461741,0.93,0.9239,2,366154
23463201,0.94,0.93678,2,366154
23464661,0.95,0.947356,2,366205
23467581,0.95,0.95,2,366239
23613581,0.95,0.95,2,368176
23619421,0.95,0.95,2,368242
23625261,0.87,0.87,2,368308
23626721,0.88,0.878,2,368308
23628181,0.85,0.8556,2,368345
23629641,0.86,0.85912,2,368345
23631101,0.83,0.835824,2,368390
23632561,0.84,0.839165,2,368390
23634021,0.69,0.719833,1,368457
23635481,0.7,0.703967,1,368457
23636941,0.73,0.724793,1,368503
23638401,0.74,0.736959,1,368503
23639861,0.73,0.731392,1,368535
23641321,0.74,0.738278,1,368535
23642781,0.67,0.683656,1,368566
23644241,0.68,0.680731,1,368566
23645701,0.73,0.720146,1,368601
23647161,0.74,0.736029,1,368601
23648621,0.73,0.731206,1,368603
23650081,0.74,0.738241,1,368603
23651541,0.75,0.747648,1,368645
23653001,0.76,0.75753,2,368645
23654461,0.69,0.703506,1,368680
23655921,0.7,0.700701,1,368680
23657381,0.71,0.70814,1,368711
23658841,0.72,0.717628,1,368711
23660301,0.75,0.743526,1,368738
23661761,0.76,0.756705,2,368738
23663221,0.73,0.735341,1,368773
23664681,0.74,0.739068,1,368773
23666141,0.69,0.699814,1,368809
23667601,0.7,0.699963,1,368809
23669061,0.75,0.739993,1,368853
23670521,0.76,0.755998,2,368853
23671981,0.77,0.7672,2,368913
23673441,0.78,0.77744,2,368913
23674901,0.83,0.819488,2,368961
23676361,0.84,0.835898,2,368961
23677821,0.83,0.83118,2,368993
23679281,0.84,0.838236,2,368993
23680741,0.85,0.847647,2,369021
23682201,0.86,0.857529,2,369021
23683661,0.89,0.883506,2,369059
23685121,0.9,0.896701,2,369059
23686581,0.89,0.89134,2,369061
23688041,0.9,0.898268,2,369061
23689501,0.9,0.899654,2,369061
23690961,0.89,0.891931,2,369104
23692421,0.9,0.898386,2,369104
23693881,0.89,0.891677,2,369136
23695341,0.9,0.898335,2,369136
23696801,0.89,0.891667,2,369168
23698261,0.9,0.898333,2,369168
23699721,0.87,0.875667,2,369197
23701181,0.88,0.879133,2,369197
23702641,0.89,0.887827,2,369231
23704101,0.9,0.897565,2,369231
23705561,0.93,0.923513,2,369265
23707021,0.94,0.936703,2,369265
23714321,0.95,0.95,2,369424
23717241,0.94,0.94,2,369456
23718701,0.95,0.948,2,369456
23850101,0.94,0.94,2,371048
23851561,0.95,0.948,2,371048
23863241,0.87,0.87,2,371163
23864701,0.88,0.878,2,371163
23892441,0.89,0.89,2,371528
23893901,0.9,0.898,2,371528
23904121,0.95,0.95,2,371638
24044281,0.95,0.95,2,373212
24053041,0.91,0.91,2,373344
24054501,0.92,0.918,2,373344
24055961,0.87,0.8796,2,373376
24057421,0.88,0.87992,2,373376
24058881,0.81,0.823984,2,373414
24060341,0.82,0.820797,2,373414
24061801,0.75,0.764159,2,373449
24063261,0.76,0.760832,2,373449
24064721,0.71,0.720166,1,373477
24066181,0.72,0.720033,1,373477
24067641,0.69,0.696007,1,373514
24069101,0.7,0.699201,1,373514
24070561,0.63,0.64384,1,373549
24072021,0.64,0.640768,1,373549
24073481,0.59,0.600154,1,373558
24074941,0.6,0.600031,1,373558
24076401,0.55,0.560006,1,373591
24077861,0.56,0.560001,1,373591
24079321,0.53,0.536,1,373627
24080781,0.54,0.5392,1,373627
24082241,0.47,0.48384,1,373655
24083701,0.48,0.480768,1,373655
24085161,0.41,0.424154,1,373669
24086621,0.42,0.420831,1,373669
24088081,0.41,0.412166,1,373692
24089541,0.42,0.418433,1,373692
24091001,0.41,0.411687,1,373732
24092461,0.42,0.418337,1,373732
24093921,0.43,0.427667,1,373775
24095381,0.44,0.437533,1,373775
24096841,0.37,0.383507,1,373810
24098301,0.38,0.380701,1,373810
24099761,0.43,0.42014,1,373840
24101221,0.44,0.436028,1,373840
24102681,0.43,0.431206,1,373875
24104141,0.44,0.438241,1,373875
24105601,0.51,0.495648,1,373907
24107061,0.52,0.51513,1,373907
24108521,0.51,0.511026,1,373933
24109981,0.52,0.518205,1,373933
24111441,0.55,0.543641,1,373969
24112901,0.56,0.556728,1,373969
24114361,0.57,0.567346,1,374001
24115821,0.58,0.577469,1,374001
24117281,0.55,0.555494,1,374008
24118741,0.56,0.559099,1,374008
24120201,0.55,0.55182,1,374039
24121661,0.56,0.558364,1,374039
24123121,0.57,0.567673,1,374074
24124581,0.58,0.577535,1,374074
24126041,0.57,0.571507,1,374099
24127501,0.58,0.578301,1,374099
24128961,0.59,0.58766,1,374110
24130421,0.6,0.597532,1,374110
24131881,0.6,0.599506,1,374110
24133341,0.63,0.623901,1,374133
24134801,0.64,0.63678,1,374133
24136261,0.67,0.663356,1,374173
24137721,0.68,0.676671,1,374173
24139181,0.71,0.703334,1,374217
24140641,0.72,0.716667,1,374217
24142101,0.73,0.727333,1,374249
24143561,0.74,0.737467,1,374249
24145021,0.73,0.731493,1,374282
24146481,0.74,0.738299,1,374282
24147941,0.73,0.73166,1,374317
24149401,0.74,0.738332,1,374317
24150861,0.73,0.731666,1,374353
24152321,0.74,0.738333,1,374353
24153781,0.73,0.731667,1,374379
24155241,0.74,0.738333,1,374379
24156701,0.75,0.747667,1,374417
24158161,0.76,0.757533,2,374417
24159621,0.77,0.767507,2,374450
24161081,0.78,0.777501,2,374450
24162541,0.77,0.7715,2,374456
24164001,0.78,0.7783,2,374456
24165461,0.79,0.78766,2,374487
24166921,0.8,0.797532,2,374487
24168381,0.81,0.807506,2,374523
24169841,0.82,0.817501,2,374523
24171301,0.83,0.8275,2,374548
24172761,0.84,0.8375,2,374548
24174221,0.83,0.8315,2,374560
24175681,0.84,0.8383,2,374560
24177141,0.83,0.83166,2,374562
24178601,0.84,0.838332,2,374562
24180061,0.87,0.863666,2,374586
24181521,0.88,0.876733,2,374586
24182981,0.87,0.871347,2,374628
24184441,0.88,0.878269,2,374628
24185901,0.85,0.855654,2,374674
24187361,0.86,0.859131,2,374674
24188821,0.83,0.835826,2,374707
24190281,0.84,0.839165,2,374707
24191741,0.85,0.847833,2,374740
24193201,0.86,0.857567,2,374740
24194661,0.83,0.835513,2,374775
24196121,0.84,0.839103,2,374775
24197581,0.87,0.863821,2,374811
24199041,0.88,0.876764,2,374811
24200501,0.89,0.887353,2,374837
24201961,0.9,0.897471,2,374837
24203421,0.89,0.891494,2,374876
24204881,0.9,0.898299,2,374876
24206341,0.89,0.89166,2,374910
24207801,0.9,0.898332,2,374910
24209261,0.89,0.891666,2,374916
24210721,0.9,0.898333,2,374916
24212181,0.91,0.907667,2,374948
24213641,0.92,0.917533,2,374948
24393221,0.94,0.94,2,376738
24394681,0.95,0.948,2,376738
24404901,0.92,0.92,2,376864
24406361,0.93,0.928,2,376864
24407821,0.95,0.9456,2,376898
24410741,0.91,0.91,2,376936
24412201,0.92,0.918,2,376936
24413661,0.85,0.8636,2,376962
24415121,0.86,0.86072,2,376962
24416581,0.81,0.820144,2,376972
24418041,0.82,0.820029,2,376972
24419501,0.83,0.828006,2,377009
24420961,0.84,0.837601,2,377009
24422421,0.79,0.79952,2,377047
24423881,0.8,0.799904,2,377047
24425341,0.77,0.775981,2,377070
24426801,0.78,0.779196,2,377070
24428261,0.73,0.739839,1,377093
24429721,0.74,0.739968,1,377093
24431181,0.67,0.683994,1,377107
24432641,0.68,0.680799,1,377107
24434101,0.68,0.68016,1,377107
24435561,0.57,0.592032,1,377144
24437021,0.58,0.582406,1,377144
24438481,0.55,0.556481,1,377179
24439941,0.56,0.559296,1,377179
24441401,0.61,0.599859,1,377198
24442861,0.62,0.615972,1,377198
24444321,0.51,0.531194,1,377218
24445781,0.52,0.522239,1,377218
24447241,0.49,0.496448,1,377262
24448701,0.5,0.49929,1,377262
24450161,0.47,0.475858,1,377295
24451621,0.48,0.479172,1,377295
24453081,0.45,0.455834,1,377321
24454541,0.46,0.459167,1,377321
24456001,0.47,0.467833,1,377337
24457461,0.48,0.477567,1,377337
24458921,0.51,0.503513,1,377368
24460381,0.52,0.516703,1,377368
24461841,0.51,0.511341,1,377403
24463301,0.52,0.518268,1,377403
24464761,0.55,0.543654,1,377426
24466221,0.56,0.556731,1,377426
24467681,0.53,0.535346,1,377435
24469141,0.54,0.539069,1,377435
24470601,0.51,0.515814,1,377472
24472061,0.52,0.519163,1,377472
24473521,0.51,0.511833,1,377508
24474981,0.52,0.518367,1,377508
24476441,0.47,0.479673,1,377530
24477901,0.48,0.479935,1,377530
24479361,0.45,0.455987,1,377551
24480821,0.46,0.459197,1,377551
24482281,0.43,0.435839,1,377562
24483741,0.44,0.439168,1,377562
24485201,0.47,0.463834,1,377593
24486661,0.48,0.476767,1,377593
24488121,0.43,0.439353,1,377627
24489581,0.44,0.439871,1,377627
24491041,0.47,0.463974,1,377649
24492501,0.48,0.476795,1,377649
24493961,0.45,0.455359,1,377664
24495421,0.46,0.459072,1,377664
24496881,0.49,0.483814,1,377707
24498341,0.5,0.496763,1,377707
24499801,0.51,0.507353,1,377739
24501261,0.52,0.517471,1,377739
24502721,0.49,0.495494,1,377764
24504181,0.5,0.499099,1,377764
24505641,0.51,0.50782,1,377781
24507101,0.52,0.517564,1,377781
24508561,0.51,0.511513,1,377814
24510021,0.52,0.518303,1,377814
24511481,0.59,0.575661,1,377849
24512941,0.6,0.595132,1,377849
24514401,0.63,0.623026,1,377874
24515861,0.64,0.636605,1,377874
24517321,0.63,0.631321,1,377882
24518781,0.64,0.638264,1,377882
24520241,0.65,0.647653,1,377918
24521701,0.66,0.657531,1,377918
24523161,0.65,0.651506,1,377954
24524621,0.66,0.658301,1,377954
24526081,0.65,0.65166,1,377974
24527541,0.66,0.658332,1,377974
24529001,0.67,0.667666,1,377994
24530461,0.68,0.677533,1,377994
24531921,0.67,0.671507,1,378004
24533381,0.68,0.678301,1,378004
24534841,0.69,0.68766,1,378037
24536301,0.7,0.697532,1,378037
24537761,0.73,0.723506,1,378069
24539221,0.74,0.736701,1,378069
24540681,0.74,0.73934,1,378069
24542141,0.75,0.747868,1,378093
24543601,0.76,0.757574,2,378093
24545061,0.75,0.751515,2,378107
24546521,0.76,0.758303,2,378107
24547981,0.77,0.767661,2,378152
24549441,0.78,0.777532,2,378152
24550901,0.81,0.803506,2,378185
24552361,0.82,0.816701,2,378185
24553821,0.83,0.82734,2,378209
24555281,0.84,0.837468,2,378209
24556741,0.83,0.831494,2,378227
24558201,0.84,0.838299,2,378227
24559661,0.83,0.83166,2,378260
24561121,0.84,0.838332,2,378260
24562581,0.81,0.815666,2,378299
24564041,0.82,0.819133,2,378299
24565501,0.79,0.795827,2,378326
24566961,0.8,0.799165,2,378326
24568421,0.79,0.791833,2,378334
24569881,0.8,0.798367,2,378334
24571341,0.81,0.807673,2,378371
24572801,0.82,0.817535,2,378371
24574261,0.81,0.811507,2,378407
24575721,0.82,0.818301,2,378407
24577181,0.81,0.81166,2,378427
24578641,0.82,0.818332,2,378427
24580101,0.83,0.827666,2,378448
24581561,0.84,0.837533,2,378448
24583021,0.83,0.831507,2,378458
24584481,0.84,0.838301,2,378458
24585941,0.87,0.86366,2,378492
24587401,0.88,0.876732,2,378492
24588861,0.91,0.903346,2,378526
24590321,0.92,0.916669,2,378526
24591781,0.91,0.911334,2,378528
24593241,0.92,0.918267,2,378528
24594701,0.91,0.911653,2,378552
24596161,0.92,0.918331,2,378552
24597621,0.91,0.911666,2,378566
24599081,0.92,0.918333,2,378566
24600541,0.95,0.943667,2,378612
24603461,0.93,0.93,2,378647
24604921,0.94,0.938,2,378647
24606381,0.95,0.9476,2,378672
24609301,0.95,0.95,2,378690
24612221,0.93,0.93,2,378723
24613681,0.94,0.938,2,378723
24615141,0.93,0.9316,2,378761
24616601,0.94,0.93832,2,378761
24911521,0.91,0.91,2,381660
24879401,0.89,0.894,2,381708
24912981,0.91,0.9068,2,381716
24914441,0.83,0.84536,2,381747
24915901,0.89,0.881072,2,381766
24917361,0.83,0.840214,2,381785
24891081,0.79,0.800043,2,381802
24918821,0.71,0.728009,1,381832
24920281,0.57,0.601602,1,381851
24921741,0.55,0.56032,1,381876
24923201,0.39,0.424064,1,381935
24924661,0.43,0.428813,1,381959
24926121,0.33,0.349763,1,381975
24927581,0.29,0.301953,1,381994
24929041,0.25,0.26039,1,382044
24930501,0.01,0.0600781,1,382069
24931961,0.05,0.0520156,1,382094
24933421,0.05,0.0504031,1,382130
24934881,0.03,0.0340806,1,382173
24936341,0.04,0.0388161,1,382173
24937801,0,0.00776322,1,382182
24939261,0.03,0.0255526,1,382209
24940721,0.03,0.0291105,1,382231
24942181,0.05,0.0458221,1,382247
24943641,0.05,0.0491644,1,382262
24945101,0.03,0.0338329,1,382300
24946561,0.04,0.0387666,1,382300
24948021,0.07,0.0637533,1,382375
24949481,0.08,0.0767507,1,382375
24950941,0.05,0.0553501,1,382412
24952401,0.06,0.05907,1,382412
24953861,0.05,0.051814,1,382477
24955321,0.06,0.0583628,1,382477
24956781,0.09,0.0836726,1,382517
24958241,0.1,0.0967345,1,382517
24959701,0.07,0.0753469,1,382595
24961161,0.08,0.0790694,1,382595
24962621,0.07,0.0718139,1,382603
24964081,0.08,0.0783628,1,382603
24965541,0.01,0.0236726,1,382653
24967001,0.02,0.0207345,1,382653
24968461,0.05,0.0441469,1,382685
24969921,0.06,0.0568294,1,382685
24971381,0.06,0.0593659,1,382685
24972841,0,0.0118732,1,382723
24974301,0,0.00237463,1,382723
24975761,0.05,0.0404749,1,382800
24977221,0.06,0.056095,1,382800
24978681,0.11,0.099219,1,382836
24980141,0.12,0.115844,1,382836
24981601,0.21,0.191169,1,382901
24983061,0.22,0.214234,1,382901
24984521,0.15,0.162847,1,382943
24985981,0.16,0.160569,1,382943
24987441,0.07,0.0881139,1,383020
24988901,0.08,0.0816228,1,383020
24990361,0.07,0.0723246,1,383028
24991821,0.08,0.0784649,1,383028
24993281,0.07,0.071693,1,383075
24994741,0.08,0.0783386,1,383075
24996201,0.03,0.0396677,1,383109
24997661,0.04,0.0399335,1,383109
24999121,0.03,0.0319867,1,383144
25000581,0.04,0.0383973,1,383144
25002041,0.05,0.0476795,1,383223
25003501,0.06,0.0575359,1,383223
25004961,0.03,0.0355072,1,383262
25006421,0.04,0.0391014,1,383262
25007881,0.13,0.11182,1,383332
25009341,0.14,0.134364,1,383332
25010801,0.15,0.146873,1,383371
25012261,0.16,0.157375,1,383371
25013721,0.13,0.135475,1,383444
25015181,0.14,0.139095,1,383444
25016641,0.13,0.131819,1,383452
25018101,0.14,0.138364,1,383452
25019561,0.15,0.147673,1,383499
25021021,0.16,0.157535,1,383499
25022481,0.17,0.167507,1,383531
25023941,0.18,0.177501,1,383531
25025401,0.19,0.1875,1,383566
25026861,0.2,0.1975,1,383566
25028321,0.15,0.1595,1,383646
25029781,0.16,0.1599,1,383646
25031241,0.16,0.15998,1,383646
25032701,0.17,0.167996,1,383684
25034161,0.18,0.177599,1,383684
25035621,0.25,0.23552,1,383759
25037081,0.26,0.255104,1,383759
25038541,0.29,0.283021,1,383799
25040001,0.3,0.296604,1,383799
25041461,0.29,0.291321,1,383871
25042921,0.3,0.298264,1,383871
25044381,0.29,0.291653,1,383879
25045841,0.3,0.298331,1,383879
25047301,0.31,0.307666,1,383927
25048761,0.32,0.317533,1,383927
25050221,0.31,0.311507,1,383960
25051681,0.32,0.318301,1,383960
25053141,0.31,0.31166,1,383996
25054601,0.32,0.318332,1,383996
25056061,0.35,0.343666,1,384074
25057521,0.36,0.356733,1,384074
25058981,0.35,0.351347,1,384076
25060441,0.36,0.358269,1,384076
25061901,0.35,0.351654,1,384114
25063361,0.36,0.358331,1,384114
25064821,0.37,0.367666,1,384193
25066281,0.38,0.377533,1,384193
25067741,0.39,0.387507,1,384235
25069201,0.4,0.397501,1,384235
25070661,0.41,0.4075,1,384307
25072121,0.42,0.4175,1,384307
25073581,0.41,0.4115,1,384315
25075041,0.42,0.4183,1,384315
25076501,0.45,0.44366,1,384364
25077961,0.46,0.456732,1,384364
25079421,0.47,0.467346,1,384397
25080881,0.48,0.477469,1,384397
25082341,0.49,0.487494,1,384433
25083801,0.5,0.497499,1,384433
25085261,0.49,0.4915,1,384513
25086721,0.5,0.4983,1,384513
25088181,0.49,0.49166,1,384515
25089641,0.5,0.498332,1,384515
25091101,0.5,0.499666,1,384515
25092561,0.51,0.507933,1,384553
25094021,0.52,0.517587,1,384553
25095481,0.53,0.527517,1,384633
25096941,0.54,0.537503,1,384633
25098401,0.57,0.563501,1,384676
25099861,0.58,0.5767,1,384676
25101321,0.65,0.63534,1,384749
25102781,0.66,0.655068,1,384749
25104241,0.65,0.651014,1,384757
25105701,0.66,0.658203,1,384757
25107161,0.71,0.699641,1,384808
25108621,0.72,0.715928,1,384808
25110081,0.71,0.711186,1,384842
25111541,0.72,0.718237,1,384842
25113001,0.75,0.743647,1,384879
25114461,0.76,0.756729,2,384879
25115921,0.75,0.751346,2,384959
25117381,0.76,0.758269,2,384959
25118841,0.75,0.751654,2,384961
25120301,0.76,0.758331,2,384961
25121761,0.75,0.751666,2,384999
25123221,0.76,0.758333,2,384999
25124681,0.79,0.783667,2,385080
25126141,0.8,0.796733,2,385080
25127601,0.77,0.775347,2,385125
25129061,0.78,0.779069,2,385125
25130521,0.85,0.835814,2,385202
25131981,0.86,0.855163,2,385202
25133441,0.85,0.851033,2,385210
25134901,0.86,0.858207,2,385210
25136361,0.87,0.867641,2,385264
25137821,0.88,0.877528,2,385264
25139281,0.87,0.871506,2,385298
25140741,0.88,0.878301,2,385298
25142201,0.85,0.85566,2,385337
25143661,0.86,0.859132,2,385337
25145121,0.87,0.867826,2,385417
25146581,0.88,0.877565,2,385417
25148041,0.87,0.871513,2,385419
25149501,0.88,0.878303,2,385419
25150961,0.89,0.887661,2,385457
25152421,0.9,0.897532,2,385457
25267761,0.94,0.94,2,387205
25269221,0.95,0.948,2,387205
25270681,0.94,0.9416,2,387233
25272141,0.95,0.94832,2,387233
25273601,0.79,0.821664,2,387323
25275061,0.8,0.804333,2,387323
25276521,0.69,0.712867,1,387352
25277981,0.7,0.702573,1,387352
25279441,0.65,0.660515,1,387388
25280901,0.66,0.660103,1,387388
25282361,0.41,0.460021,1,387450
25283821,0.42,0.428004,1,387450
25285281,0.31,0.333601,1,387472
25286741,0.32,0.32272,1,387472
25288201,0.27,0.280544,1,387510
25289661,0.28,0.280109,1,387510
25291121,0.23,0.240022,1,387576
25292581,0.24,0.240004,1,387576
25294041,0.24,0.240001,1,387576
25295501,0.21,0.216,1,387597
25296961,0.22,0.2192,1,387597
25298421,0.25,0.24384,1,387628
25299881,0.26,0.256768,1,387628
25301341,0.13,0.155354,1,387675
25302801,0.14,0.143071,1,387675
25304261,0.13,0.132614,1,387701
25305721,0.14,0.138523,1,387701
25307181,0.09,0.0997046,1,387783
25308641,0.1,0.0999409,1,387783
25310101,0.09,0.0919882,1,387807
25311561,0.1,0.0983976,1,387807
25313021,0.07,0.0756795,1,387841
25314481,0.08,0.0791359,1,387841
25315941,0.09,0.0878272,1,387891
25317401,0.1,0.0975654,1,387891
25318861,0.05,0.0595131,1,387908
25320321,0.06,0.0599026,1,387908
25321781,0.11,0.0999805,1,387944
25323241,0.12,0.115996,1,387944
25324701,0.11,0.111199,1,388008
25326161,0.12,0.11824,1,388008
25327621,0.11,0.111648,1,388010
25329081,0.12,0.11833,1,388010
25330541,0.11,0.111666,1,388029
25332001,0.12,0.118333,1,388029
25333461,0.13,0.127667,1,388062
25334921,0.14,0.137533,1,388062
25336381,0.17,0.163507,1,388103
25337841,0.18,0.176701,1,388103
25339301,0.13,0.13934,1,388129
25340761,0.14,0.139868,1,388129
25342221,0.17,0.163974,1,388209
25343681,0.18,0.176795,1,388209
25345141,0.19,0.187359,1,388233
25346601,0.2,0.197472,1,388233
25348061,0.23,0.223494,1,388266
25349521,0.24,0.236699,1,388266
25350981,0.29,0.27934,1,388317
25352441,0.3,0.295868,1,388317
25353901,0.27,0.275174,1,388332
25355361,0.28,0.279035,1,388332
25356821,0.31,0.303807,1,388371
25358281,0.32,0.316761,1,388371
25359741,0.29,0.295352,1,388435
25361201,0.3,0.29907,1,388435
25362661,0.29,0.291814,1,388437
25364121,0.3,0.298363,1,388437
25365581,0.27,0.275673,1,388456
25367041,0.28,0.279135,1,388456
25368501,0.28,0.279827,1,388456
25369961,0.33,0.319965,1,388490
25371421,0.34,0.335993,1,388490
25372881,0.31,0.315199,1,388533
25374341,0.32,0.31904,1,388533
25375801,0.31,0.311808,1,388557
25377261,0.32,0.318362,1,388557
25378721,0.39,0.375672,1,388639
25380181,0.4,0.395134,1,388639
25381641,0.39,0.391027,1,388664
25383101,0.4,0.398205,1,388664
25384561,0.41,0.407641,1,388699
25386021,0.42,0.417528,1,388699
25387481,0.47,0.459506,1,388753
25388941,0.48,0.475901,1,388753
25390401,0.47,0.47118,1,388767
25391861,0.48,0.478236,1,388767
25393321,0.47,0.471647,1,388808
25394781,0.48,0.478329,1,388808
25396241,0.49,0.487666,1,388871
25397701,0.5,0.497533,1,388871
25399161,0.49,0.491507,1,388873
25400621,0.5,0.498301,1,388873
25402081,0.49,0.49166,1,388891
25403541,0.5,0.498332,1,388891
25405001,0.55,0.539666,1,388927
25406461,0.56,0.555933,1,388927
25407921,0.55,0.551187,1,388969
25409381,0.56,0.558237,1,388969
25410841,0.55,0.551647,1,388993
25412301,0.56,0.558329,1,388993
25413761,0.59,0.583666,1,389079
25415221,0.6,0.596733,1,389079
25416681,0.61,0.607347,1,389104
25418141,0.62,0.617469,1,389104
25419601,0.65,0.643494,1,389140
25421061,0.66,0.656699,1,389140
25422521,0.65,0.65134,1,389197
25423981,0.66,0.658268,1,389197
25425441,0.65,0.651654,1,389211
25426901,0.66,0.658331,1,389211
25428361,0.65,0.651666,1,389252
25429821,0.66,0.658333,1,389252
25431281,0.69,0.683667,1,389316
25432741,0.7,0.696733,1,389316
25434201,0.69,0.691347,1,389318
25435661,0.7,0.698269,1,389318
25437121,0.69,0.691654,1,389336
25438581,0.7,0.698331,1,389336
25440041,0.77,0.755666,2,389375
25441501,0.78,0.775133,2,389375
25442961,0.79,0.787027,2,389417
25444421,0.8,0.797405,2,389417
25445881,0.8,0.799481,2,389417
25447341,0.81,0.807896,2,389441
25448801,0.82,0.817579,2,389441
25450261,0.85,0.843516,2,389529
25451721,0.86,0.856703,2,389529
25453181,0.87,0.867341,2,389555
25454641,0.88,0.877468,2,389555
25456101,0.83,0.839494,2,389593
25457561,0.84,0.839899,2,389593
25459021,0.87,0.86398,2,389650
25460481,0.88,0.876796,2,389650
25461941,0.89,0.887359,2,389664
25463401,0.9,0.897472,2,389664
25464861,0.87,0.875494,2,389705
25466321,0.88,0.879099,2,389705
25467781,0.85,0.85582,2,389771
25469241,0.86,0.859164,2,389771
25470701,0.85,0.851833,2,389773
25472161,0.86,0.858367,2,389773
25473621,0.85,0.851673,2,389791
25475081,0.86,0.858335,2,389791
25476541,0.87,0.867667,2,389834
25478001,0.88,0.877533,2,389834
25479461,0.87,0.871507,2,389877
25480921,0.88,0.878301,2,389877
25482381,0.87,0.87166,2,389879
25483841,0.88,0.878332,2,389879
25485301,0.91,0.903666,2,389903
25486761,0.92,0.916733,2,389903
25488221,0.91,0.911347,2,389993
25489681,0.92,0.918269,2,389993
25491141,0.89,0.895654,2,390020
25492601,0.9,0.899131,2,390020
25494061,0.93,0.923826,2,390056
25495521,0.94,0.936765,2,390056
25619621,0.95,0.95,2,391594
25622541,0.85,0.85,2,391656
25624001,0.86,0.858,2,391656
25625461,0.77,0.7876,2,391684
25626921,0.78,0.78152,2,391684
25628381,0.65,0.676304,1,391720
25629841,0.66,0.663261,1,391720
25631301,0.63,0.636652,1,391744
25632761,0.64,0.63933,1,391744
25634221,0.53,0.551866,1,391768
25635681,0.54,0.542373,1,391768
25637141,0.49,0.500475,1,391796
25638601,0.5,0.500095,1,391796
25640061,0.37,0.396019,1,391829
25641521,0.38,0.383204,1,391829
25642981,0.31,0.324641,1,391879
25644441,0.32,0.320928,1,391879
25645901,0.31,0.312186,1,391881
25647361,0.32,0.318437,1,391881
25648821,0.23,0.247687,1,391916
25650281,0.24,0.241537,1,391916
25651741,0.19,0.200307,1,391946
25653201,0.2,0.200061,1,391946
25654661,0.05,0.0800123,1,392016
25656121,0.06,0.0640025,1,392016
25657581,0,0.0128005,1,392042
25659041,0,0.0025601,1,392042
25660501,0.05,0.040512,1,392069
25661961,0.06,0.0561024,1,392069
25663421,0.03,0.0352205,1,392120
25664881,0.04,0.0390441,1,392120
25666341,0.09,0.0798088,1,392144
25667801,0.1,0.0959618,1,392144
25669261,0.07,0.0751924,1,392174
25670721,0.08,0.0790385,1,392174
25672181,0.13,0.119808,1,392197
25673641,0.14,0.135962,1,392197
25675101,0.15,0.147192,1,392216
25676561,0.16,0.157438,1,392216
25678021,0.15,0.151488,1,392242
25679481,0.16,0.158298,1,392242
25680941,0.19,0.18366,1,392269
25682401,0.2,0.196732,1,392269
25683861,0.15,0.159346,1,392316
25685321,0.16,0.159869,1,392316
25686781,0.15,0.151974,1,392318
25688241,0.16,0.158395,1,392318
25689701,0.19,0.183679,1,392349
25691161,0.2,0.196736,1,392349
25692621,0.2,0.199347,1,392349
25694081,0.19,0.191869,1,392377
25695541,0.2,0.198374,1,392377
25697001,0.19,0.191675,1,392440
25698461,0.2,0.198335,1,392440
25699921,0.17,0.175667,1,392464
25701381,0.18,0.179133,1,392464
25702841,0.17,0.171827,1,392493
25704301,0.18,0.178365,1,392493
25705761,0.21,0.203673,1,392543
25707221,0.22,0.216735,1,392543
25708681,0.23,0.227347,1,392570
25710141,0.24,0.237469,1,392570
25711601,0.25,0.247494,1,392599
25713061,0.26,0.257499,1,392599
25714521,0.25,0.2515,1,392625
25715981,0.26,0.2583,1,392625
25717441,0.25,0.25166,1,392645
25718901,0.26,0.258332,1,392645
25720361,0.25,0.251666,1,392671
25721821,0.26,0.258333,1,392671
25723281,0.25,0.251667,1,392700
25724741,0.26,0.258333,1,392700
25726201,0.27,0.267667,1,392745
25727661,0.28,0.277533,1,392745
25729121,0.27,0.271507,1,392747
25730581,0.28,0.278301,1,392747
25732041,0.25,0.25566,1,392780
25733501,0.26,0.259132,1,392780
25734961,0.29,0.283826,1,392807
25736421,0.3,0.296765,1,392807
25737881,0.29,0.291353,1,392870
25739341,0.3,0.298271,1,392870
25740801,0.31,0.307654,1,392893
25742261,0.32,0.317531,1,392893
25743721,0.35,0.343506,1,392922
25745181,0.36,0.356701,1,392922
25746641,0.33,0.33534,1,392974
25748101,0.34,0.339068,1,392974
25749561,0.35,0.347814,1,393002
25751021,0.36,0.357563,1,393002
25752481,0.35,0.351513,1,393032
25753941,0.36,0.358303,1,393032
25755401,0.37,0.367661,1,393058
25756861,0.38,0.377532,1,393058
25758321,0.37,0.371506,1,393078
25759781,0.38,0.378301,1,393078
25761241,0.37,0.37166,1,393104
25762701,0.38,0.378332,1,393104
25764161,0.37,0.371666,1,393133
25765621,0.38,0.378333,1,393133
25767081,0.41,0.403667,1,393179
25768541,0.42,0.416733,1,393179
25770001,0.41,0.411347,1,393181
25771461,0.42,0.418269,1,393181
25772921,0.43,0.427654,1,393213
25774381,0.44,0.437531,1,393213
25775841,0.45,0.447506,1,393242
25777301,0.46,0.457501,1,393242
25778761,0.53,0.5155,1,393305
25780221,0.54,0.5351,1,393305
25781681,0.54,0.53902,1,393305
25783141,0.55,0.547804,1,393329
25784601,0.56,0.557561,1,393329
25786061,0.61,0.599512,1,393360
25787521,0.62,0.615902,1,393360
25788981,0.63,0.62718,1,393411
25790441,0.64,0.637436,1,393411
25791901,0.63,0.631487,1,393440
25793361,0.64,0.638297,1,393440
25794821,0.65,0.647659,1,393470
25796281,0.66,0.657532,1,393470
25797741,0.67,0.667506,1,393497
25799201,0.68,0.677501,1,393497
25800661,0.67,0.6715,1,393517
25802121,0.68,0.6783,1,393517
25803581,0.69,0.68766,1,393543
25805041,0.7,0.697532,1,393543
25806501,0.67,0.675506,1,393572
25807961,0.68,0.679101,1,393572
25809421,0.69,0.68782,1,393620
25810881,0.7,0.697564,1,393620
25812341,0.69,0.691513,1,393622
25813801,0.7,0.698303,1,393622
25815261,0.67,0.675661,1,393655
25816721,0.68,0.679132,1,393655
25818181,0.67,0.671826,1,393685
25819641,0.68,0.678365,1,393685
25821101,0.73,0.719673,1,393752
25822561,0.74,0.735935,1,393752
25824021,0.73,0.731187,1,393754
25825481,0.74,0.738237,1,393754
25826941,0.73,0.731647,1,393778
25828401,0.74,0.738329,1,393778
25829861,0.73,0.731666,1,393812
25831321,0.74,0.738333,1,393812
25832781,0.75,0.747667,1,393864
25834241,0.76,0.757533,2,393864
25835701,0.75,0.751507,2,393893
25837161,0.76,0.758301,2,393893
25838621,0.77,0.76766,2,393924
25840081,0.78,0.777532,2,393924
25841541,0.77,0.771506,2,393952
25843001,0.78,0.778301,2,393952
25844461,0.77,0.77166,2,393972
25845921,0.78,0.778332,2,393972
25847381,0.81,0.803666,2,393999
25848841,0.82,0.816733,2,393999
25850301,0.83,0.827347,2,394027
25851761,0.84,0.837469,2,394027
25853221,0.85,0.847494,2,394076
25854681,0.86,0.857499,2,394076
25856141,0.85,0.8515,2,394078
25857601,0.86,0.8583,2,394078
25859061,0.89,0.88366,2,394110
25860521,0.9,0.896732,2,394110
25861981,0.91,0.907346,2,394140
25863441,0.92,0.917469,2,394140
25864901,0.93,0.927494,2,394210
25866361,0.94,0.937499,2,394210
25867821,0.93,0.9315,2,394212
25869281,0.94,0.9383,2,394212
25870741,0.94,0.93966,2,394212
25872201,0.95,0.947932,2,394236
25880961,0.95,0.95,2,394352
26045941,0.93,0.93,2,396106
26047401,0.94,0.938,2,396106
26051781,0.94,0.94,2,396169
26053241,0.95,0.948,2,396169
26054701,0.91,0.9176,2,396202
26056161,0.92,0.91952,2,396202
26057621,0.91,0.911904,2,396227
26059081,0.92,0.918381,2,396227
26060541,0.79,0.815676,2,396251
26062001,0.8,0.803135,2,396251
26063461,0.8,0.800627,2,396251
26064921,0.85,0.840125,2,396287
26066381,0.86,0.856025,2,396287
26067841,0.71,0.739205,1,396321
26069301,0.72,0.723841,1,396321
26070761,0.63,0.648768,1,396344
26072221,0.64,0.641754,1,396344
26073681,0.55,0.568351,1,396371
26075141,0.56,0.56167,1,396371
26076601,0.57,0.568334,1,396406
26078061,0.58,0.577667,1,396406
26079521,0.53,0.539533,1,396430
26080981,0.54,0.539907,1,396430
26082441,0.37,0.403981,1,396461
26083901,0.38,0.384796,1,396461
26085361,0.43,0.420959,1,396502
26086821,0.44,0.436192,1,396502
26088281,0.45,0.447238,1,396527
26089741,0.46,0.457448,1,396527
26091201,0.39,0.40349,1,396535
26092661,0.4,0.400698,1,396535
26094121,0.37,0.37614,1,396578
26095581,0.38,0.379228,1,396578
26097041,0.35,0.355846,1,396605
26098501,0.36,0.359169,1,396605
26099961,0.41,0.399834,1,396638
26101421,0.42,0.415967,1,396638
26102881,0.39,0.395193,1,396669
26104341,0.4,0.399039,1,396669
26105801,0.35,0.359808,1,396694
26107261,0.36,0.359962,1,396694
26108721,0.33,0.335992,1,396712
26110181,0.34,0.339198,1,396712
26111641,0.39,0.37984,1,396750
26113101,0.4,0.395968,1,396750
26114561,0.37,0.375194,1,396777
26116021,0.38,0.379039,1,396777
26117481,0.41,0.403808,1,396796
26118941,0.42,0.416762,1,396796
26120401,0.41,0.411352,1,396819
26121861,0.42,0.41827,1,396819
26123321,0.43,0.427654,1,396855
26124781,0.44,0.437531,1,396855
26126241,0.43,0.431506,1,396877
26127701,0.44,0.438301,1,396877
26129161,0.41,0.41566,1,396900
26130621,0.42,0.419132,1,396900
26132081,0.39,0.395826,1,396944
26133541,0.4,0.399165,1,396944
26135001,0.41,0.407833,1,396970
26136461,0.42,0.417567,1,396970
26137921,0.43,0.427513,1,396975
26139381,0.44,0.437503,1,396975
26140841,0.39,0.399501,1,397017
26142301,0.4,0.3999,1,397017
26143761,0.47,0.45598,1,397043
26145221,0.48,0.475196,1,397043
26146681,0.45,0.455039,1,397079
26148141,0.46,0.459008,1,397079
26149601,0.45,0.451802,1,397109
26151061,0.46,0.45836,1,397109
26152521,0.47,0.467672,1,397132
26153981,0.48,0.477534,1,397132
26155441,0.47,0.471507,1,397149
26156901,0.48,0.478301,1,397149
26158361,0.51,0.50366,1,397190
26159821,0.52,0.516732,1,397190
26161281,0.55,0.543346,1,397216
26162741,0.56,0.556669,1,397216
26164201,0.56,0.559334,1,397216
26165661,0.55,0.551867,1,397237
26167121,0.56,0.558373,1,397237
26168581,0.61,0.599675,1,397260
26170041,0.62,0.615935,1,397260
26171501,0.61,0.611187,1,397297
26172961,0.62,0.618237,1,397297
26174421,0.63,0.627647,1,397319
26175881,0.64,0.637529,1,397319
26177341,0.63,0.631506,1,397341
26178801,0.64,0.638301,1,397341
26180261,0.69,0.67966,1,397384
26181721,0.7,0.695932,1,397384
26183181,0.75,0.739186,1,397411
26184641,0.76,0.755837,2,397411
26186101,0.75,0.751167,2,397417
26187561,0.76,0.758233,2,397417
26189021,0.75,0.751647,2,397457
26190481,0.76,0.758329,2,397457
26191941,0.77,0.767666,2,397487
26193401,0.78,0.777533,2,397487
26194861,0.75,0.755507,2,397522
26196321,0.76,0.759101,2,397522
26197781,0.77,0.76782,2,397552
26199241,0.78,0.777564,2,397552
26200701,0.79,0.787513,2,397576
26202161,0.8,0.797503,2,397576
26203621,0.77,0.775501,2,397593
26205081,0.78,0.7791,2,397593
26206541,0.79,0.78782,2,397636
26208001,0.8,0.797564,2,397636
26209461,0.81,0.807513,2,397664
26210921,0.82,0.817503,2,397664
26212381,0.81,0.811501,2,397666
26213841,0.82,0.8183,2,397666
26215301,0.81,0.81166,2,397686
26216761,0.82,0.818332,2,397686
26218221,0.83,0.827666,2,397712
26219681,0.84,0.837533,2,397712
26221141,0.85,0.847507,2,397749
26222601,0.86,0.857501,2,397749
26224061,0.83,0.8355,2,397772
26225521,0.84,0.8391,2,397772
26226981,0.83,0.83182,2,397794
26228441,0.84,0.838364,2,397794
26229901,0.83,0.831673,2,397840
26231361,0.84,0.838335,2,397840
26232821,0.79,0.799667,2,397870
26234281,0.8,0.799933,2,397870
26235741,0.79,0.791987,2,397876
26237201,0.8,0.798397,2,397876
26238661,0.79,0.791679,2,397916
26240121,0.8,0.798336,2,397916
26241581,0.83,0.823667,2,397947
26243041,0.84,0.836733,2,397947
26244501,0.85,0.847347,2,397981
26245961,0.86,0.857469,2,397981
26247421,0.87,0.867494,2,398012
26248881,0.88,0.877499,2,398012
26250341,0.89,0.8875,2,398037
26251801,0.9,0.8975,2,398037
26253261,0.89,0.8915,2,398053
26254721,0.9,0.8983,2,398053
26256181,0.95,0.93966,2,398097
26259101,0.95,0.95,2,398126
26262021,0.95,0.95,2,398128
26264941,0.95,0.95,2,398148
26435761,0.87,0.87,2,400020
26437221,0.85,0.854,2,400051
26438681,0.81,0.8188,2,400075
26440141,0.59,0.63576,1,400124
26441601,0.57,0.583152,1,400142
26443061,0.51,0.52463,1,400155
26444521,0.49,0.496926,1,400173
26445981,0.45,0.459385,1,400182
26447441,0.43,0.435877,1,400196
26448901,0.33,0.351175,1,400225
26450361,0.21,0.238235,1,400258
26451821,0.07,0.103647,1,400295
26453281,0.03,0.0447294,1,400337
26427001,0.03,0.0329459,1,400377
26454741,0.05,0.0465892,1,400417
26456201,0.13,0.113318,1,400446
26457661,0.03,0.0466636,1,400484
26459121,0.03,0.0333327,1,400514
26460581,0.03,0.0306665,1,400536
26462041,0.03,0.0301333,1,400574
26463501,0.03,0.0300267,1,400591
26464961,0.03,0.0300053,1,400601
26466421,0.03,0.0300011,1,400618
26467881,0.03,0.0300002,1,400625
26469341,0.03,0.03,1,400638
26470801,0.07,0.062,1,400662
26472261,0.05,0.0524,1,400689
26473721,0.01,0.01848,1,400719
26475181,0.05,0.043696,1,400759
26476641,0.05,0.0487392,1,400799
26478101,0.06,0.0577478,1,400799
26479561,0.05,0.0515496,1,400873
26481021,0.06,0.0583099,1,400873
26482481,0.03,0.035662,1,400936
26483941,0.04,0.0391324,1,400936
26485401,0.03,0.0318265,1,400996
26486861,0.04,0.0383653,1,400996
26488321,0.03,0.0316731,1,401023
26489781,0.04,0.0383346,1,401023
26491241,0.03,0.0316669,1,401047
26492701,0.04,0.0383334,1,401047
26494161,0.03,0.0316667,1,401086
26495621,0.04,0.0383333,1,401086
26497081,0.09,0.0796667,1,401140
26498541,0.1,0.0959333,1,401140
26500001,0.03,0.0431867,1,401222
26501461,0.04,0.0406373,1,401222
26502921,0.03,0.0321275,1,401296
26504381,0.04,0.0384255,1,401296
26505841,0.03,0.0316851,1,401358
26507301,0.04,0.038337,1,401358
26508761,0.05,0.0476674,1,401418
26510221,0.06,0.0575335,1,401418
26511681,0.03,0.0355067,1,401445
26513141,0.04,0.0391013,1,401445
26514601,0.07,0.0638203,1,401469
26516061,0.08,0.0767641,1,401469
26517521,0.05,0.0553528,1,401508
26518981,0.06,0.0590706,1,401508
26520441,0.05,0.0518141,1,401565
26521901,0.06,0.0583628,1,401565
26523361,0.07,0.0676726,1,401644
26524821,0.08,0.0775345,1,401644
26526281,0.03,0.0395069,1,401718
26527741,0.04,0.0399014,1,401718
26529201,0.04,0.0399803,1,401718
26530661,0.03,0.0319961,1,401780
26532121,0.04,0.0383992,1,401780
26533581,0.07,0.0636798,1,401841
26535041,0.08,0.076736,1,401841
26536501,0.07,0.0713472,1,401867
26537961,0.08,0.0782694,1,401867
26539421,0.11,0.103654,1,401893
26540881,0.12,0.116731,1,401893
26542341,0.15,0.143346,1,401931
26543801,0.16,0.156669,1,401931
26545261,0.17,0.167334,1,401988
26546721,0.18,0.177467,1,401988
26548181,0.21,0.203493,1,402068
26549641,0.22,0.216699,1,402068
26551101,0.15,0.16334,1,402140
26552561,0.16,0.160668,1,402140
26554021,0.15,0.152134,1,402142
26555481,0.16,0.158427,1,402142
26556941,0.15,0.151685,1,402203
26558401,0.16,0.158337,1,402203
26559861,0.15,0.151667,1,402266
26561321,0.16,0.158333,1,402266
26562781,0.17,0.167667,1,402292
26564241,0.18,0.177533,1,402292
26565701,0.15,0.155507,1,402320
26567161,0.16,0.159101,1,402320
26568621,0.21,0.19982,1,402360
26570081,0.22,0.215964,1,402360
26571541,0.21,0.211193,1,402418
26573001,0.22,0.218239,1,402418
26574461,0.21,0.211648,1,402500
26575921,0.22,0.21833,1,402500
26577381,0.29,0.275666,1,402569
26578841,0.3,0.295133,1,402569
26580301,0.29,0.291027,1,402571
26581761,0.3,0.298205,1,402571
26583221,0.27,0.275641,1,402632
26584681,0.28,0.279128,1,402632
26586141,0.28,0.279826,1,402632
26587601,0.27,0.271965,1,402695
26589061,0.28,0.278393,1,402695
26590521,0.27,0.271679,1,402722
26591981,0.28,0.278336,1,402722
26593441,0.29,0.287667,1,402749
26594901,0.3,0.297533,1,402749
26596361,0.35,0.339507,1,402792
26597821,0.36,0.355901,1,402792
26599281,0.41,0.39918,1,402850
26600741,0.42,0.415836,1,402850
26602201,0.45,0.443167,1,402932
26603661,0.46,0.456633,1,402932
26605121,0.51,0.499327,1,403005
26606581,0.52,0.515865,1,403005
26608041,0.51,0.511173,1,403007
26609501,0.52,0.518235,1,403007
26610961,0.53,0.527647,1,403067
26612421,0.54,0.537529,1,403067
26613881,0.57,0.563506,1,403129
26615341,0.58,0.576701,1,403129
26616801,0.59,0.58734,1,403156
26618261,0.6,0.597468,1,403156
26619721,0.61,0.607494,1,403184
26621181,0.62,0.617499,1,403184
26622641,0.59,0.5955,1,403230
26624101,0.6,0.5991,1,403230
26625561,0.63,0.62382,1,403291
26627021,0.64,0.636764,1,403291
26628481,0.63,0.631353,1,403375
26629941,0.64,0.638271,1,403375
26631401,0.65,0.647654,1,403451
26632861,0.66,0.657531,1,403451
26634321,0.65,0.651506,1,403453
26635781,0.66,0.658301,1,403453
26637241,0.67,0.66766,1,403514
26638701,0.68,0.677532,1,403514
26640161,0.71,0.703506,1,403578
26641621,0.72,0.716701,1,403578
26643081,0.72,0.71934,1,403578
26644541,0.73,0.727868,1,403606
26646001,0.74,0.737574,1,403606
26647461,0.71,0.715515,1,403635
26648921,0.72,0.719103,1,403635
26650381,0.71,0.711821,1,403680
26651841,0.72,0.718364,1,403680
26653301,0.75,0.743673,1,403743
26654761,0.76,0.756735,2,403743
26656221,0.81,0.799347,2,403827
26657681,0.82,0.815869,2,403827
26659141,0.83,0.827174,2,403904
26660601,0.84,0.837435,2,403904
26662061,0.83,0.831487,2,403906
26663521,0.84,0.838297,2,403906
26664981,0.87,0.863659,2,403968
26666441,0.88,0.876732,2,403968
26667901,0.89,0.887346,2,404034
26669361,0.9,0.897469,2,404034
26670821,0.89,0.891494,2,404036
26672281,0.9,0.898299,2,404036
26673741,0.93,0.92366,2,404064
26675201,0.94,0.936732,2,404064
26676661,0.93,0.931346,2,404092
26678121,0.94,0.938269,2,404092
26679581,0.93,0.931654,2,404137
26681041,0.94,0.938331,2,404137
26682501,0.95,0.947666,2,404202
26784701,0.92,0.92,2,405853
26786161,0.93,0.928,2,405853
26796381,0.91,0.91,2,406008
26797841,0.92,0.918,2,406008
26799301,0.9,0.9036,2,406042
26800761,0.91,0.90872,2,406042
26802221,0.83,0.845744,2,406073
26803681,0.84,0.841149,2,406073
26805141,0.79,0.80023,2,406108
26806601,0.8,0.800046,2,406108
26808061,0.79,0.792009,2,406167
26809521,0.8,0.798402,2,406167
26810981,0.75,0.75968,2,406267
26812441,0.76,0.759936,2,406267
26813901,0.81,0.799987,2,406298
26815361,0.82,0.815997,2,406298
26816821,0.81,0.8112,2,406328
26818281,0.82,0.81824,2,406328
26819741,0.69,0.715648,1,406386
26821201,0.7,0.70313,1,406386
26822661,0.83,0.804626,2,406420
26824121,0.84,0.832925,2,406420
26825581,0.81,0.814585,2,406456
26827041,0.82,0.818917,2,406456
26828501,0.83,0.827783,2,406475
26829961,0.84,0.837557,2,406475
26831421,0.87,0.863511,2,406509
26832881,0.88,0.876702,2,406509
26834341,0.85,0.85534,2,406536
26835801,0.86,0.859068,2,406536
26837261,0.86,0.859814,2,406536
26838721,0.89,0.883963,2,406569
26840181,0.9,0.896793,2,406569
26841641,0.87,0.875358,2,406628
26843101,0.88,0.879072,2,406628
26844561,0.87,0.871814,2,406726
26846021,0.88,0.878363,2,406726
26847481,0.93,0.919673,2,406760
26848941,0.94,0.935935,2,406760
26850401,0.93,0.931187,2,406790
26851861,0.94,0.938237,2,406790
26977421,0.92,0.92,2,408549
26978881,0.93,0.928,2,408549
26980341,0.79,0.8176,2,408625
26981801,0.8,0.80352,2,408625
26983261,0.8,0.800704,2,408625
26984721,0.59,0.632141,1,408687
26986181,0.6,0.606428,1,408687
26987641,0.51,0.529286,1,408723
26989101,0.52,0.521857,1,408723
26990561,0.39,0.416371,1,408752
26992021,0.4,0.403274,1,408752
26993481,0.33,0.344655,1,408808
26994941,0.34,0.340931,1,408808
26996401,0.29,0.300186,1,408841
26997861,0.3,0.300037,1,408841
26999321,0.31,0.308007,1,408870
27000781,0.32,0.317601,1,408870
27002241,0.25,0.26352,1,408902
27003701,0.26,0.260704,1,408902
27005161,0.23,0.236141,1,408922
27006621,0.24,0.239228,1,408922
27008081,0.17,0.183846,1,408948
27009541,0.18,0.180769,1,408948
27011001,0.13,0.140154,1,408999
27012461,0.14,0.140031,1,408999
27013921,0.15,0.148006,1,409018
27015381,0.16,0.157601,1,409018
27016841,0.11,0.11952,1,409086
27018301,0.12,0.119904,1,409086
27019761,0.07,0.0799808,1,409137
27021221,0.08,0.0799962,1,409137
27022681,0.09,0.0879992,1,409169
27024141,0.1,0.0975998,1,409169
27025601,0.05,0.05952,1,409192
27027061,0.06,0.059904,1,409192
27028521,0.15,0.131981,1,409245
27029981,0.16,0.154396,1,409245
27031441,0.13,0.134879,1,409276
27032901,0.14,0.138976,1,409276
27034361,0.13,0.131795,1,409306
27035821,0.14,0.138359,1,409306
27037281,0.13,0.131672,1,409335
27038741,0.14,0.138334,1,409335
27040201,0.15,0.147667,1,409354
27041661,0.16,0.157533,1,409354
27043121,0.07,0.0875067,1,409377
27044581,0.08,0.0815013,1,409377
27046041,0.15,0.1363,1,409426
27047501,0.16,0.15526,1,409426
27048961,0.07,0.087052,1,409446
27050421,0.08,0.0814104,1,409446
27051881,0.11,0.104282,1,409512
27053341,0.12,0.116856,1,409512
27054801,0.13,0.127371,1,409561
27056261,0.14,0.137474,1,409561
27057721,0.14,0.139495,1,409561
27059181,0.13,0.131899,1,409594
27060641,0.14,0.13838,1,409594
27062101,0.11,0.115676,1,409615
27063561,0.12,0.119135,1,409615
27065021,0.11,0.111827,1,409673
27066481,0.12,0.118365,1,409673
27067941,0.17,0.159673,1,409703
27069401,0.18,0.175935,1,409703
27070861,0.17,0.171187,1,409733
27072321,0.18,0.178237,1,409733
27073781,0.25,0.235647,1,409762
27075241,0.26,0.25513,1,409762
27076701,0.25,0.251026,1,409782
27078161,0.26,0.258205,1,409782
27079621,0.27,0.267641,1,409801
27081081,0.28,0.277528,1,409801
27082541,0.33,0.319506,1,409854
27084001,0.34,0.335901,1,409854
27085461,0.33,0.33118,1,409870
27086921,0.34,0.338236,1,409870
27088381,0.41,0.395647,1,409938
27089841,0.42,0.415129,1,409938
27091301,0.43,0.427026,1,409988
27092761,0.44,0.437405,1,409988
27094221,0.43,0.431481,1,409990
27095681,0.44,0.438296,1,409990
27097141,0.43,0.431659,1,410022
27098601,0.44,0.438332,1,410022
27100061,0.43,0.431666,1,410042
27101521,0.44,0.438333,1,410042
27102981,0.43,0.431667,1,410100
27104441,0.44,0.438333,1,410100
27105901,0.39,0.399667,1,410133
27107361,0.4,0.399933,1,410133
27108821,0.39,0.391987,1,410163
27110281,0.4,0.398397,1,410163
27111741,0.37,0.375679,1,410196
27113201,0.38,0.379136,1,410196
27114661,0.37,0.371827,1,410216
27116121,0.38,0.378365,1,410216
27117581,0.37,0.371673,1,410236
27119041,0.38,0.378335,1,410236
27120501,0.45,0.435667,1,410292
27121961,0.46,0.455133,1,410292
27123421,0.45,0.451027,1,410308
27124881,0.46,0.458205,1,410308
27126341,0.55,0.531641,1,410380
27127801,0.56,0.554328,1,410380
27129261,0.57,0.566866,1,410431
27130721,0.58,0.577373,1,410431
27132181,0.57,0.571475,1,410433
27133641,0.58,0.578295,1,410433
27135101,0.57,0.571659,1,410465
27136561,0.58,0.578332,1,410465
27138021,0.58,0.579666,1,410465
27139481,0.59,0.587933,1,410485
27140941,0.6,0.597587,1,410485
27142401,0.59,0.591517,1,410543
27143861,0.6,0.598303,1,410543
27145321,0.61,0.607661,1,410574
27146781,0.62,0.617532,1,410574
27148241,0.61,0.611506,1,410604
27149701,0.62,0.618301,1,410604
27151161,0.65,0.64366,1,410636
27152621,0.66,0.656732,1,410636
27154081,0.67,0.667346,1,410656
27155541,0.68,0.677469,1,410656
27157001,0.69,0.687494,1,410676
27158461,0.7,0.697499,1,410676
27159921,0.69,0.6915,1,410736
27161381,0.7,0.6983,1,410736
27162841,0.73,0.72366,1,410752
27164301,0.74,0.736732,1,410752
27165761,0.75,0.747346,1,410829
27167221,0.76,0.757469,2,410829
27168681,0.79,0.783494,2,410881
27170141,0.8,0.796699,2,410881
27171601,0.79,0.79134,2,410883
27173061,0.8,0.798268,2,410883
27174521,0.79,0.791654,2,410915
27175981,0.8,0.798331,2,410915
27177441,0.81,0.807666,2,410935
27178901,0.82,0.817533,2,410935
27180361,0.81,0.811507,2,410993
27181821,0.82,0.818301,2,410993
27183281,0.81,0.81166,2,411025
27184741,0.82,0.818332,2,411025
27186201,0.81,0.811666,2,411055
27187661,0.82,0.818333,2,411055
27189121,0.87,0.859667,2,411089
27190581,0.88,0.875933,2,411089
27192041,0.89,0.887187,2,411110
27193501,0.9,0.897437,2,411110
27194961,0.91,0.907487,2,411131
27196421,0.92,0.917497,2,411131
27197881,0.87,0.879499,2,411191
27199341,0.88,0.8799,2,411191
27200801,0.87,0.87198,2,411209
27202261,0.88,0.878396,2,411209
27203721,0.87,0.871679,2,411287
27205181,0.88,0.878336,2,411287
27206641,0.85,0.855667,2,411341
27208101,0.86,0.859133,2,411341
27209561,0.85,0.851827,2,411343
27211021,0.86,0.858365,2,411343
27212481,0.87,0.867673,2,411375
27213941,0.88,0.877535,2,411375
27215401,0.89,0.887507,2,411396
27216861,0.9,0.897501,2,411396
27218321,0.91,0.9075,2,411454
27219781,0.92,0.9175,2,411454
27221241,0.92,0.9195,2,411454
27222701,0.93,0.9279,2,411486
27224161,0.94,0.93758,2,411486
27225621,0.93,0.931516,2,411516
27227081,0.94,0.938303,2,411516
27228541,0.91,0.915661,2,411553
27230001,0.92,0.919132,2,411553
27231461,0.95,0.943826,2,411575
27234381,0.95,0.95,2,411597
27359941,0.81,0.81,2,413173
27361401,0.67,0.698,1,413259
27362861,0.53,0.5636,1,413290
27364321,0.53,0.53672,1,413329
27365781,0.47,0.483344,1,413387
27367241,0.41,0.424669,1,413410
27368701,0.35,0.364934,1,413444
27370161,0.31,0.320987,1,413480
27371621,0.21,0.232197,1,413496
27373081,0.21,0.214439,1,413506
27374541,0.19,0.194888,1,413518
27376001,0.21,0.206978,1,413531
27377461,0.09,0.113396,1,413634
27378921,0.1,0.102679,1,413634
27380381,0.11,0.108536,1,413737
27381841,0.12,0.117707,1,413737
27383301,0.19,0.175541,1,413831
27384761,0.2,0.195108,1,413831
27386221,0.21,0.207022,1,413882
27387681,0.22,0.217404,1,413882
27389141,0.19,0.195481,1,413927
27390601,0.2,0.199096,1,413927
27392061,0.21,0.207819,1,413948
27393521,0.22,0.217564,1,413948
27394981,0.22,0.219513,1,413948
27396441,0.27,0.259903,1,414059
27397901,0.28,0.275981,1,414059
27399361,0.19,0.207196,1,414163
27400821,0.2,0.201439,1,414163
27402281,0.33,0.304288,1,414261
27403741,0.34,0.332858,1,414261
27405201,0.43,0.410572,1,414313
27406661,0.44,0.434114,1,414313
27408121,0.43,0.430823,1,414357
27409581,0.44,0.438165,1,414357
27411041,0.43,0.431633,1,414379
27412501,0.44,0.438327,1,414379
27413961,0.43,0.431665,1,414381
27415421,0.44,0.438333,1,414381
27416881,0.45,0.447667,1,414494
27418341,0.46,0.457533,1,414494
27419801,0.51,0.499507,1,414594
27421261,0.52,0.515901,1,414594
27422721,0.63,0.60718,1,414699
27424181,0.64,0.633436,1,414699
27425641,0.63,0.630687,1,414756
27427101,0.64,0.638137,1,414756
27428561,0.65,0.647627,1,414800
27430021,0.66,0.657525,1,414800
27431481,0.65,0.651505,1,414822
27432941,0.66,0.658301,1,414822
27434401,0.65,0.65166,1,414824
27435861,0.66,0.658332,1,414824
27437321,0.67,0.667666,1,414938
27438781,0.68,0.677533,1,414938
27440241,0.68,0.679507,1,414938
27441701,0.71,0.703901,1,415041
27443161,0.72,0.71678,1,415041
27444621,0.69,0.695356,1,415152
27446081,0.7,0.699071,1,415152
27447541,0.69,0.691814,1,415209
27449001,0.7,0.698363,1,415209
27450461,0.69,0.691673,1,415254
27451921,0.7,0.698335,1,415254
27453381,0.69,0.691667,1,415276
27454841,0.7,0.698333,1,415276
27456301,0.69,0.691667,1,415278
27457761,0.7,0.698333,1,415278
27459221,0.71,0.707667,1,415393
27460681,0.72,0.717533,1,415393
27462141,0.73,0.727507,1,415497
27463601,0.74,0.737501,1,415497
27465061,0.81,0.7955,2,415607
27466521,0.82,0.8151,2,415607
27467981,0.89,0.87502,2,415664
27469441,0.9,0.895004,2,415664
27470901,0.91,0.907001,2,415709
27472361,0.92,0.9174,2,415709
27473821,0.93,0.92748,2,415731
27475281,0.94,0.937496,2,415731
27476741,0.93,0.931499,2,415733
27478201,0.94,0.9383,2,415733
27558501,0.91,0.91,2,417501
27559961,0.92,0.918,2,417501
27561421,0.91,0.9116,2,417554
27562881,0.92,0.91832,2,417554
27564341,0.81,0.831664,2,417609
27565801,0.82,0.822333,2,417609
27567261,0.83,0.828467,2,417642
27568721,0.84,0.837693,2,417642
27570181,0.85,0.847539,2,417676
27571641,0.86,0.857508,2,417676
27573101,0.77,0.787502,2,417766
27574561,0.78,0.7815,2,417766
27576021,0.71,0.7243,1,417880
27577481,0.72,0.72086,1,417880
27578941,0.67,0.680172,1,417916
27580401,0.68,0.680034,1,417916
27581861,0.73,0.720007,1,417967
27583321,0.74,0.736001,1,417967
27584781,0.71,0.7152,1,418020
27586241,0.72,0.71904,1,418020
27587701,0.71,0.711808,1,418070
27589161,0.72,0.718362,1,418070
27590621,0.72,0.719672,1,418070
27592081,0.75,0.743934,1,418104
27593541,0.76,0.756787,2,418104
27595001,0.77,0.767357,2,418139
27596461,0.78,0.777471,2,418139
27597921,0.83,0.819494,2,418225
27599381,0.84,0.835899,2,418225
27701581,0.93,0.93,2,420026
27703041,0.94,0.938,2,420026
27704501,0.94,0.9396,2,420026
27795021,0.89,0.89,2,421582
27796481,0.9,0.898,2,421582
27797941,0.79,0.8116,2,421660
27799401,0.8,0.80232,2,421660
27800861,0.43,0.504464,1,421726
27802321,0.44,0.452893,1,421726
27803781,0.43,0.434579,1,421758
27805241,0.44,0.438916,1,421758
27806701,0.21,0.255783,1,421823
27808161,0.22,0.227157,1,421823
27809621,0.07,0.101431,1,421864
27811081,0.08,0.0842863,1,421864
27812541,0.11,0.104857,1,421908
27814001,0.12,0.116971,1,421908
27815461,0.11,0.111394,1,421952
27816921,0.12,0.118279,1,421952
27818381,0.09,0.0956558,1,421989
27819841,0.1,0.0991312,1,421989
27821301,0.07,0.0758262,1,422020
27822761,0.08,0.0791652,1,422020
27824221,0.11,0.103833,1,422050
27825681,0.12,0.116767,1,422050
27827141,0.09,0.0953533,1,422120
27828601,0.1,0.0990707,1,422120
27830061,0.1,0.0998141,1,422120
27831521,0.15,0.139963,1,422168
27832981,0.16,0.155993,1,422168
27834441,0.13,0.135199,1,422200
27835901,0.14,0.13904,1,422200
27837361,0.19,0.179808,1,422254
27838821,0.2,0.195962,1,422254
27840281,0.23,0.223192,1,422288
27841741,0.24,0.236638,1,422288
27843201,0.21,0.215328,1,422334
27844661,0.22,0.219066,1,422334
27846121,0.29,0.275813,1,422378
27847581,0.3,0.295163,1,422378
27849041,0.31,0.307033,1,422414
27850501,0.32,0.317407,1,422414
27851961,0.31,0.311481,1,422444
27853421,0.32,0.318296,1,422444
27854881,0.31,0.311659,1,422476
27856341,0.32,0.318332,1,422476
27857801,0.33,0.327666,1,422545
27859261,0.34,0.337533,1,422545
27860721,0.33,0.331507,1,422547
27862181,0.34,0.338301,1,422547
27863641,0.35,0.34766,1,422597
27865101,0.36,0.357532,1,422597
27866561,0.39,0.383506,1,422628
27868021,0.4,0.396701,1,422628
27869481,0.37,0.37534,1,422685
27870941,0.38,0.379068,1,422685
27872401,0.43,0.419814,1,422721
27873861,0.44,0.435963,1,422721
27875321,0.43,0.431193,1,422766
27876781,0.44,0.438239,1,422766
27878241,0.41,0.415648,1,422814
27879701,0.42,0.41913,1,422814
27881161,0.43,0.427826,1,422851
27882621,0.44,0.437565,1,422851
27884081,0.43,0.431513,1,422881
27885541,0.44,0.438303,1,422881
27887001,0.43,0.431661,1,422913
27888461,0.44,0.438332,1,422913
27889921,0.41,0.415666,1,422983
27891381,0.42,0.419133,1,422983
27892841,0.41,0.411827,1,422985
27894301,0.42,0.418365,1,422985
27895761,0.43,0.427673,1,423036
27897221,0.44,0.437535,1,423036
27898681,0.44,0.439507,1,423036
27900141,0.45,0.447901,1,423069
27901601,0.46,0.45758,1,423069
27903061,0.47,0.467516,1,423125
27904521,0.48,0.477503,1,423125
27905981,0.45,0.455501,1,423164
27907441,0.46,0.4591,1,423164
27908901,0.43,0.43582,1,423209
27910361,0.44,0.439164,1,423209
27911821,0.45,0.447833,1,423256
27913281,0.46,0.457567,1,423256
27914741,0.45,0.451513,1,423294
27916201,0.46,0.458303,1,423294
27917661,0.49,0.483661,1,423324
27919121,0.5,0.496732,1,423324
27920581,0.49,0.491346,1,423356
27922041,0.5,0.498269,1,423356
27923501,0.53,0.523654,1,423425
27924961,0.54,0.536731,1,423425
27926421,0.53,0.531346,1,423427
27927881,0.54,0.538269,1,423427
27929341,0.55,0.547654,1,423479
27930801,0.56,0.557531,1,423479
27932261,0.59,0.583506,1,423512
27933721,0.6,0.596701,1,423512
27935181,0.67,0.65534,1,423569
27936641,0.68,0.675068,1,423569
27938101,0.69,0.687014,1,423607
27939561,0.7,0.697403,1,423607
27941021,0.69,0.691481,1,423651
27942481,0.7,0.698296,1,423651
27943941,0.77,0.755659,2,423699
27945401,0.78,0.775132,2,423699
27946861,0.79,0.787026,2,423737
27948321,0.8,0.797405,2,423737
27949781,0.81,0.807481,2,423769
27951241,0.82,0.817496,2,423769
27952701,0.81,0.811499,2,423801
27954161,0.82,0.8183,2,423801
27955621,0.85,0.84366,2,423872
27957081,0.86,0.856732,2,423872
27958541,0.85,0.851346,2,423874
27960001,0.86,0.858269,2,423874
27961461,0.89,0.883654,2,423927
27962921,0.9,0.896731,2,423927
27964381,0.87,0.875346,2,423962
27965841,0.88,0.879069,2,423962
27967301,0.88,0.879814,2,423962
27968761,0.93,0.919963,2,424023
27970221,0.94,0.935993,2,424023
28101621,0.94,0.94,2,425848
28103081,0.95,0.948,2,425848
28110381,0.88,0.88,2,425946
28111841,0.89,0.888,2,425946
28116221,0.88,0.88,2,426008
28117681,0.89,0.888,2,426008
28119141,0.89,0.8896,2,426008
28120601,0.91,0.90592,2,426048
28122061,0.92,0.917184,2,426048
28123521,0.73,0.767437,2,426102
28124981,0.74,0.745487,1,426102
28126441,0.67,0.685097,1,426133
28127901,0.68,0.68102,1,426133
28129361,0.63,0.640204,1,426168
28130821,0.64,0.640041,1,426168
28132281,0.35,0.408008,1,426245
28133741,0.36,0.369602,1,426245
28135201,0.31,0.32192,1,426293
28136661,0.32,0.320384,1,426293
28138121,0.25,0.264077,1,426323
28139581,0.26,0.260815,1,426323
28141041,0.07,0.108163,1,426349
28142501,0.08,0.0856326,1,426349
28143961,0.05,0.0571265,1,426378
28145421,0.06,0.0594253,1,426378
28146881,0.05,0.0518851,1,426418
28148341,0.06,0.058377,1,426418
28149801,0.05,0.0516754,1,426442
28151261,0.06,0.0583351,1,426442
28152721,0.03,0.035667,1,426473
28154181,0.04,0.0391334,1,426473
28155641,0.03,0.0318267,1,426475
28157101,0.04,0.0383653,1,426475
28158561,0.03,0.0316731,1,426515
28160021,0.04,0.0383346,1,426515
28161481,0.01,0.0156669,1,426560
28162941,0.02,0.0191334,1,426560
28164401,0.01,0.0118267,1,426588
28165861,0.02,0.0183653,1,426588
28167321,0.07,0.0596731,1,426621
28168781,0.08,0.0759346,1,426621
28170241,0.03,0.0391869,1,426684
28171701,0.04,0.0398374,1,426684
28173161,0.09,0.0799675,1,426730
28174621,0.1,0.0959935,1,426730
28176081,0.11,0.107199,1,426757
28177541,0.12,0.11744,1,426757
28179001,0.09,0.0954879,1,426774
28180461,0.1,0.0990976,1,426774
28181921,0.15,0.13982,1,426802
28183381,0.16,0.155964,1,426802
28184841,0.07,0.0871928,1,426842
28186301,0.08,0.0814386,1,426842
28187761,0.03,0.0402877,1,426866
28189221,0.04,0.0400575,1,426866
28190681,0,0.00801151,1,426896
28192141,0,0.0016023,1,426896
28193601,0.01,0.00832046,1,426898
28195061,0.02,0.0176641,1,426898
28196521,0.07,0.0595328,1,426938
28197981,0.08,0.0759066,1,426938
28199441,0.08,0.0791813,1,426938
28200901,0.05,0.0558363,1,426982
28202361,0.06,0.0591673,1,426982
28203821,0.07,0.0678334,1,427010
28205281,0.08,0.0775667,1,427010
28206741,0.05,0.0555133,1,427046
28208201,0.06,0.0591027,1,427046
28209661,0.09,0.0838205,1,427107
28211121,0.1,0.0967641,1,427107
28212581,0.07,0.0753528,1,427156
28214041,0.08,0.0790706,1,427156
28215501,0.07,0.0718141,1,427184
28216961,0.08,0.0783628,1,427184
28218421,0.09,0.0876726,1,427200
28219881,0.1,0.0975345,1,427200
28221341,0.07,0.0755069,1,427231
28222801,0.08,0.0791014,1,427231
28224261,0.09,0.0878203,1,427267
28225721,0.1,0.0975641,1,427267
28227181,0.11,0.107513,1,427289
28228641,0.12,0.117503,1,427289
28230101,0.03,0.0475005,1,427318
28231561,0.04,0.0415001,1,427318
28233021,0.03,0.0323,1,427320
28234481,0.04,0.03846,1,427320
28235941,0.05,0.047692,1,427363
28237401,0.06,0.0575384,1,427363
28238861,0.07,0.0675077,1,427405
28240321,0.08,0.0775015,1,427405
28241781,0.09,0.0875003,1,427434
28243241,0.1,0.0975001,1,427434
28244701,0.15,0.1395,1,427469
28246161,0.16,0.1559,1,427469
28247621,0.17,0.16718,1,427532
28249081,0.18,0.177436,1,427532
28250541,0.17,0.171487,1,427580
28252001,0.18,0.178297,1,427580
28253461,0.21,0.203659,1,427608
28254921,0.22,0.216732,1,427608
28256381,0.19,0.195346,1,427625
28257841,0.2,0.199069,1,427625
28259301,0.21,0.207814,1,427655
28260761,0.22,0.217563,1,427655
28262221,0.25,0.243513,1,427692
28263681,0.26,0.256703,1,427692
28265141,0.23,0.23534,1,427715
28266601,0.24,0.239068,1,427715
28268061,0.25,0.247814,1,427740
28269521,0.26,0.257563,1,427740
28270981,0.25,0.251513,1,427742
28272441,0.26,0.258303,1,427742
28273901,0.25,0.251661,1,427786
28275361,0.26,0.258332,1,427786
28276821,0.25,0.251666,1,427829
28278281,0.26,0.258333,1,427829
28279741,0.26,0.259667,1,427829
28281201,0.27,0.267933,1,427859
28282661,0.28,0.277587,1,427859
28284121,0.31,0.303517,1,427897
28285581,0.32,0.316703,1,427897
28287041,0.35,0.343341,1,427961
28288501,0.36,0.356668,1,427961
28289961,0.39,0.383334,1,428009
28291421,0.4,0.396667,1,428009
28292881,0.39,0.391333,1,428039
28294341,0.4,0.398267,1,428039
28295801,0.39,0.391653,1,428055
28297261,0.4,0.398331,1,428055
28298721,0.43,0.423666,1,428086
28300181,0.44,0.436733,1,428086
28301641,0.49,0.479347,1,428125
28303101,0.5,0.495869,1,428125
28304561,0.49,0.491174,1,428147
28306021,0.5,0.498235,1,428147
28307481,0.51,0.507647,1,428173
28308941,0.52,0.517529,1,428173
28310401,0.51,0.511506,1,428175
28311861,0.52,0.518301,1,428175
28313321,0.51,0.51166,1,428219
28314781,0.52,0.518332,1,428219
28316241,0.49,0.495666,1,428262
28317701,0.5,0.499133,1,428262
28319161,0.49,0.491827,1,428264
28320621,0.5,0.498365,1,428264
28322081,0.51,0.507673,1,428294
28323541,0.52,0.517535,1,428294
28325001,0.53,0.527507,1,428334
28326461,0.54,0.537501,1,428334
28327921,0.61,0.5955,1,428400
28329381,0.62,0.6151,1,428400
28330841,0.61,0.61102,1,428450
28332301,0.62,0.618204,1,428450
28333761,0.61,0.611641,1,428480
28335221,0.62,0.618328,1,428480
28336681,0.61,0.611666,1,428496
28338141,0.62,0.618333,1,428496
28339601,0.61,0.611667,1,428529
28341061,0.62,0.618333,1,428529
28342521,0.63,0.627667,1,428571
28343981,0.64,0.637533,1,428571
28345441,0.67,0.663507,1,428593
28346901,0.68,0.676701,1,428593
28348361,0.65,0.65534,1,428620
28349821,0.66,0.659068,1,428620
28351281,0.65,0.651814,1,428622
28352741,0.66,0.658363,1,428622
28354201,0.65,0.651673,1,428666
28355661,0.66,0.658334,1,428666
28357121,0.67,0.667667,1,428708
28358581,0.68,0.677533,1,428708
28360041,0.67,0.671507,1,428710
28361501,0.68,0.678301,1,428710
28362961,0.69,0.68766,1,428741
28364421,0.7,0.697532,1,428741
28365881,0.7,0.699506,1,428741
28367341,0.69,0.691901,1,428782
28368801,0.7,0.69838,1,428782
28370261,0.69,0.691676,1,428852
28371721,0.7,0.698335,1,428852
28373181,0.73,0.723667,1,428902
28374641,0.74,0.736733,1,428902
28376101,0.73,0.731347,1,428932
28377561,0.74,0.738269,1,428932
28379021,0.73,0.731654,1,428948
28380481,0.74,0.738331,1,428948
28381941,0.73,0.731666,1,428981
28383401,0.74,0.738333,1,428981
28384861,0.73,0.731667,1,429024
28386321,0.74,0.738333,1,429024
28387781,0.75,0.747667,1,429048
28389241,0.76,0.757533,2,429048
28390701,0.77,0.767507,2,429074
28392161,0.78,0.777501,2,429074
28393621,0.77,0.7715,2,429076
28395081,0.78,0.7783,2,429076
28396541,0.79,0.78766,2,429120
28398001,0.8,0.797532,2,429120
28399461,0.81,0.807506,2,429163
28400921,0.82,0.817501,2,429163
28402381,0.81,0.8115,2,429165
28403841,0.82,0.8183,2,429165
28405301,0.85,0.84366,2,429197
28406761,0.86,0.856732,2,429197
28408221,0.85,0.851346,2,429237
28409681,0.86,0.858269,2,429237
28411141,0.87,0.867654,2,429307
28412601,0.88,0.877531,2,429307
28414061,0.93,0.919506,2,429359
28415521,0.94,0.935901,2,429359
28416981,0.93,0.93118,2,429389
28418441,0.94,0.938236,2,429389
28419901,0.93,0.931647,2,429405
28421361,0.94,0.938329,2,429405
28422821,0.93,0.931666,2,429438
28424281,0.94,0.938333,2,429438
28571741,0.9,0.9,2,431070
28573201,0.91,0.908,2,431070
28580501,0.9,0.9,2,431163
28581961,0.91,0.908,2,431163
28583421,0.73,0.7656,2,431231
28584881,0.74,0.74512,1,431231
28586341,0.63,0.653024,1,431265
28587801,0.64,0.642605,1,431265
28589261,0.67,0.664521,1,431295
28590721,0.68,0.676904,1,431295
28592181,0.57,0.591381,1,431313
28593641,0.58,0.582276,1,431313
28595101,0.55,0.556455,1,431335
28596561,0.56,0.559291,1,431335
28598021,0.51,0.519858,1,431373
28599481,0.52,0.519972,1,431373
28600941,0.47,0.479994,1,431402
28602401,0.48,0.479999,1,431402
28603861,0.41,0.424,1,431432
28605321,0.42,0.4208,1,431432
28606781,0.37,0.38016,1,431450
28608241,0.38,0.380032,1,431450
28609701,0.37,0.372006,1,431487
28611161,0.38,0.378401,1,431487
28612621,0.31,0.32368,1,431523
28614081,0.32,0.320736,1,431523
28615541,0.35,0.344147,1,431545
28617001,0.36,0.356829,1,431545
28618461,0.31,0.319366,1,431565
28619921,0.32,0.319873,1,431565
28621381,0.31,0.311975,1,431595
28622841,0.32,0.318395,1,431595
28624301,0.35,0.343679,1,431630
28625761,0.36,0.356736,1,431630
28627221,0.39,0.383347,1,431688
28628681,0.4,0.396669,1,431688
28630141,0.37,0.375334,1,431717
28631601,0.38,0.379067,1,431717
28633061,0.37,0.371813,1,431749
28634521,0.38,0.378363,1,431749
28635981,0.35,0.355673,1,431762
28637441,0.36,0.359135,1,431762
28638901,0.36,0.359827,1,431762
28640361,0.35,0.351965,1,431783
28641821,0.36,0.358393,1,431783
28643281,0.41,0.399679,1,431819
28644741,0.42,0.415936,1,431819
28646201,0.35,0.363187,1,431846
28647661,0.36,0.360637,1,431846
28649121,0.37,0.368127,1,431873
28650581,0.38,0.377625,1,431873
28652041,0.41,0.403525,1,431889
28653501,0.42,0.416705,1,431889
28654961,0.41,0.411341,1,431926
28656421,0.42,0.418268,1,431926
28657881,0.49,0.475654,1,431959
28659341,0.5,0.495131,1,431959
28660801,0.47,0.475026,1,431983
28662261,0.48,0.479005,1,431983
28663721,0.47,0.471801,1,432001
28665181,0.48,0.47836,1,432001
28666641,0.49,0.487672,1,432031
28668101,0.5,0.497534,1,432031
28669561,0.51,0.507507,1,432068
28671021,0.52,0.517501,1,432068
28672481,0.55,0.5435,1,432128
28673941,0.56,0.5567,1,432128
28675401,0.55,0.55134,1,432156
28676861,0.56,0.558268,1,432156
28678321,0.55,0.551654,1,432188
28679781,0.56,0.558331,1,432188
28681241,0.55,0.551666,1,432200
28682701,0.56,0.558333,1,432200
28684161,0.55,0.551667,1,432202
28685621,0.56,0.558333,1,432202
28687081,0.57,0.567667,1,432222
28688541,0.58,0.577533,1,432222
28690001,0.61,0.603507,1,432261
28691461,0.62,0.616701,1,432261
28692921,0.61,0.61134,1,432285
28694381,0.62,0.618268,1,432285
28695841,0.63,0.627654,1,432313
28697301,0.64,0.637531,1,432313
28698761,0.63,0.631506,1,432331
28700221,0.64,0.638301,1,432331
28701681,0.69,0.67966,1,432368
28703141,0.7,0.695932,1,432368
28704601,0.75,0.739186,1,432405
28706061,0.76,0.755837,2,432405
28707521,0.73,0.735167,1,432428
28708981,0.74,0.739033,1,432428
28710441,0.73,0.731807,1,432446
28711901,0.74,0.738361,1,432446
28713361,0.71,0.715672,1,432477
28714821,0.72,0.719134,1,432477
28716281,0.75,0.743827,1,432515
28717741,0.76,0.756765,2,432515
28719201,0.75,0.751353,2,432577
28720661,0.76,0.758271,2,432577
28722121,0.75,0.751654,2,432605
28723581,0.76,0.758331,2,432605
28725041,0.77,0.767666,2,432637
28726501,0.78,0.777533,2,432637
28727961,0.77,0.771507,2,432649
28729421,0.78,0.778301,2,432649
28730881,0.77,0.77166,2,432651
28732341,0.78,0.778332,2,432651
28733801,0.75,0.755666,2,432672
28735261,0.76,0.759133,2,432672
28736721,0.76,0.759827,2,432672
28738181,0.79,0.783965,2,432713
28739641,0.8,0.796793,2,432713
28741101,0.79,0.791359,2,432737
28742561,0.8,0.798272,2,432737
28744021,0.81,0.807654,2,432766
28745481,0.82,0.817531,2,432766
28746941,0.83,0.827506,2,432784
28748401,0.84,0.837501,2,432784
28749861,0.83,0.8315,2,432824
28751321,0.84,0.8383,2,432824
28752781,0.85,0.84766,2,432864
28754241,0.86,0.857532,2,432864
28755701,0.85,0.851506,2,432886
28757161,0.86,0.858301,2,432886
28758621,0.85,0.85166,2,432904
28760081,0.86,0.858332,2,432904
28761541,0.89,0.883666,2,432934
28763001,0.9,0.896733,2,432934
28764461,0.95,0.939347,2,432974
28952801,0.91,0.91,2,435184
28954261,0.87,0.878,2,435224
28955721,0.89,0.8876,2,435240
28957181,0.79,0.80952,2,435258
28958641,0.77,0.777904,2,435311
28960101,0.53,0.579581,1,435353
28961561,0.54,0.547916,1,435353
28963021,0.09,0.181583,1,435468
28964481,0.1,0.116317,1,435468
28965941,0.03,0.0472633,1,435564
28967401,0.04,0.0414527,1,435564
28968861,0.13,0.112291,1,435592
28970321,0.14,0.134458,1,435592
28971781,0.05,0.0668916,1,435627
28973241,0.06,0.0613783,1,435627
28974701,0.05,0.0522757,1,435659
28976161,0.06,0.0584551,1,435659
28977621,0.03,0.035691,1,435705
28979081,0.04,0.0391382,1,435705
28980541,0.01,0.0158276,1,435770
28982001,0.02,0.0191655,1,435770
28983461,0.03,0.0278331,1,435801
28984921,0.04,0.0375666,1,435801
28986381,0.03,0.0315133,1,435894
28987841,0.04,0.0383027,1,435894
28989301,0.05,0.0476605,1,435987
28990761,0.06,0.0575321,1,435987
28992221,0,0.0115064,1,436020
28993681,0,0.00230128,1,436020
28995141,0.01,0.00846026,1,436051
28996601,0.02,0.0176921,1,436051
28998061,0.07,0.0595384,1,436083
28999521,0.08,0.0759077,1,436083
29000981,0.05,0.0551815,1,436128
29002441,0.06,0.0590363,1,436128
29003901,0.07,0.0678073,1,436192
29005361,0.08,0.0775615,1,436192
29006821,0.08,0.0795123,1,436192
29008281,0.11,0.103902,1,436224
29009741,0.12,0.11678,1,436224
29011201,0.17,0.159356,1,436317
29012661,0.18,0.175871,1,436317
29014121,0.25,0.235174,1,436411
29015581,0.26,0.255035,1,436411
29017041,0.25,0.251007,1,436442
29018501,0.26,0.258201,1,436442
29019961,0.29,0.28364,1,436473
29021421,0.3,0.296728,1,436473
29022881,0.27,0.275346,1,436508
29024341,0.28,0.279069,1,436508
29025801,0.31,0.303814,1,436552
29027261,0.32,0.316763,1,436552
29028721,0.29,0.295353,1,436617
29030181,0.3,0.299071,1,436617
29031641,0.31,0.307814,1,436650
29033101,0.32,0.317563,1,436650
29034561,0.37,0.359513,1,436746
29036021,0.38,0.375903,1,436746
29037481,0.35,0.35518,1,436844
29038941,0.36,0.359036,1,436844
29040401,0.41,0.399807,1,436875
29041861,0.42,0.415961,1,436875
29043321,0.43,0.427192,1,436908
29044781,0.44,0.437438,1,436908
29046241,0.45,0.447488,1,436942
29047701,0.46,0.457498,1,436942
29049161,0.51,0.499499,1,436988
29050621,0.52,0.5159,1,436988
29052081,0.53,0.52718,1,437052
29053541,0.54,0.537436,1,437052
29055001,0.57,0.563487,1,437086
29056461,0.58,0.576697,1,437086
29057921,0.59,0.587339,1,437185
29059381,0.6,0.597468,1,437185
29060841,0.6,0.599494,1,437185
29062301,0.59,0.591899,1,437282
29063761,0.6,0.59838,1,437282
29065221,0.57,0.575676,1,437316
29066681,0.58,0.579135,1,437316
29068141,0.57,0.571827,1,437350
29069601,0.58,0.578365,1,437350
29071061,0.55,0.555673,1,437385
29072521,0.56,0.559135,1,437385
29073981,0.61,0.599827,1,437434
29075441,0.62,0.615965,1,437434
29076901,0.65,0.643193,1,437499
29078361,0.66,0.656639,1,437499
29079821,0.67,0.667328,1,437535
29081281,0.68,0.677466,1,437535
29082741,0.65,0.655493,1,437635
29084201,0.66,0.659099,1,437635
29085661,0.65,0.65182,1,437637
29087121,0.66,0.658364,1,437637
29088581,0.67,0.667673,1,437733
29090041,0.68,0.677535,1,437733
29091501,0.69,0.687507,1,437766
29092961,0.7,0.697501,1,437766
29094421,0.71,0.7075,1,437800
29095881,0.72,0.7175,1,437800
29097341,0.75,0.7435,1,437834
29098801,0.76,0.7567,2,437834
29100261,0.73,0.73534,1,437886
29101721,0.74,0.739068,1,437886
29103181,0.81,0.795814,2,437953
29104641,0.82,0.815163,2,437953
29106101,0.81,0.811033,2,437990
29107561,0.82,0.818206,2,437990
29109021,0.89,0.875641,2,438089
29110481,0.9,0.895128,2,438089
29111941,0.89,0.891026,2,438091
29113401,0.9,0.898205,2,438091
29114861,0.9,0.899641,2,438091
29116321,0.95,0.939928,2,438188
29119241,0.95,0.95,2,438222
29217061,0.94,0.94,2,439876
29218521,0.95,0.948,2,439876
29219981,0.91,0.9176,2,439973
29221441,0.92,0.91952,2,439973
29222901,0.83,0.847904,2,440023
29224361,0.84,0.841581,2,440023
29225821,0.91,0.896316,2,440078
29227281,0.92,0.915263,2,440078
29228741,0.93,0.927053,2,440121
29230201,0.94,0.937411,2,440121
29231661,0.93,0.931482,2,440148
29233121,0.94,0.938296,2,440148
29234581,0.94,0.939659,2,440148
29236041,0.93,0.931932,2,440176
29237501,0.94,0.938386,2,440176
29379121,0.89,0.89,2,442409
29380581,0.9,0.898,2,442409
29382041,0.77,0.7956,2,442469
29383501,0.78,0.78312,2,442469
29384961,0.75,0.756624,2,442508
29386421,0.76,0.759325,2,442508
29387881,0.75,0.751865,2,442549
29389341,0.76,0.758373,2,442549
29390801,0.69,0.703675,1,442587
29392261,0.7,0.700735,1,442587
29393721,0.71,0.708147,1,442624
29395181,0.72,0.717629,1,442624
29396641,0.73,0.727526,1,442654
29398101,0.74,0.737505,1,442654
29399561,0.67,0.683501,1,442681
29401021,0.68,0.6807,1,442681
29402481,0.53,0.56014,1,442709
29403941,0.54,0.544028,1,442709
29405401,0.57,0.564806,1,442750
29406861,0.58,0.576961,1,442750
29408321,0.61,0.603392,1,442831
29409781,0.62,0.616678,1,442831
29411241,0.65,0.643336,1,442874
29412701,0.66,0.656667,1,442874
29414161,0.65,0.651333,1,442928
29415621,0.66,0.658267,1,442928
29417081,0.67,0.667653,1,442966
29418541,0.68,0.677531,1,442966
29420001,0.69,0.687506,1,443007
29421461,0.7,0.697501,1,443007
29422921,0.75,0.7395,1,443042
29424381,0.76,0.7559,2,443042
29425841,0.71,0.71918,1,443080
29427301,0.72,0.719836,1,443080
29428761,0.75,0.743967,1,443111
29430221,0.76,0.756793,2,443111
29431681,0.77,0.767359,2,443135
29433141,0.78,0.777472,2,443135
29434601,0.75,0.755494,2,443156
29436061,0.76,0.759099,2,443156
29437521,0.76,0.75982,2,443156
29438981,0.77,0.767964,2,443199
29440441,0.78,0.777593,2,443199
29441901,0.75,0.755519,2,443282
29443361,0.76,0.759104,2,443282
29444821,0.69,0.703821,1,443327
29446281,0.7,0.700764,1,443327
29447741,0.73,0.724153,1,443381
29449201,0.74,0.736831,1,443381
29450661,0.71,0.715366,1,443420
29452121,0.72,0.719073,1,443420
29453581,0.69,0.695815,1,443462
29455041,0.7,0.699163,1,443462
29456501,0.71,0.707833,1,443500
29457961,0.72,0.717567,1,443500
29459421,0.73,0.727513,1,443536
29460881,0.74,0.737503,1,443536
29462341,0.77,0.763501,2,443569
29463801,0.78,0.7767,2,443569
29465261,0.75,0.75534,2,443594
29466721,0.76,0.759068,2,443594
29468181,0.75,0.751814,2,443614
29469641,0.76,0.758363,2,443614
29471101,0.75,0.751673,2,443616
29472561,0.76,0.758334,2,443616
29474021,0.79,0.783667,2,443659
29475481,0.8,0.796733,2,443659
29476941,0.81,0.807347,2,443741
29478401,0.82,0.817469,2,443741
29479861,0.83,0.827494,2,443783
29481321,0.84,0.837499,2,443783
29482781,0.89,0.8795,2,443839
29484241,0.9,0.8959,2,443839
29485701,0.91,0.90718,2,443877
29487161,0.92,0.917436,2,443877
29488621,0.91,0.911487,2,443918
29490081,0.92,0.918297,2,443918
29491541,0.89,0.89566,2,443957
29493001,0.9,0.899132,2,443957
29494461,0.95,0.939826,2,443994
29497381,0.93,0.93,2,444029
29498841,0.94,0.938,2,444029
29500301,0.95,0.9476,2,444053
29631701,0.94,0.94,2,445772
29633161,0.95,0.948,2,445772
29640461,0.9,0.9,2,445899
29641921,0.91,0.908,2,445899
29643381,0.87,0.8776,2,445940
29644841,0.88,0.87952,2,445940
29646301,0.77,0.791904,2,445969
29647761,0.78,0.782381,2,445969
29649221,0.71,0.724476,1,446011
29650681,0.72,0.720895,1,446011
29652141,0.67,0.680179,1,446050
29653601,0.68,0.680036,1,446050
29655061,0.75,0.736007,1,446081
29656521,0.76,0.755201,2,446081
29657981,0.75,0.75104,2,446103
29659441,0.76,0.758208,2,446103
29660901,0.75,0.751642,2,446157
29662361,0.76,0.758328,2,446157
29663821,0.77,0.767666,2,446188
29665281,0.78,0.777533,2,446188
29666741,0.81,0.803507,2,446214
29668201,0.82,0.816701,2,446214
29669661,0.82,0.81934,2,446214
29671121,0.81,0.811868,2,446245
29672581,0.82,0.818374,2,446245
29674041,0.79,0.795675,2,446296
29675501,0.8,0.799135,2,446296
29676961,0.81,0.807827,2,446331
29678421,0.82,0.817565,2,446331
29679881,0.83,0.827513,2,446366
29681341,0.84,0.837503,2,446366
29682801,0.85,0.847501,2,446405
29684261,0.86,0.8575,2,446405
29685721,0.81,0.8195,2,446429
29687181,0.82,0.8199,2,446429
29688641,0.87,0.85998,2,446468
29690101,0.88,0.875996,2,446468
29691561,0.87,0.871199,2,446505
29693021,0.88,0.87824,2,446505
29694481,0.91,0.903648,2,446540
29695941,0.92,0.91673,2,446540
29697401,0.95,0.943346,2,446562
29703241,0.95,0.95,2,446648
29792301,0.93,0.93,2,447712
29793761,0.94,0.938,2,447712
29812741,0.93,0.93,2,447960
29814201,0.94,0.938,2,447960
29821501,0.87,0.87,2,448072
29822961,0.88,0.878,2,448072
29890121,0.94,0.94,2,448844
29891581,0.95,0.948,2,448844
29922241,0.86,0.86,2,449216
29923701,0.87,0.868,2,449216
29925161,0.87,0.8696,2,449216
29926621,0.89,0.88592,2,449255
29928081,0.9,0.897184,2,449255
29929541,0.82,0.835437,2,449288
29931001,0.83,0.831087,2,449288
29932461,0.81,0.814217,2,449332
29933921,0.82,0.818843,2,449332
29935381,0.89,0.875769,2,449356
29936841,0.9,0.895154,2,449356
29938301,0.85,0.859031,2,449392
29939761,0.86,0.859806,2,449392
29941221,0.77,0.787961,2,449434
29942681,0.78,0.781592,2,449434
29944141,0.77,0.772318,2,449470
29945601,0.78,0.778464,2,449470
29947061,0.79,0.787693,2,449501
29948521,0.8,0.797539,2,449501
29949981,0.77,0.775508,2,449528
29951441,0.78,0.779102,2,449528
29952901,0.93,0.89982,2,449584
29954361,0.94,0.931964,2,449584
29955821,0.95,0.946393,2,449613
29958741,0.93,0.93,2,449642
29960201,0.94,0.938,2,449642
29961661,0.91,0.9156,2,449660
29963121,0.92,0.91912,2,449660
29964581,0.89,0.895824,2,449681
29966041,0.9,0.899165,2,449681
29967501,0.89,0.891833,2,449683
29968961,0.9,0.898367,2,449683
29970421,0.89,0.891673,2,449721
29971881,0.9,0.898335,2,449721
29973341,0.93,0.923667,2,449752
29974801,0.94,0.936733,2,449752
30060941,0.94,0.94,2,451216
30109121,0.77,0.804,2,451283
30110581,0.61,0.6488,1,451321
30112041,0.51,0.53776,1,451367
30113501,0.43,0.451552,1,451402
30114961,0.35,0.37031,1,451432
30116421,0.07,0.130062,1,451480
30117881,0.03,0.0500124,1,451543
30119341,0.05,0.0500025,1,451567
30120801,0.09,0.0820005,1,451596
30122261,0.03,0.0404001,1,451660
30123721,0.09,0.08008,1,451670
30125181,0.09,0.088016,1,451679
30126641,0.05,0.0576032,1,451686
30128101,0.03,0.0355206,1,451690
30129561,0.01,0.0151041,1,451772
30131021,0.02,0.0190208,1,451772
30132481,0.01,0.0118042,1,451844
30133941,0.02,0.0183608,1,451844
30135401,0.09,0.0756722,1,451904
30136861,0.1,0.0951344,1,451904
30138321,0.03,0.0430269,1,451990
30139781,0.04,0.0406054,1,451990
30141241,0.03,0.0321211,1,452082
30142701,0.04,0.0384242,1,452082
30144161,0.07,0.0636848,1,452104
30145621,0.08,0.076737,1,452104
30147081,0.09,0.0873474,1,452112
30148541,0.1,0.0974695,1,452112
30150001,0.1,0.0994939,1,452112
30151461,0.15,0.139899,1,452194
30152921,0.16,0.15598,1,452194
30154381,0.19,0.183196,1,452266
30155841,0.2,0.196639,1,452266
30157301,0.31,0.287328,1,452330
30158761,0.32,0.313466,1,452330
30160221,0.05,0.102693,1,452413
30161681,0.06,0.0685386,1,452413
30163141,0,0.0137077,1,452505
30164601,0,0.00274154,1,452505
30166061,0.07,0.0565483,1,452529
30167521,0.08,0.0753097,1,452529
30168981,0.09,0.0870619,1,452538
30170441,0.1,0.0974124,1,452538
30171901,0.15,0.139482,1,452622
30173361,0.16,0.155896,1,452622
30174821,0.13,0.135179,1,452696
30176281,0.14,0.139036,1,452696
30177741,0.11,0.115807,1,452766
30179201,0.12,0.119161,1,452766
30180661,0.15,0.143832,1,452836
30182121,0.16,0.156766,1,452836
30183581,0.03,0.0553533,1,452926
30185041,0.04,0.0430707,1,452926
30186501,0.05,0.0486141,1,452953
30187961,0.06,0.0577228,1,452953
30189421,0.05,0.0515446,1,452963
30190881,0.06,0.0583089,1,452963
30192341,0.01,0.0196618,1,453050
30193801,0.02,0.0199324,1,453050
30195261,0.02,0.0199865,1,453050
30196721,0.03,0.0279973,1,453123
30198181,0.04,0.0375995,1,453123
30199641,0.03,0.0315199,1,453192
30201101,0.04,0.038304,1,453192
30202561,0.07,0.0636608,1,453264
30204021,0.08,0.0767322,1,453264
30205481,0.03,0.0393464,1,453348
30206941,0.04,0.0398693,1,453348
30208401,0.05,0.0479739,1,453376
30209861,0.06,0.0575948,1,453376
30211321,0.05,0.051519,1,453386
30212781,0.06,0.0583038,1,453386
30214241,0.07,0.0676608,1,453471
30215701,0.08,0.0775322,1,453471
30217161,0.07,0.0715064,1,453473
30218621,0.08,0.0783013,1,453473
30220081,0.11,0.10366,1,453546
30221541,0.12,0.116732,1,453546
30223001,0.15,0.143346,1,453615
30224461,0.16,0.156669,1,453615
30225921,0.21,0.199334,1,453689
30227381,0.22,0.215867,1,453689
30228841,0.27,0.259173,1,453771
30230301,0.28,0.275835,1,453771
30231761,0.21,0.223167,1,453800
30233221,0.22,0.220633,1,453800
30234681,0.21,0.212127,1,453810
30236141,0.22,0.218425,1,453810
30237601,0.29,0.275685,1,453896
30239061,0.3,0.295137,1,453896
30240521,0.29,0.291027,1,453898
30241981,0.3,0.298205,1,453898
30243441,0.35,0.339641,1,453973
30244901,0.36,0.355928,1,453973
30246361,0.36,0.359186,1,453973
30247821,0.39,0.383837,1,454044
30249281,0.4,0.396767,1,454044
30250741,0.51,0.487353,1,454121
30252201,0.52,0.513471,1,454121
30253661,0.57,0.558694,1,454206
30255121,0.58,0.575739,1,454206
30256581,0.57,0.571148,1,454232
30258041,0.58,0.57823,1,454232
30259501,0.57,0.571646,1,454242
30260961,0.58,0.578329,1,454242
30262421,0.61,0.603666,1,454332
30263881,0.62,0.616733,1,454332
30265341,0.61,0.611347,1,454334
30266801,0.62,0.618269,1,454334
30268261,0.65,0.643654,1,454412
30269721,0.66,0.656731,1,454412
30271181,0.67,0.667346,1,454484
30272641,0.68,0.677469,1,454484
30274101,0.67,0.671494,1,454567
30275561,0.68,0.678299,1,454567
30277021,0.71,0.70366,1,454655
30278481,0.72,0.716732,1,454655
30279941,0.71,0.711346,1,454681
30281401,0.72,0.718269,1,454681
30282861,0.71,0.711654,1,454691
30284321,0.72,0.718331,1,454691
30285781,0.69,0.695666,1,454783
30287241,0.7,0.699133,1,454783
30288701,0.69,0.691827,1,454785
30290161,0.7,0.698365,1,454785
30291621,0.67,0.675673,1,454865
30293081,0.68,0.679135,1,454865
30294541,0.65,0.655827,1,454938
30296001,0.66,0.659165,1,454938
30297461,0.63,0.635833,1,455021
30298921,0.64,0.639167,1,455021
30300381,0.64,0.639833,1,455021
30301841,0.61,0.615967,1,455111
30303301,0.62,0.619193,1,455111
30304761,0.63,0.627839,1,455137
30306221,0.64,0.637568,1,455137
30307681,0.63,0.631514,1,455147
30309141,0.64,0.638303,1,455147
30310601,0.73,0.711661,1,455238
30312061,0.74,0.734332,1,455238
30313521,0.73,0.730866,1,455240
30314981,0.74,0.738173,1,455240
30316441,0.75,0.747635,1,455319
30317901,0.76,0.757527,2,455319
30319361,0.81,0.799505,2,455391
30320821,0.82,0.815901,2,455391
30322281,0.85,0.84318,2,455473
30323741,0.86,0.856636,2,455473
30325201,0.85,0.851327,2,455475
30326661,0.86,0.858265,2,455475
30328121,0.89,0.883653,2,455563
30329581,0.9,0.896731,2,455563
30331041,0.93,0.923346,2,455590
30332501,0.94,0.936669,2,455590
30333961,0.93,0.931334,2,455600
30335421,0.94,0.938267,2,455600
30405501,0.82,0.82,2,456916
30406961,0.83,0.828,2,456916
30415721,0.94,0.94,2,457028
30417181,0.95,0.948,2,457028
30418641,0.89,0.9016,2,457099
30420101,0.9,0.90032,2,457099
30421561,0.79,0.812064,2,457150
30423021,0.8,0.802413,2,457150
30424481,0.63,0.664483,1,457204
30425941,0.64,0.644897,1,457204
30427401,0.41,0.456979,1,457286
30428861,0.42,0.427396,1,457286
30430321,0.29,0.317479,1,457353
30431781,0.3,0.303496,1,457353
30433241,0.25,0.260699,1,457395
30434701,0.26,0.26014,1,457395
30436161,0.21,0.220028,1,457441
30437621,0.22,0.220006,1,457441
30439081,0.17,0.180001,1,457471
30440541,0.18,0.18,1,457471
30442001,0.13,0.14,1,457477
30443461,0.14,0.14,1,457477
30444921,0.15,0.148,1,457498
30446381,0.16,0.1576,1,457498
30447841,0.15,0.15152,1,457565
30449301,0.16,0.158304,1,457565
30450761,0.15,0.151661,1,457611
30452221,0.16,0.158332,1,457611
30453681,0.07,0.0876664,1,457657
30455141,0.08,0.0815333,1,457657
30456601,0.09,0.0883067,1,457728
30458061,0.1,0.0976613,1,457728
30459521,0.15,0.139532,1,457789
30460981,0.16,0.155906,1,457789
30462441,0.21,0.199181,1,457829
30463901,0.22,0.215836,1,457829
30465361,0.21,0.211167,1,457873
30466821,0.22,0.218233,1,457873
30468281,0.23,0.227647,1,457901
30469741,0.24,0.237529,1,457901
30471201,0.23,0.231506,1,457905
30472661,0.24,0.238301,1,457905
30474121,0.24,0.23966,1,457905
30475581,0.25,0.247932,1,457927
30477041,0.26,0.257586,1,457927
30478501,0.33,0.315517,1,457994
30479961,0.34,0.335103,1,457994
30481421,0.35,0.347021,1,458040
30482881,0.36,0.357404,1,458040
30484341,0.43,0.415481,1,458082
30485801,0.44,0.435096,1,458082
30487261,0.45,0.447019,1,458154
30488721,0.46,0.457404,1,458154
30490181,0.45,0.451481,1,458218
30491641,0.46,0.458296,1,458218
30493101,0.47,0.467659,1,458261
30494561,0.48,0.477532,1,458261
30496021,0.51,0.503506,1,458305
30497481,0.52,0.516701,1,458305
30498941,0.51,0.51134,1,458334
30500401,0.52,0.518268,1,458334
30501861,0.51,0.511654,1,458338
30503321,0.52,0.518331,1,458338
30504781,0.51,0.511666,1,458360
30506241,0.52,0.518333,1,458360
30507701,0.51,0.511667,1,458431
30509161,0.52,0.518333,1,458431
30510621,0.53,0.527667,1,458478
30512081,0.54,0.537533,1,458478
30513541,0.53,0.531507,1,458524
30515001,0.54,0.538301,1,458524
30516461,0.47,0.48366,1,458597
30517921,0.48,0.480732,1,458597
30519381,0.51,0.504146,1,458661
30520841,0.52,0.516829,1,458661
30522301,0.47,0.479366,1,458705
30523761,0.48,0.479873,1,458705
30525221,0.45,0.455975,1,458751
30526681,0.46,0.459195,1,458751
30528141,0.43,0.435839,1,458780
30529601,0.44,0.439168,1,458780
30531061,0.43,0.431834,1,458784
30532521,0.44,0.438367,1,458784
30533981,0.43,0.431673,1,458806
30535441,0.44,0.438335,1,458806
30536901,0.41,0.415667,1,458877
30538361,0.42,0.419133,1,458877
30539821,0.42,0.419827,1,458877
30541281,0.41,0.411965,1,458925
30542741,0.42,0.418393,1,458925
30544201,0.47,0.459679,1,458971
30545661,0.48,0.475936,1,458971
30547121,0.49,0.487187,1,459041
30548581,0.5,0.497437,1,459041
30550041,0.59,0.571487,1,459107
30551501,0.6,0.594297,1,459107
30552961,0.59,0.590859,1,459149
30554421,0.6,0.598172,1,459149
30555881,0.63,0.623634,1,459194
30557341,0.64,0.636727,1,459194
30558801,0.63,0.631345,1,459222
30560261,0.64,0.638269,1,459222
30561721,0.63,0.631654,1,459226
30563181,0.64,0.638331,1,459226
30564641,0.67,0.663666,1,459248
30566101,0.68,0.676733,1,459248
30567561,0.69,0.687347,1,459318
30569021,0.7,0.697469,1,459318
30570481,0.69,0.691494,1,459320
30571941,0.7,0.698299,1,459320
30573401,0.75,0.73966,1,459367
30574861,0.76,0.755932,2,459367
30576321,0.79,0.783186,2,459416
30577781,0.8,0.796637,2,459416
30579241,0.83,0.823327,2,459487
30580701,0.84,0.836666,2,459487
30582161,0.89,0.879333,2,459558
30583621,0.9,0.895867,2,459558
30585081,0.93,0.923173,2,459600
30586541,0.94,0.936635,2,459600
30588001,0.95,0.947327,2,459647
30590921,0.95,0.95,2,459675
30593841,0.95,0.95,2,459679
30671221,0.93,0.93,2,460781
30672681,0.94,0.938,2,460781
30678521,0.86,0.86,2,460902
30679981,0.87,0.868,2,460902
30681441,0.83,0.8376,2,460966
30682901,0.84,0.83952,2,460966
30684361,0.73,0.751904,2,461015
30685821,0.74,0.742381,1,461015
30687281,0.87,0.844476,2,461050
30688741,0.88,0.872895,2,461050
30690201,0.79,0.806579,2,461083
30691661,0.8,0.801316,2,461083
30693121,0.53,0.584263,1,461116
30694581,0.54,0.548853,1,461116
30696041,0.53,0.533771,1,461141
30697501,0.54,0.538754,1,461141
30698961,0.55,0.547751,1,461187
30700421,0.56,0.55755,1,461187
30701881,0.59,0.58351,1,461212
30703341,0.6,0.596702,1,461212
30704801,0.55,0.55934,1,461253
30706261,0.56,0.559868,1,461253
30707721,0.65,0.631974,1,461283
30709181,0.66,0.654395,1,461283
30710641,0.67,0.666879,1,461302
30712101,0.68,0.677376,1,461302
30713561,0.67,0.671475,1,461367
30715021,0.68,0.678295,1,461367
30716481,0.79,0.767659,2,461429
30717941,0.8,0.793532,2,461429
30719401,0.77,0.774706,2,461473
30720861,0.78,0.778941,2,461473
30722321,0.81,0.803788,2,461515
30723781,0.82,0.816758,2,461515
30725241,0.81,0.811352,2,461544
30726701,0.82,0.81827,2,461544
30728161,0.83,0.827654,2,461564
30729621,0.84,0.837531,2,461564
30731081,0.81,0.815506,2,461589
30732541,0.82,0.819101,2,461589
30734001,0.83,0.82782,2,461636
30735461,0.84,0.837564,2,461636
30736921,0.85,0.847513,2,461663
30738381,0.86,0.857503,2,461663
30739841,0.87,0.8675,2,461702
30741301,0.88,0.8775,2,461702
30742761,0.95,0.9355,2,461737
30745681,0.95,0.95,2,461757
30939861,0.95,0.95,2,464328
30942781,0.81,0.81,2,464399
30944241,0.82,0.818,2,464399
30945701,0.81,0.8116,2,464433
30947161,0.82,0.81832,2,464433
30948621,0.75,0.763664,2,464473
30950081,0.76,0.760733,2,464473
30951541,0.71,0.720147,1,464500
30953001,0.72,0.720029,1,464500
30954461,0.71,0.712006,1,464518
30955921,0.67,0.678401,1,464532
30915041,0.71,0.70368,1,464548
30957381,0.45,0.500736,1,464597
30958841,0.33,0.364147,1,464623
30960301,0.19,0.224829,1,464683
30961761,0.11,0.132966,1,464719
30963221,0.09,0.0985932,1,464757
30964681,0.03,0.0437186,1,464861
30966141,0.01,0.0167437,1,464894
30967601,0.01,0.0113487,1,464931
30969061,0,0.00226975,1,464957
30970521,0.05,0.0404539,1,464974
30971981,0.05,0.0480908,1,464986
30973441,0.09,0.0816182,1,465004
30974901,0.03,0.0403236,1,465060
30976361,0.04,0.0400647,1,465060
30977821,0.03,0.0320129,1,465145
30979281,0.04,0.0384026,1,465145
30980741,0.03,0.0316805,1,465283
30982201,0.04,0.0383361,1,465283
30983661,0.03,0.0316672,1,465352
30985121,0.04,0.0383334,1,465352
30986581,0.07,0.0636667,1,465397
30988041,0.08,0.0767333,1,465397
30989501,0.03,0.0393467,1,465429
30990961,0.04,0.0398693,1,465429
30992421,0.04,0.0399739,1,465429
30993881,0.13,0.111995,1,465483
30995341,0.14,0.134399,1,465483
30996801,0.15,0.14688,1,465568
30998261,0.16,0.157376,1,465568
30999721,0.09,0.103475,1,465706
31001181,0.1,0.100695,1,465706
31002641,0.01,0.028139,1,465775
31004101,0.02,0.0216278,1,465775
31005561,0.03,0.0283256,1,465822
31007021,0.04,0.0376651,1,465822
31008481,0.03,0.031533,1,465852
31009941,0.04,0.0383066,1,465852
31011401,0.05,0.0476613,1,465910
31012861,0.06,0.0575323,1,465910
31014321,0.07,0.0675065,1,465996
31015781,0.08,0.0775013,1,465996
31017241,0.21,0.1835,1,466131
31018701,0.22,0.2127,1,466131
31020161,0.15,0.16254,1,466196
31021621,0.16,0.160508,1,466196
31023081,0.05,0.0721016,1,466244
31024541,0.06,0.0624203,1,466244
31026001,0.05,0.0524841,1,466274
31027461,0.06,0.0584968,1,466274
31028921,0.03,0.0356994,1,466333
31030381,0.04,0.0391399,1,466333
31031841,0.04,0.039828,1,466333
31033301,0.13,0.111966,1,466420
31034761,0.14,0.134393,1,466420
31036221,0.13,0.130879,1,466562
31037681,0.14,0.138176,1,466562
31039141,0.11,0.115635,1,466624
31040601,0.12,0.119127,1,466624
31042061,0.09,0.0958254,1,466667
31043521,0.1,0.0991651,1,466667
31044981,0.09,0.091833,1,466697
31046441,0.1,0.0983666,1,466697
31047901,0.07,0.0756733,1,466755
31049361,0.08,0.0791347,1,466755
31050821,0.07,0.0718269,1,466757
31052281,0.08,0.0783654,1,466757
31053741,0.15,0.135673,1,466848
31055201,0.16,0.155135,1,466848
31056661,0.17,0.167027,1,466990
31058121,0.18,0.177405,1,466990
31059581,0.27,0.251481,1,467051
31061041,0.28,0.274296,1,467051
31062501,0.31,0.302859,1,467093
31063961,0.32,0.316572,1,467093
31065421,0.31,0.311314,1,467123
31066881,0.32,0.318263,1,467123
31068341,0.37,0.359653,1,467180
31069801,0.38,0.375931,1,467180
31071261,0.37,0.371186,1,467182
31072721,0.38,0.378237,1,467182
31074181,0.41,0.403647,1,467277
31075641,0.42,0.41673,1,467277
31077101,0.42,0.419346,1,467277
31078561,0.45,0.443869,1,467420
31080021,0.46,0.456774,1,467420
31081481,0.55,0.531355,1,467486
31082941,0.56,0.554271,1,467486
31084401,0.59,0.582854,1,467530
31085861,0.6,0.596571,1,467530
31087321,0.59,0.591314,1,467560
31088781,0.6,0.598263,1,467560
31090241,0.61,0.607653,1,467620
31091701,0.62,0.617531,1,467620
31093161,0.61,0.611506,1,467622
31094621,0.62,0.618301,1,467622
31096081,0.61,0.61166,1,467719
31097541,0.62,0.618332,1,467719
31099001,0.61,0.611666,1,467863
31100461,0.62,0.618333,1,467863
31101921,0.67,0.659667,1,467934
31103381,0.68,0.675933,1,467934
31104841,0.69,0.687187,1,467980
31106301,0.7,0.697437,1,467980
31107761,0.71,0.707487,1,468010
31109221,0.72,0.717498,1,468010
31110681,0.77,0.7595,2,468071
31112141,0.78,0.7759,2,468071
31113601,0.77,0.77118,2,468073
31115061,0.78,0.778236,2,468073
31116521,0.75,0.755647,2,468170
31117981,0.76,0.759129,2,468170
31119441,0.81,0.799826,2,468314
31120901,0.82,0.815965,2,468314
31122361,0.85,0.843193,2,468388
31123821,0.86,0.856639,2,468388
31125281,0.86,0.859328,2,468388
31126741,0.87,0.867866,2,468435
31128201,0.88,0.877573,2,468435
31129661,0.85,0.855515,2,468466
31131121,0.86,0.859103,2,468466
31132581,0.83,0.835821,2,468530
31134041,0.84,0.839164,2,468530
31135501,0.83,0.831833,2,468532
31136961,0.84,0.838367,2,468532
31138421,0.85,0.847673,2,468628
31139881,0.86,0.857535,2,468628
31141341,0.95,0.931507,2,468775
31215801,0.91,0.91,2,470282
31217261,0.92,0.918,2,470282
31218721,0.93,0.9276,2,470303
31220181,0.94,0.93752,2,470303
31221641,0.93,0.931504,2,470338
31223101,0.94,0.938301,2,470338
31224561,0.85,0.86766,2,470368
31226021,0.86,0.861532,2,470368
31227481,0.86,0.860306,2,470368
31228941,0.81,0.820061,2,470417
31230401,0.82,0.820012,2,470417
31231861,0.81,0.812002,2,470451
31233321,0.82,0.8184,2,470451
31234781,0.71,0.73168,1,470534
31236241,0.72,0.722336,1,470534
31237701,0.65,0.664467,1,470665
31239161,0.66,0.660893,1,470665
31240621,0.63,0.636179,1,470751
31242081,0.64,0.639236,1,470751
31243541,0.65,0.647847,1,470770
31245001,0.66,0.657569,1,470770
31246461,0.71,0.699514,1,470805
31247921,0.72,0.715903,1,470805
31249381,0.71,0.711181,1,470831
31250841,0.72,0.718236,1,470831
31252301,0.71,0.711647,1,470833
31253761,0.72,0.718329,1,470833
31255221,0.65,0.663666,1,470879
31256681,0.66,0.660733,1,470879
31258141,0.69,0.684147,1,470913
31259601,0.7,0.696829,1,470913
31261061,0.73,0.723366,1,470991
31262521,0.74,0.736673,1,470991
31263981,0.87,0.843335,2,471119
31265441,0.88,0.872667,2,471119
31266901,0.87,0.870533,2,471204
31268361,0.88,0.878107,2,471204
31269821,0.89,0.887621,2,471224
31271281,0.9,0.897524,2,471224
31272741,0.95,0.939505,2,471262
31275661,0.95,0.95,2,471288
31278581,0.95,0.95,2,471290
31282961,0.95,0.95,2,471333
31285881,0.95,0.95,2,471369
31288801,0.95,0.95,2,471449
31303401,0.95,0.95,2,471757
31306321,0.93,0.93,2,471759
31307781,0.94,0.938,2,471759
31395381,0.95,0.95,2,473306
31401221,0.92,0.92,2,473366
31402681,0.93,0.928,2,473366
31404141,0.93,0.9296,2,473366
31405601,0.79,0.81792,2,473490
31407061,0.8,0.803584,2,473490
31408521,0.69,0.712717,1,473585
31409981,0.7,0.702543,1,473585
31411441,0.67,0.676509,1,473621
31412901,0.68,0.679302,1,473621
31414361,0.65,0.65586,1,473651
31415821,0.66,0.659172,1,473651
31417281,0.55,0.571834,1,473670
31418741,0.56,0.562367,1,473670
31420201,0.49,0.504473,1,473718
31421661,0.5,0.500895,1,473718
31423121,0.43,0.444179,1,473758
31424581,0.44,0.440836,1,473758
31426041,0.43,0.432167,1,473779
31427501,0.44,0.438433,1,473779
31428961,0.41,0.415687,1,473794
31430421,0.42,0.419137,1,473794
31431881,0.33,0.347827,1,473835
31433341,0.34,0.341565,1,473835
31434801,0.33,0.332313,1,473950
31436261,0.34,0.338463,1,473950
31437721,0.43,0.411693,1,474040
31439181,0.44,0.434339,1,474040
31440641,0.49,0.478868,1,474075
31442101,0.5,0.495774,1,474075
31443561,0.43,0.443155,1,474104
31445021,0.44,0.440631,1,474104
31446481,0.47,0.464126,1,474118
31447941,0.48,0.476825,1,474118
31449401,0.45,0.455365,1,474163
31450861,0.46,0.459073,1,474163
31452321,0.43,0.435815,1,474200
31453781,0.44,0.439163,1,474200
31455241,0.45,0.447833,1,474221
31456701,0.46,0.457567,1,474221
31458161,0.47,0.467513,1,474235
31459621,0.48,0.477503,1,474235
31461081,0.49,0.487501,1,474272
31462541,0.5,0.4975,1,474272
31464001,0.59,0.5715,1,474387
31465461,0.6,0.5943,1,474387
31466921,0.6,0.59886,1,474387
31468381,0.65,0.639772,1,474482
31469841,0.66,0.655954,1,474482
31471301,0.67,0.667191,1,474520
31472761,0.68,0.677438,1,474520
31474221,0.67,0.671488,1,474546
31475681,0.68,0.678298,1,474546
31477141,0.67,0.67166,1,474562
31478601,0.68,0.678332,1,474562
31480061,0.67,0.671666,1,474606
31481521,0.68,0.678333,1,474606
31482981,0.69,0.687667,1,474642
31484441,0.7,0.697533,1,474642
31485901,0.69,0.691507,1,474664
31487361,0.7,0.698301,1,474664
31488821,0.71,0.70766,1,474679
31490281,0.72,0.717532,1,474679
31491741,0.75,0.743506,1,474717
31493201,0.76,0.756701,2,474717
31494661,0.81,0.79934,2,474837
31496121,0.82,0.815868,2,474837
31497581,0.81,0.811174,2,474839
31499041,0.82,0.818235,2,474839
31500501,0.83,0.827647,2,474936
31501961,0.84,0.837529,2,474936
31503421,0.89,0.879506,2,474975
31504881,0.9,0.895901,2,474975
31506341,0.89,0.89118,2,475001
31507801,0.9,0.898236,2,475001
31509261,0.89,0.891647,2,475017
31510721,0.9,0.898329,2,475017
31512181,0.89,0.891666,2,475061
31513641,0.9,0.898333,2,475061
31515101,0.91,0.907667,2,475098
31516561,0.92,0.917533,2,475098
31518021,0.91,0.911507,2,475120
31519481,0.92,0.918301,2,475120
31520941,0.93,0.92766,2,475136
31522401,0.94,0.937532,2,475136
31523861,0.95,0.947506,2,475176
31658181,0.83,0.83,2,477326
31659641,0.59,0.638,1,477376
31661101,0.31,0.3756,1,477430
31662561,0.21,0.24312,1,477463
31664021,0.01,0.056624,1,477506
31665481,0.09,0.0833248,1,477525
31666941,0.03,0.040665,1,477541
31668401,0.05,0.048133,1,477556
31669861,0,0.0096266,1,477573
31671321,0.03,0.0259253,1,477760
31672781,0.04,0.0371851,1,477760
31674241,0.01,0.015437,1,477826
31675701,0.02,0.0190874,1,477826
31677161,0.03,0.0278175,1,477894
31678621,0.04,0.0375635,1,477894
31680081,0.07,0.0635127,1,477950
31681541,0.08,0.0767025,1,477950
31683001,0.07,0.0713405,1,477979
31684461,0.08,0.0782681,1,477979
31685921,0.03,0.0396536,1,478182
31687381,0.04,0.0399307,1,478182
31688841,0.03,0.0319861,1,478247
31690301,0.04,0.0383972,1,478247
31691761,0.05,0.0476794,1,478316
31693221,0.06,0.0575359,1,478316
31694681,0.03,0.0355072,1,478374
31696141,0.04,0.0391014,1,478374
31697601,0.03,0.0318203,1,478403
31699061,0.04,0.0383641,1,478403
31700521,0.01,0.0156728,1,478604
31701981,0.02,0.0191346,1,478604
31703441,0.03,0.0278269,1,478605
31704901,0.04,0.0375654,1,478605
31706361,0.05,0.0475131,1,478670
31707821,0.06,0.0575026,1,478670
31709281,0.09,0.0835005,1,478740
31710741,0.1,0.0967001,1,478740
31712201,0,0.01934,1,478797
31713661,0,0.003868,1,478797
31715121,0.03,0.0247736,1,478826
31716581,0.04,0.0369547,1,478826
31718041,0.01,0.0153909,1,479026
31719501,0.02,0.0190782,1,479026
31720961,0.01,0.0118156,1,479028
31722421,0.02,0.0183631,1,479028
31723881,0.01,0.0116726,1,479094
31725341,0.02,0.0183345,1,479094
31726801,0.09,0.0756669,1,479166
31728261,0.1,0.0951334,1,479166
31729721,0.01,0.0270267,1,479219
31731181,0.02,0.0214053,1,479219
31732641,0.03,0.0282811,1,479249
31734101,0.04,0.0376562,1,479249
31735561,0.01,0.0155312,1,479448
31737021,0.02,0.0191062,1,479448
31738481,0.01,0.0118212,1,479450
31739941,0.02,0.0183643,1,479450
31741401,0.02,0.0196729,1,479450
31742861,0.07,0.0599346,1,479516
31744321,0.08,0.0759869,1,479516
31745781,0.01,0.0231974,1,479592
31747241,0.02,0.0206395,1,479592
31748701,0.03,0.0281279,1,479641
31750161,0.04,0.0376256,1,479641
31751621,0.07,0.0635251,1,479672
31753081,0.08,0.076705,1,479672
31754541,0.01,0.023341,1,479870
31756001,0.02,0.0206682,1,479870
31757461,0.01,0.0121336,1,479872
31758921,0.02,0.0184267,1,479872
31760381,0.03,0.0276853,1,479940
31761841,0.04,0.0375371,1,479940
31763301,0.03,0.0315074,1,480013
31764761,0.04,0.0383015,1,480013
31766221,0.07,0.0636603,1,480063
31767681,0.08,0.0767321,1,480063
31769141,0.09,0.0873464,1,480096
31770601,0.1,0.0974693,1,480096
31772061,0.01,0.0274939,1,480291
31773521,0.02,0.0214988,1,480291
31774981,0.01,0.0122998,1,480293
31776441,0.02,0.01846,1,480293
31777901,0.03,0.027692,1,480362
31779361,0.04,0.0375384,1,480362
31780821,0.04,0.0395077,1,480362
31782281,0.11,0.0959015,1,480435
31783741,0.12,0.11518,1,480435
31785201,0.11,0.111036,1,480487
31786661,0.12,0.118207,1,480487
31788121,0.15,0.143641,1,480521
31789581,0.16,0.156728,1,480521
31791041,0.17,0.167346,1,480712
31792501,0.18,0.177469,1,480712
31793961,0.17,0.171494,1,480714
31795421,0.18,0.178299,1,480714
31796881,0.15,0.15566,1,480784
31798341,0.16,0.159132,1,480784
31799801,0.15,0.151826,1,480786
31801261,0.16,0.158365,1,480786
31802721,0.21,0.199673,1,480862
31804181,0.22,0.215935,1,480862
31805641,0.25,0.243187,1,480914
31807101,0.26,0.256637,1,480914
31808561,0.27,0.267327,1,480950
31810021,0.28,0.277465,1,480950
31811481,0.37,0.351493,1,481142
31812941,0.38,0.374299,1,481142
31814401,0.37,0.37086,1,481144
31815861,0.38,0.378172,1,481144
31817321,0.41,0.403634,1,481213
31818781,0.42,0.416727,1,481213
31820241,0.41,0.411345,1,481215
31821701,0.42,0.418269,1,481215
31823161,0.43,0.427654,1,481294
31824621,0.44,0.437531,1,481294
31826081,0.44,0.439506,1,481294
31827541,0.43,0.431901,1,481348
31829001,0.44,0.43838,1,481348
31830461,0.43,0.431676,1,481385
31831921,0.44,0.438335,1,481385
31833381,0.55,0.527667,1,481582
31834841,0.56,0.553533,1,481582
31836301,0.55,0.550707,1,481584
31837761,0.56,0.558141,1,481584
31839221,0.57,0.567628,1,481655
31840681,0.58,0.577526,1,481655
31842141,0.57,0.571505,1,481657
31843601,0.58,0.578301,1,481657
31845061,0.59,0.58766,1,481737
31846521,0.6,0.597532,1,481737
31847981,0.57,0.575506,1,481790
31849441,0.58,0.579101,1,481790
31850901,0.57,0.57182,1,481827
31852361,0.58,0.578364,1,481827
31853821,0.67,0.651673,1,482028
31855281,0.67,0.666335,1,482031
31856741,0.68,0.677267,1,482031
31858201,0.67,0.671453,1,482033
31859661,0.68,0.678291,1,482033
31861121,0.69,0.687658,1,482105
31862581,0.7,0.697532,1,482105
31864041,0.69,0.691506,1,482107
31865501,0.7,0.698301,1,482107
31866961,0.69,0.69166,1,482188
31868421,0.7,0.698332,1,482188
31869881,0.7,0.699666,1,482188
31871341,0.71,0.707933,1,482240
31872801,0.72,0.717587,1,482240
31874261,0.73,0.727517,1,482277
31875721,0.74,0.737503,1,482277
31877181,0.85,0.827501,2,482485
31878641,0.86,0.8535,2,482485
31880101,0.85,0.8507,2,482487
31881561,0.86,0.85814,2,482487
31883021,0.91,0.899628,2,482560
31884481,0.92,0.915926,2,482560
31885941,0.91,0.911185,2,482562
31887401,0.92,0.918237,2,482562
31888861,0.95,0.943647,2,482643
31891781,0.95,0.95,2,482645
31975001,0.95,0.95,2,484384
31977921,0.89,0.89,2,484418
31979381,0.9,0.898,2,484418
31980841,0.67,0.7156,1,484456
31982301,0.68,0.68712,1,484456
31983761,0.67,0.673424,1,484496
31985221,0.68,0.678685,1,484496
31986681,0.53,0.559737,1,484551
31988141,0.54,0.543947,1,484551
31989601,0.43,0.452789,1,484598
31991061,0.44,0.442558,1,484598
31992521,0.35,0.368512,1,484633
31993981,0.36,0.361702,1,484633
31995441,0.27,0.28834,1,484664
31996901,0.28,0.281668,1,484664
31998361,0.17,0.192334,1,484686
31999821,0.18,0.182467,1,484686
32001281,0.13,0.140493,1,484853
32002741,0.14,0.140099,1,484853
32004201,0.11,0.11602,1,484884
32005661,0.12,0.119204,1,484884
32007121,0.05,0.0638408,1,484911
32008581,0.06,0.0607682,1,484911
32010041,0.15,0.132154,1,484951
32011501,0.16,0.154431,1,484951
32012961,0.13,0.134886,1,484999
32014421,0.14,0.138977,1,484999
32015881,0.19,0.179795,1,485041
32017341,0.2,0.195959,1,485041
32018801,0.23,0.223192,1,485072
32020261,0.24,0.236638,1,485072
32021721,0.27,0.263328,1,485099
32023181,0.28,0.276666,1,485099
32024641,0.25,0.255333,1,485116
32026101,0.26,0.259067,1,485116
32027561,0.26,0.259813,1,485116
32029021,0.37,0.347963,1,485281
32030481,0.38,0.373593,1,485281
32031941,0.37,0.370719,1,485311
32033401,0.38,0.378144,1,485311
32034861,0.37,0.371629,1,485335
32036321,0.38,0.378326,1,485335
32037781,0.37,0.371665,1,485380
32039241,0.38,0.378333,1,485380
32040701,0.39,0.387667,1,485427
32042161,0.4,0.397533,1,485427
32043621,0.43,0.423507,1,485472
32045081,0.44,0.436701,1,485472
32046541,0.47,0.46334,1,485505
32048001,0.48,0.476668,1,485505
32049461,0.47,0.471334,1,485534
32050921,0.48,0.478267,1,485534
32052381,0.47,0.471653,1,485550
32053841,0.48,0.478331,1,485550
32055301,0.53,0.519666,1,485720
32056761,0.54,0.535933,1,485720
32058221,0.53,0.531187,1,485750
32059681,0.54,0.538237,1,485750
32061141,0.55,0.547647,1,485774
32062601,0.56,0.557529,1,485774
32064061,0.53,0.535506,1,485819
32065521,0.54,0.539101,1,485819
32066981,0.55,0.54782,1,485867
32068441,0.56,0.557564,1,485867
32069901,0.57,0.567513,1,485914
32071361,0.58,0.577503,1,485914
32072821,0.55,0.555501,1,485949
32074281,0.56,0.5591,1,485949
32075741,0.55,0.55182,1,485978
32077201,0.56,0.558364,1,485978
32078661,0.55,0.551673,1,485994
32080121,0.56,0.558335,1,485994
32081581,0.47,0.487667,1,486167
32083041,0.48,0.481533,1,486167
32084501,0.48,0.480307,1,486167
32085961,0.49,0.488061,1,486197
32087421,0.5,0.497612,1,486197
32088881,0.51,0.507522,1,486222
32090341,0.52,0.517505,1,486222
32091801,0.51,0.511501,1,486266
32093261,0.52,0.5183,1,486266
32094721,0.59,0.57566,1,486315
32096181,0.6,0.595132,1,486315
32097641,0.61,0.607026,1,486363
32099101,0.62,0.617405,1,486363
32100561,0.63,0.627481,1,486397
32102021,0.64,0.637496,1,486397
32103481,0.61,0.615499,1,486426
32104941,0.62,0.6191,1,486426
32106401,0.63,0.62782,1,486442
32107861,0.64,0.637564,1,486442
32109321,0.73,0.711513,1,486611
32110781,0.74,0.734303,1,486611
32112241,0.73,0.730861,1,486613
32113701,0.74,0.738172,1,486613
32115161,0.75,0.747634,1,486643
32116621,0.76,0.757527,2,486643
32118081,0.75,0.751505,2,486669
32119541,0.76,0.758301,2,486669
32121001,0.77,0.76766,2,486713
32122461,0.78,0.777532,2,486713
32123921,0.81,0.803506,2,486766
32125381,0.82,0.816701,2,486766
32126841,0.87,0.85934,2,486815
32128301,0.88,0.875868,2,486815
32129761,0.93,0.919174,2,486850
32131221,0.94,0.935835,2,486850
32132681,0.93,0.931167,2,486878
32134141,0.94,0.938233,2,486878
32135601,0.95,0.947647,2,486895
32321021,0.95,0.95,2,489775
32332701,0.93,0.93,2,490018
32334161,0.94,0.938,2,490018
32335621,0.91,0.9156,2,490052
32337081,0.92,0.91912,2,490052
32338541,0.93,0.927824,2,490080
32340001,0.94,0.937565,2,490080
32344381,0.95,0.95,2,490152
32354601,0.89,0.89,2,490258
32356061,0.9,0.898,2,490258
32360441,0.85,0.85,2,490404
32361901,0.86,0.858,2,490404
32363361,0.89,0.8836,2,490435
32364821,0.9,0.89672,2,490435
32366281,0.85,0.859344,2,490492
32367741,0.86,0.859869,2,490492
32369201,0.89,0.883974,2,490519
32370661,0.9,0.896795,2,490519
32372121,0.87,0.875359,2,490548
32373581,0.88,0.879072,2,490548
32375041,0.85,0.855814,2,490577
32376501,0.86,0.859163,2,490577
32377961,0.89,0.883833,2,490620
32379421,0.9,0.896767,2,490620
32380881,0.91,0.907353,2,490638
32382341,0.92,0.917471,2,490638
32383801,0.93,0.927494,2,490641
32385261,0.94,0.937499,2,490641
32386721,0.91,0.9155,2,490674
32388181,0.92,0.9191,2,490674
32389641,0.95,0.94382,2,490724
32503521,0.93,0.93,2,492300
32504981,0.94,0.938,2,492300
32506441,0.85,0.8676,2,492330
32507901,0.86,0.86152,2,492330
32509361,0.77,0.788304,2,492381
32510821,0.78,0.781661,2,492381
32512281,0.67,0.692332,1,492419
32513741,0.68,0.682466,1,492419
32515201,0.53,0.560493,1,492449
32516661,0.54,0.544099,1,492449
32518121,0.35,0.38882,1,492479
32519581,0.36,0.365764,1,492479
32521041,0.17,0.209153,1,492526
32522501,0.18,0.185831,1,492526
32523961,0.03,0.0611661,1,492563
32525421,0.04,0.0442332,1,492563
32526881,0.07,0.0648466,1,492597
32528341,0.08,0.0769693,1,492597
32529801,0.03,0.0393939,1,492617
32531261,0.04,0.0398788,1,492617
32532721,0.03,0.0319758,1,492637
32534181,0.04,0.0383952,1,492637
32535641,0.03,0.031679,1,492639
32537101,0.04,0.0383358,1,492639
32538561,0.07,0.0636672,1,492679
32540021,0.08,0.0767334,1,492679
32541481,0.03,0.0393467,1,492768
32542941,0.04,0.0398693,1,492768
32544401,0,0.00797387,1,492794
32545861,0,0.00159477,1,492794
32547321,0,0.000318955,1,492841
32548781,0,6.37909e-05,1,492841
32550241,0.05,0.0400128,1,492874
32551701,0.06,0.0560026,1,492874
32553161,0.03,0.0352005,1,492897
32554621,0.04,0.0390401,1,492897
32556081,0.05,0.047808,1,492918
32557541,0.06,0.0575616,1,492918
32559001,0.01,0.0195123,1,492956
32560461,0.02,0.0199025,1,492956
32561921,0.01,0.0119805,1,492986
32563381,0.02,0.0183961,1,492986
32564841,0.03,0.0276792,1,493022
32566301,0.04,0.0375358,1,493022
32567761,0.01,0.0155072,1,493040
32569221,0.02,0.0191014,1,493040
32570681,0.07,0.0598203,1,493060
32572141,0.08,0.0759641,1,493060
32573601,0.07,0.0711928,1,493062
32575061,0.08,0.0782386,1,493062
32576521,0.05,0.0556477,1,493104
32577981,0.06,0.0591295,1,493104
32579441,0.06,0.0598259,1,493104
32580901,0.05,0.0519652,1,493191
32582361,0.06,0.058393,1,493191
32583821,0.07,0.0676786,1,493216
32585281,0.08,0.0775357,1,493216
32586741,0.03,0.0395071,1,493263
32588201,0.04,0.0399014,1,493263
32589661,0.05,0.0479803,1,493298
32591121,0.06,0.0575961,1,493298
32592581,0.07,0.0675192,1,493320
32594041,0.08,0.0775038,1,493320
32595501,0.03,0.0395008,1,493342
32596961,0.04,0.0399002,1,493342
32598421,0.07,0.06398,1,493378
32599881,0.08,0.076796,1,493378
32601341,0.03,0.0393592,1,493408
32602801,0.04,0.0398718,1,493408
32604261,0.01,0.0159744,1,493445
32605721,0.02,0.0191949,1,493445
32607181,0.03,0.027839,1,493462
32608641,0.04,0.0375678,1,493462
32610101,0.05,0.0475136,1,493485
32611561,0.06,0.0575027,1,493485
32613021,0.05,0.0515005,1,493487
32614481,0.06,0.0583001,1,493487
32615941,0.07,0.06766,1,493528
32617401,0.08,0.077532,1,493528
32618861,0.09,0.0875064,1,493614
32620321,0.1,0.0975013,1,493614
32621781,0.09,0.0915003,1,493640
32623241,0.1,0.0983001,1,493640
32624701,0.07,0.07566,1,493685
32626161,0.08,0.079132,1,493685
32627621,0.09,0.0878264,1,493721
32629081,0.1,0.0975653,1,493721
32630541,0.15,0.139513,1,493744
32632001,0.16,0.155903,1,493744
32633461,0.15,0.151181,1,493764
32634921,0.16,0.158236,1,493764
32636381,0.13,0.135647,1,493802
32637841,0.14,0.139129,1,493802
32639301,0.13,0.131826,1,493830
32640761,0.14,0.138365,1,493830
32642221,0.09,0.099673,1,493866
32643681,0.1,0.0999346,1,493866
32645141,0.09,0.0919869,1,493884
32646601,0.1,0.0983974,1,493884
32648061,0.11,0.107679,1,493908
32649521,0.12,0.117536,1,493908
32650981,0.11,0.111507,1,493910
32652441,0.12,0.118301,1,493910
32653901,0.09,0.0956603,1,493952
32655361,0.1,0.0991321,1,493952
32656821,0.07,0.0758264,1,494039
32658281,0.08,0.0791653,1,494039
32659741,0.07,0.0718331,1,494065
32661201,0.08,0.0783666,1,494065
32662661,0.08,0.0796733,1,494065
32664121,0.13,0.119935,1,494109
32665581,0.14,0.135987,1,494109
32667041,0.17,0.163197,1,494146
32668501,0.18,0.176639,1,494146
32669961,0.13,0.139328,1,494172
32671421,0.14,0.139866,1,494172
32672881,0.13,0.131973,1,494192
32674341,0.14,0.138395,1,494192
32675801,0.13,0.131679,1,494229
32677261,0.14,0.138336,1,494229
32678721,0.13,0.131667,1,494257
32680181,0.14,0.138333,1,494257
32681641,0.17,0.163667,1,494291
32683101,0.18,0.176733,1,494291
32684561,0.17,0.171347,1,494309
32686021,0.18,0.178269,1,494309
32687481,0.15,0.155654,1,494334
32688941,0.16,0.159131,1,494334
32690401,0.15,0.151826,1,494336
32691861,0.16,0.158365,1,494336
32693321,0.13,0.135673,1,494377
32694781,0.14,0.139135,1,494377
32696241,0.21,0.195827,1,494463
32697701,0.22,0.215165,1,494463
32699161,0.21,0.211033,1,494489
32700621,0.22,0.218207,1,494489
32702081,0.21,0.211641,1,494491
32703541,0.22,0.218328,1,494491
32705001,0.25,0.243666,1,494537
32706461,0.26,0.256733,1,494537
32707921,0.27,0.267347,1,494576
32709381,0.28,0.277469,1,494576
32710841,0.29,0.287494,1,494600
32712301,0.3,0.297499,1,494600
32713761,0.31,0.3075,1,494620
32715221,0.32,0.3175,1,494620
32716681,0.29,0.2955,1,494657
32718141,0.3,0.2991,1,494657
32719601,0.33,0.32382,1,494685
32721061,0.34,0.336764,1,494685
32722521,0.37,0.363353,1,494721
32723981,0.38,0.376671,1,494721
32725441,0.39,0.387334,1,494739
32726901,0.4,0.397467,1,494739
32728361,0.39,0.391493,1,494763
32729821,0.4,0.398299,1,494763
32731281,0.39,0.39166,1,494765
32732741,0.4,0.398332,1,494765
32734201,0.39,0.391666,1,494805
32735661,0.4,0.398333,1,494805
32737121,0.49,0.471667,1,494895
32738581,0.5,0.494333,1,494895
32740041,0.49,0.490867,1,494921
32741501,0.5,0.498173,1,494921
32742961,0.49,0.491635,1,494923
32744421,0.5,0.498327,1,494923
32745881,0.55,0.539665,1,494971
32747341,0.56,0.555933,1,494971
32748801,0.56,0.559187,1,494971
32750261,0.59,0.583837,1,495011
32751721,0.6,0.596767,1,495011
32753181,0.63,0.623353,1,495036
32754641,0.64,0.636671,1,495036
32756101,0.61,0.615334,1,495057
32757561,0.62,0.619067,1,495057
32759021,0.63,0.627813,1,495093
32760481,0.64,0.637563,1,495093
32761941,0.67,0.663513,1,495123
32763401,0.68,0.676703,1,495123
32764861,0.71,0.70334,1,495161
32766321,0.72,0.716668,1,495161
32767781,0.73,0.727334,1,495180
32769241,0.74,0.737467,1,495180
32770701,0.73,0.731493,1,495204
32772161,0.74,0.738299,1,495204
32773621,0.73,0.73166,1,495206
32775081,0.74,0.738332,1,495206
32776541,0.73,0.731666,1,495246
32778001,0.74,0.738333,1,495246
32779461,0.75,0.747667,1,495341
32780921,0.76,0.757533,2,495341
32782381,0.75,0.751507,2,495367
32783841,0.76,0.758301,2,495367
32785301,0.75,0.75166,2,495369
32786761,0.76,0.758332,2,495369
32788221,0.79,0.783666,2,495420
32789681,0.8,0.796733,2,495420
32791141,0.81,0.807347,2,495461
32792601,0.82,0.817469,2,495461
32794061,0.79,0.795494,2,495488
32795521,0.8,0.799099,2,495488
32796981,0.81,0.80782,2,495508
32798441,0.82,0.817564,2,495508
32799901,0.83,0.827513,2,495545
32801361,0.84,0.837503,2,495545
32802821,0.85,0.847501,2,495577
32804281,0.86,0.8575,2,495577
32805741,0.89,0.8835,2,495617
32807201,0.9,0.8967,2,495617
32808661,0.91,0.90734,2,495637
32810121,0.92,0.917468,2,495637
32811581,0.91,0.911494,2,495661
32813041,0.92,0.918299,2,495661
32814501,0.91,0.91166,2,495663
32815961,0.92,0.918332,2,495663
32817421,0.91,0.911666,2,495703
32818881,0.92,0.918333,2,495703
32820341,0.91,0.911667,2,495799
32821801,0.92,0.918333,2,495799
32823261,0.91,0.911667,2,495825
32824721,0.92,0.918333,2,495825
32826181,0.91,0.911667,2,495827
32827641,0.92,0.918333,2,495827
32829101,0.93,0.927667,2,495880
32830561,0.94,0.937533,2,495880
32832021,0.89,0.899507,2,495922
32833481,0.9,0.899901,2,495922
32834941,0.89,0.89198,2,495948
32836401,0.9,0.898396,2,495948
32837861,0.9,0.899679,2,495948
32839321,0.89,0.891936,2,495969
32840781,0.9,0.898387,2,495969
32842241,0.95,0.939677,2,496007
32848081,0.95,0.95,2,496082
32851001,0.93,0.93,2,496103
32852461,0.94,0.938,2,496103
32853921,0.95,0.9476,2,496127
32856841,0.95,0.95,2,496129
32859761,0.95,0.95,2,496169
32862681,0.95,0.95,2,496265
32865601,0.95,0.95,2,496291
32868521,0.95,0.95,2,496293
32985321,0.91,0.91,2,497702
32986781,0.77,0.798,2,497736
32988241,0.73,0.7436,1,497765
32989701,0.55,0.58872,1,497810
32991161,0.39,0.429744,1,497848
32992621,0.29,0.317949,1,497882
32994081,0.05,0.10359,1,497942
32995541,0.09,0.092718,1,497959
32997001,0.01,0.0265436,1,497974
32998461,0.05,0.0453087,1,497982
32999921,0,0.00906174,1,497989
33001381,0.09,0.0738124,1,498043
33002841,0.1,0.0947625,1,498043
33004301,0.01,0.0269525,1,498168
33005761,0.02,0.0213905,1,498168
33007221,0.01,0.0122781,1,498222
33008681,0.02,0.0184556,1,498222
33010141,0.03,0.0276911,1,498288
33011601,0.04,0.0375382,1,498288
33013061,0.07,0.0635076,1,498365
33014521,0.08,0.0767015,1,498365
33015981,0.03,0.0393403,1,498395
33017441,0.04,0.0398681,1,498395
33018901,0.01,0.0159736,1,498410
33020361,0.02,0.0191947,1,498410
33021821,0.02,0.0198389,1,498410
33023281,0,0.00396779,1,498469
33024741,0,0.000793558,1,498469
33026201,0,0.000158712,1,498590
33027661,0,3.17423e-05,1,498590
33029121,0.01,0.00800635,1,498644
33030581,0.02,0.0176013,1,498644
33032041,0.07,0.0595203,1,498711
33033501,0.08,0.0759041,1,498711
33034961,0.17,0.151181,1,498790
33036421,0.18,0.174236,1,498790
33037881,0.17,0.170847,1,498818
33039341,0.18,0.178169,1,498818
33040801,0.17,0.171634,1,498832
33042261,0.18,0.178327,1,498832
33043721,0.09,0.107665,1,498890
33045181,0.1,0.101533,1,498890
33046641,0,0.0203066,1,499011
33048101,0,0.00406132,1,499011
33049561,0.05,0.0408123,1,499065
33051021,0.06,0.0561625,1,499065
33052481,0.05,0.0512325,1,499135
33053941,0.06,0.0582465,1,499135
33055401,0.11,0.0996493,1,499219
33056861,0.12,0.11593,1,499219
33058321,0.13,0.127186,1,499247
33059781,0.14,0.137437,1,499247
33061241,0.13,0.131487,1,499261
33062701,0.14,0.138297,1,499261
33064161,0.13,0.13166,1,499315
33065621,0.14,0.138332,1,499315
33067081,0.14,0.139666,1,499315
33068541,0.11,0.115933,1,499432
33070001,0.12,0.119187,1,499432
33071461,0.15,0.143837,1,499488
33072921,0.16,0.156767,1,499488
33074381,0.17,0.167353,1,499558
33075841,0.18,0.177471,1,499558
33077301,0.21,0.203494,1,499645
33078761,0.22,0.216699,1,499645
33080221,0.21,0.21134,1,499674
33081681,0.22,0.218268,1,499674
33083141,0.21,0.211654,1,499688
33084601,0.22,0.218331,1,499688
33086061,0.23,0.227666,1,499742
33087521,0.24,0.237533,1,499742
33088981,0.23,0.231507,1,499744
33090441,0.24,0.238301,1,499744
33091901,0.27,0.26366,1,499859
33093361,0.28,0.276732,1,499859
33094821,0.25,0.255346,1,499917
33096281,0.26,0.259069,1,499917
33097741,0.25,0.251814,1,499988
33099201,0.26,0.258363,1,499988
33100661,0.23,0.235673,1,500077
33102121,0.24,0.239135,1,500077
33103581,0.27,0.263827,1,500106
33105041,0.28,0.276765,1,500106
33106501,0.27,0.271353,1,500120
33107961,0.28,0.278271,1,500120
33109421,0.27,0.271654,1,500175
33110881,0.28,0.278331,1,500175
33112341,0.27,0.271666,1,500177
33113801,0.28,0.278333,1,500177
33115261,0.31,0.303667,1,500294
33116721,0.32,0.316733,1,500294
33118181,0.32,0.319347,1,500294
33119641,0.37,0.359869,1,500351
33121101,0.38,0.375974,1,500351
33122561,0.41,0.403195,1,500422
33124021,0.42,0.416639,1,500422
33125481,0.47,0.459328,1,500510
33126941,0.48,0.475866,1,500510
33128401,0.49,0.487173,1,500541
33129861,0.5,0.497435,1,500541
33131321,0.51,0.507487,1,500555
33132781,0.52,0.517497,1,500555
33134241,0.59,0.575499,1,500610
33135701,0.6,0.5951,1,500610
33137161,0.59,0.59102,1,500612
33138621,0.6,0.598204,1,500612
33140081,0.67,0.655641,1,500731
33141541,0.68,0.675128,1,500731
33143001,0.69,0.687026,1,500790
33144461,0.7,0.697405,1,500790
33145921,0.71,0.707481,1,500863
33147381,0.72,0.717496,1,500863
33148841,0.73,0.727499,1,500954
33150301,0.74,0.7375,1,500954
33151761,0.73,0.7315,1,500986
33153221,0.74,0.7383,1,500986
33154681,0.75,0.74766,1,501001
33156141,0.76,0.757532,2,501001
33157601,0.81,0.799506,2,501060
33159061,0.82,0.815901,2,501060
33160521,0.81,0.81118,2,501062
33161981,0.82,0.818236,2,501062
33163441,0.81,0.811647,2,501185
33164901,0.82,0.818329,2,501185
33166361,0.81,0.811666,2,501245
33167821,0.82,0.818333,2,501245
33169281,0.91,0.891667,2,501319
33170741,0.92,0.914333,2,501319
33172201,0.92,0.918867,2,501319
33173661,0.95,0.943773,2,501411
33176581,0.95,0.95,2,501443
33293381,0.95,0.95,2,503449
33296301,0.81,0.81,2,503547
33297761,0.82,0.818,2,503547
33299221,0.63,0.6676,1,503584
33300681,0.64,0.64552,1,503584
33302141,0.49,0.521104,1,503661
33303601,0.5,0.504221,1,503661
33305061,0.41,0.428844,1,503709
33306521,0.42,0.421769,1,503709
33307981,0.39,0.396354,1,503772
33309441,0.4,0.399271,1,503772
33310901,0.25,0.279854,1,503805
33312361,0.26,0.263971,1,503805
33313821,0.27,0.268794,1,503830
33315281,0.28,0.277759,1,503830
33316741,0.21,0.223552,1,503851
33318201,0.22,0.22071,1,503851
33319661,0.11,0.132142,1,503897
33321121,0.12,0.122428,1,503897
33322581,0.17,0.160486,1,503918
33324041,0.18,0.176097,1,503918
33325501,0.07,0.0912194,1,504009
33326961,0.08,0.0822439,1,504009
33328421,0.03,0.0404488,1,504037
33329881,0.04,0.0400898,1,504037
33331341,0.05,0.048018,1,504107
33332801,0.06,0.0576036,1,504107
33334261,0.09,0.0835207,1,504151
33335721,0.1,0.0967041,1,504151
33337181,0.07,0.0753408,1,504213
33338641,0.08,0.0790682,1,504213
33340101,0.09,0.0878136,1,504239
33341561,0.1,0.0975627,1,504239
33343021,0.15,0.139513,1,504265
33344481,0.16,0.155903,1,504265
33345941,0.16,0.159181,1,504265
33347401,0.17,0.167836,1,504283
33348861,0.18,0.177567,1,504283
33350321,0.19,0.187513,1,504324
33351781,0.2,0.197503,1,504324
33353241,0.25,0.239501,1,504348
33354701,0.26,0.2559,1,504348
33356161,0.29,0.28318,1,504434
33357621,0.3,0.296636,1,504434
33359081,0.29,0.291327,1,504460
33360541,0.3,0.298265,1,504460
33362001,0.39,0.371653,1,504531
33363461,0.4,0.394331,1,504531
33364921,0.41,0.406866,1,504577
33366381,0.42,0.417373,1,504577
33367841,0.45,0.443475,1,504638
33369301,0.46,0.456695,1,504638
33370761,0.47,0.467339,1,504665
33372221,0.48,0.477468,1,504665
33373681,0.47,0.471494,1,504694
33375141,0.48,0.478299,1,504694
33376601,0.47,0.47166,1,504712
33378061,0.48,0.478332,1,504712
33379521,0.47,0.471666,1,504754
33380981,0.48,0.478333,1,504754
33382441,0.47,0.471667,1,504781
33383901,0.48,0.478333,1,504781
33385361,0.43,0.439667,1,504869
33386821,0.44,0.439933,1,504869
33388281,0.45,0.447987,1,504895
33389741,0.46,0.457597,1,504895
33391201,0.49,0.483519,1,504971
33392661,0.5,0.496704,1,504971
33394121,0.53,0.523341,1,505018
33395581,0.54,0.536668,1,505018
33397041,0.61,0.595334,1,505081
33398501,0.62,0.615067,1,505081
33399961,0.61,0.611013,1,505109
33401421,0.62,0.618203,1,505109
33402881,0.59,0.595641,1,505138
33404341,0.6,0.599128,1,505138
33405801,0.61,0.607826,1,505156
33407261,0.62,0.617565,1,505156
33408721,0.63,0.627513,1,505198
33410181,0.64,0.637503,1,505198
33411641,0.64,0.639501,1,505198
33413101,0.65,0.6479,1,505225
33414561,0.66,0.65758,1,505225
33416021,0.69,0.683516,1,505311
33417481,0.7,0.696703,1,505311
33418941,0.71,0.707341,1,505338
33420401,0.72,0.717468,1,505338
33421861,0.83,0.807494,2,505416
33423321,0.84,0.833499,2,505416
33424781,0.83,0.8307,2,505465
33426241,0.84,0.83814,2,505465
33427701,0.79,0.799628,2,505532
33429161,0.8,0.799926,2,505532
33430621,0.79,0.791985,2,505560
33432081,0.8,0.798397,2,505560
33433541,0.79,0.791679,2,505588
33435001,0.8,0.798336,2,505588
33436461,0.77,0.775667,2,505607
33437921,0.78,0.779133,2,505607
33439381,0.79,0.787827,2,505650
33440841,0.8,0.797565,2,505650
33442301,0.79,0.791513,2,505652
33443761,0.8,0.798303,2,505652
33445221,0.77,0.775661,2,505679
33446681,0.78,0.779132,2,505679
33448141,0.83,0.819826,2,505767
33449601,0.84,0.835965,2,505767
33451061,0.83,0.831193,2,505795
33452521,0.84,0.838239,2,505795
33453981,0.85,0.847648,2,505879
33455441,0.86,0.85753,2,505879
33456901,0.85,0.851506,2,505928
33458361,0.86,0.858301,2,505928
33459821,0.85,0.85166,2,505993
33461281,0.86,0.858332,2,505993
33462741,0.87,0.867666,2,506021
33464201,0.88,0.877533,2,506021
33465661,0.87,0.871507,2,506049
33467121,0.88,0.878301,2,506049
33468581,0.87,0.87166,2,506067
33470041,0.88,0.878332,2,506067
33471501,0.89,0.887666,2,506111
33472961,0.9,0.897533,2,506111
33474421,0.89,0.891507,2,506113
33475881,0.9,0.898301,2,506113
33477341,0.91,0.90766,2,506139
33478801,0.92,0.917532,2,506139
33480261,0.92,0.919506,2,506139
33594141,0.88,0.88,2,507878
33595601,0.89,0.888,2,507878
33597061,0.77,0.7936,2,507913
33598521,0.78,0.78272,2,507913
33599981,0.69,0.708544,1,507947
33601441,0.7,0.701709,1,507947
33602901,0.63,0.644342,1,507986
33604361,0.64,0.640868,1,507986
33605821,0.55,0.568174,1,508019
33607281,0.56,0.561635,1,508019
33608741,0.47,0.488327,1,508047
33610201,0.48,0.481665,1,508047
33611661,0.31,0.344333,1,508082
33613121,0.32,0.324867,1,508082
33614581,0.17,0.200973,1,508140
33616041,0.18,0.184195,1,508140
33617501,0.03,0.0608389,1,508178
33618961,0.04,0.0441678,1,508178
33620421,0.13,0.112834,1,508209
33621881,0.14,0.134567,1,508209
33623341,0.14,0.138913,1,508209
33624801,0.07,0.0837827,1,508251
33626261,0.08,0.0807565,1,508251
33627721,0.01,0.0241513,1,508300
33629181,0.02,0.0208303,1,508300
33630641,0.01,0.0121661,1,508347
33632101,0.02,0.0184332,1,508347
33633561,0.01,0.0116866,1,508373
33635021,0.02,0.0183373,1,508373
33636481,0.01,0.0116675,1,508403
33637941,0.02,0.0183335,1,508403
33639401,0,0.0036667,1,508439
33640861,0,0.00073334,1,508439
33642321,0,0.000146668,1,508468
33643781,0,2.93336e-05,1,508468
33645241,0,5.86672e-06,1,508492
33646701,0,1.17334e-06,1,508492
33648161,0,2.34669e-07,1,508519
33649621,0,4.69337e-08,1,508519
33651081,0.01,0.00800001,1,508570
33652541,0.02,0.0176,1,508570
33654001,0.01,0.01152,1,508601
33655461,0.02,0.018304,1,508601
33656921,0,0.0036608,1,508637
33658381,0,0.00073216,1,508637
33659841,0.01,0.00814643,1,508675
33661301,0.02,0.0176293,1,508675
33662761,0.03,0.0275259,1,508721
33664221,0.04,0.0375052,1,508721
33665681,0.11,0.095501,1,508768
33667141,0.12,0.1151,1,508768
33668601,0.03,0.04702,1,508794
33670061,0.04,0.041404,1,508794
33671521,0.01,0.0162808,1,508824
33672981,0.02,0.0192562,1,508824
33674441,0.01,0.0118512,1,508860
33675901,0.02,0.0183702,1,508860
33677361,0.03,0.0276741,1,508889
33678821,0.04,0.0375348,1,508889
33680281,0,0.00750696,1,508913
33681741,0,0.00150139,1,508913
33683201,0.01,0.00830028,1,508940
33684661,0.02,0.0176601,1,508940
33686121,0.07,0.059532,1,508991
33687581,0.08,0.0759064,1,508991
33689041,0.05,0.0551813,1,509022
33690501,0.06,0.0590363,1,509022
33691961,0.05,0.0518073,1,509058
33693421,0.06,0.0583615,1,509058
33694881,0.01,0.0196723,1,509096
33696341,0.02,0.0199345,1,509096
33697801,0.03,0.0279869,1,509143
33699261,0.04,0.0375974,1,509143
33700721,0.04,0.0395195,1,509143
33702181,0.07,0.0639039,1,509194
33703641,0.08,0.0767808,1,509194
33705101,0.07,0.0713562,1,509216
33706561,0.08,0.0782712,1,509216
33708021,0.03,0.0396542,1,509245
33709481,0.04,0.0399308,1,509245
33710941,0.07,0.0639862,1,509281
33712401,0.08,0.0767972,1,509281
33713861,0.07,0.0713594,1,509311
33715321,0.08,0.0782719,1,509311
33716781,0,0.0156544,1,509334
33718241,0,0.00313088,1,509334
33719701,0.05,0.0406262,1,509361
33721161,0.06,0.0561252,1,509361
33722621,0.05,0.051225,1,509415
33724081,0.06,0.058245,1,509415
33725541,0.07,0.067649,1,509445
33727001,0.08,0.0775298,1,509445
33728461,0.01,0.023506,1,509481
33729921,0.02,0.0207012,1,509481
33731381,0.03,0.0281402,1,509517
33732841,0.04,0.037628,1,509517
33734301,0.03,0.0315256,1,509565
33735761,0.04,0.0383051,1,509565
33737221,0.03,0.031661,1,509567
33738681,0.04,0.0383322,1,509567
33740141,0.01,0.0156664,1,509619
33741601,0.02,0.0191333,1,509619
33743061,0.01,0.0118267,1,509641
33744521,0.02,0.0183653,1,509641
33745981,0.01,0.0116731,1,509668
33747441,0.02,0.0183346,1,509668
33748901,0.03,0.0276669,1,509706
33750361,0.04,0.0375334,1,509706
33751821,0.05,0.0475067,1,509736
33753281,0.06,0.0575013,1,509736
33754741,0.03,0.0355003,1,509756
33756201,0.04,0.0391001,1,509756
33757661,0.05,0.04782,1,509785
33759121,0.06,0.057564,1,509785
33760581,0.01,0.0195128,1,509839
33762041,0.02,0.0199026,1,509839
33763501,0.03,0.0279805,1,509870
33764961,0.04,0.0375961,1,509870
33766421,0.01,0.0155192,1,509903
33767881,0.02,0.0191038,1,509903
33769341,0.01,0.0118208,1,509940
33770801,0.02,0.0183642,1,509940
33772261,0.01,0.0116728,1,509988
33773721,0.02,0.0183346,1,509988
33775181,0.01,0.0116669,1,509990
33776641,0.02,0.0183334,1,509990
33778101,0.02,0.0196667,1,509990
33779561,0.05,0.0439333,1,510041
33781021,0.06,0.0567867,1,510041
33782481,0.09,0.0833573,1,510063
33783941,0.1,0.0966715,1,510063
33785401,0.07,0.0753343,1,510090
33786861,0.08,0.0790669,1,510090
33788321,0.05,0.0558134,1,510129
33789781,0.06,0.0591627,1,510129
33791241,0.09,0.0838325,1,510160
33792701,0.1,0.0967665,1,510160
33794161,0.07,0.0753533,1,510179
33795621,0.08,0.0790707,1,510179
33797081,0.03,0.0398141,1,510209
33798541,0.04,0.0399628,1,510209
33800001,0.07,0.0639926,1,510261
33801461,0.08,0.0767985,1,510261
33802921,0.03,0.0393597,1,510293
33804381,0.04,0.0398719,1,510293
33805841,0.03,0.0319744,1,510325
33807301,0.04,0.0383949,1,510325
33808761,0.03,0.031679,1,510362
33810221,0.04,0.0383358,1,510362
33811681,0.01,0.0156672,1,510410
33813141,0.02,0.0191334,1,510410
33814601,0.01,0.0118267,1,510412
33816061,0.02,0.0183653,1,510412
33817521,0.07,0.0596731,1,510464
33818981,0.08,0.0759346,1,510464
33820441,0.09,0.0871869,1,510488
33821901,0.1,0.0974374,1,510488
33823361,0.09,0.0914875,1,510514
33824821,0.1,0.0982975,1,510514
33826281,0.09,0.0916595,1,510552
33827741,0.1,0.0983319,1,510552
33829201,0.07,0.0756664,1,510585
33830661,0.08,0.0791333,1,510585
33832121,0.09,0.0878267,1,510603
33833581,0.1,0.0975653,1,510603
33835041,0.09,0.0915131,1,510631
33836501,0.1,0.0983026,1,510631
33837961,0.09,0.0916605,1,510685
33839421,0.1,0.0983321,1,510685
33840881,0.13,0.123666,1,510715
33842341,0.14,0.136733,1,510715
33843801,0.13,0.131347,1,510747
33845261,0.14,0.138269,1,510747
33846721,0.15,0.147654,1,510784
33848181,0.16,0.157531,1,510784
33849641,0.03,0.0555062,1,510831
33851101,0.04,0.0431012,1,510831
33852561,0.03,0.0326202,1,510833
33854021,0.04,0.038524,1,510833
33855481,0.05,0.0477048,1,510888
33856941,0.06,0.057541,1,510888
33858401,0.09,0.0835082,1,510913
33859861,0.1,0.0967016,1,510913
33861321,0.1,0.0993403,1,510913
33862781,0.15,0.139868,1,510939
33864241,0.16,0.155974,1,510939
33865701,0.15,0.151195,1,510977
33867161,0.16,0.158239,1,510977
33868621,0.17,0.167648,1,511009
33870081,0.18,0.17753,1,511009
33871541,0.15,0.155506,1,511028
33873001,0.16,0.159101,1,511028
33874461,0.17,0.16782,1,511056
33875921,0.18,0.177564,1,511056
33877381,0.21,0.203513,1,511110
33878841,0.22,0.216703,1,511110
33880301,0.25,0.243341,1,511142
33881761,0.26,0.256668,1,511142
33883221,0.27,0.267334,1,511174
33884681,0.28,0.277467,1,511174
33886141,0.33,0.319493,1,511212
33887601,0.34,0.335899,1,511212
33889061,0.31,0.31518,1,511253
33890521,0.32,0.319036,1,511253
33891981,0.31,0.311807,1,511255
33893441,0.32,0.318361,1,511255
33894901,0.29,0.295672,1,511311
33896361,0.3,0.299134,1,511311
33897821,0.29,0.291827,1,511338
33899281,0.3,0.298365,1,511338
33900741,0.29,0.291673,1,511340
33902201,0.3,0.298335,1,511340
33903661,0.31,0.307667,1,511368
33905121,0.32,0.317533,1,511368
33906581,0.31,0.311507,1,511406
33908041,0.32,0.318301,1,511406
33909501,0.33,0.32766,1,511439
33910961,0.34,0.337532,1,511439
33912421,0.33,0.331506,1,511457
33913881,0.34,0.338301,1,511457
33915341,0.37,0.36366,1,511486
33916801,0.38,0.376732,1,511486
33918261,0.37,0.371346,1,511542
33919721,0.38,0.378269,1,511542
33921181,0.39,0.387654,1,511576
33922641,0.4,0.397531,1,511576
33924101,0.37,0.375506,1,511609
33925561,0.38,0.379101,1,511609
33927021,0.39,0.38782,1,511650
33928481,0.4,0.397564,1,511650
33929941,0.39,0.391513,1,511690
33931401,0.4,0.398303,1,511690
33932861,0.39,0.391661,1,511692
33934321,0.4,0.398332,1,511692
33935781,0.47,0.455666,1,511747
33937241,0.48,0.475133,1,511747
33938701,0.45,0.455027,1,511774
33940161,0.46,0.459005,1,511774
33941621,0.45,0.451801,1,511776
33943081,0.46,0.45836,1,511776
33944541,0.47,0.467672,1,511805
33946001,0.48,0.477534,1,511805
33947461,0.48,0.479507,1,511805
33948921,0.49,0.487901,1,511843
33950381,0.5,0.49758,1,511843
33951841,0.53,0.523516,1,511877
33953301,0.54,0.536703,1,511877
33954761,0.53,0.531341,1,511895
33956221,0.54,0.538268,1,511895
33957681,0.57,0.563654,1,511926
33959141,0.58,0.576731,1,511926
33960601,0.61,0.603346,1,511982
33962061,0.62,0.616669,1,511982
33963521,0.61,0.611334,1,512017
33964981,0.62,0.618267,1,512017
33966441,0.63,0.627653,1,512049
33967901,0.64,0.637531,1,512049
33969361,0.59,0.599506,1,512091
33970821,0.6,0.599901,1,512091
33972281,0.63,0.62398,1,512131
33973741,0.64,0.636796,1,512131
33975201,0.63,0.631359,1,512133
33976661,0.64,0.638272,1,512133
33978121,0.61,0.615654,1,512192
33979581,0.62,0.619131,1,512192
33981041,0.61,0.611826,1,512218
33982501,0.62,0.618365,1,512218
33983961,0.61,0.611673,1,512220
33985421,0.62,0.618335,1,512220
33986881,0.63,0.627667,1,512250
33988341,0.64,0.637533,1,512250
33989801,0.63,0.631507,1,512288
33991261,0.64,0.638301,1,512288
33992721,0.63,0.63166,1,512324
33994181,0.64,0.638332,1,512324
33995641,0.63,0.631666,1,512342
33997101,0.64,0.638333,1,512342
33998561,0.61,0.615667,1,512375
34000021,0.62,0.619133,1,512375
34001481,0.65,0.643827,1,512433
34002941,0.66,0.656765,1,512433
34004401,0.65,0.651353,1,512468
34005861,0.66,0.658271,1,512468
34007321,0.67,0.667654,1,512501
34008781,0.68,0.677531,1,512501
34010241,0.67,0.671506,1,512541
34011701,0.68,0.678301,1,512541
34013161,0.75,0.73566,1,512583
34014621,0.76,0.755132,2,512583
34016081,0.75,0.751026,2,512585
34017541,0.76,0.758205,2,512585
34019001,0.75,0.751641,2,512643
34020461,0.76,0.758328,2,512643
34021921,0.79,0.783666,2,512669
34023381,0.8,0.796733,2,512669
34024841,0.79,0.791347,2,512671
34026301,0.8,0.798269,2,512671
34027761,0.77,0.775654,2,512702
34029221,0.78,0.779131,2,512702
34030681,0.79,0.787826,2,512740
34032141,0.8,0.797565,2,512740
34033601,0.81,0.807513,2,512776
34035061,0.82,0.817503,2,512776
34036521,0.82,0.8195,2,512776
34037981,0.83,0.8279,2,512794
34039441,0.84,0.83758,2,512794
34040901,0.85,0.847516,2,512826
34042361,0.86,0.857503,2,512826
34043821,0.93,0.915501,2,512886
34045281,0.94,0.9351,2,512886
34046741,0.91,0.91502,2,512921
34048201,0.92,0.919004,2,512921
34049661,0.91,0.911801,2,512955
34051121,0.92,0.91836,2,512955
34052581,0.95,0.943672,2,512995
34217561,0.85,0.85,2,514748
34219021,0.86,0.858,2,514748
34220481,0.86,0.8596,2,514748
34221941,0.79,0.80392,2,514780
34223401,0.8,0.800784,2,514780
34224861,0.67,0.696157,1,514820
34226321,0.68,0.683231,1,514820
34227781,0.45,0.496646,1,514855
34229241,0.46,0.467329,1,514855
34230701,0.37,0.389466,1,514896
34232161,0.38,0.381893,1,514896
34233621,0.31,0.324379,1,514930
34235081,0.32,0.320876,1,514930
34236541,0.23,0.248175,1,514963
34238001,0.24,0.241635,1,514963
34239461,0.11,0.136327,1,515005
34240921,0.12,0.123265,1,515005
34242381,0.03,0.0486531,1,515039
34243841,0.04,0.0417306,1,515039
34245301,0.01,0.0163461,1,515068
34246761,0.02,0.0192692,1,515068
34248221,0.03,0.0278538,1,515095
34249681,0.04,0.0375708,1,515095
34251141,0.07,0.0635142,1,515121
34252601,0.08,0.0767028,1,515121
34254061,0.07,0.0713406,1,515153
34255521,0.08,0.0782681,1,515153
34256981,0.05,0.0556536,1,515173
34258441,0.06,0.0591307,1,515173
34259901,0.03,0.0358261,1,515190
34261361,0.04,0.0391652,1,515190
34262821,0.05,0.047833,1,515212
34264281,0.06,0.0575666,1,515212
34265741,0.05,0.0515133,1,515214
34267201,0.06,0.0583027,1,515214
34268661,0.11,0.0996605,1,515241
34270121,0.12,0.115932,1,515241
34271581,0.11,0.111186,1,515275
34273041,0.12,0.118237,1,515275
34274501,0.11,0.111647,1,515299
34275961,0.12,0.118329,1,515299
34277421,0.13,0.127666,1,515336
34278881,0.14,0.137533,1,515336
34280341,0.11,0.115507,1,515367
34281801,0.12,0.119101,1,515367
34283261,0.17,0.15982,1,515396
34284721,0.18,0.175964,1,515396
34286181,0.13,0.139193,1,515432
34287641,0.14,0.139839,1,515432
34289101,0.19,0.179968,1,515462
34290561,0.2,0.195994,1,515462
34292021,0.09,0.111199,1,515490
34293481,0.1,0.10224,1,515490
34294941,0.13,0.124448,1,515518
34296401,0.14,0.13689,1,515518
34297861,0.07,0.0833779,1,515546
34299321,0.08,0.0806756,1,515546
34300781,0.03,0.0401351,1,515578
34302241,0.04,0.040027,1,515578
34303701,0.07,0.0640054,1,515597
34305161,0.08,0.0768011,1,515597
34306621,0.09,0.0873602,1,515613
34308081,0.1,0.097472,1,515613
34309541,0.09,0.0914944,1,515636
34311001,0.1,0.0982989,1,515636
34312461,0.09,0.0916598,1,515638
34313921,0.1,0.098332,1,515638
34315381,0.05,0.0596664,1,515668
34316841,0.06,0.0599333,1,515668
34318301,0.06,0.0599867,1,515668
34319761,0.07,0.0679973,1,515702
34321221,0.08,0.0775995,1,515702
34322681,0.09,0.0875199,1,515726
34324141,0.1,0.097504,1,515726
34325601,0.17,0.155501,1,515764
34327061,0.18,0.1751,1,515764
34328521,0.17,0.17102,1,515794
34329981,0.18,0.178204,1,515794
34331441,0.17,0.171641,1,515826
34332901,0.18,0.178328,1,515826
34334361,0.19,0.187666,1,515860
34335821,0.2,0.197533,1,515860
34337281,0.19,0.191507,1,515893
34338741,0.2,0.198301,1,515893
34340201,0.23,0.22366,1,515916
34341661,0.24,0.236732,1,515916
34343121,0.23,0.231346,1,515946
34344581,0.24,0.238269,1,515946
34346041,0.21,0.215654,1,515971
34347501,0.22,0.219131,1,515971
34348961,0.19,0.195826,1,516001
34350421,0.2,0.199165,1,516001
34351881,0.19,0.191833,1,516022
34353341,0.2,0.198367,1,516022
34354801,0.17,0.175673,1,516039
34356261,0.18,0.179135,1,516039
34357721,0.21,0.203827,1,516062
34359181,0.22,0.216765,1,516062
34360641,0.21,0.211353,1,516064
34362101,0.22,0.218271,1,516064
34363561,0.21,0.211654,1,516092
34365021,0.22,0.218331,1,516092
34366481,0.21,0.211666,1,516126
34367941,0.22,0.218333,1,516126
34369401,0.21,0.211667,1,516151
34370861,0.22,0.218333,1,516151
34372321,0.17,0.179667,1,516193
34373781,0.18,0.179933,1,516193
34375241,0.19,0.187987,1,516223
34376701,0.2,0.197597,1,516223
34378161,0.21,0.207519,1,516255
34379621,0.22,0.217504,1,516255
34381081,0.23,0.227501,1,516290
34382541,0.24,0.2375,1,516290
34384001,0.21,0.2155,1,516323
34385461,0.22,0.2191,1,516323
34386921,0.23,0.22782,1,516348
34388381,0.24,0.237564,1,516348
34389841,0.27,0.263513,1,516378
34391301,0.28,0.276703,1,516378
34392761,0.27,0.271341,1,516402
34394221,0.28,0.278268,1,516402
34395681,0.29,0.287654,1,516431
34397141,0.3,0.297531,1,516431
34398601,0.33,0.323506,1,516452
34400061,0.34,0.336701,1,516452
34401521,0.35,0.34734,1,516468
34402981,0.36,0.357468,1,516468
34404441,0.37,0.367494,1,516493
34405901,0.38,0.377499,1,516493
34407361,0.37,0.3715,1,516495
34408821,0.38,0.3783,1,516495
34410281,0.39,0.38766,1,516523
34411741,0.4,0.397532,1,516523
34413201,0.39,0.391506,1,516557
34414661,0.4,0.398301,1,516557
34416121,0.39,0.39166,1,516582
34417581,0.4,0.398332,1,516582
34419041,0.4,0.399666,1,516582
34420501,0.43,0.423933,1,516622
34421961,0.44,0.436787,1,516622
34423421,0.45,0.447357,1,516653
34424881,0.46,0.457471,1,516653
34426341,0.49,0.483494,1,516686
34427801,0.5,0.496699,1,516686
34429261,0.49,0.49134,1,516722
34430721,0.5,0.498268,1,516722
34432181,0.51,0.507654,1,516754
34433641,0.52,0.517531,1,516754
34435101,0.51,0.511506,1,516780
34436561,0.52,0.518301,1,516780
34438021,0.51,0.51166,1,516812
34439481,0.52,0.518332,1,516812
34440941,0.51,0.511666,1,516836
34442401,0.52,0.518333,1,516836
34443861,0.53,0.527667,1,516866
34445321,0.54,0.537533,1,516866
34446781,0.55,0.547507,1,516889
34448241,0.56,0.557501,1,516889
34449701,0.57,0.5675,1,516906
34451161,0.58,0.5775,1,516906
34452621,0.61,0.6035,1,516932
34454081,0.62,0.6167,1,516932
34455541,0.61,0.61134,1,516934
34457001,0.62,0.618268,1,516934
34458461,0.65,0.643654,1,516963
34459921,0.66,0.656731,1,516963
34461381,0.67,0.667346,1,516997
34462841,0.68,0.677469,1,516997
34464301,0.65,0.655494,1,517022
34465761,0.66,0.659099,1,517022
34467221,0.65,0.65182,1,517024
34468681,0.66,0.658364,1,517024
34470141,0.67,0.667673,1,517065
34471601,0.68,0.677535,1,517065
34473061,0.73,0.719507,1,517097
34474521,0.74,0.735901,1,517097
34475981,0.75,0.74718,1,517132
34477441,0.76,0.757436,2,517132
34478901,0.77,0.767487,2,517168
34480361,0.78,0.777497,2,517168
34481821,0.77,0.7715,2,517201
34483281,0.78,0.7783,2,517201
34484741,0.77,0.77166,2,517227
34486201,0.78,0.778332,2,517227
34487661,0.77,0.771666,2,517259
34489121,0.78,0.778333,2,517259
34490581,0.77,0.771667,2,517283
34492041,0.78,0.778333,2,517283
34493501,0.77,0.771667,2,517314
34494961,0.78,0.778333,2,517314
34496421,0.77,0.771667,2,517338
34497881,0.78,0.778333,2,517338
34499341,0.81,0.803667,2,517356
34500801,0.82,0.816733,2,517356
34502261,0.77,0.779347,2,517384
34503721,0.78,0.779869,2,517384
34505181,0.77,0.771974,2,517386
34506641,0.78,0.778395,2,517386
34508101,0.79,0.787679,2,517417
34509561,0.8,0.797536,2,517417
34511021,0.79,0.791507,2,517452
34512481,0.8,0.798301,2,517452
34513941,0.81,0.80766,2,517476
34515401,0.82,0.817532,2,517476
34516861,0.81,0.811506,2,517478
34518321,0.82,0.818301,2,517478
34519781,0.83,0.82766,2,517520
34521241,0.84,0.837532,2,517520
34522701,0.84,0.839506,2,517520
34524161,0.89,0.879901,2,517555
34525621,0.9,0.89598,2,517555
34527081,0.91,0.907196,2,517591
34528541,0.92,0.917439,2,517591
34532921,0.95,0.95,2,517661
34550441,0.95,0.95,2,517818
34553361,0.95,0.95,2,517844
34556281,0.95,0.95,2,517846
34573801,0.94,0.94,2,518020
34575261,0.95,0.948,2,518020
34576721,0.95,0.9496,2,518057
34676001,0.9,0.9,2,519515
34724181,0.94,0.94,2,519590
34725641,0.87,0.884,2,519623
34727101,0.71,0.7448,1,519658
34728561,0.53,0.57296,1,519703
34730021,0.45,0.474592,1,519729
34731481,0.29,0.326918,1,519748
34732941,0.35,0.345384,1,519773
34734401,0.13,0.173077,1,519822
34735861,0.09,0.106615,1,519838
34737321,0.09,0.0933231,1,519852
34738781,0.01,0.0266646,1,519860
34740241,0.05,0.0453329,1,519868
34741701,0.05,0.0490666,1,519881
34743161,0.03,0.0338133,1,519916
34744621,0.07,0.0627627,1,519955
34746081,0.03,0.0365525,1,519991
34747541,0.05,0.0473105,1,520058
34749001,0.06,0.0574621,1,520058
34750461,0.03,0.0354924,1,520114
34751921,0.04,0.0390985,1,520114
34753381,0.05,0.0478197,1,520172
34754841,0.06,0.0575639,1,520172
34756301,0.03,0.0355128,1,520211
34757761,0.04,0.0391026,1,520211
34759221,0.13,0.111821,1,520263
34760681,0.14,0.134364,1,520263
34762141,0.09,0.0988728,1,520281
34763601,0.1,0.0997746,1,520281
34765061,0.07,0.0759549,1,520304
34766521,0.08,0.079191,1,520304
34767981,0.09,0.0878382,1,520379
34769441,0.1,0.0975676,1,520379
34770901,0.05,0.0595135,1,520481
34772361,0.06,0.0599027,1,520481
34773821,0.09,0.0839805,1,520536
34775281,0.1,0.0967961,1,520536
34776741,0.19,0.171359,1,520595
34778201,0.2,0.194272,1,520595
34779661,0.17,0.174854,1,520633
34781121,0.18,0.178971,1,520633
34782581,0.15,0.155794,1,520690
34784041,0.16,0.159159,1,520690
34785501,0.15,0.151832,1,520706
34786961,0.16,0.158366,1,520706
34788421,0.17,0.167673,1,520728
34789881,0.18,0.177535,1,520728
34791341,0.11,0.123507,1,520804
34792801,0.12,0.120701,1,520804
34794261,0.03,0.0481403,1,520904
34795721,0.04,0.0416281,1,520904
34797181,0.04,0.0403256,1,520904
34798641,0.05,0.0480651,1,520961
34800101,0.06,0.057613,1,520961
34801561,0.15,0.131523,1,521025
34803021,0.16,0.154305,1,521025
34804481,0.13,0.134861,1,521062
34805941,0.14,0.138972,1,521062
34807401,0.15,0.147794,1,521118
34808861,0.16,0.157559,1,521118
34810321,0.15,0.151512,1,521134
34811781,0.16,0.158302,1,521134
34813241,0.17,0.16766,1,521157
34814701,0.18,0.177532,1,521157
34816161,0.17,0.171506,1,521230
34817621,0.18,0.178301,1,521230
34819081,0.21,0.20366,1,521326
34820541,0.22,0.216732,1,521326
34822001,0.21,0.211346,1,521328
34823461,0.22,0.218269,1,521328
34824921,0.15,0.163654,1,521385
34826381,0.16,0.160731,1,521385
34827841,0.25,0.232146,1,521454
34829301,0.26,0.254429,1,521454
34830761,0.25,0.250886,1,521490
34832221,0.26,0.258177,1,521490
34833681,0.31,0.299635,1,521547
34835141,0.32,0.315927,1,521547
34836601,0.31,0.311185,1,521563
34838061,0.32,0.318237,1,521563
34839521,0.33,0.327647,1,521587
34840981,0.34,0.337529,1,521587
34842441,0.31,0.315506,1,521660
34843901,0.32,0.319101,1,521660
34845361,0.37,0.35982,1,521758
34846821,0.38,0.375964,1,521758
34848281,0.37,0.371193,1,521760
34849741,0.38,0.378239,1,521760
34851201,0.37,0.371648,1,521814
34852661,0.38,0.37833,1,521814
34854121,0.38,0.379666,1,521814
34855581,0.39,0.387933,1,521888
34857041,0.4,0.397587,1,521888
34858501,0.41,0.407517,1,521924
34859961,0.42,0.417503,1,521924
34861421,0.49,0.475501,1,521984
34862881,0.5,0.4951,1,521984
34864341,0.49,0.49102,1,522000
34865801,0.5,0.498204,1,522000
34867261,0.47,0.475641,1,522025
34868721,0.48,0.479128,1,522025
34870181,0.49,0.487826,1,522097
34871641,0.5,0.497565,1,522097
34873101,0.53,0.523513,1,522198
34874561,0.54,0.536703,1,522198
34876021,0.53,0.531341,1,522200
34877481,0.54,0.538268,1,522200
34878941,0.57,0.563654,1,522254
34880401,0.58,0.576731,1,522254
34881861,0.61,0.603346,1,522328
34883321,0.62,0.616669,1,522328
34884781,0.65,0.643334,1,522365
34886241,0.66,0.656667,1,522365
34887701,0.67,0.667333,1,522429
34889161,0.68,0.677467,1,522429
34890621,0.69,0.687493,1,522445
34892081,0.7,0.697499,1,522445
34893541,0.69,0.6915,1,522469
34895001,0.7,0.6983,1,522469
34896461,0.71,0.70766,1,522542
34897921,0.72,0.717532,1,522542
34899381,0.75,0.743506,1,522645
34900841,0.76,0.756701,2,522645
34902301,0.75,0.75134,2,522647
34903761,0.76,0.758268,2,522647
34905221,0.77,0.767654,2,522703
34906681,0.78,0.777531,2,522703
34908141,0.83,0.819506,2,522779
34909601,0.84,0.835901,2,522779
34911061,0.84,0.83918,2,522779
34912521,0.85,0.847836,2,522818
34913981,0.86,0.857567,2,522818
34915441,0.93,0.915513,2,522883
34916901,0.94,0.935103,2,522883
34918361,0.91,0.915021,2,522900
34919821,0.92,0.919004,2,522900
34921281,0.91,0.911801,2,522924
34922741,0.92,0.91836,2,522924
34924201,0.93,0.927672,2,522998
34925661,0.94,0.937534,2,522998
34927121,0.93,0.931507,2,523103
34928581,0.94,0.938301,2,523103
34930041,0.93,0.93166,2,523105
34931501,0.94,0.938332,2,523105
34932961,0.95,0.947666,2,523162
34935881,0.93,0.93,2,523241
34937341,0.94,0.938,2,523241
34938801,0.93,0.9316,2,523243
34940261,0.94,0.93832,2,523243
34944641,0.95,0.95,2,523351
35055601,0.93,0.93,2,525108
35057061,0.94,0.938,2,525108
35058521,0.71,0.7556,2,525178
35059981,0.72,0.72712,1,525178
35061441,0.57,0.601424,1,525211
35062901,0.58,0.584285,1,525211
35064361,0.49,0.508857,1,525245
35065821,0.5,0.501771,1,525245
35067281,0.45,0.460354,1,525277
35068741,0.46,0.460071,1,525277
35070201,0.45,0.452014,1,525286
35071661,0.46,0.458403,1,525286
35073121,0.43,0.435681,1,525317
35074581,0.44,0.439136,1,525317
35076041,0.47,0.463827,1,525352
35077501,0.48,0.476765,1,525352
35078961,0.31,0.343353,1,525454
35080421,0.32,0.324671,1,525454
35081881,0.17,0.200934,1,525519
35083341,0.18,0.184187,1,525519
35084801,0.19,0.188837,1,525547
35086261,0.2,0.197767,1,525547
35087721,0.19,0.191553,1,525576
35089181,0.2,0.198311,1,525576
35090641,0.13,0.143662,1,525635
35092101,0.14,0.140732,1,525635
35093561,0.15,0.148146,1,525661
35095021,0.16,0.157629,1,525661
35096481,0.19,0.183526,1,525691
35097941,0.2,0.196705,1,525691
35099401,0.19,0.191341,1,525721
35100861,0.2,0.198268,1,525721
35102321,0.21,0.207654,1,525730
35103781,0.22,0.217531,1,525730
35105241,0.22,0.219506,1,525730
35106701,0.25,0.243901,1,525760
35108161,0.26,0.25678,1,525760
35109621,0.21,0.219356,1,525797
35111081,0.22,0.219871,1,525797
35112541,0.33,0.307974,1,525891
35114001,0.34,0.333595,1,525891
35115461,0.31,0.314719,1,525949
35116921,0.32,0.318944,1,525949
35118381,0.37,0.359789,1,525978
35119841,0.38,0.375958,1,525978
35121301,0.31,0.323192,1,526007
35122761,0.32,0.320638,1,526007
35124221,0.33,0.328128,1,526063
35125681,0.34,0.337626,1,526063
35127141,0.39,0.379525,1,526090
35128601,0.4,0.395905,1,526090
35130061,0.45,0.439181,1,526122
35131521,0.46,0.455836,1,526122
35132981,0.47,0.467167,1,526152
35134441,0.48,0.477433,1,526152
35135901,0.49,0.487487,1,526162
35137361,0.5,0.497497,1,526162
35138821,0.47,0.475499,1,526193
35140281,0.48,0.4791,1,526193
35141741,0.47,0.47182,1,526228
35143201,0.48,0.478364,1,526228
35144661,0.51,0.503673,1,526328
35146121,0.52,0.516735,1,526328
35147581,0.51,0.511347,1,526385
35149041,0.52,0.518269,1,526385
35150501,0.53,0.527654,1,526417
35151961,0.54,0.537531,1,526417
35153421,0.53,0.531506,1,526443
35154881,0.54,0.538301,1,526443
35156341,0.57,0.56366,1,526500
35157801,0.58,0.576732,1,526500
35159261,0.53,0.539346,1,526530
35160721,0.54,0.539869,1,526530
35162181,0.55,0.547974,1,526565
35163641,0.56,0.557595,1,526565
35165101,0.55,0.551519,1,526596
35166561,0.56,0.558304,1,526596
35168021,0.53,0.535661,1,526607
35169481,0.54,0.539132,1,526607
35170941,0.53,0.531826,1,526637
35172401,0.54,0.538365,1,526637
35173861,0.51,0.515673,1,526672
35175321,0.52,0.519135,1,526672
35176781,0.52,0.519827,1,526672
35178241,0.61,0.591965,1,526774
35179701,0.62,0.614393,1,526774
35181161,0.65,0.642879,1,526831
35182621,0.66,0.656576,1,526831
35184081,0.63,0.635315,1,526864
35185541,0.64,0.639063,1,526864
35187001,0.65,0.647813,1,526890
35188461,0.66,0.657563,1,526890
35189921,0.67,0.667513,1,526949
35191381,0.68,0.677503,1,526949
35192841,0.67,0.671501,1,526977
35194301,0.68,0.6783,1,526977
35195761,0.69,0.68766,1,527013
35197221,0.7,0.697532,1,527013
35198681,0.69,0.691506,1,527044
35200141,0.7,0.698301,1,527044
35201601,0.71,0.70766,1,527054
35203061,0.72,0.717532,1,527054
35204521,0.71,0.711506,1,527084
35205981,0.72,0.718301,1,527084
35207441,0.71,0.71166,1,527118
35208901,0.72,0.718332,1,527118
35210361,0.71,0.711666,1,527120
35211821,0.72,0.718333,1,527120
35213281,0.85,0.823667,2,527226
35214741,0.86,0.852733,2,527226
35216201,0.83,0.834547,2,527285
35217661,0.84,0.838909,2,527285
35219121,0.85,0.847782,2,527317
35220581,0.86,0.857556,2,527317
35222041,0.89,0.883511,2,527344
35223501,0.9,0.896702,2,527344
35224961,0.89,0.89134,2,527404
35226421,0.9,0.898268,2,527404
35227881,0.89,0.891654,2,527432
35229341,0.9,0.898331,2,527432
35230801,0.89,0.891666,2,527469
35232261,0.9,0.898333,2,527469
35233721,0.93,0.923667,2,527500
35235181,0.94,0.936733,2,527500
35236641,0.95,0.947347,2,527511
35239561,0.95,0.95,2,527541
35376801,0.93,0.93,2,529375
35378261,0.94,0.938,2,529375
35379721,0.85,0.8676,2,529400
35381181,0.86,0.86152,2,529400
35382641,0.91,0.900304,2,529433
35384101,0.92,0.916061,2,529433
35385561,0.82,0.839212,2,529469
35387021,0.83,0.831842,2,529469
35388481,0.77,0.782368,2,529495
35389941,0.78,0.780474,2,529495
35391401,0.71,0.724095,1,529512
35392861,0.72,0.720819,1,529512
35394321,0.65,0.664164,1,529571
35395781,0.66,0.660833,1,529571
35397241,0.27,0.348167,1,529660
35398701,0.28,0.293633,1,529660
35400161,0.21,0.226727,1,529694
35401621,0.22,0.221345,1,529694
35403081,0.21,0.212269,1,529727
35404541,0.22,0.218454,1,529727
35406001,0.22,0.219691,1,529727
35407461,0.17,0.179938,1,529743
35408921,0.18,0.179988,1,529743
35410381,0.05,0.0759975,1,529794
35411841,0.06,0.0631995,1,529794
35413301,0.03,0.0366399,1,529826
35414761,0.04,0.039328,1,529826
35416221,0.07,0.0638656,1,529855
35417681,0.08,0.0767731,1,529855
35419141,0.09,0.0873546,1,529874
35420601,0.1,0.0974709,1,529874
35422061,0.09,0.0914942,1,529900
35423521,0.1,0.0982988,1,529900
35424981,0.11,0.10766,1,529932
35426441,0.12,0.117532,1,529932
35427901,0.09,0.0955064,1,529955
35429361,0.1,0.0991013,1,529955
35430821,0.13,0.12382,1,529969
35432281,0.14,0.136764,1,529969
35433741,0.15,0.147353,1,530025
35435201,0.16,0.157471,1,530025
35436661,0.15,0.151494,1,530095
35438121,0.16,0.158299,1,530095
35439581,0.19,0.18366,1,530126
35441041,0.2,0.196732,1,530126
35442501,0.21,0.207346,1,530159
35443961,0.22,0.217469,1,530159
35445421,0.23,0.227494,1,530172
35446881,0.24,0.237499,1,530172
35448341,0.13,0.1515,1,530217
35449801,0.14,0.1423,1,530217
35451261,0.15,0.14846,1,530248
35452721,0.16,0.157692,1,530248
35454181,0.19,0.183538,1,530279
35455641,0.2,0.196708,1,530279
35457101,0.21,0.207342,1,530299
35458561,0.22,0.217468,1,530299
35460021,0.25,0.243494,1,530325
35461481,0.26,0.256699,1,530325
35462941,0.23,0.23534,1,530358
35464401,0.24,0.239068,1,530358
35465861,0.23,0.231814,1,530380
35467321,0.24,0.238363,1,530380
35468781,0.23,0.231673,1,530396
35470241,0.24,0.238335,1,530396
35471701,0.25,0.247667,1,530453
35473161,0.26,0.257533,1,530453
35474621,0.27,0.267507,1,530523
35476081,0.28,0.277501,1,530523
35477541,0.25,0.2555,1,530556
35479001,0.26,0.2591,1,530556
35480461,0.21,0.21982,1,530590
35481921,0.22,0.219964,1,530590
35483381,0.21,0.211993,1,530604
35484841,0.22,0.218399,1,530604
35486301,0.23,0.22768,1,530644
35487761,0.24,0.237536,1,530644
35489221,0.24,0.239507,1,530644
35490681,0.25,0.247901,1,530676
35492141,0.26,0.25758,1,530676
35493601,0.29,0.283516,1,530709
35495061,0.3,0.296703,1,530709
35496521,0.31,0.307341,1,530730
35497981,0.32,0.317468,1,530730
35499441,0.31,0.311494,1,530758
35500901,0.32,0.318299,1,530758
35502361,0.35,0.34366,1,530790
35503821,0.36,0.356732,1,530790
35505281,0.37,0.367346,1,530812
35506741,0.38,0.377469,1,530812
35508201,0.37,0.371494,1,530828
35509661,0.38,0.378299,1,530828
35511121,0.39,0.38766,1,530886
35512581,0.4,0.397532,1,530886
35514041,0.37,0.375506,1,530957
35515501,0.38,0.379101,1,530957
35516961,0.37,0.37182,1,530989
35518421,0.38,0.378364,1,530989
35519881,0.39,0.387673,1,531021
35521341,0.4,0.397535,1,531021
35522801,0.39,0.391507,1,531035
35524261,0.4,0.398301,1,531035
35525721,0.45,0.43966,1,531076
35527181,0.46,0.455932,1,531076
35528641,0.45,0.451186,1,531078
35530101,0.46,0.458237,1,531078
35531561,0.49,0.483647,1,531110
35533021,0.5,0.496729,1,531110
35534481,0.53,0.523346,1,531145
35535941,0.54,0.536669,1,531145
35537401,0.53,0.531334,1,531167
35538861,0.54,0.538267,1,531167
35540321,0.55,0.547653,1,531195
35541781,0.56,0.557531,1,531195
35543241,0.57,0.567506,1,531229
35544701,0.58,0.577501,1,531229
35546161,0.59,0.5875,1,531252
35547621,0.6,0.5975,1,531252
35549081,0.63,0.6235,1,531268
35550541,0.64,0.6367,1,531268
35552001,0.61,0.61534,1,531327
35553461,0.62,0.619068,1,531327
35554921,0.65,0.643814,1,531397
35556381,0.66,0.656763,1,531397
35557841,0.67,0.667353,1,531429
35559301,0.68,0.677471,1,531429
35560761,0.69,0.687494,1,531462
35562221,0.7,0.697499,1,531462
35563681,0.69,0.6915,1,531476
35565141,0.7,0.6983,1,531476
35566601,0.69,0.69166,1,531520
35568061,0.7,0.698332,1,531520
35569521,0.69,0.691666,1,531522
35570981,0.7,0.698333,1,531522
35572441,0.7,0.699667,1,531522
35573901,0.75,0.739933,1,531556
35575361,0.76,0.755987,2,531556
35576821,0.77,0.767197,2,531593
35578281,0.78,0.777439,2,531593
35579741,0.81,0.803488,2,531615
35581201,0.82,0.816698,2,531615
35582661,0.79,0.79534,2,531644
35584121,0.8,0.799068,2,531644
35585581,0.79,0.791814,2,531679
35587041,0.8,0.798363,2,531679
35588501,0.81,0.807673,2,531703
35589961,0.82,0.817534,2,531703
35591421,0.81,0.811507,2,531721
35592881,0.82,0.818301,2,531721
35594341,0.83,0.82766,2,531779
35595801,0.84,0.837532,2,531779
35597261,0.85,0.847506,2,531851
35598721,0.86,0.857501,2,531851
35600181,0.87,0.8675,2,531884
35601641,0.88,0.8775,2,531884
35603101,0.89,0.8875,2,531918
35604561,0.9,0.8975,2,531918
35606021,0.89,0.8915,2,531932
35607481,0.9,0.8983,2,531932
35608941,0.89,0.89166,2,531976
35610401,0.9,0.898332,2,531976
35611861,0.89,0.891666,2,531978
35613321,0.9,0.898333,2,531978
35614781,0.93,0.923667,2,532014
35616241,0.94,0.936733,2,532014
35617701,0.95,0.947347,2,532052
35620621,0.93,0.93,2,532076
35622081,0.94,0.938,2,532076
35623541,0.95,0.9476,2,532104
35626461,0.93,0.93,2,532139
35627921,0.94,0.938,2,532139
35629381,0.95,0.9476,2,532164
35772461,0.85,0.85,2,533794
35773921,0.86,0.858,2,533794
35781221,0.78,0.78,2,533888
35782681,0.79,0.788,2,533888
35784141,0.81,0.8056,2,533919
35785601,0.82,0.81712,2,533919
35787061,0.85,0.843424,2,533947
35788521,0.86,0.856685,2,533947
35789981,0.75,0.771337,2,533967
35791441,0.76,0.762267,2,533967
35792901,0.61,0.640453,1,533989
35794361,0.62,0.624091,1,533989
35795821,0.51,0.532818,1,534023
35797281,0.52,0.522564,1,534023
35798741,0.39,0.416513,1,534052
35800201,0.4,0.403303,1,534052
35801661,0.33,0.34466,1,534081
35803121,0.34,0.340932,1,534081
35804581,0.17,0.204186,1,534115
35806041,0.18,0.184837,1,534115
35807501,0.23,0.220967,1,534132
35808961,0.11,0.132193,1,534145
35762241,0.03,0.0504387,1,534153
35810421,0.03,0.0340877,1,534271
35811881,0.03,0.0308175,1,534298
35813341,0.03,0.0301635,1,534323
35814801,0.05,0.0460327,1,534350
35816261,0.01,0.0172065,1,534381
35817721,0.03,0.0274413,1,534411
35819181,0.03,0.0294883,1,534440
35820641,0.03,0.0298977,1,534469
35822101,0.05,0.0459795,1,534492
35823561,0.05,0.0491959,1,534544
35825021,0.05,0.0498392,1,534545
35826481,0.03,0.0339678,1,534564
35827941,0.03,0.0307936,1,534571
35829401,0.01,0.0141587,1,534575
35830861,0.03,0.0268317,1,534720
35832321,0.04,0.0373663,1,534720
35833781,0.01,0.0154733,1,534773
35835241,0.02,0.0190947,1,534773
35836701,0.11,0.0918189,1,534833
35838161,0.12,0.114364,1,534833
35839621,0.07,0.0788728,1,534891
35841081,0.08,0.0797746,1,534891
35842541,0.07,0.0719549,1,534967
35844001,0.08,0.078391,1,534967
35845461,0.05,0.0556782,1,534986
35846921,0.06,0.0591356,1,534986
35848381,0.05,0.0518271,1,534996
35849841,0.06,0.0583654,1,534996
35851301,0.06,0.0596731,1,534996
35852761,0.09,0.0839346,1,535143
35854221,0.1,0.0967869,1,535143
35855681,0.01,0.0273574,1,535195
35857141,0.02,0.0214715,1,535195
35858601,0.01,0.0122943,1,535260
35860061,0.02,0.0184589,1,535260
35861521,0.03,0.0276918,1,535316
35862981,0.04,0.0375384,1,535316
35864441,0.05,0.0475077,1,535392
35865901,0.06,0.0575015,1,535392
35867361,0.05,0.0515003,1,535410
35868821,0.06,0.0583001,1,535410
35870281,0.05,0.05166,1,535420
35871741,0.06,0.058332,1,535420
35873201,0.07,0.0676664,1,535568
35874661,0.08,0.0775333,1,535568
35876121,0.03,0.0395067,1,535616
35877581,0.04,0.0399013,1,535616
35879041,0.05,0.0479803,1,535681
35880501,0.06,0.0575961,1,535681
35881961,0.05,0.0515192,1,535738
35883421,0.06,0.0583038,1,535738
35884881,0.03,0.0356608,1,535815
35886341,0.04,0.0391322,1,535815
35887801,0.03,0.0318264,1,535833
35889261,0.04,0.0383653,1,535833
35890721,0.03,0.0316731,1,535843
35892181,0.04,0.0383346,1,535843
35893641,0.05,0.0476669,1,535992
35895101,0.06,0.0575334,1,535992
35896561,0.06,0.0595067,1,535992
35898021,0.11,0.0999013,1,536038
35899481,0.12,0.11598,1,536038
35900941,0.05,0.0631961,1,536104
35902401,0.06,0.0606392,1,536104
35903861,0.09,0.0841278,1,536161
35905321,0.1,0.0968256,1,536161
35906781,0.07,0.0753651,1,536237
35908241,0.08,0.079073,1,536237
35909701,0.09,0.0878146,1,536255
35911161,0.1,0.0975629,1,536255
35912621,0.09,0.0915126,1,536265
35914081,0.1,0.0983025,1,536265
35915541,0.05,0.0596605,1,536415
35917001,0.06,0.0599321,1,536415
35918461,0.05,0.0519864,1,536417
35919921,0.06,0.0583973,1,536417
35921381,0.09,0.0836795,1,536465
35922841,0.1,0.0967359,1,536465
35924301,0.11,0.107347,1,536528
35925761,0.12,0.117469,1,536528
35927221,0.11,0.111494,1,536587
35928681,0.12,0.118299,1,536587
35930141,0.09,0.0956598,1,536662
35931601,0.1,0.099132,1,536662
35933061,0.11,0.107826,1,536681
35934521,0.12,0.117565,1,536681
35935981,0.11,0.111513,1,536691
35937441,0.12,0.118303,1,536691
35938901,0.15,0.143661,1,536839
35940361,0.16,0.156732,1,536839
35941821,0.15,0.151346,1,536841
35943281,0.16,0.158269,1,536841
35944741,0.25,0.231654,1,536891
35946201,0.26,0.254331,1,536891
35947661,0.26,0.258866,1,536891
35949121,0.33,0.315773,1,536955
35950581,0.34,0.335155,1,536955
35952041,0.33,0.331031,1,537014
35953501,0.34,0.338206,1,537014
35954961,0.37,0.363641,1,537088
35956421,0.38,0.376728,1,537088
35957881,0.39,0.387346,1,537108
35959341,0.4,0.397469,1,537108
35960801,0.39,0.391494,1,537118
35962261,0.4,0.398299,1,537118
35963721,0.41,0.40766,1,537268
35965181,0.42,0.417532,1,537268
35966641,0.41,0.411506,1,537270
35968101,0.42,0.418301,1,537270
35969561,0.47,0.45966,1,537325
35971021,0.48,0.475932,1,537325
35972481,0.47,0.471186,1,537392
35973941,0.48,0.478237,1,537392
35975401,0.45,0.455647,1,537451
35976861,0.46,0.459129,1,537451
35978321,0.49,0.483826,1,537527
35979781,0.5,0.496765,1,537527
35981241,0.47,0.475353,1,537548
35982701,0.48,0.479071,1,537548
35984161,0.47,0.471814,1,537558
35985621,0.48,0.478363,1,537558
35987081,0.57,0.551673,1,537709
35988541,0.58,0.574335,1,537709
35990001,0.57,0.570867,1,537711
35991461,0.58,0.578173,1,537711
35992921,0.55,0.555635,1,537769
35994381,0.56,0.559127,1,537769
35995841,0.61,0.599825,1,537836
35997301,0.62,0.615965,1,537836
35998761,0.61,0.611193,1,537894
36000221,0.62,0.618239,1,537894
36001681,0.62,0.619648,1,537894
36003141,0.67,0.65993,1,537972
36004601,0.68,0.675986,1,537972
36006061,0.69,0.687197,1,537992
36007521,0.7,0.697439,1,537992
36008981,0.71,0.707488,1,538002
36010441,0.72,0.717498,1,538002
36011901,0.75,0.7435,1,538158
36013361,0.76,0.7567,2,538158
36014821,0.75,0.75134,2,538160
36016281,0.76,0.758268,2,538160
36017741,0.79,0.783654,2,538217
36019201,0.8,0.796731,2,538217
36020661,0.77,0.775346,2,538287
36022121,0.78,0.779069,2,538287
36023581,0.81,0.803814,2,538345
36025041,0.82,0.816763,2,538345
36026501,0.81,0.811353,2,538347
36027961,0.82,0.81827,2,538347
36029421,0.81,0.811654,2,538427
36030881,0.82,0.818331,2,538427
36032341,0.83,0.827666,2,538448
36033801,0.84,0.837533,2,538448
36035261,0.81,0.815507,2,538459
36036721,0.82,0.819101,2,538459
36038181,0.89,0.87582,2,538617
36039641,0.9,0.895164,2,538617
36041101,0.89,0.891033,2,538619
36042561,0.9,0.898207,2,538619
36044021,0.89,0.891641,2,538678
36045481,0.9,0.898328,2,538678
36152061,0.9,0.9,2,540536
36153521,0.91,0.908,2,540536
36154981,0.91,0.9096,2,540575
36156441,0.92,0.91792,2,540575
36157901,0.77,0.799584,2,540666
36159361,0.78,0.783917,2,540666
36160821,0.81,0.804783,2,540702
36162281,0.82,0.816957,2,540702
36163741,0.71,0.731391,1,540734
36165201,0.72,0.722278,1,540734
36166661,0.53,0.568456,1,540810
36168121,0.54,0.545691,1,540810
36169581,0.49,0.501138,1,540840
36171041,0.5,0.500228,1,540840
36172501,0.39,0.412046,1,540865
36173961,0.4,0.402409,1,540865
36175421,0.4,0.400482,1,540865
36176881,0.49,0.472096,1,540892
36178341,0.5,0.494419,1,540892
36179801,0.43,0.442884,1,540979
36181261,0.44,0.440577,1,540979
36182721,0.45,0.448115,1,541007
36184181,0.46,0.457623,1,541007
36185641,0.45,0.451525,1,541042
36187101,0.46,0.458305,1,541042
36188561,0.47,0.467661,1,541126
36190021,0.48,0.477532,1,541126
36191481,0.51,0.503506,1,541164
36192941,0.52,0.516701,1,541164
36194401,0.53,0.52734,1,541191
36195861,0.54,0.537468,1,541191
36197321,0.51,0.515494,1,541258
36198781,0.52,0.519099,1,541258
36200241,0.55,0.54382,1,541286
36201701,0.56,0.556764,1,541286
36203161,0.55,0.551353,1,541306
36204621,0.56,0.558271,1,541306
36206081,0.55,0.551654,1,541337
36207541,0.56,0.558331,1,541337
36209001,0.57,0.567666,1,541421
36210461,0.58,0.577533,1,541421
36211921,0.55,0.555507,1,541450
36213381,0.56,0.559101,1,541450
36214841,0.53,0.53582,1,541485
36216301,0.54,0.539164,1,541485
36217761,0.55,0.547833,1,541570
36219221,0.56,0.557567,1,541570
36220681,0.57,0.567513,1,541610
36222141,0.58,0.577503,1,541610
36223601,0.59,0.587501,1,541638
36225061,0.6,0.5975,1,541638
36226521,0.65,0.6395,1,541704
36227981,0.66,0.6559,1,541704
36229441,0.65,0.65118,1,541734
36230901,0.66,0.658236,1,541734
36232361,0.65,0.651647,1,541754
36233821,0.66,0.658329,1,541754
36235281,0.67,0.667666,1,541785
36236741,0.68,0.677533,1,541785
36238201,0.73,0.719507,1,541870
36239661,0.74,0.735901,1,541870
36241121,0.74,0.73918,1,541870
36242581,0.75,0.747836,1,541898
36244041,0.76,0.757567,2,541898
36245501,0.77,0.767513,2,541932
36246961,0.78,0.777503,2,541932
36248421,0.81,0.803501,2,542018
36249881,0.82,0.8167,2,542018
36251341,0.85,0.84334,2,542059
36252801,0.86,0.856668,2,542059
36254261,0.85,0.851334,2,542088
36255721,0.86,0.858267,2,542088
36257181,0.85,0.851653,2,542157
36258641,0.86,0.858331,2,542157
36260101,0.85,0.851666,2,542187
36261561,0.86,0.858333,2,542187
36263021,0.87,0.867667,2,542207
36264481,0.88,0.877533,2,542207
36265941,0.87,0.871507,2,542239
36267401,0.88,0.878301,2,542239
36268861,0.91,0.90366,2,542327
36270321,0.92,0.916732,2,542327
36271781,0.91,0.911346,2,542329
36273241,0.92,0.918269,2,542329
36274701,0.91,0.911654,2,542357
36276161,0.92,0.918331,2,542357
36277621,0.95,0.943666,2,542392
36280541,0.95,0.95,2,542480
36417781,0.9,0.9,2,544425
36419241,0.91,0.908,2,544425
36420701,0.9,0.9016,2,544457
36422161,0.91,0.90832,2,544457
36423621,0.79,0.813664,2,544536
36425081,0.8,0.802733,2,544536
36426541,0.69,0.712547,1,544572
36428001,0.7,0.702509,1,544572
36429461,0.63,0.644502,1,544605
36430921,0.64,0.6409,1,544605
36432381,0.57,0.58418,1,544633
36433841,0.58,0.580836,1,544633
36435301,0.61,0.604167,1,544690
36436761,0.62,0.616833,1,544690
36438221,0.41,0.451367,1,544735
36439681,0.42,0.426273,1,544735
36441141,0.37,0.381255,1,544785
36442601,0.38,0.380251,1,544785
36444061,0.39,0.38805,1,544820
36445521,0.4,0.39761,1,544820
36446981,0.45,0.439522,1,544850
36448441,0.46,0.455904,1,544850
36449901,0.43,0.435181,1,544868
36451361,0.44,0.439036,1,544868
36452821,0.44,0.439807,1,544868
36454281,0.49,0.479961,1,544897
36455741,0.5,0.495992,1,544897
36457201,0.49,0.491198,1,544925
36458661,0.5,0.49824,1,544925
36460121,0.49,0.491648,1,544997
36461581,0.5,0.49833,1,544997
36463041,0.47,0.475666,1,545028
36464501,0.48,0.479133,1,545028
36465961,0.47,0.471827,1,545058
36467421,0.48,0.478365,1,545058
36468881,0.43,0.439673,1,545083
36470341,0.44,0.439935,1,545083
36471801,0.35,0.367987,1,545142
36473261,0.36,0.361597,1,545142
36474721,0.37,0.368319,1,545177
36476181,0.38,0.377664,1,545177
36477641,0.37,0.371533,1,545225
36479101,0.38,0.378307,1,545225
36480561,0.33,0.339661,1,545261
36482021,0.34,0.339932,1,545261
36483481,0.27,0.283986,1,545294
36484941,0.28,0.280797,1,545294
36486401,0.21,0.224159,1,545311
36487861,0.22,0.220832,1,545311
36489321,0.23,0.228166,1,545342
36490781,0.24,0.237633,1,545342
36492241,0.21,0.215527,1,545370
36493701,0.22,0.219105,1,545370
36495161,0.07,0.0998211,1,545442
36496621,0.08,0.0839642,1,545442
36498081,0.09,0.0887928,1,545472
36499541,0.1,0.0977586,1,545472
36501001,0.03,0.0435517,1,545502
36502461,0.04,0.0407103,1,545502
36503921,0.05,0.0481421,1,545525
36505381,0.06,0.0576284,1,545525
36506841,0.03,0.0355257,1,545580
36508301,0.04,0.0391051,1,545580
36509761,0.03,0.031821,1,545616
36511221,0.04,0.0383642,1,545616
36512681,0.05,0.0476728,1,545664
36514141,0.06,0.0575346,1,545664
36515601,0.07,0.0675069,1,545698
36517061,0.08,0.0775014,1,545698
36518521,0.07,0.0715003,1,545728
36519981,0.08,0.0783001,1,545728
36521441,0.07,0.07166,1,545742
36522901,0.08,0.078332,1,545742
36524361,0.11,0.103666,1,545774
36525821,0.12,0.116733,1,545774
36527281,0.15,0.143347,1,545801
36528741,0.16,0.156669,1,545801
36530201,0.16,0.159334,1,545801
36531661,0.21,0.199867,1,545866
36533121,0.22,0.215973,1,545866
36534581,0.25,0.243195,1,545897
36536041,0.26,0.256639,1,545897
36537501,0.25,0.251328,1,545924
36538961,0.26,0.258266,1,545924
36540421,0.25,0.251653,1,545948
36541881,0.26,0.258331,1,545948
36543341,0.29,0.283666,1,546002
36544801,0.3,0.296733,1,546002
36546261,0.31,0.307347,1,546038
36547721,0.32,0.317469,1,546038
36549181,0.33,0.327494,1,546087
36550641,0.34,0.337499,1,546087
36552101,0.39,0.3795,1,546122
36553561,0.4,0.3959,1,546122
36555021,0.43,0.42318,1,546152
36556481,0.44,0.436636,1,546152
36557941,0.43,0.431327,1,546166
36559401,0.44,0.438265,1,546166
36560861,0.47,0.463653,1,546200
36562321,0.48,0.476731,1,546200
36563781,0.45,0.455346,1,546229
36565241,0.46,0.459069,1,546229
36566701,0.45,0.451814,1,546231
36568161,0.46,0.458363,1,546231
36569621,0.45,0.451673,1,546298
36571081,0.46,0.458334,1,546298
36572541,0.51,0.499667,1,546331
36574001,0.52,0.515933,1,546331
36575461,0.53,0.527187,1,546358
36576921,0.54,0.537437,1,546358
36578381,0.53,0.531487,1,546382
36579841,0.54,0.538297,1,546382
36581301,0.55,0.547659,1,546438
36582761,0.56,0.557532,1,546438
36584221,0.57,0.567506,1,546475
36585681,0.58,0.577501,1,546475
36587141,0.59,0.5875,1,546525
36588601,0.6,0.5975,1,546525
36590061,0.61,0.6075,1,546563
36591521,0.62,0.6175,1,546563
36592981,0.63,0.6275,1,546595
36594441,0.64,0.6375,1,546595
36595901,0.63,0.6315,1,546609
36597361,0.64,0.6383,1,546609
36598821,0.65,0.64766,1,546645
36600281,0.66,0.657532,1,546645
36601741,0.69,0.683506,1,546673
36603201,0.7,0.696701,1,546673
36604661,0.69,0.69134,1,546675
36606121,0.7,0.698268,1,546675
36607581,0.7,0.699654,1,546675
36609041,0.69,0.691931,1,546742
36610501,0.7,0.698386,1,546742
36611961,0.67,0.675677,1,546778
36613421,0.68,0.679135,1,546778
36614881,0.69,0.687827,1,546806
36616341,0.7,0.697565,1,546806
36617801,0.71,0.707513,1,546830
36619261,0.72,0.717503,1,546830
36620721,0.73,0.727501,1,546887
36622181,0.74,0.7375,1,546887
36623641,0.75,0.7475,1,546925
36625101,0.76,0.7575,2,546925
36626561,0.75,0.7515,2,546976
36628021,0.76,0.7583,2,546976
36629481,0.77,0.76766,2,547015
36630941,0.78,0.777532,2,547015
36632401,0.79,0.787506,2,547048
36633861,0.8,0.797501,2,547048
36635321,0.79,0.7915,2,547062
36636781,0.8,0.7983,2,547062
36638241,0.81,0.80766,2,547099
36639701,0.82,0.817532,2,547099
36641161,0.77,0.779506,2,547129
36642621,0.78,0.779901,2,547129
36644081,0.77,0.77198,2,547131
36645541,0.78,0.778396,2,547131
36647001,0.77,0.771679,2,547197
36648461,0.78,0.778336,2,547197
36649921,0.89,0.867667,2,547232
36651381,0.9,0.893533,2,547232
36652841,0.87,0.874707,2,547261
36654301,0.88,0.878941,2,547261
36655761,0.85,0.855788,2,547286
36657221,0.86,0.859158,2,547286
36658681,0.89,0.883832,2,547344
36660141,0.9,0.896766,2,547344
36661601,0.93,0.923353,2,547383
36663061,0.94,0.936671,2,547383
36664521,0.91,0.915334,2,547434
36665981,0.92,0.919067,2,547434
36667441,0.91,0.911813,2,547474
36668901,0.92,0.918363,2,547474
36670361,0.93,0.927673,2,547508
36671821,0.94,0.937535,2,547508
36673281,0.93,0.931507,2,547522
36674741,0.94,0.938301,2,547522
36676201,0.93,0.93166,2,547560
36677661,0.94,0.938332,2,547560
36679121,0.95,0.947666,2,547588
36682041,0.95,0.95,2,547590
36804681,0.92,0.92,2,549079
36806141,0.93,0.928,2,549079
36828041,0.82,0.82,2,549346
36829501,0.83,0.828,2,549346
36830961,0.71,0.7336,1,549386
36832421,0.72,0.72272,1,549386
36833881,0.53,0.568544,1,549445
36835341,0.54,0.545709,1,549445
36836801,0.47,0.485142,1,549475
36838261,0.48,0.481028,1,549475
36839721,0.39,0.408206,1,549510
36841181,0.4,0.401641,1,549510
36842641,0.21,0.248328,1,549539
36844101,0.22,0.225666,1,549539
36845561,0.09,0.117133,1,549566
36847021,0.1,0.103427,1,549566
36848481,0.09,0.0926853,1,549576
36849941,0.1,0.0985371,1,549576
36851401,0.03,0.0437074,1,549610
36852861,0.04,0.0407415,1,549610
36854321,0.05,0.0481483,1,549640
36855781,0.06,0.0576297,1,549640
36857241,0,0.0115259,1,549678
36858701,0,0.00230519,1,549678
36860161,0,0.000461037,1,549705
36861621,0,9.22074e-05,1,549705
36863081,0.09,0.0720184,1,549729
36864541,0.1,0.0944037,1,549729
36866001,0.1,0.0988807,1,549729
36867461,0.01,0.0277761,1,549768
36868921,0.02,0.0215552,1,549768
36870381,0.01,0.012311,1,549808
36871841,0.02,0.0184622,1,549808
36873301,0.07,0.0596924,1,549842
36874761,0.08,0.0759385,1,549842
36876221,0.07,0.0711877,1,549892
36877681,0.08,0.0782375,1,549892
36879141,0.07,0.0716475,1,549919
36880601,0.08,0.0783295,1,549919
36882061,0.07,0.0716659,1,549950
36883521,0.08,0.0783332,1,549950
36884981,0.11,0.103667,1,549970
36886441,0.12,0.116733,1,549970
36887901,0.07,0.0793467,1,549991
36889361,0.08,0.0798693,1,549991
36890821,0.09,0.0879739,1,550001
36892281,0.1,0.0975948,1,550001
36893741,0.07,0.075519,1,550032
36895201,0.08,0.0791038,1,550032
36896661,0.05,0.0558208,1,550063
36898121,0.06,0.0591642,1,550063
36899581,0.05,0.0518328,1,550099
36901041,0.06,0.0583666,1,550099
36902501,0.01,0.0196733,1,550126
36903961,0.02,0.0199347,1,550126
36905421,0.03,0.0279869,1,550154
36906881,0.04,0.0375974,1,550154
36908341,0.03,0.0315195,1,550156
36909801,0.04,0.0383039,1,550156
36911261,0.07,0.0636608,1,550190
36912721,0.08,0.0767322,1,550190
36914181,0.01,0.0233464,1,550230
36915641,0.02,0.0206693,1,550230
36917101,0.11,0.0921339,1,550267
36918561,0.12,0.114427,1,550267
36920021,0.07,0.0788854,1,550317
36921481,0.08,0.0797771,1,550317
36922941,0.09,0.0879554,1,550344
36924401,0.1,0.0975911,1,550344
36925861,0.09,0.0915182,1,550375
36927321,0.1,0.0983036,1,550375
36928781,0.09,0.0916607,1,550397
36930241,0.1,0.0983321,1,550397
36931701,0.07,0.0756664,1,550416
36933161,0.08,0.0791333,1,550416
36934621,0.09,0.0878267,1,550427
36936081,0.1,0.0975653,1,550427
36937541,0.13,0.123513,1,550457
36939001,0.14,0.136703,1,550457
36940461,0.09,0.0993405,1,550487
36941921,0.1,0.0998681,1,550487
36943381,0.03,0.0439736,1,550523
36944841,0.04,0.0407947,1,550523
36946301,0.01,0.0161589,1,550548
36947761,0.02,0.0192318,1,550548
36949221,0.01,0.0118464,1,550577
36950681,0.02,0.0183693,1,550577
36952141,0.01,0.0116739,1,550579
36953601,0.02,0.0183348,1,550579
36955061,0.05,0.043667,1,550615
36956521,0.06,0.0567334,1,550615
36957981,0.06,0.0593467,1,550615
36959441,0.05,0.0518693,1,550652
36960901,0.06,0.0583739,1,550652
36962361,0.01,0.0196748,1,550694
36963821,0.02,0.019935,1,550694
36965281,0.01,0.011987,1,550742
36966741,0.02,0.0183974,1,550742
36968201,0.01,0.0116795,1,550770
36969661,0.02,0.0183359,1,550770
36971121,0.01,0.0116672,1,550801
36972581,0.02,0.0183334,1,550801
36974041,0.01,0.0116667,1,550823
36975501,0.02,0.0183333,1,550823
36976961,0.01,0.0116667,1,550841
36978421,0.02,0.0183333,1,550841
36979881,0.01,0.0116667,1,550853
36981341,0.02,0.0183333,1,550853
36982801,0.07,0.0596667,1,550885
36984261,0.08,0.0759333,1,550885
36985721,0.09,0.0871867,1,550913
36987181,0.1,0.0974373,1,550913
36988641,0.07,0.0754875,1,550946
36990101,0.08,0.0790975,1,550946
36991561,0.05,0.0558195,1,550970
36993021,0.06,0.0591639,1,550970
36994481,0.01,0.0198328,1,550999
36995941,0.02,0.0199666,1,550999
36997401,0.01,0.0119933,1,551001
36998861,0.02,0.0183987,1,551001
37000321,0.01,0.0116797,1,551039
37001781,0.02,0.0183359,1,551039
37003241,0.03,0.0276672,1,551075
37004701,0.04,0.0375334,1,551075
37006161,0.07,0.0635067,1,551115
37007621,0.08,0.0767013,1,551115
37009081,0.09,0.0873403,1,551163
37010541,0.1,0.0974681,1,551163
37012001,0.11,0.107494,1,551191
37013461,0.12,0.117499,1,551191
37014921,0.11,0.1115,1,551222
37016381,0.12,0.1183,1,551222
37017841,0.11,0.11166,1,551244
37019301,0.12,0.118332,1,551244
37020761,0.11,0.111666,1,551262
37022221,0.12,0.118333,1,551262
37023681,0.11,0.111667,1,551274
37025141,0.12,0.118333,1,551274
37026601,0.09,0.0956667,1,551309
37028061,0.1,0.0991333,1,551309
37029521,0.13,0.123827,1,551338
37030981,0.14,0.136765,1,551338
37032441,0.17,0.163353,1,551370
37033901,0.18,0.176671,1,551370
37035361,0.19,0.187334,1,551393
37036821,0.2,0.197467,1,551393
37038281,0.17,0.175493,1,551420
37039741,0.18,0.179099,1,551420
37041201,0.17,0.17182,1,551422
37042661,0.18,0.178364,1,551422
37044121,0.19,0.187673,1,551460
37045581,0.2,0.197535,1,551460
37047041,0.17,0.175507,1,551497
37048501,0.18,0.179101,1,551497
37049961,0.18,0.17982,1,551497
37051421,0.19,0.187964,1,551539
37052881,0.2,0.197593,1,551539
37054341,0.25,0.239519,1,551588
37055801,0.26,0.255904,1,551588
37057261,0.27,0.267181,1,551617
37058721,0.28,0.277436,1,551617
37060181,0.29,0.287487,1,551648
37061641,0.3,0.297497,1,551648
37063101,0.29,0.291499,1,551670
37064561,0.3,0.2983,1,551670
37066021,0.29,0.29166,1,551688
37067481,0.3,0.298332,1,551688
37068941,0.29,0.291666,1,551700
37070401,0.3,0.298333,1,551700
37071861,0.29,0.291667,1,551734
37073321,0.3,0.298333,1,551734
37074781,0.31,0.307667,1,551765
37076241,0.32,0.317533,1,551765
37077701,0.35,0.343507,1,551799
37079161,0.36,0.356701,1,551799
37080621,0.35,0.35134,1,551823
37082081,0.36,0.358268,1,551823
37083541,0.37,0.367654,1,551849
37085001,0.38,0.377531,1,551849
37086461,0.37,0.371506,1,551851
37087921,0.38,0.378301,1,551851
37089381,0.37,0.37166,1,551890
37090841,0.38,0.378332,1,551890
37092301,0.39,0.387666,1,551926
37093761,0.4,0.397533,1,551926
37095221,0.39,0.391507,1,551928
37096681,0.4,0.398301,1,551928
37098141,0.39,0.39166,1,551970
37099601,0.4,0.398332,1,551970
37101061,0.39,0.391666,1,552022
37102521,0.4,0.398333,1,552022
37103981,0.41,0.407667,1,552052
37105441,0.42,0.417533,1,552052
37106901,0.45,0.443507,1,552084
37108361,0.46,0.456701,1,552084
37109821,0.49,0.48334,1,552106
37111281,0.5,0.496668,1,552106
37112741,0.49,0.491334,1,552124
37114201,0.5,0.498267,1,552124
37115661,0.49,0.491653,1,552136
37117121,0.5,0.498331,1,552136
37118581,0.49,0.491666,1,552170
37120041,0.5,0.498333,1,552170
37121501,0.49,0.491667,1,552202
37122961,0.5,0.498333,1,552202
37124421,0.57,0.555667,1,552238
37125881,0.58,0.575133,1,552238
37127341,0.57,0.571027,1,552262
37128801,0.58,0.578205,1,552262
37130261,0.57,0.571641,1,552289
37131721,0.58,0.578328,1,552289
37133181,0.57,0.571666,1,552291
37134641,0.58,0.578333,1,552291
37136101,0.59,0.587667,1,552330
37137561,0.6,0.597533,1,552330
37139021,0.59,0.591507,1,552367
37140481,0.6,0.598301,1,552367
37141941,0.59,0.59166,1,552369
37143401,0.6,0.598332,1,552369
37144861,0.61,0.607666,1,552411
37146321,0.62,0.617533,1,552411
37147781,0.62,0.619507,1,552411
37149241,0.67,0.659901,1,552463
37150701,0.68,0.67598,1,552463
37152161,0.67,0.671196,1,552494
37153621,0.68,0.678239,1,552494
37155081,0.65,0.655648,1,552528
37156541,0.66,0.65913,1,552528
37158001,0.69,0.683826,1,552552
37159461,0.7,0.696765,1,552552
37160921,0.69,0.691353,1,552570
37162381,0.7,0.698271,1,552570
37163841,0.69,0.691654,1,552582
37165301,0.7,0.698331,1,552582
37166761,0.69,0.691666,1,552616
37168221,0.7,0.698333,1,552616
37169681,0.69,0.691667,1,552648
37171141,0.7,0.698333,1,552648
37172601,0.69,0.691667,1,552688
37174061,0.7,0.698333,1,552688
37175521,0.69,0.691667,1,552712
37176981,0.7,0.698333,1,552712
37178441,0.71,0.707667,1,552739
37179901,0.72,0.717533,1,552739
37181361,0.71,0.711507,1,552741
37182821,0.72,0.718301,1,552741
37184281,0.71,0.71166,1,552781
37185741,0.72,0.718332,1,552781
37187201,0.77,0.759666,2,552818
37188661,0.78,0.775933,2,552818
37190121,0.77,0.771187,2,552820
37191581,0.78,0.778237,2,552820
37193041,0.75,0.755647,2,552863
37194501,0.76,0.759129,2,552863
37195961,0.75,0.751826,2,552917
37197421,0.76,0.758365,2,552917
37198881,0.73,0.735673,1,552948
37200341,0.74,0.739135,1,552948
37201801,0.77,0.763827,2,552981
37203261,0.78,0.776765,2,552981
37204721,0.81,0.803353,2,553007
37206181,0.82,0.816671,2,553007
37207641,0.81,0.811334,2,553025
37209101,0.82,0.818267,2,553025
37210561,0.81,0.811653,2,553037
37212021,0.82,0.818331,2,553037
37213481,0.87,0.859666,2,553071
37214941,0.88,0.875933,2,553071
37216401,0.89,0.887187,2,553103
37217861,0.9,0.897437,2,553103
37219321,0.85,0.859487,2,553143
37220781,0.86,0.859898,2,553143
37222241,0.85,0.851979,2,553167
37223701,0.86,0.858396,2,553167
37225161,0.87,0.867679,2,553195
37226621,0.88,0.877536,2,553195
37228081,0.87,0.871507,2,553197
37229541,0.88,0.878301,2,553197
37231001,0.87,0.87166,2,553237
37232461,0.88,0.878332,2,553237
37233921,0.89,0.887666,2,553277
37235381,0.9,0.897533,2,553277
37236841,0.89,0.891507,2,553279
37238301,0.9,0.898301,2,553279
37239761,0.95,0.93966,2,553321
37409121,0.89,0.89,2,554951
37410581,0.9,0.898,2,554951
37412041,0.95,0.9396,2,554987
37414961,0.86,0.86,2,555022
37416421,0.87,0.868,2,555022
37417881,0.9,0.8936,2,555047
37419341,0.91,0.90672,2,555047
37420801,0.87,0.877344,2,555075
37422261,0.88,0.879469,2,555075
37423721,0.79,0.807894,2,555110
37425181,0.8,0.801579,2,555110
37426641,0.69,0.712316,1,555143
37428101,0.7,0.702463,1,555143
37429561,0.61,0.628493,1,555176
37431021,0.62,0.621699,1,555176
37432481,0.49,0.51634,1,555200
37433941,0.5,0.503268,1,555200
37435401,0.37,0.396654,1,555237
37436861,0.38,0.383331,1,555237
37438321,0.27,0.292666,1,555267
37439781,0.28,0.282533,1,555267
37441241,0.23,0.240507,1,555293
37442701,0.24,0.240101,1,555293
37444161,0.21,0.21602,1,555323
37445621,0.22,0.219204,1,555323
37447081,0.21,0.211841,1,555353
37448541,0.22,0.218368,1,555353
37450001,0.15,0.163674,1,555380
37451461,0.16,0.160735,1,555380
37452921,0.21,0.200147,1,555403
37454381,0.22,0.216029,1,555403
37455841,0.23,0.227206,1,555409
37457301,0.24,0.237441,1,555409
37458761,0.24,0.239488,1,555409
37460221,0.25,0.247898,1,555421
37461681,0.26,0.25758,1,555421
37463141,0.19,0.203516,1,555455
37464601,0.2,0.200703,1,555455
37466061,0.21,0.208141,1,555487
37467521,0.22,0.217628,1,555487
37468981,0.13,0.147526,1,555513
37470441,0.14,0.141505,1,555513
37471901,0.11,0.116301,1,555539
37473361,0.12,0.11926,1,555539
37474821,0.15,0.143852,1,555570
37476281,0.16,0.15677,1,555570
37477741,0.15,0.151354,1,555598
37479201,0.16,0.158271,1,555598
37480661,0.13,0.135654,1,555627
37482121,0.14,0.139131,1,555627
37483581,0.15,0.147826,1,555645
37485041,0.16,0.157565,1,555645
37486501,0.17,0.167513,1,555676
37487961,0.18,0.177503,1,555676
37489421,0.15,0.155501,1,555701
37490881,0.16,0.1591,1,555701
37492341,0.19,0.18382,1,555725
37493801,0.2,0.196764,1,555725
37495261,0.19,0.191353,1,555754
37496721,0.2,0.198271,1,555754
37498181,0.23,0.223654,1,555784
37499641,0.24,0.236731,1,555784
37501101,0.19,0.199346,1,555808
37502561,0.2,0.199869,1,555808
37504021,0.27,0.255974,1,555834
37505481,0.28,0.275195,1,555834
37506941,0.29,0.287039,1,555841
37508401,0.3,0.297408,1,555841
37509861,0.29,0.291482,1,555843
37511321,0.3,0.298296,1,555843
37512781,0.29,0.291659,1,555855
37514241,0.3,0.298332,1,555855
37515701,0.23,0.243666,1,555886
37517161,0.24,0.240733,1,555886
37518621,0.29,0.280147,1,555919
37520081,0.3,0.296029,1,555919
37521541,0.25,0.259206,1,555941
37523001,0.26,0.259841,1,555941
37524461,0.29,0.283968,1,555966
37525921,0.3,0.296794,1,555966
37527381,0.27,0.275359,1,555999
37528841,0.28,0.279072,1,555999
37530301,0.37,0.351814,1,556027
37531761,0.38,0.374363,1,556027
37533221,0.39,0.386873,1,556055
37534681,0.4,0.397375,1,556055
37536141,0.43,0.423475,1,556074
37537601,0.44,0.436695,1,556074
37539061,0.43,0.431339,1,556106
37540521,0.44,0.438268,1,556106
37541981,0.43,0.431654,1,556130
37543441,0.44,0.438331,1,556130
37544901,0.47,0.463666,1,556156
37546361,0.48,0.476733,1,556156
37547821,0.45,0.455347,1,556185
37549281,0.46,0.459069,1,556185
37550741,0.47,0.467814,1,556217
37552201,0.48,0.477563,1,556217
37553661,0.47,0.471513,1,556239
37555121,0.48,0.478303,1,556239
37556581,0.45,0.45566,1,556269
37558041,0.46,0.459132,1,556269
37559501,0.45,0.451826,1,556277
37560961,0.46,0.458365,1,556277
37562421,0.45,0.451673,1,556279
37563881,0.46,0.458335,1,556279
37565341,0.47,0.467667,1,556291
37566801,0.48,0.477533,1,556291
37568261,0.48,0.479507,1,556291
37569721,0.49,0.487901,1,556319
37571181,0.5,0.49758,1,556319
37572641,0.51,0.507516,1,556355
37574101,0.52,0.517503,1,556355
37575561,0.51,0.511501,1,556375
37577021,0.52,0.5183,1,556375
37578481,0.49,0.49566,1,556402
37579941,0.5,0.499132,1,556402
37581401,0.53,0.523826,1,556434
37582861,0.54,0.536765,1,556434
37584321,0.55,0.547353,1,556467
37585781,0.56,0.557471,1,556467
37587241,0.53,0.535494,1,556496
37588701,0.54,0.539099,1,556496
37590161,0.51,0.51582,1,556517
37591621,0.52,0.519164,1,556517
37593081,0.51,0.511833,1,556549
37594541,0.52,0.518367,1,556549
37596001,0.51,0.511673,1,556573
37597461,0.52,0.518335,1,556573
37598921,0.51,0.511667,1,556601
37600381,0.52,0.518333,1,556601
37601841,0.55,0.543667,1,556629
37603301,0.56,0.556733,1,556629
37604761,0.53,0.535347,1,556662
37606221,0.54,0.539069,1,556662
37607681,0.53,0.531814,1,556684
37609141,0.54,0.538363,1,556684
37610601,0.55,0.547673,1,556713
37612061,0.56,0.557534,1,556713
37613521,0.57,0.567507,1,556721
37614981,0.58,0.577501,1,556721
37616441,0.57,0.5715,1,556723
37617901,0.58,0.5783,1,556723
37619361,0.55,0.55566,1,556736
37620821,0.56,0.559132,1,556736
37622281,0.57,0.567826,1,556764
37623741,0.58,0.577565,1,556764
37625201,0.61,0.603513,1,556801
37626661,0.62,0.616703,1,556801
37628121,0.61,0.611341,1,556821
37629581,0.62,0.618268,1,556821
37631041,0.63,0.627654,1,556847
37632501,0.64,0.637531,1,556847
37633961,0.65,0.647506,1,556881
37635421,0.66,0.657501,1,556881
37636881,0.69,0.6835,1,556915
37638341,0.7,0.6967,1,556915
37639801,0.73,0.72334,1,556943
37641261,0.74,0.736668,1,556943
37642721,0.77,0.763334,2,556963
37644181,0.78,0.776667,2,556963
37645641,0.79,0.787333,2,556995
37647101,0.8,0.797467,2,556995
37648561,0.79,0.791493,2,557019
37650021,0.8,0.798299,2,557019
37651481,0.79,0.79166,2,557047
37652941,0.8,0.798332,2,557047
37654401,0.75,0.759666,2,557077
37655861,0.76,0.759933,2,557077
37657321,0.75,0.751987,2,557109
37658781,0.76,0.758397,2,557109
37660241,0.75,0.751679,2,557131
37661701,0.76,0.758336,2,557131
37663161,0.75,0.751667,2,557161
37664621,0.76,0.758333,2,557161
37666081,0.73,0.735667,1,557170
37667541,0.74,0.739133,1,557170
37669001,0.73,0.731827,1,557172
37670461,0.74,0.738365,1,557172
37671921,0.75,0.747673,1,557184
37673381,0.76,0.757535,2,557184
37674841,0.79,0.783507,2,557213
37676301,0.8,0.796701,2,557213
37677761,0.83,0.82334,2,557252
37679221,0.84,0.836668,2,557252
37680681,0.84,0.839334,2,557252
37682141,0.85,0.847867,2,557272
37683601,0.86,0.857573,2,557272
37685061,0.87,0.867515,2,557299
37686521,0.88,0.877503,2,557299
37687981,0.87,0.871501,2,557334
37689441,0.88,0.8783,2,557334
37690901,0.87,0.87166,2,557370
37692361,0.88,0.878332,2,557370
37693821,0.89,0.887666,2,557400
37695281,0.9,0.897533,2,557400
37696741,0.93,0.923507,2,557422
37698201,0.94,0.936701,2,557422
37699661,0.95,0.94734,2,557455
37702581,0.95,0.95,2,557479
37871941,0.91,0.91,2,559121
37873401,0.83,0.846,2,559132
37874861,0.79,0.8012,2,559150
37876321,0.89,0.87224,2,559182
37877781,0.73,0.758448,2,559229
37879241,0.63,0.65569,1,559261
37852961,0.61,0.619138,1,559267
37880701,0.61,0.611828,1,559282
37882161,0.59,0.594366,1,559300
37883621,0.6,0.598873,1,559300
37885081,0.61,0.607775,1,559339
37886541,0.63,0.625555,1,559372
37888001,0.63,0.629111,1,559390
37889461,0.51,0.533822,1,559440
37890921,0.53,0.530764,1,559475
37892381,0.49,0.498153,1,559501
37893841,0.51,0.507631,1,559523
37895301,0.45,0.461526,1,559555
37896761,0.43,0.436305,1,559587
37898221,0.43,0.431261,1,559595
37899681,0.43,0.430252,1,559610
37901141,0.45,0.44605,1,559647
37902601,0.39,0.40121,1,559686
37904061,0.39,0.392242,1,559713
37905521,0.37,0.374448,1,559718
37906981,0.35,0.35489,1,559750
37908441,0.36,0.358978,1,559750
37909901,0.37,0.367796,1,559790
37911361,0.38,0.377559,1,559790
37912821,0.31,0.323512,1,559842
37914281,0.32,0.320702,1,559842
37915741,0.35,0.34414,1,559922
37917201,0.36,0.356828,1,559922
37918661,0.41,0.399366,1,559969
37920121,0.42,0.415873,1,559969
37921581,0.45,0.443175,1,560029
37923041,0.46,0.456635,1,560029
37924501,0.47,0.467327,1,560052
37925961,0.48,0.477465,1,560052
37927421,0.53,0.519493,1,560126
37928881,0.54,0.535899,1,560126
37930341,0.51,0.51518,1,560157
37931801,0.52,0.519036,1,560157
37933261,0.52,0.519807,1,560157
37934721,0.53,0.527961,1,560189
37936181,0.54,0.537592,1,560189
37937641,0.55,0.547518,1,560230
37939101,0.56,0.557504,1,560230
37940561,0.57,0.567501,1,560279
37942021,0.58,0.5775,1,560279
37943481,0.61,0.6035,1,560361
37944941,0.62,0.6167,1,560361
37946401,0.67,0.65934,1,560411
37947861,0.68,0.675868,1,560411
37949321,0.67,0.671174,1,560473
37950781,0.68,0.678235,1,560473
37952241,0.69,0.687647,1,560497
37953701,0.7,0.697529,1,560497
37955161,0.69,0.691506,1,560574
37956621,0.7,0.698301,1,560574
37958081,0.69,0.69166,1,560604
37959541,0.7,0.698332,1,560604
37961001,0.69,0.691666,1,560636
37962461,0.7,0.698333,1,560636
37963921,0.67,0.675667,1,560678
37965381,0.68,0.679133,1,560678
37966841,0.69,0.687827,1,560728
37968301,0.7,0.697565,1,560728
37969761,0.79,0.771513,2,560812
37971221,0.8,0.794303,2,560812
37972681,0.83,0.822861,2,560865
37974141,0.84,0.836572,2,560865
37975601,0.87,0.863314,2,560927
37977061,0.88,0.876663,2,560927
37978521,0.85,0.855333,2,560952
37979981,0.86,0.859067,2,560952
37981441,0.87,0.867813,2,561029
37982901,0.88,0.877563,2,561029
37984361,0.87,0.871513,2,561059
37985821,0.88,0.878303,2,561059
37987281,0.87,0.87166,2,561091
37988741,0.88,0.878332,2,561091
37990201,0.91,0.903666,2,561132
37991661,0.92,0.916733,2,561132
37993121,0.92,0.919347,2,561132
37994581,0.95,0.943869,2,561183
38000421,0.95,0.95,2,561327
38098241,0.95,0.95,2,562925
38101161,0.91,0.91,2,562952
38102621,0.92,0.918,2,562952
38104081,0.87,0.8796,2,562986
38105541,0.88,0.87992,2,562986
38107001,0.85,0.855984,2,563033
38108461,0.86,0.859197,2,563033
38109921,0.77,0.787839,2,563056
38111381,0.78,0.781568,2,563056
38112841,0.75,0.756314,2,563092
38114301,0.76,0.759263,2,563092
38115761,0.75,0.751853,2,563176
38117221,0.76,0.75837,2,563176
38118681,0.76,0.759674,2,563176
38120141,0.81,0.799935,2,563204
38121601,0.82,0.815987,2,563204
38123061,0.73,0.747197,1,563295
38124521,0.74,0.741439,1,563295
38125981,0.71,0.716288,1,563321
38127441,0.72,0.719258,1,563321
38128901,0.59,0.615852,1,563393
38130361,0.6,0.60317,1,563393
38131821,0.63,0.624634,1,563418
38133281,0.64,0.636927,1,563418
38134741,0.61,0.615385,1,563451
38136201,0.62,0.619077,1,563451
38137661,0.61,0.611815,1,563496
38139121,0.62,0.618363,1,563496
38140581,0.63,0.627673,1,563515
38142041,0.64,0.637535,1,563515
38143501,0.57,0.583507,1,563550
38144961,0.58,0.580701,1,563550
38146421,0.65,0.63614,1,563634
38147881,0.66,0.655228,1,563634
38149341,0.65,0.651046,1,563636
38150801,0.66,0.658209,1,563636
38152261,0.65,0.651642,1,563666
38153721,0.66,0.658328,1,563666
38155181,0.69,0.683666,1,563753
38156641,0.7,0.696733,1,563753
38158101,0.67,0.675347,1,563778
38159561,0.68,0.679069,1,563778
38161021,0.73,0.719814,1,563844
38162481,0.74,0.735963,1,563844
38163941,0.75,0.747193,1,563871
38165401,0.76,0.757438,2,563871
38166861,0.83,0.815488,2,563903
38168321,0.84,0.835098,2,563903
38169781,0.87,0.863019,2,563948
38171241,0.88,0.876604,2,563948
38172701,0.87,0.871321,2,563968
38174161,0.88,0.878264,2,563968
38175621,0.89,0.887653,2,564000
38177081,0.9,0.897531,2,564000
38178541,0.93,0.923506,2,564088
38180001,0.94,0.936701,2,564088
38181461,0.93,0.93134,2,564090
38182921,0.94,0.938268,2,564090
38184381,0.94,0.939654,2,564090
38185841,0.95,0.947931,2,564120
38188761,0.93,0.93,2,564209
38190221,0.94,0.938,2,564209
38191681,0.95,0.9476,2,564233
38343521,0.95,0.95,2,566376
38349361,0.9,0.9,2,566481
38350821,0.91,0.908,2,566481
38352281,0.9,0.9016,2,566520
38353741,0.91,0.90832,2,566520
38355201,0.85,0.861664,2,566556
38356661,0.86,0.860333,2,566556
38358121,0.71,0.740067,1,566600
38359581,0.72,0.724013,1,566600
38361041,0.51,0.552803,1,566648
38362501,0.52,0.526561,1,566648
38363961,0.43,0.449312,1,566677
38365421,0.44,0.441862,1,566677
38366881,0.35,0.368372,1,566707
38368341,0.36,0.361675,1,566707
38369801,0.23,0.256335,1,566734
38371261,0.24,0.243267,1,566734
38372721,0.15,0.168653,1,566767
38374181,0.16,0.161731,1,566767
38375641,0.13,0.136346,1,566805
38377101,0.14,0.139269,1,566805
38378561,0.03,0.0518538,1,566852
38380021,0.04,0.0423708,1,566852
38381481,0.01,0.0164742,1,566882
38382941,0.02,0.0192948,1,566882
38384401,0.03,0.027859,1,566948
38385861,0.04,0.0375718,1,566948
38387321,0.01,0.0155144,1,566986
38388781,0.02,0.0191029,1,566986
38390241,0.03,0.0278206,1,567019
38391701,0.04,0.0375641,1,567019
38393161,0.03,0.0315128,1,567056
38394621,0.04,0.0383026,1,567056
38396081,0.01,0.0156605,1,567094
38397541,0.02,0.0191321,1,567094
38399001,0.05,0.0438264,1,567119
38400461,0.06,0.0567653,1,567119
38401921,0.03,0.0353531,1,567145
38403381,0.04,0.0390706,1,567145
38404841,0.05,0.0478141,1,567166
38406301,0.06,0.0575628,1,567166
38407761,0.06,0.0595126,1,567166
38409221,0.13,0.115903,1,567195
38410681,0.14,0.135181,1,567195
38412141,0.11,0.115036,1,567232
38413601,0.12,0.119007,1,567232
38415061,0.03,0.0478014,1,567274
38416521,0.04,0.0415603,1,567274
38417981,0,0.00831206,1,567303
38419441,0,0.00166241,1,567303
38420901,0.03,0.0243325,1,567370
38422361,0.04,0.0368665,1,567370
38423821,0.05,0.0473733,1,567407
38425281,0.06,0.0574747,1,567407
38426741,0.01,0.0194949,1,567441
38428201,0.02,0.019899,1,567441
38429661,0.01,0.0119798,1,567478
38431121,0.02,0.018396,1,567478
38432581,0.05,0.0436792,1,567515
38434041,0.06,0.0567358,1,567515
38435501,0.07,0.0673472,1,567542
38436961,0.08,0.0774694,1,567542
38438421,0.13,0.119494,1,567567
38439881,0.14,0.135899,1,567567
38441341,0.11,0.11518,1,567589
38442801,0.12,0.119036,1,567589
38444261,0.11,0.111807,1,567591
38445721,0.12,0.118361,1,567591
38447181,0.11,0.111672,1,567623
38448641,0.12,0.118334,1,567623
38450101,0.13,0.127667,1,567659
38451561,0.14,0.137533,1,567659
38453021,0.13,0.131507,1,567697
38454481,0.14,0.138301,1,567697
38455941,0.13,0.13166,1,567725
38457401,0.14,0.138332,1,567725
38458861,0.01,0.0356664,1,567793
38460321,0.02,0.0231333,1,567793
38461781,0.07,0.0606267,1,567831
38463241,0.08,0.0761253,1,567831
38464701,0.03,0.0392251,1,567863
38466161,0.04,0.039845,1,567863
38467621,0.03,0.031969,1,567900
38469081,0.04,0.0383938,1,567900
38470541,0.03,0.0316788,1,567939
38472001,0.04,0.0383358,1,567939
38473461,0.05,0.0476671,1,567967
38474921,0.06,0.0575334,1,567967
38476381,0.03,0.0355067,1,567995
38477841,0.04,0.0391013,1,567995
38479301,0.05,0.0478203,1,568016
38480761,0.06,0.0575641,1,568016
38482221,0.05,0.0515128,1,568018
38483681,0.06,0.0583026,1,568018
38485141,0.06,0.0596605,1,568018
38486601,0.07,0.0679321,1,568050
38488061,0.08,0.0775864,1,568050
38489521,0.05,0.0555173,1,568087
38490981,0.06,0.0591035,1,568087
38492441,0.01,0.0198207,1,568125
38493901,0.02,0.0199641,1,568125
38495361,0.05,0.0439928,1,568153
38496821,0.06,0.0567986,1,568153
38498281,0,0.0113597,1,568215
38499741,0,0.00227194,1,568215
38501201,0,0.000454388,1,568256
38502661,0,9.08777e-05,1,568256
38504121,0.01,0.00801818,1,568286
38505581,0.02,0.0176036,1,568286
38507041,0.05,0.0435207,1,568323
38508501,0.06,0.0567041,1,568323
38509961,0.05,0.0513408,1,568362
38511421,0.06,0.0582682,1,568362
38512881,0.07,0.0676536,1,568391
38514341,0.08,0.0775307,1,568391
38515801,0.05,0.0555061,1,568418
38517261,0.06,0.0591012,1,568418
38518721,0.05,0.0518202,1,568440
38520181,0.06,0.0583641,1,568440
38521641,0.05,0.0516728,1,568442
38523101,0.06,0.0583346,1,568442
38524561,0.11,0.0996669,1,568474
38526021,0.12,0.115933,1,568474
38527481,0.15,0.143187,1,568510
38528941,0.16,0.156637,1,568510
38530401,0.15,0.151327,1,568546
38531861,0.16,0.158265,1,568546
38533321,0.15,0.151653,1,568576
38534781,0.16,0.158331,1,568576
38536241,0.13,0.135666,1,568636
38537701,0.14,0.139133,1,568636
38539161,0.07,0.0838266,1,568677
38540621,0.08,0.0807653,1,568677
38542081,0.09,0.0881531,1,568707
38543541,0.1,0.0976306,1,568707
38545001,0.13,0.123526,1,568746
38546461,0.14,0.136705,1,568746
38547921,0.11,0.115341,1,568785
38549381,0.12,0.119068,1,568785
38550841,0.11,0.111814,1,568815
38552301,0.12,0.118363,1,568815
38553761,0.11,0.111673,1,568841
38555221,0.12,0.118335,1,568841
38556681,0.13,0.127667,1,568863
38558141,0.14,0.137533,1,568863
38559601,0.13,0.131507,1,568865
38561061,0.14,0.138301,1,568865
38562521,0.19,0.17966,1,568900
38563981,0.2,0.195932,1,568900
38565441,0.15,0.159186,1,568938
38566901,0.16,0.159837,1,568938
38568361,0.16,0.159967,1,568938
38569821,0.17,0.167993,1,568974
38571281,0.18,0.177599,1,568974
38572741,0.21,0.20352,1,569004
38574201,0.22,0.216704,1,569004
38575661,0.21,0.211341,1,569063
38577121,0.22,0.218268,1,569063
38578581,0.23,0.227654,1,569101
38580041,0.24,0.237531,1,569101
38581501,0.25,0.247506,1,569132
38582961,0.26,0.257501,1,569132
38584421,0.27,0.2675,1,569173
38585881,0.28,0.2775,1,569173
38587341,0.29,0.2875,1,569211
38588801,0.3,0.2975,1,569211
38590261,0.29,0.2915,1,569241
38591721,0.3,0.2983,1,569241
38593181,0.29,0.29166,1,569267
38594641,0.3,0.298332,1,569267
38596101,0.27,0.275666,1,569290
38597561,0.28,0.279133,1,569290
38599021,0.27,0.271827,1,569292
38600481,0.28,0.278365,1,569292
38601941,0.36,0.343673,1,569330
38603401,0.37,0.364735,1,569330
38604861,0.41,0.400947,1,569366
38606321,0.42,0.416189,1,569366
38607781,0.41,0.411238,1,569368
38609241,0.42,0.418248,1,569368
38610701,0.43,0.42765,1,569404
38612161,0.44,0.43753,1,569404
38613621,0.45,0.447506,1,569436
38615081,0.46,0.457501,1,569436
38616541,0.53,0.5155,1,569495
38618001,0.54,0.5351,1,569495
38619461,0.51,0.51502,1,569534
38620921,0.52,0.519004,1,569534
38622381,0.55,0.543801,1,569566
38623841,0.56,0.55676,1,569566
38625301,0.57,0.567352,1,569608
38626761,0.58,0.57747,1,569608
38628221,0.61,0.603494,1,569647
38629681,0.62,0.616699,1,569647
38631141,0.61,0.61134,1,569677
38632601,0.62,0.618268,1,569677
38634061,0.61,0.611654,1,569703
38635521,0.62,0.618331,1,569703
38636981,0.61,0.611666,1,569725
38638441,0.62,0.618333,1,569725
38639901,0.61,0.611667,1,569727
38641361,0.62,0.618333,1,569727
38642821,0.65,0.643667,1,569769
38644281,0.66,0.656733,1,569769
38645741,0.65,0.651347,1,569808
38647201,0.66,0.658269,1,569808
38648661,0.65,0.651654,1,569810
38650121,0.66,0.658331,1,569810
38651581,0.65,0.651666,1,569847
38653041,0.66,0.658333,1,569847
38654501,0.66,0.659667,1,569847
38655961,0.65,0.651933,1,569880
38657421,0.66,0.658387,1,569880
38658881,0.67,0.667677,1,569943
38660341,0.68,0.677535,1,569943
38661801,0.69,0.687507,1,569981
38663261,0.7,0.697501,1,569981
38664721,0.71,0.7075,1,570015
38666181,0.72,0.7175,1,570015
38667641,0.69,0.6955,1,570058
38669101,0.7,0.6991,1,570058
38670561,0.69,0.69182,1,570099
38672021,0.7,0.698364,1,570099
38673481,0.69,0.691673,1,570129
38674941,0.7,0.698335,1,570129
38676401,0.69,0.691667,1,570155
38677861,0.7,0.698333,1,570155
38679321,0.69,0.691667,1,570177
38680781,0.7,0.698333,1,570177
38682241,0.69,0.691667,1,570179
38683701,0.7,0.698333,1,570179
38685161,0.65,0.659667,1,570223
38686621,0.66,0.659933,1,570223
38688081,0.71,0.699987,1,570262
38689541,0.72,0.715997,1,570262
38691001,0.71,0.711199,1,570264
38692461,0.72,0.71824,1,570264
38693921,0.69,0.695648,1,570301
38695381,0.7,0.69913,1,570301
38696841,0.71,0.707826,1,570333
38698301,0.72,0.717565,1,570333
38699761,0.79,0.775513,2,570397
38701221,0.8,0.795103,2,570397
38702681,0.81,0.807021,2,570436
38704141,0.82,0.817404,2,570436
38705601,0.83,0.827481,2,570471
38707061,0.84,0.837496,2,570471
38708521,0.85,0.847499,2,570513
38709981,0.86,0.8575,2,570513
38711441,0.85,0.8515,2,570554
38712901,0.86,0.8583,2,570554
38714361,0.85,0.85166,2,570584
38715821,0.86,0.858332,2,570584
38717281,0.87,0.867666,2,570610
38718741,0.88,0.877533,2,570610
38720201,0.89,0.887507,2,570632
38721661,0.9,0.897501,2,570632
38723121,0.89,0.8915,2,570634
38724581,0.9,0.8983,2,570634
38726041,0.89,0.89166,2,570676
38727501,0.9,0.898332,2,570676
38728961,0.87,0.875666,2,570718
38730421,0.88,0.879133,2,570718
38731881,0.87,0.871827,2,570720
38733341,0.88,0.878365,2,570720
38734801,0.89,0.887673,2,570756
38736261,0.9,0.897535,2,570756
38737721,0.95,0.939507,2,570789
38740641,0.93,0.93,2,570857
38742101,0.94,0.938,2,570857
38743561,0.94,0.9396,2,570857
38870581,0.95,0.95,2,572331
38872041,0.91,0.918,2,572358
38873501,0.85,0.8636,2,572407
38874961,0.77,0.78872,2,572442
38876421,0.57,0.613744,1,572477
38877881,0.41,0.450749,1,572514
38879341,0.31,0.33815,1,572560
38880801,0.17,0.20363,1,572588
38882261,0.03,0.064726,1,572610
38883721,0.05,0.0529452,1,572669
38885181,0.05,0.050589,1,572684
38886641,0,0.0101178,1,572699
38888101,0.07,0.0580236,1,572714
38889561,0.05,0.0516047,1,572742
38891021,0.01,0.0183209,1,572824
38892481,0.02,0.0196642,1,572824
38893941,0.03,0.0279328,1,572901
38895401,0.04,0.0375866,1,572901
38896861,0.03,0.0315173,1,572955
38898321,0.04,0.0383035,1,572955
38899781,0.01,0.0156607,1,573017
38901241,0.02,0.0191321,1,573017
38902701,0.03,0.0278264,1,573092
38904161,0.04,0.0375653,1,573092
38905621,0.03,0.0315131,1,573120
38907081,0.04,0.0383026,1,573120
38908541,0.03,0.0316605,1,573165
38910001,0.04,0.0383321,1,573165
38911461,0.04,0.0396664,1,573165
38912921,0.01,0.0159333,1,573246
38914381,0.02,0.0191867,1,573246
38915841,0.09,0.0758373,1,573324
38917301,0.1,0.0951675,1,573324
38918761,0.05,0.0590335,1,573378
38920221,0.06,0.0598067,1,573378
38921681,0.11,0.0999613,1,573439
38923141,0.12,0.115992,1,573439
38924601,0.01,0.0311985,1,573515
38926061,0.02,0.0222397,1,573515
38927521,0.03,0.0284479,1,573543
38928981,0.04,0.0376896,1,573543
38930441,0.01,0.0155379,1,573588
38931901,0.02,0.0191076,1,573588
38933361,0.03,0.0278215,1,573667
38934821,0.04,0.0375643,1,573667
38936281,0.07,0.0635129,1,573749
38937741,0.08,0.0767026,1,573749
38939201,0.17,0.151341,1,573801
38940661,0.18,0.174268,1,573801
38942121,0.21,0.202854,1,573865
38943581,0.22,0.216571,1,573865
38945041,0.19,0.195314,1,573936
38946501,0.2,0.199063,1,573936
38947961,0.09,0.111813,1,573965
38949421,0.1,0.102363,1,573965
38950881,0.01,0.0284725,1,574009
38952341,0.02,0.0216945,1,574009
38953801,0.01,0.0123389,1,574089
38955261,0.02,0.0184678,1,574089
38956721,0.02,0.0196936,1,574089
38958181,0.03,0.0279387,1,574173
38959641,0.04,0.0375877,1,574173
38961101,0.05,0.0475175,1,574230
38962561,0.06,0.0575035,1,574230
38964021,0.13,0.115501,1,574296
38965481,0.14,0.1351,1,574296
38966941,0.17,0.16302,1,574366
38968401,0.18,0.176604,1,574366
38969861,0.19,0.187321,1,574390
38971321,0.2,0.197464,1,574390
38972781,0.15,0.159493,1,574430
38974241,0.16,0.159899,1,574430
38975701,0.03,0.0559797,1,574510
38977161,0.04,0.0431959,1,574510
38978621,0.03,0.0326392,1,574512
38980081,0.04,0.0385278,1,574512
38981541,0.05,0.0477056,1,574596
38983001,0.06,0.0575411,1,574596
38984461,0.09,0.0835082,1,574654
38985921,0.1,0.0967016,1,574654
38987381,0.11,0.10734,1,574724
38988841,0.12,0.117468,1,574724
38990301,0.17,0.159494,1,574796
38991761,0.18,0.175899,1,574796
38993221,0.19,0.18718,1,574821
38994681,0.2,0.197436,1,574821
38996141,0.19,0.191487,1,574859
38997601,0.2,0.198297,1,574859
38999061,0.19,0.191659,1,574933
39000521,0.2,0.198332,1,574933
39001981,0.19,0.191666,1,574935
39003441,0.2,0.198333,1,574935
39004901,0.07,0.0956667,1,575020
39006361,0.08,0.0831333,1,575020
39007821,0.08,0.0806267,1,575020
39009281,0.13,0.120125,1,575080
39010741,0.14,0.136025,1,575080
39012201,0.15,0.147205,1,575151
39013661,0.16,0.157441,1,575151
39015121,0.23,0.215488,1,575226
39016581,0.24,0.235098,1,575226
39018041,0.25,0.24702,1,575252
39019501,0.26,0.257404,1,575252
39020961,0.27,0.267481,1,575290
39022421,0.28,0.277496,1,575290
39023881,0.29,0.287499,1,575364
39025341,0.3,0.2975,1,575364
39026801,0.29,0.2915,1,575366
39028261,0.3,0.2983,1,575366
39029721,0.31,0.30766,1,575445
39031181,0.32,0.317532,1,575445
39032641,0.33,0.327506,1,575507
39034101,0.34,0.337501,1,575507
39035561,0.37,0.3635,1,575579
39037021,0.38,0.3767,1,575579
39038481,0.51,0.48334,1,575658
39039941,0.52,0.512668,1,575658
39041401,0.51,0.510534,1,575685
39042861,0.52,0.518107,1,575685
39044321,0.49,0.495621,1,575724
39045781,0.5,0.499124,1,575724
39047241,0.47,0.475825,1,575799
39048701,0.48,0.479165,1,575799
39050161,0.47,0.471833,1,575801
39051621,0.48,0.478367,1,575801
39053081,0.49,0.487673,1,575881
39054541,0.5,0.497535,1,575881
39056001,0.49,0.491507,1,575944
39057461,0.5,0.498301,1,575944
39058921,0.51,0.50766,1,576018
39060381,0.52,0.517532,1,576018
39061841,0.52,0.519506,1,576018
39063301,0.63,0.607901,1,576104
39064761,0.64,0.63358,1,576104
39066221,0.65,0.646716,1,576131
39067681,0.66,0.657343,1,576131
39069141,0.65,0.651469,1,576169
39070601,0.66,0.658294,1,576169
39072061,0.69,0.683659,1,576243
39073521,0.7,0.696732,1,576243
39074981,0.69,0.691346,1,576245
39076441,0.7,0.698269,1,576245
39077901,0.69,0.691654,1,576326
39079361,0.7,0.698331,1,576326
39080821,0.67,0.675666,1,576389
39082281,0.68,0.679133,1,576389
39083741,0.69,0.687827,1,576464
39085201,0.7,0.697565,1,576464
39086661,0.69,0.691513,1,576466
39088121,0.7,0.698303,1,576466
39089581,0.77,0.755661,2,576557
39091041,0.78,0.775132,2,576557
39092501,0.73,0.739026,1,576585
39093961,0.74,0.739805,1,576585
39095421,0.77,0.763961,2,576623
39096881,0.78,0.776792,2,576623
39098341,0.85,0.835358,2,576699
39099801,0.86,0.855072,2,576699
39101261,0.85,0.851014,2,576701
39102721,0.86,0.858203,2,576701
39104181,0.87,0.867641,2,576782
39105641,0.88,0.877528,2,576782
39107101,0.87,0.871506,2,576844
39108561,0.88,0.878301,2,576844
39110021,0.89,0.88766,2,576920
39111481,0.9,0.897532,2,576920
39112941,0.89,0.891506,2,576922
39114401,0.9,0.898301,2,576922
39115861,0.9,0.89966,2,576922
39117321,0.93,0.923932,2,577017
39118781,0.94,0.936786,2,577017
39120241,0.93,0.931357,2,577043
39121701,0.94,0.938271,2,577043
39203461,0.94,0.94,2,578484
39204921,0.95,0.948,2,578484
39209301,0.94,0.94,2,578581
39210761,0.95,0.948,2,578581
39218061,0.84,0.84,2,578760
39219521,0.85,0.848,2,578760
39220981,0.85,0.8496,2,578797
39222441,0.86,0.85792,2,578797
39223901,0.81,0.819584,2,578830
39225361,0.82,0.819917,2,578830
39226821,0.73,0.747983,1,578902
39228281,0.74,0.741597,1,578902
39229741,0.71,0.716319,1,578938
39231201,0.72,0.719264,1,578938
39232661,0.75,0.743853,1,578961
39234121,0.76,0.756771,2,578961
39235581,0.76,0.759354,2,578961
39237041,0.75,0.751871,2,579004
39238501,0.76,0.758374,2,579004
39239961,0.69,0.703675,1,579056
39241421,0.7,0.700735,1,579056
39242881,0.67,0.676147,1,579094
39244341,0.68,0.679229,1,579094
39245801,0.73,0.719846,1,579156
39247261,0.74,0.735969,1,579156
39248721,0.69,0.699194,1,579224
39250181,0.7,0.699839,1,579224
39251641,0.77,0.755968,2,579261
39253101,0.78,0.775194,2,579261
39254561,0.73,0.739039,1,579292
39256021,0.74,0.739808,1,579292
39257481,0.77,0.763962,2,579360
39258941,0.78,0.776792,2,579360
39260401,0.79,0.787358,2,579395
39261861,0.8,0.797472,2,579395
39263321,0.77,0.775494,2,579420
39264781,0.78,0.779099,2,579420
39266241,0.79,0.78782,2,579462
39267701,0.8,0.797564,2,579462
39269161,0.83,0.823513,2,579511
39270621,0.84,0.836703,2,579511
39272081,0.83,0.831341,2,579548
39273541,0.84,0.838268,2,579548
39275001,0.89,0.879654,2,579613
39276461,0.9,0.895931,2,579613
39277921,0.95,0.939186,2,579679
39283761,0.95,0.95,2,579749
39286681,0.95,0.95,2,579819
39418081,0.92,0.92,2,581790
39419541,0.93,0.928,2,581790
39421001,0.83,0.8496,2,581818
39422461,0.84,0.84192,2,581818
39423921,0.73,0.752384,2,581856
39425381,0.74,0.742477,1,581856
39426841,0.57,0.604495,1,581895
39428301,0.58,0.584899,1,581895
39429761,0.55,0.55698,1,581922
39431221,0.56,0.559396,1,581922
39432681,0.45,0.471879,1,581959
39434141,0.46,0.462376,1,581959
39435601,0.45,0.452475,1,581990
39437061,0.46,0.458495,1,581990
39438521,0.46,0.459699,1,581990
39439981,0.49,0.48394,1,582048
39441441,0.5,0.496788,1,582048
39442901,0.33,0.363358,1,582096
39444361,0.34,0.344672,1,582096
39445821,0.33,0.332934,1,582140
39447281,0.34,0.338587,1,582140
39448741,0.29,0.299717,1,582204
39450201,0.3,0.299943,1,582204
39451661,0.33,0.323989,1,582259
39453121,0.34,0.336798,1,582259
39454581,0.31,0.31536,1,582280
39456041,0.32,0.319072,1,582280
39457501,0.35,0.343814,1,582313
39458961,0.36,0.356763,1,582313
39460421,0.33,0.335353,1,582344
39461881,0.34,0.339071,1,582344
39463341,0.33,0.331814,1,582370
39464801,0.34,0.338363,1,582370
39466261,0.29,0.299673,1,582402
39467721,0.3,0.299935,1,582402
39469181,0.31,0.307987,1,582433
39470641,0.32,0.317597,1,582433
39472101,0.31,0.311519,1,582435
39473561,0.32,0.318304,1,582435
39475021,0.33,0.327661,1,582494
39476481,0.34,0.337532,1,582494
39477941,0.39,0.379506,1,582534
39479401,0.4,0.395901,1,582534
39480861,0.35,0.35918,1,582578
39482321,0.36,0.359836,1,582578
39483781,0.39,0.383967,1,582640
39485241,0.4,0.396793,1,582640
39486701,0.39,0.391359,1,582697
39488161,0.4,0.398272,1,582697
39489621,0.45,0.439654,1,582717
39491081,0.46,0.455931,1,582717
39492541,0.45,0.451186,1,582752
39494001,0.46,0.458237,1,582752
39495461,0.45,0.451647,1,582782
39496921,0.46,0.458329,1,582782
39498381,0.45,0.451666,1,582808
39499841,0.46,0.458333,1,582808
39501301,0.45,0.451667,1,582838
39502761,0.46,0.458333,1,582838
39504221,0.47,0.467667,1,582870
39505681,0.48,0.477533,1,582870
39507141,0.47,0.471507,1,582872
39508601,0.48,0.478301,1,582872
39510061,0.51,0.50366,1,582932
39511521,0.52,0.516732,1,582932
39512981,0.52,0.519346,1,582932
39514441,0.51,0.511869,1,582975
39515901,0.52,0.518374,1,582975
39517361,0.53,0.527675,1,583017
39518821,0.54,0.537535,1,583017
39520281,0.57,0.563507,1,583081
39521741,0.58,0.576701,1,583081
39523201,0.61,0.60334,1,583138
39524661,0.62,0.616668,1,583138
39526121,0.67,0.659334,1,583161
39527581,0.68,0.675867,1,583161
39529041,0.67,0.671173,1,583196
39530501,0.68,0.678235,1,583196
39531961,0.67,0.671647,1,583226
39533421,0.68,0.678329,1,583226
39534881,0.69,0.687666,1,583252
39536341,0.7,0.697533,1,583252
39537801,0.69,0.691507,1,583282
39539261,0.7,0.698301,1,583282
39540721,0.71,0.70766,1,583315
39542181,0.72,0.717532,1,583315
39543641,0.71,0.711506,1,583317
39545101,0.72,0.718301,1,583317
39546561,0.69,0.69566,1,583379
39548021,0.7,0.699132,1,583379
39549481,0.69,0.691826,1,583421
39550941,0.7,0.698365,1,583421
39552401,0.67,0.675673,1,583464
39553861,0.68,0.679135,1,583464
39555321,0.69,0.687827,1,583530
39556781,0.7,0.697565,1,583530
39558241,0.77,0.755513,2,583589
39559701,0.78,0.775103,2,583589
39561161,0.75,0.755021,2,583615
39562621,0.76,0.759004,2,583615
39564081,0.77,0.767801,2,583650
39565541,0.78,0.77756,2,583650
39567001,0.77,0.771512,2,583680
39568461,0.78,0.778302,2,583680
39569921,0.79,0.78766,2,583707
39571381,0.8,0.797532,2,583707
39572841,0.79,0.791506,2,583737
39574301,0.8,0.798301,2,583737
39575761,0.79,0.79166,2,583771
39577221,0.8,0.798332,2,583771
39578681,0.79,0.791666,2,583773
39580141,0.8,0.798333,2,583773
39581601,0.85,0.839667,2,583834
39583061,0.86,0.855933,2,583834
39584521,0.85,0.851187,2,583876
39585981,0.86,0.858237,2,583876
39587441,0.87,0.867647,2,583918
39588901,0.88,0.877529,2,583918
39590361,0.88,0.879506,2,583918
39591821,0.95,0.935901,2,583985
39718841,0.95,0.95,2,585580
39727601,0.92,0.92,2,585684
39729061,0.93,0.928,2,585684
39736361,0.92,0.92,2,585783
39737821,0.93,0.928,2,585783
39748041,0.92,0.92,2,585960
39749501,0.93,0.928,2,585960
39750961,0.93,0.9296,2,585960
39752421,0.91,0.91392,2,585992
39753881,0.92,0.918784,2,585992
39755341,0.89,0.895757,2,586016
39756801,0.9,0.899151,2,586016
39758261,0.87,0.87583,2,586057
39759721,0.88,0.879166,2,586057
39761181,0.87,0.871833,2,586084
39762641,0.88,0.878367,2,586084
39764101,0.85,0.855673,2,586118
39765561,0.86,0.859135,2,586118
39767021,0.81,0.819827,2,586160
39768481,0.82,0.819965,2,586160
39769941,0.84,0.835993,2,586187
39771401,0.85,0.847199,2,586187
39772861,0.89,0.88144,2,586221
39774321,0.9,0.896288,2,586221
39775781,0.85,0.859258,2,586257
39777241,0.86,0.859852,2,586257
39778701,0.87,0.86797,2,586293
39780161,0.88,0.877594,2,586293
39781621,0.87,0.871519,2,586313
39783081,0.88,0.878304,2,586313
39784541,0.85,0.855661,2,586346
39786001,0.86,0.859132,2,586346
39787461,0.87,0.867826,2,586427
39788921,0.88,0.877565,2,586427
39790381,0.87,0.871513,2,586429
39791841,0.88,0.878303,2,586429
39793301,0.87,0.87166,2,586459
39794761,0.88,0.878332,2,586459
39796221,0.89,0.887666,2,586482
39797681,0.9,0.897533,2,586482
39799141,0.89,0.891507,2,586522
39800601,0.9,0.898301,2,586522
39802061,0.87,0.87566,2,586549
39803521,0.88,0.879132,2,586549
39804981,0.89,0.887826,2,586582
39806441,0.9,0.897565,2,586582
39807901,0.93,0.923513,2,586622
39809361,0.94,0.936703,2,586622
39810821,0.94,0.939341,2,586652
39812281,0.95,0.947868,2,586652
39816661,0.92,0.92,2,586721
39818121,0.93,0.928,2,586721
39819581,0.91,0.9136,2,586758
39821041,0.92,0.91872,2,586758
39822501,0.93,0.927744,2,586778
39823961,0.94,0.937549,2,586778
39825421,0.95,0.94751,2,586810
39977261,0.81,0.81,2,588527
39978721,0.82,0.818,2,588527
39997701,0.87,0.87,2,588782
39999161,0.88,0.878,2,588782
40000621,0.95,0.9356,2,588827
40003541,0.85,0.85,2,588857
40005001,0.86,0.858,2,588857
40006461,0.83,0.8356,2,588880
40007921,0.84,0.83912,2,588880
40009381,0.67,0.703824,1,588906
40010841,0.68,0.684765,1,588906
40012301,0.77,0.752953,2,588943
40013761,0.78,0.774591,2,588943
40015221,0.73,0.738918,1,588973
40016681,0.74,0.739784,1,588973
40018141,0.74,0.739957,1,588973
40019601,0.73,0.731991,1,588997
40021061,0.74,0.738398,1,588997
40022521,0.67,0.68368,1,589005
40023981,0.68,0.680736,1,589005
40025441,0.63,0.640147,1,589039
40026901,0.64,0.640029,1,589039
40028361,0.65,0.648006,1,589072
40029821,0.66,0.657601,1,589072
40031281,0.67,0.66752,1,589105
40032741,0.68,0.677504,1,589105
40034201,0.65,0.655501,1,589136
40035661,0.66,0.6591,1,589136
40037121,0.71,0.69982,1,589174
40038581,0.72,0.715964,1,589174
40040041,0.69,0.695193,1,589206
40041501,0.7,0.699039,1,589206
40042961,0.69,0.691808,1,589249
40044421,0.7,0.698362,1,589249
40045881,0.71,0.707672,1,589296
40047341,0.72,0.717534,1,589296
40048801,0.75,0.743507,1,589321
40050261,0.76,0.756701,2,589321
40051721,0.75,0.75134,2,589343
40053181,0.76,0.758268,2,589343
40054641,0.77,0.767654,2,589361
40056101,0.78,0.777531,2,589361
40057561,0.75,0.755506,2,589403
40059021,0.76,0.759101,2,589403
40060481,0.75,0.75182,2,589431
40061941,0.76,0.758364,2,589431
40063401,0.75,0.751673,2,589454
40064861,0.76,0.758335,2,589454
40066321,0.77,0.767667,2,589459
40067781,0.78,0.777533,2,589459
40069241,0.81,0.803507,2,589491
40070701,0.82,0.816701,2,589491
40072161,0.81,0.81134,2,589525
40073621,0.82,0.818268,2,589525
40075081,0.79,0.795654,2,589559
40076541,0.8,0.799131,2,589559
40078001,0.87,0.855826,2,589589
40079461,0.88,0.875165,2,589589
40080921,0.85,0.855033,2,589630
40082381,0.86,0.859007,2,589630
40083841,0.85,0.851801,2,589661
40085301,0.86,0.85836,2,589661
40086761,0.83,0.835672,2,589704
40088221,0.84,0.839134,2,589704
40089681,0.93,0.911827,2,589752
40091141,0.94,0.934365,2,589752
40092601,0.91,0.914873,2,589779
40094061,0.92,0.918975,2,589779
40098441,0.95,0.95,2,589820
40288241,0.86,0.86,2,591799
40289701,0.87,0.868,2,591799
40294081,0.83,0.83,2,591868
40295541,0.84,0.838,2,591868
40297001,0.84,0.8396,2,591890
40298461,0.85,0.84792,2,591890
40299921,0.77,0.785584,2,591924
40301381,0.78,0.781117,2,591924
40302841,0.63,0.660223,1,591956
40304301,0.64,0.644045,1,591956
40305761,0.55,0.568809,1,591986
40307221,0.56,0.561762,1,591986
40308681,0.56,0.560352,1,591986
40310141,0.43,0.45607,1,592012
40311601,0.44,0.443214,1,592012
40313061,0.29,0.320643,1,592045
40314521,0.3,0.304129,1,592045
40315981,0.29,0.292826,1,592059
40264881,0.29,0.290565,1,592076
40317441,0.15,0.178113,1,592127
40318901,0.13,0.139623,1,592148
40320361,0.07,0.0839245,1,592173
40321821,0.09,0.0887849,1,592241
40323281,0.07,0.073757,1,592269
40324741,0.11,0.102751,1,592304
40326201,0.07,0.0765503,1,592330
40327661,0.05,0.0553101,1,592354
40329121,0.01,0.019062,1,592384
40330581,0.09,0.0758124,1,592409
40332041,0.01,0.0231625,1,592435
40333501,0.01,0.0126325,1,592455
40334961,0.03,0.0265265,1,592480
40336421,0.03,0.0293053,1,592481
40337881,0.05,0.0458611,1,592494
40339341,0.01,0.0171722,1,592511
40340801,0.07,0.0594344,1,592575
40342261,0.08,0.0758869,1,592575
40343721,0.09,0.0871774,1,592666
40345181,0.1,0.0974355,1,592666
40346641,0.11,0.107487,1,592730
40348101,0.12,0.117497,1,592730
40349561,0.09,0.0954995,1,592777
40351021,0.1,0.0990999,1,592777
40352481,0.05,0.05982,1,592834
40353941,0.06,0.059964,1,592834
40355401,0.03,0.0359928,1,592876
40356861,0.04,0.0391986,1,592876
40358321,0.05,0.0478397,1,592903
40359781,0.06,0.0575679,1,592903
40361241,0.03,0.0355136,1,592932
40362701,0.04,0.0391027,1,592932
40364161,0.05,0.0478205,1,593000
40365621,0.06,0.0575641,1,593000
40367081,0.01,0.0195128,1,593092
40368541,0.02,0.0199026,1,593092
40370001,0.07,0.0599805,1,593157
40371461,0.08,0.0759961,1,593157
40372921,0.17,0.151199,1,593203
40374381,0.18,0.17424,1,593203
40375841,0.21,0.202848,1,593258
40377301,0.22,0.21657,1,593258
40378761,0.19,0.195314,1,593299
40380221,0.2,0.199063,1,593299
40381681,0.21,0.207813,1,593327
40383141,0.22,0.217563,1,593327
40384601,0.23,0.227512,1,593355
40386061,0.24,0.237503,1,593355
40387521,0.24,0.239501,1,593355
40388981,0.19,0.1999,1,593424
40390441,0.2,0.19998,1,593424
40391901,0.21,0.207996,1,593514
40393361,0.22,0.217599,1,593514
40394821,0.21,0.21152,1,593582
40396281,0.22,0.218304,1,593582
40397741,0.19,0.195661,1,593633
40399201,0.2,0.199132,1,593633
40400661,0.23,0.223826,1,593690
40402121,0.24,0.236765,1,593690
40403581,0.25,0.247353,1,593730
40405041,0.26,0.257471,1,593730
40406501,0.27,0.267494,1,593759
40407961,0.28,0.277499,1,593759
40409421,0.25,0.2555,1,593788
40410881,0.26,0.2591,1,593788
40412341,0.25,0.25182,1,593854
40413801,0.26,0.258364,1,593854
40415261,0.27,0.267673,1,593945
40416721,0.28,0.277535,1,593945
40418181,0.27,0.271507,1,594013
40419641,0.28,0.278301,1,594013
40421101,0.31,0.30366,1,594063
40422561,0.32,0.316732,1,594063
40424021,0.39,0.375346,1,594122
40425481,0.4,0.395069,1,594122
40426941,0.47,0.455014,1,594163
40428401,0.48,0.475003,1,594163
40429861,0.51,0.503001,1,594193
40431321,0.52,0.5166,1,594193
40432781,0.53,0.52732,1,594221
40434241,0.54,0.537464,1,594221
40435701,0.55,0.547493,1,594287
40437161,0.56,0.557499,1,594287
40438621,0.57,0.5675,1,594379
40440081,0.58,0.5775,1,594379
40441541,0.58,0.5795,1,594379
40443001,0.61,0.6039,1,594447
40444461,0.62,0.61678,1,594447
40445921,0.63,0.627356,1,594499
40447381,0.64,0.637471,1,594499
40448841,0.61,0.615494,1,594562
40450301,0.62,0.619099,1,594562
40451761,0.67,0.65982,1,594607
40453221,0.68,0.675964,1,594607
40454681,0.71,0.703193,1,594639
40456141,0.72,0.716639,1,594639
40457601,0.69,0.695328,1,594668
40459061,0.7,0.699066,1,594668
40460521,0.71,0.707813,1,594735
40461981,0.72,0.717563,1,594735
40463441,0.75,0.743513,1,594828
40464901,0.76,0.756702,2,594828
40466361,0.75,0.75134,2,594830
40467821,0.76,0.758268,2,594830
40469281,0.75,0.751654,2,594899
40470741,0.76,0.758331,2,594899
40472201,0.79,0.783666,2,594952
40473661,0.8,0.796733,2,594952
40475121,0.81,0.807347,2,595014
40476581,0.82,0.817469,2,595014
40478041,0.85,0.843494,2,595062
40479501,0.86,0.856699,2,595062
40480961,0.91,0.89934,2,595096
40482421,0.92,0.915868,2,595096
40483881,0.93,0.927174,2,595124
40485341,0.94,0.937435,2,595124
40489721,0.95,0.95,2,595287
40492641,0.95,0.95,2,595289
40589001,0.9,0.9,2,596943
40590461,0.91,0.908,2,596943
40594841,0.93,0.93,2,597022
40596301,0.94,0.938,2,597022
40597761,0.89,0.8996,2,597091
40599221,0.9,0.89992,2,597091
40600681,0.57,0.635984,1,597178
40602141,0.58,0.591197,1,597178
40603601,0.55,0.558239,1,597211
40605061,0.56,0.559648,1,597211
40606521,0.33,0.37593,1,597266
40607981,0.34,0.347186,1,597266
40609441,0.19,0.221437,1,597296
40610901,0.2,0.204287,1,597296
40612361,0.13,0.144857,1,597338
40613821,0.14,0.140971,1,597338
40615281,0.14,0.140194,1,597338
40616741,0.05,0.0680389,1,597385
40618201,0.06,0.0616078,1,597385
40619661,0.05,0.0523216,1,597417
40621121,0.06,0.0584643,1,597417
40622581,0,0.0116929,1,597467
40624041,0,0.00233857,1,597467
40625501,0.05,0.0404677,1,597492
40626961,0.06,0.0560935,1,597492
40628421,0.01,0.0192187,1,597557
40629881,0.02,0.0198437,1,597557
40631341,0.07,0.0599687,1,597628
40632801,0.08,0.0759937,1,597628
40634261,0.05,0.0551987,1,597660
40635721,0.06,0.0590398,1,597660
40637181,0.07,0.0678079,1,597704
40638641,0.08,0.0775616,1,597704
40640101,0.09,0.0875123,1,597727
40641561,0.1,0.0975025,1,597727
40643021,0.09,0.0915005,1,597766
40644481,0.1,0.0983001,1,597766
40645941,0.15,0.13966,1,597808
40647401,0.16,0.155932,1,597808
40648861,0.03,0.0551864,1,597840
40650321,0.04,0.0430373,1,597840
40651781,0.01,0.0166075,1,597888
40653241,0.02,0.0193215,1,597888
40654701,0.05,0.0438643,1,597915
40656161,0.06,0.0567729,1,597915
40657621,0.13,0.115355,1,597978
40659081,0.14,0.135071,1,597978
40660541,0.17,0.163014,1,598052
40662001,0.18,0.176603,1,598052
40663461,0.19,0.187321,1,598083
40664921,0.2,0.197464,1,598083
40666381,0.17,0.175493,1,598128
40667841,0.18,0.179099,1,598128
40669301,0.17,0.17182,1,598152
40670761,0.18,0.178364,1,598152
40672221,0.21,0.203673,1,598191
40673681,0.22,0.216735,1,598191
40675141,0.23,0.227347,1,598236
40676601,0.24,0.237469,1,598236
40678061,0.19,0.199494,1,598262
40679521,0.2,0.199899,1,598262
40680981,0.2,0.19998,1,598262
40682441,0.15,0.159996,1,598309
40683901,0.16,0.159999,1,598309
40685361,0.13,0.136,1,598338
40686821,0.14,0.1392,1,598338
40688281,0.13,0.13184,1,598405
40689741,0.14,0.138368,1,598405
40691201,0.19,0.179674,1,598481
40692661,0.2,0.195935,1,598481
40694121,0.23,0.223187,1,598513
40695581,0.24,0.236637,1,598513
40697041,0.25,0.247327,1,598557
40698501,0.26,0.257466,1,598557
40699961,0.25,0.251493,1,598581
40701421,0.26,0.258299,1,598581
40702881,0.27,0.26766,1,598622
40704341,0.28,0.277532,1,598622
40705801,0.29,0.287506,1,598668
40707261,0.3,0.297501,1,598668
40708721,0.29,0.2915,1,598692
40710181,0.3,0.2983,1,598692
40711641,0.29,0.29166,1,598694
40713101,0.3,0.298332,1,598694
40714561,0.31,0.307666,1,598738
40716021,0.32,0.317533,1,598738
40717481,0.31,0.311507,1,598766
40718941,0.32,0.318301,1,598766
40720401,0.31,0.31166,1,598833
40721861,0.32,0.318332,1,598833
40723321,0.37,0.359666,1,598912
40724781,0.38,0.375933,1,598912
40726241,0.39,0.387187,1,598946
40727701,0.4,0.397437,1,598946
40729161,0.49,0.471487,1,598991
40730621,0.5,0.494297,1,598991
40732081,0.51,0.506859,1,599015
40733541,0.52,0.517372,1,599015
40735001,0.51,0.511474,1,599057
40736461,0.52,0.518295,1,599057
40737921,0.53,0.527659,1,599104
40739381,0.54,0.537532,1,599104
40740841,0.55,0.547506,1,599128
40742301,0.56,0.557501,1,599128
40743761,0.55,0.5515,1,599130
40745221,0.56,0.5583,1,599130
40746681,0.53,0.53566,1,599175
40748141,0.54,0.539132,1,599175
40749601,0.54,0.539826,1,599175
40751061,0.57,0.563965,1,599203
40752521,0.58,0.576793,1,599203
40753981,0.57,0.571359,1,599270
40755441,0.58,0.578272,1,599270
40756901,0.53,0.539654,1,599352
40758361,0.54,0.539931,1,599352
40759821,0.55,0.547986,1,599387
40761281,0.56,0.557597,1,599387
40762741,0.55,0.551519,1,599437
40764201,0.56,0.558304,1,599437
40765661,0.53,0.535661,1,599462
40767121,0.54,0.539132,1,599462
40768581,0.53,0.531826,1,599504
40770041,0.54,0.538365,1,599504
40771501,0.55,0.547673,1,599552
40772961,0.56,0.557535,1,599552
40774421,0.53,0.535507,1,599577
40775881,0.54,0.539101,1,599577
40777341,0.53,0.53182,1,599579
40778801,0.54,0.538364,1,599579
40780261,0.55,0.547673,1,599623
40781721,0.56,0.557535,1,599623
40783181,0.53,0.535507,1,599652
40784641,0.54,0.539101,1,599652
40786101,0.57,0.56382,1,599719
40787561,0.58,0.576764,1,599719
40789021,0.61,0.603353,1,599799
40790481,0.62,0.616671,1,599799
40791941,0.65,0.643334,1,599835
40793401,0.66,0.656667,1,599835
40794861,0.71,0.699333,1,599885
40796321,0.72,0.715867,1,599885
40797781,0.77,0.759173,2,599909
40799241,0.78,0.775835,2,599909
40800701,0.83,0.819167,2,599951
40802161,0.84,0.835833,2,599951
40803621,0.81,0.815167,2,600000
40805081,0.82,0.819033,2,600000
40806541,0.81,0.811807,2,600024
40808001,0.82,0.818361,2,600024
40809461,0.81,0.811672,2,600026
40810921,0.82,0.818334,2,600026
40812381,0.79,0.795667,2,600071
40813841,0.8,0.799133,2,600071
40815301,0.81,0.807827,2,600099
40816761,0.82,0.817565,2,600099
40818221,0.82,0.819513,2,600099
40819681,0.87,0.859903,2,600168
40821141,0.88,0.875981,2,600168
40822601,0.89,0.887196,2,600250
40824061,0.9,0.897439,2,600250
40825521,0.93,0.923488,2,600288
40826981,0.94,0.936698,2,600288
40828441,0.95,0.94734,2,600341
40935021,0.86,0.86,2,601990
40945241,0.94,0.94,2,602320
40946701,0.95,0.948,2,602320
40954001,0.94,0.94,2,602542
40955461,0.95,0.948,2,602542
40956921,0.95,0.9496,2,602542
41012401,0.76,0.76,2,604188
41013861,0.77,0.768,2,604188
41015321,0.75,0.7536,2,604232
41016781,0.76,0.75872,2,604232
41018241,0.63,0.655744,1,604344
41019701,0.64,0.643149,1,604344
41021161,0.67,0.66463,1,604428
41022621,0.68,0.676926,1,604428
41024081,0.67,0.671385,1,604460
41025541,0.68,0.678277,1,604460
41027001,0.67,0.671655,1,604493
41028461,0.68,0.678331,1,604493
41029921,0.65,0.655666,1,604649
41031381,0.66,0.659133,1,604649
41032841,0.69,0.683827,1,604690
41034301,0.7,0.696765,1,604690
41035761,0.7,0.699353,1,604690
41037221,0.73,0.723871,1,604796
41038681,0.74,0.736774,1,604796
41040141,0.75,0.747355,1,604882
41041601,0.76,0.757471,2,604882
41043061,0.77,0.767494,2,604914
41044521,0.78,0.777499,2,604914
41045981,0.77,0.7715,2,604947
41047441,0.78,0.7783,2,604947
41048901,0.93,0.89966,2,605102
41050361,0.94,0.931932,2,605102
41051821,0.91,0.914386,2,605145
41053281,0.92,0.918877,2,605145
41054741,0.91,0.911775,2,605147
41056201,0.92,0.918355,2,605147
41057661,0.91,0.911671,2,605254
41059121,0.92,0.918334,2,605254
41063501,0.95,0.95,2,605374
41066421,0.95,0.95,2,605407
41069341,0.89,0.89,2,605570
41070801,0.9,0.898,2,605570
41072261,0.91,0.9076,2,605612
41073721,0.92,0.91752,2,605612
41075181,0.91,0.911504,2,605614
41076641,0.92,0.918301,2,605614
41078101,0.91,0.91166,2,605721
41079561,0.92,0.918332,2,605721
41081021,0.92,0.919666,2,605721
41148181,0.93,0.93,2,607256
41149641,0.94,0.938,2,607256
41151101,0.83,0.8516,2,607294
41152561,0.84,0.84232,2,607294
41154021,0.77,0.784464,2,607323
41155481,0.78,0.780893,2,607323
41156941,0.19,0.308179,1,607453
41158401,0.2,0.221636,1,607453
41159861,0.03,0.0683271,1,607511
41161321,0.04,0.0456654,1,607511
41162781,0.11,0.0971331,1,607563
41164241,0.12,0.115427,1,607563
41165701,0,0.0230853,1,607618
41167161,0,0.00461706,1,607618
41168621,0.03,0.0249234,1,607706
41170081,0.04,0.0369847,1,607706
41171541,0.05,0.0473969,1,607726
41173001,0.06,0.0574794,1,607726
41174461,0.03,0.0354959,1,607759
41175921,0.04,0.0390992,1,607759
41177381,0.04,0.0398198,1,607759
41178841,0.05,0.047964,1,607783
41180301,0.06,0.0575928,1,607783
41181761,0.05,0.0515186,1,607884
41183221,0.06,0.0583037,1,607884
41184681,0.15,0.131661,1,607934
41186141,0.16,0.154332,1,607934
41187601,0.01,0.0388664,1,607990
41189061,0.02,0.0237733,1,607990
41190521,0,0.00475466,1,608040
41191981,0,0.000950931,1,608040
41193441,0.01,0.00819019,1,608129
41194901,0.02,0.017638,1,608129
41196361,0.09,0.0755276,1,608150
41197821,0.1,0.0951055,1,608150
41199281,0.09,0.0910211,1,608182
41200741,0.1,0.0982042,1,608182
41202201,0.05,0.0596408,1,608206
41203661,0.06,0.0599282,1,608206
41205121,0.11,0.0999856,1,608307
41206581,0.12,0.115997,1,608307
41208041,0.15,0.143199,1,608362
41209501,0.16,0.15664,1,608362
41210961,0.23,0.215328,1,608411
41212421,0.24,0.235066,1,608411
41213881,0.15,0.167013,1,608461
41215341,0.16,0.161403,1,608461
41216801,0.03,0.0562805,1,608550
41218261,0.04,0.0432561,1,608550
41219721,0.03,0.0326512,1,608575
41221181,0.04,0.0385302,1,608575
41222641,0.05,0.047706,1,608607
41224101,0.06,0.0575412,1,608607
41225561,0.05,0.0515082,1,608629
41227021,0.06,0.0583016,1,608629
41228481,0.09,0.0836603,1,608733
41229941,0.1,0.0967321,1,608733
41231401,0.1,0.0993464,1,608733
41232861,0.15,0.139869,1,608790
41234321,0.16,0.155974,1,608790
41235781,0.21,0.199195,1,608843
41237241,0.22,0.215839,1,608843
41238701,0.17,0.179168,1,608889
41240161,0.18,0.179834,1,608889
41241621,0.19,0.187967,1,608972
41243081,0.2,0.197593,1,608972
41244541,0.17,0.175519,1,608997
41246001,0.18,0.179104,1,608997
41247461,0.21,0.203821,1,609030
41248921,0.22,0.216764,1,609030
41250381,0.23,0.227353,1,609052
41251841,0.24,0.237471,1,609052
41253301,0.29,0.279494,1,609158
41254761,0.3,0.295899,1,609158
41256221,0.29,0.29118,1,609160
41257681,0.3,0.298236,1,609160
41259141,0.29,0.291647,1,609219
41260601,0.3,0.298329,1,609219
41262061,0.21,0.227666,1,609275
41263521,0.22,0.221533,1,609275
41264981,0.23,0.228307,1,609319
41266441,0.24,0.237661,1,609319
41267901,0.23,0.231532,1,609403
41269361,0.24,0.238306,1,609403
41270821,0.23,0.231661,1,609427
41272281,0.24,0.238332,1,609427
41273741,0.29,0.279666,1,609462
41275201,0.3,0.295933,1,609462
41276661,0.33,0.323187,1,609485
41278121,0.34,0.336637,1,609485
41279581,0.31,0.315327,1,609594
41281041,0.32,0.319065,1,609594
41282501,0.31,0.311813,1,609596
41283961,0.32,0.318363,1,609596
41285421,0.32,0.319673,1,609596
41286881,0.31,0.311935,1,609655
41288341,0.32,0.318387,1,609655
41289801,0.35,0.343677,1,609707
41291261,0.36,0.356735,1,609707
41292721,0.45,0.431347,1,609752
41294181,0.46,0.454269,1,609752
41295641,0.49,0.482854,1,609836
41297101,0.5,0.496571,1,609836
41298561,0.49,0.491314,1,609860
41300021,0.5,0.498263,1,609860
41301481,0.49,0.491653,1,609898
41302941,0.5,0.498331,1,609898
41304401,0.51,0.507666,1,609923
41305861,0.52,0.517533,1,609923
41307321,0.57,0.559507,1,610031
41308781,0.58,0.575901,1,610031
41310241,0.57,0.57118,1,610033
41311701,0.58,0.578236,1,610033
41313161,0.61,0.603647,1,610091
41314621,0.62,0.616729,1,610091
41316081,0.63,0.627346,1,610145
41317541,0.64,0.637469,1,610145
41319001,0.75,0.727494,1,610195
41320461,0.76,0.753499,2,610195
41321921,0.75,0.7507,2,610281
41323381,0.76,0.75814,2,610281
41324841,0.75,0.751628,2,610305
41326301,0.76,0.758326,2,610305
41327761,0.77,0.767665,2,610343
41329221,0.78,0.777533,2,610343
41330681,0.79,0.787507,2,610369
41332141,0.8,0.797501,2,610369
41333601,0.79,0.7915,2,610480
41335061,0.8,0.7983,2,610480
41336521,0.79,0.79166,2,610482
41337981,0.8,0.798332,2,610482
41339441,0.79,0.791666,2,610542
41340901,0.8,0.798333,2,610542
41342361,0.83,0.823667,2,610597
41343821,0.84,0.836733,2,610597
41345281,0.84,0.839347,2,610597
41346741,0.85,0.847869,2,610653
41348201,0.86,0.857574,2,610653
41358421,0.95,0.95,2,610829
41481061,0.82,0.82,2,612838
41482521,0.83,0.828,2,612838
41486901,0.89,0.89,2,612906
41488361,0.9,0.898,2,612906
41489821,0.73,0.7636,2,612965
41491281,0.74,0.74472,1,612965
41492741,0.71,0.716944,1,612997
41494201,0.72,0.719389,1,612997
41495661,0.65,0.663878,1,613031
41497121,0.66,0.660776,1,613031
41498581,0.55,0.572155,1,613098
41500041,0.56,0.562431,1,613098
41501501,0.51,0.520486,1,613135
41502961,0.52,0.520097,1,613135
41504421,0.51,0.512019,1,613160
41505881,0.52,0.518404,1,613160
41507341,0.49,0.495681,1,613197
41508801,0.5,0.499136,1,613197
41510261,0.57,0.555827,1,613227
41511721,0.58,0.575165,1,613227
41513181,0.47,0.491033,1,613310
41514641,0.48,0.482207,1,613310
41516101,0.45,0.456441,1,613345
41517561,0.46,0.459288,1,613345
41519021,0.49,0.483858,1,613372
41520481,0.5,0.496772,1,613372
41521941,0.51,0.507354,1,613423
41523401,0.52,0.517471,1,613423
41524861,0.51,0.511494,1,613454
41526321,0.52,0.518299,1,613454
41527781,0.57,0.55966,1,613485
41529241,0.58,0.575932,1,613485
41530701,0.53,0.539186,1,613547
41532161,0.54,0.539837,1,613547
41533621,0.55,0.547967,1,613582
41535081,0.56,0.557593,1,613582
41536541,0.57,0.567519,1,613607
41538001,0.58,0.577504,1,613607
41539461,0.58,0.579501,1,613607
41540921,0.61,0.6039,1,613643
41542381,0.62,0.61678,1,613643
41543841,0.65,0.643356,1,613677
41545301,0.66,0.656671,1,613677
41546761,0.69,0.683334,1,613755
41548221,0.7,0.696667,1,613755
41549681,0.71,0.707333,1,613789
41551141,0.72,0.717467,1,613789
41552601,0.69,0.695493,1,613818
41554061,0.7,0.699099,1,613818
41555521,0.69,0.69182,1,613870
41556981,0.7,0.698364,1,613870
41558441,0.71,0.707673,1,613901
41559901,0.72,0.717535,1,613901
41561361,0.73,0.727507,1,613935
41562821,0.74,0.737501,1,613935
41564281,0.75,0.7475,1,613995
41565741,0.76,0.7575,2,613995
41567201,0.77,0.7675,2,614031
41568661,0.78,0.7775,2,614031
41570121,0.79,0.7875,2,614057
41571581,0.8,0.7975,2,614057
41573041,0.85,0.8395,2,614094
41574501,0.86,0.8559,2,614094
41575961,0.87,0.86718,2,614130
41577421,0.88,0.877436,2,614130
41578881,0.89,0.887487,2,614210
41580341,0.9,0.897497,2,614210
41581801,0.95,0.939499,2,614245
41584721,0.95,0.95,2,614273
41721961,0.93,0.93,2,616132
41723421,0.94,0.938,2,616132
41724881,0.91,0.9156,2,616190
41726341,0.92,0.91912,2,616190
41727801,0.7,0.743824,1,616224
41729261,0.71,0.716765,1,616224
41730721,0.57,0.599353,1,616275
41732181,0.58,0.583871,1,616275
41733641,0.45,0.476774,1,616307
41735101,0.46,0.463355,1,616307
41736561,0.21,0.260671,1,616376
41738021,0.22,0.228134,1,616376
41739481,0.19,0.197627,1,616413
41740941,0.2,0.199525,1,616413
41742401,0.15,0.159905,1,616442
41743861,0.16,0.159981,1,616442
41745321,0.09,0.103996,1,616473
41746781,0.1,0.100799,1,616473
41748241,0.05,0.0601598,1,616510
41749701,0.06,0.060032,1,616510
41751161,0.01,0.0200064,1,616531
41752621,0.02,0.0200013,1,616531
41754081,0.07,0.0600003,1,616566
41755541,0.08,0.0760001,1,616566
41757001,0.03,0.0392,1,616605
41758461,0.04,0.03984,1,616605
41759921,0.04,0.039968,1,616605
41761381,0.03,0.0319936,1,616656
41762841,0.04,0.0383987,1,616656
41764301,0.07,0.0636797,1,616681
41765761,0.08,0.0767359,1,616681
41767221,0.09,0.0873472,1,616724
41768681,0.1,0.0974694,1,616724
41770141,0.05,0.0594939,1,616750
41771601,0.06,0.0598988,1,616750
41773061,0.05,0.0519798,1,616807
41774521,0.06,0.058396,1,616807
41775981,0.13,0.115679,1,616843
41777441,0.14,0.135136,1,616843
41778901,0.11,0.115027,1,616870
41780361,0.12,0.119005,1,616870
41781821,0.11,0.111801,1,616898
41783281,0.12,0.11836,1,616898
41784741,0.07,0.079672,1,616933
41786201,0.08,0.0799344,1,616933
41787661,0.09,0.0879869,1,616952
41789121,0.1,0.0975974,1,616952
41790581,0.05,0.0595195,1,616990
41792041,0.06,0.0599039,1,616990
41793501,0.03,0.0359808,1,617027
41794961,0.04,0.0391962,1,617027
41796421,0.03,0.0318392,1,617029
41797881,0.04,0.0383678,1,617029
41799341,0.01,0.0156736,1,617079
41800801,0.02,0.0191347,1,617079
41802261,0.09,0.0758269,1,617106
41803721,0.1,0.0951654,1,617106
41805181,0.01,0.0270331,1,617150
41806641,0.02,0.0214066,1,617150
41808101,0.01,0.0122813,1,617174
41809561,0.02,0.0184563,1,617174
41811021,0.03,0.0276913,1,617231
41812481,0.04,0.0375383,1,617231
41813941,0.03,0.0315077,1,617271
41815401,0.04,0.0383015,1,617271
41816861,0.05,0.0476603,1,617297
41818321,0.06,0.0575321,1,617297
41819781,0.05,0.0515064,1,617325
41821241,0.06,0.0583013,1,617325
41822701,0.11,0.0996603,1,617358
41824161,0.12,0.115932,1,617358
41825621,0.11,0.111186,1,617378
41827081,0.12,0.118237,1,617378
41828541,0.07,0.0796475,1,617414
41830001,0.08,0.0799295,1,617414
41831461,0.05,0.0559859,1,617450
41832921,0.06,0.0591972,1,617450
41834381,0.05,0.0518394,1,617452
41835841,0.06,0.0583679,1,617452
41837301,0.09,0.0836736,1,617501
41838761,0.1,0.0967347,1,617501
41840221,0.1,0.0993469,1,617501
41841681,0.09,0.0918694,1,617532
41843141,0.1,0.0983739,1,617532
41844601,0.15,0.139675,1,617572
41846061,0.16,0.155935,1,617572
41847521,0.17,0.167187,1,617596
41848981,0.18,0.177437,1,617596
41850441,0.19,0.187487,1,617654
41851901,0.2,0.197497,1,617654
41853361,0.21,0.2075,1,617694
41854821,0.22,0.2175,1,617694
41856281,0.19,0.1955,1,617721
41857741,0.2,0.1991,1,617721
41859201,0.19,0.19182,1,617749
41860661,0.2,0.198364,1,617749
41862121,0.23,0.223673,1,617785
41863581,0.24,0.236735,1,617785
41865041,0.25,0.247347,1,617805
41866501,0.26,0.257469,1,617805
41867961,0.27,0.267494,1,617839
41869421,0.28,0.277499,1,617839
41870881,0.25,0.2555,1,617874
41872341,0.26,0.2591,1,617874
41873801,0.25,0.25182,1,617876
41875261,0.26,0.258364,1,617876
41876721,0.29,0.283673,1,617927
41878181,0.3,0.296735,1,617927
41879641,0.31,0.307347,1,617957
41881101,0.32,0.317469,1,617957
41882561,0.33,0.327494,1,618000
41884021,0.34,0.337499,1,618000
41885481,0.39,0.3795,1,618025
41886941,0.4,0.3959,1,618025
41888401,0.39,0.39118,1,618084
41889861,0.4,0.398236,1,618084
41891321,0.41,0.407647,1,618125
41892781,0.42,0.417529,1,618125
41894241,0.41,0.411506,1,618151
41895701,0.42,0.418301,1,618151
41897161,0.43,0.42766,1,618179
41898621,0.44,0.437532,1,618179
41900081,0.43,0.431506,1,618217
41901541,0.44,0.438301,1,618217
41903001,0.41,0.41566,1,618238
41904461,0.42,0.419132,1,618238
41905921,0.41,0.411826,1,618273
41907381,0.42,0.418365,1,618273
41908841,0.43,0.427673,1,618307
41910301,0.44,0.437535,1,618307
41911761,0.43,0.431507,1,618309
41913221,0.44,0.438301,1,618309
41914681,0.41,0.41566,1,618362
41916141,0.42,0.419132,1,618362
41917601,0.43,0.427826,1,618393
41919061,0.44,0.437565,1,618393
41920521,0.44,0.439513,1,618393
41921981,0.49,0.479903,1,618437
41923441,0.5,0.495981,1,618437
41924901,0.53,0.523196,1,618465
41926361,0.54,0.536639,1,618465
41927821,0.57,0.563328,1,618524
41929281,0.58,0.576666,1,618524
41930741,0.57,0.571333,1,618566
41932201,0.58,0.578267,1,618566
41933661,0.57,0.571653,1,618592
41935121,0.58,0.578331,1,618592
41936581,0.59,0.587666,1,618621
41938041,0.6,0.597533,1,618621
41939501,0.59,0.591507,1,618659
41940961,0.6,0.598301,1,618659
41942421,0.61,0.60766,1,618679
41943881,0.62,0.617532,1,618679
41945341,0.59,0.595506,1,618714
41946801,0.6,0.599101,1,618714
41948261,0.57,0.57582,1,618749
41949721,0.58,0.579164,1,618749
41951181,0.57,0.571833,1,618751
41952641,0.58,0.578367,1,618751
41954101,0.57,0.571673,1,618803
41955561,0.58,0.578335,1,618803
41957021,0.65,0.635667,1,618835
41958481,0.66,0.655133,1,618835
41959941,0.65,0.651027,1,618837
41961401,0.66,0.658205,1,618837
41962861,0.65,0.651641,1,618883
41964321,0.66,0.658328,1,618883
41965781,0.67,0.667666,1,618913
41967241,0.68,0.677533,1,618913
41968701,0.73,0.719507,1,618974
41970161,0.74,0.735901,1,618974
41971621,0.75,0.74718,1,619016
41973081,0.76,0.757436,2,619016
41974541,0.75,0.751487,2,619042
41976001,0.76,0.758297,2,619042
41977461,0.75,0.751659,2,619072
41978921,0.76,0.758332,2,619072
41980381,0.75,0.751666,2,619110
41981841,0.76,0.758333,2,619110
41983301,0.77,0.767667,2,619131
41984761,0.78,0.777533,2,619131
41986221,0.77,0.771507,2,619165
41987681,0.78,0.778301,2,619165
41989141,0.79,0.78766,2,619199
41990601,0.8,0.797532,2,619199
41992061,0.79,0.791506,2,619201
41993521,0.8,0.798301,2,619201
41994981,0.81,0.80766,2,619253
41996441,0.82,0.817532,2,619253
41997901,0.83,0.827506,2,619289
41999361,0.84,0.837501,2,619289
42000821,0.83,0.8315,2,619291
42002281,0.84,0.8383,2,619291
42003741,0.83,0.83166,2,619337
42005201,0.84,0.838332,2,619337
42006661,0.84,0.839666,2,619337
42008121,0.89,0.879933,2,619368
42009581,0.9,0.895987,2,619368
42011041,0.93,0.923197,2,619432
42012501,0.94,0.93664,2,619432
42013961,0.95,0.947328,2,619475
42016881,0.95,0.95,2,619501
42019801,0.95,0.95,2,619531
42022721,0.95,0.95,2,619569
42167261,0.91,0.91,2,621176
42168721,0.92,0.918,2,621176
42176021,0.95,0.95,2,621259
42181861,0.78,0.78,2,621359
42183321,0.79,0.788,2,621359
42184781,0.79,0.7896,2,621393
42186241,0.8,0.79792,2,621393
42187701,0.8,0.799584,2,621393
42189161,0.77,0.775917,2,621424
42190621,0.78,0.779183,2,621424
42192081,0.53,0.579837,1,621458
42193541,0.54,0.547967,1,621458
42195001,0.45,0.469593,1,621492
42196461,0.46,0.461919,1,621492
42197921,0.37,0.388384,1,621523
42199381,0.38,0.381677,1,621523
42200841,0.25,0.276335,1,621550
42202301,0.26,0.263267,1,621550
42203761,0.17,0.188653,1,621584
42205221,0.18,0.181731,1,621584
42206681,0.15,0.156346,1,621614
42208141,0.16,0.159269,1,621614
42209601,0.17,0.167854,1,621632
42211061,0.18,0.177571,1,621632
42212521,0.11,0.123514,1,621656
42213981,0.12,0.120703,1,621656
42215441,0.09,0.0961406,1,621689
42216901,0.1,0.0992281,1,621689
42218361,0.03,0.0438456,1,621704
42219821,0.04,0.0407691,1,621704
42221281,0.03,0.0321538,1,621732
42222741,0.04,0.0384308,1,621732
42224201,0.09,0.0796862,1,621788
42225661,0.1,0.0959372,1,621788
42227121,0.01,0.0271874,1,621822
42228581,0.02,0.0214375,1,621822
42230041,0,0.0042875,1,621854
42231501,0,0.000857499,1,621854
42232961,0.09,0.0721715,1,621883
42234421,0.1,0.0944343,1,621883
42235881,0.07,0.0748869,1,621905
42237341,0.08,0.0789774,1,621905
42238801,0.07,0.0717955,1,621935
42240261,0.08,0.0783591,1,621935
42241721,0.17,0.151672,1,621962
42243181,0.18,0.174334,1,621962
42244641,0.19,0.186867,1,621983
42246101,0.2,0.197373,1,621983
42247561,0.11,0.127475,1,622013
42249021,0.12,0.121495,1,622013
42250481,0.15,0.144299,1,622042
42251941,0.16,0.15686,1,622042
42253401,0.15,0.151372,1,622061
42254861,0.16,0.158274,1,622061
42256321,0.13,0.135655,1,622082
42257781,0.14,0.139131,1,622082
42259241,0.09,0.0998262,1,622114
42260701,0.1,0.0999652,1,622114
42262161,0.09,0.091993,1,622126
42263621,0.1,0.0983986,1,622126
42265081,0.05,0.0596797,1,622154
42266541,0.06,0.0599359,1,622154
42268001,0.03,0.0359872,1,622213
42269461,0.04,0.0391974,1,622213
42270921,0.03,0.0318395,1,622243
42272381,0.04,0.0383679,1,622243
42273841,0.07,0.0636736,1,622275
42275301,0.08,0.0767347,1,622275
42276761,0.03,0.0393469,1,622308
42278221,0.04,0.0398694,1,622308
42279681,0.04,0.0399739,1,622308
42281141,0.09,0.0799948,1,622329
42282601,0.1,0.095999,1,622329
42284061,0.05,0.0591998,1,622359
42285521,0.06,0.05984,1,622359
42286981,0.11,0.099968,1,622391
42288441,0.12,0.115994,1,622391
42289901,0.11,0.111199,1,622413
42291361,0.12,0.11824,1,622413
42292821,0.11,0.111648,1,622439
42294281,0.12,0.11833,1,622439
42295741,0.13,0.127666,1,622470
42297201,0.14,0.137533,1,622470
42298661,0.11,0.115507,1,622489
42300121,0.12,0.119101,1,622489
42301581,0.11,0.11182,1,622509
42303041,0.12,0.118364,1,622509
42304501,0.11,0.111673,1,622539
42305961,0.12,0.118335,1,622539
42307421,0.13,0.127667,1,622551
42308881,0.14,0.137533,1,622551
42310341,0.13,0.131507,1,622577
42311801,0.14,0.138301,1,622577
42313261,0.07,0.0836603,1,622635
42314721,0.08,0.0807321,1,622635
42316181,0.07,0.0721464,1,622665
42317641,0.08,0.0784293,1,622665
42319101,0.11,0.103686,1,622699
42320561,0.12,0.116737,1,622699
42322021,0.09,0.0953474,1,622730
42323481,0.1,0.0990695,1,622730
42324941,0.09,0.0918139,1,622732
42326401,0.1,0.0983628,1,622732
42327861,0.13,0.123673,1,622755
42329321,0.14,0.136735,1,622755
42330781,0.17,0.163347,1,622783
42332241,0.18,0.176669,1,622783
42333701,0.15,0.155334,1,622818
42335161,0.16,0.159067,1,622818
42336621,0.19,0.183813,1,622840
42338081,0.2,0.196763,1,622840
42339541,0.21,0.207353,1,622866
42341001,0.22,0.217471,1,622866
42342461,0.21,0.211494,1,622898
42343921,0.22,0.218299,1,622898
42345381,0.23,0.22766,1,622916
42346841,0.24,0.237532,1,622916
42348301,0.23,0.231506,1,622936
42349761,0.24,0.238301,1,622936
42351221,0.25,0.24766,1,622966
42352681,0.26,0.257532,1,622966
42354141,0.27,0.267506,1,622979
42355601,0.28,0.277501,1,622979
42357061,0.29,0.2875,1,623005
42358521,0.3,0.2975,1,623005
42359981,0.27,0.2755,1,623060
42361441,0.28,0.2791,1,623060
42362901,0.29,0.28782,1,623090
42364361,0.3,0.297564,1,623090
42365821,0.33,0.323513,1,623126
42367281,0.34,0.336703,1,623126
42368741,0.33,0.331341,1,623156
42370201,0.34,0.338268,1,623156
42371661,0.33,0.331654,1,623158
42373121,0.34,0.338331,1,623158
42374581,0.33,0.331666,1,623183
42376041,0.34,0.338333,1,623183
42377501,0.34,0.339667,1,623183
42378961,0.41,0.395933,1,623213
42380421,0.42,0.415187,1,623213
42381881,0.47,0.459037,1,623247
42383341,0.48,0.475807,1,623247
42384801,0.47,0.471162,1,623271
42386261,0.48,0.478232,1,623271
42387721,0.45,0.455646,1,623298
42389181,0.46,0.459129,1,623298
42390641,0.47,0.467826,1,623330
42392101,0.48,0.477565,1,623330
42393561,0.45,0.455513,1,623349
42395021,0.46,0.459103,1,623349
42396481,0.45,0.451821,1,623369
42397941,0.46,0.458364,1,623369
42399401,0.47,0.467673,1,623400
42400861,0.48,0.477535,1,623400
42402321,0.47,0.471507,1,623414
42403781,0.48,0.478301,1,623414
42405241,0.51,0.50366,1,623441
42406701,0.52,0.516732,1,623441
42408161,0.53,0.527346,1,623495
42409621,0.54,0.537469,1,623495
42411081,0.51,0.515494,1,623526
42412541,0.52,0.519099,1,623526
42414001,0.51,0.51182,1,623564
42415461,0.52,0.518364,1,623564
42416921,0.55,0.543673,1,623594
42418381,0.56,0.556735,1,623594
42419841,0.55,0.551347,1,623596
42421301,0.56,0.558269,1,623596
42422761,0.57,0.567654,1,623621
42424221,0.58,0.577531,1,623621
42425681,0.55,0.555506,1,623654
42427141,0.56,0.559101,1,623654
42428601,0.61,0.59982,1,623691
42430061,0.62,0.615964,1,623691
42431521,0.63,0.627193,1,623715
42432981,0.64,0.637439,1,623715
42434441,0.65,0.647488,1,623741
42435901,0.66,0.657498,1,623741
42437361,0.63,0.6355,1,623774
42438821,0.64,0.6391,1,623774
42440281,0.65,0.64782,1,623792
42441741,0.66,0.657564,1,623792
42443201,0.67,0.667513,1,623812
42444661,0.68,0.677503,1,623812
42446121,0.69,0.687501,1,623844
42447581,0.7,0.6975,1,623844
42449041,0.69,0.6915,1,623858
42450501,0.7,0.6983,1,623858
42451961,0.67,0.67566,1,623887
42453421,0.68,0.679132,1,623887
42454881,0.71,0.703826,1,623942
42456341,0.72,0.716765,1,623942
42457801,0.73,0.727353,1,623972
42459261,0.74,0.737471,1,623972
42460721,0.73,0.731494,1,624010
42462181,0.74,0.738299,1,624010
42463641,0.71,0.71566,1,624042
42465101,0.72,0.719132,1,624042
42466561,0.71,0.711826,1,624044
42468021,0.72,0.718365,1,624044
42469481,0.71,0.711673,1,624070
42470941,0.72,0.718335,1,624070
42472401,0.73,0.727667,1,624102
42473861,0.74,0.737533,1,624102
42475321,0.69,0.699507,1,624142
42476781,0.7,0.699901,1,624142
42478241,0.7,0.69998,1,624142
42479701,0.73,0.723996,1,624167
42481161,0.74,0.736799,1,624167
42482621,0.75,0.74736,1,624194
42484081,0.76,0.757472,2,624194
42485541,0.79,0.783494,2,624226
42487001,0.8,0.796699,2,624226
42488461,0.81,0.80734,2,624245
42489921,0.82,0.817468,2,624245
42491381,0.83,0.827494,2,624266
42492841,0.84,0.837499,2,624266
42494301,0.85,0.8475,2,624299
42495761,0.86,0.8575,2,624299
42497221,0.85,0.8515,2,624313
42498681,0.86,0.8583,2,624313
42500141,0.85,0.85166,2,624341
42501601,0.86,0.858332,2,624341
42503061,0.85,0.851666,2,624398
42504521,0.86,0.858333,2,624398
42505981,0.85,0.851667,2,624429
42507441,0.86,0.858333,2,624429
42508901,0.85,0.851667,2,624467
42510361,0.86,0.858333,2,624467
42511821,0.87,0.867667,2,624498
42513281,0.88,0.877533,2,624498
42514741,0.87,0.871507,2,624500
42516201,0.88,0.878301,2,624500
42517661,0.89,0.88766,2,624526
42519121,0.9,0.897532,2,624526
42520581,0.89,0.891506,2,624559
42522041,0.9,0.898301,2,624559
42523501,0.89,0.89166,2,624597
42524961,0.9,0.898332,2,624597
42526421,0.89,0.891666,2,624599
42527881,0.9,0.898333,2,624599
42529341,0.95,0.939667,2,624625
42532261,0.95,0.95,2,624653
42535181,0.95,0.95,2,624687
42676801,0.94,0.94,2,626037
42678261,0.95,0.948,2,626037
42697241,0.89,0.89,2,626330
42698701,0.85,0.858,2,626363
42700161,0.63,0.6756,1,626401
42701621,0.61,0.62312,1,626417
42703081,0.35,0.404624,1,626476
42704541,0.19,0.232925,1,626503
42706001,0.11,0.134585,1,626519
42707461,0.05,0.066917,1,626536
42708921,0.01,0.0213834,1,626592
42710381,0.01,0.0122767,1,626607
42711841,0.03,0.0264553,1,626620
42713301,0.01,0.0132911,1,626628
42714761,0.05,0.0426582,1,626632
42716221,0.01,0.0165316,1,626644
42717681,0.07,0.0593063,1,626717
42719141,0.08,0.0758613,1,626717
42720601,0.07,0.0711723,1,626795
42722061,0.08,0.0782345,1,626795
42723521,0.09,0.0876469,1,626853
42724981,0.1,0.0975294,1,626853
42726441,0.07,0.0755059,1,626914
42727901,0.08,0.0791012,1,626914
42729361,0.05,0.0558202,1,626945
42730821,0.06,0.059164,1,626945
42732281,0.05,0.0518328,1,627013
42733741,0.06,0.0583666,1,627013
42735201,0.09,0.0836733,1,627042
42736661,0.1,0.0967347,1,627042
42738121,0.07,0.0753469,1,627055
42739581,0.08,0.0790694,1,627055
42741041,0.11,0.103814,1,627141
42742501,0.12,0.116763,1,627141
42743961,0.05,0.0633526,1,627219
42745421,0.06,0.0606705,1,627219
42746881,0.09,0.0841341,1,627278
42748341,0.1,0.0968268,1,627278
42749801,0.13,0.123365,1,627338
42751261,0.14,0.136673,1,627338
42752721,0.13,0.131335,1,627368
42754181,0.14,0.138267,1,627368
42755641,0.01,0.0356534,1,627436
42757101,0.02,0.0231307,1,627436
42758561,0.05,0.0446261,1,627467
42760021,0.06,0.0569252,1,627467
42761481,0.07,0.067385,1,627479
42762941,0.08,0.077477,1,627479
42764401,0.05,0.0554954,1,627567
42765861,0.06,0.0590991,1,627567
42767321,0.06,0.0598198,1,627567
42768781,0.09,0.083964,1,627642
42770241,0.1,0.0967928,1,627642
42771701,0.19,0.171359,1,627703
42773161,0.2,0.194272,1,627703
42774621,0.23,0.222854,1,627765
42776081,0.24,0.236571,1,627765
42777541,0.23,0.231314,1,627795
42779001,0.24,0.238263,1,627795
42780461,0.21,0.215653,1,627857
42781921,0.22,0.219131,1,627857
42783381,0.15,0.163826,1,627890
42784841,0.16,0.160765,1,627890
42786301,0.13,0.136153,1,627903
42787761,0.14,0.139231,1,627903
42789221,0.11,0.115846,1,627990
42790681,0.12,0.119169,1,627990
42792141,0.11,0.111834,1,627992
42793601,0.12,0.118367,1,627992
42795061,0.17,0.159673,1,628068
42796521,0.18,0.175935,1,628068
42797981,0.25,0.235187,1,628134
42799441,0.26,0.255037,1,628134
42800901,0.27,0.267007,1,628198
42802361,0.28,0.277401,1,628198
42803821,0.27,0.27148,1,628228
42805281,0.28,0.278296,1,628228
42806741,0.27,0.271659,1,628289
42808201,0.28,0.278332,1,628289
42809661,0.27,0.271666,1,628319
42811121,0.28,0.278333,1,628319
42812581,0.27,0.271667,1,628331
42814041,0.28,0.278333,1,628331
42815501,0.31,0.303667,1,628417
42816961,0.32,0.316733,1,628417
42818421,0.31,0.311347,1,628419
42819881,0.32,0.318269,1,628419
42821341,0.31,0.311654,1,628498
42822801,0.32,0.318331,1,628498
42824261,0.32,0.319666,1,628498
42825721,0.39,0.375933,1,628568
42827181,0.4,0.395187,1,628568
42828641,0.37,0.375037,1,628633
42830101,0.38,0.379007,1,628633
42831561,0.39,0.387801,1,628663
42833021,0.4,0.39756,1,628663
42834481,0.39,0.391512,1,628724
42835941,0.4,0.398302,1,628724
42837401,0.39,0.39166,1,628754
42838861,0.4,0.398332,1,628754
42840321,0.39,0.391666,1,628766
42841781,0.4,0.398333,1,628766
42843241,0.43,0.423667,1,628854
42844701,0.44,0.436733,1,628854
42846161,0.43,0.431347,1,628856
42847621,0.44,0.438269,1,628856
42849081,0.47,0.463654,1,628935
42850541,0.48,0.476731,1,628935
42852001,0.49,0.487346,1,629008
42853461,0.5,0.497469,1,629008
42854921,0.55,0.539494,1,629072
42856381,0.56,0.555899,1,629072
42857841,0.53,0.53518,1,629103
42859301,0.54,0.539036,1,629103
42860761,0.55,0.547807,1,629164
42862221,0.56,0.557561,1,629164
42863681,0.57,0.567512,1,629194
42865141,0.58,0.577502,1,629194
42866601,0.57,0.571501,1,629206
42868061,0.58,0.5783,1,629206
42869521,0.59,0.58766,1,629296
42870981,0.6,0.597532,1,629296
42872441,0.59,0.591506,1,629298
42873901,0.6,0.598301,1,629298
42875361,0.67,0.65566,1,629379
42876821,0.68,0.675132,1,629379
42878281,0.65,0.655026,1,629453
42879741,0.66,0.659005,1,629453
42881201,0.66,0.659801,1,629453
42882661,0.77,0.74796,1,629520
42884121,0.78,0.773592,2,629520
42885581,0.79,0.786718,2,629550
42887041,0.8,0.797344,2,629550
42888501,0.83,0.823469,2,629612
42889961,0.84,0.836694,2,629612
42891421,0.85,0.847339,2,629643
42892881,0.86,0.857468,2,629643
42894341,0.85,0.851494,2,629655
42895801,0.86,0.858299,2,629655
42897261,0.85,0.85166,2,629746
42898721,0.86,0.858332,2,629746
42900181,0.85,0.851666,2,629748
42901641,0.86,0.858333,2,629748
42903101,0.93,0.915667,2,629833
42904561,0.94,0.935133,2,629833
42906021,0.91,0.915027,2,629906
42907481,0.92,0.919005,2,629906
42908941,0.91,0.911801,2,629908
42910401,0.92,0.91836,2,629908
43025741,0.89,0.89,2,631790
43027201,0.9,0.898,2,631790
43028661,0.79,0.8116,2,631825
43030121,0.8,0.80232,2,631825
43031581,0.73,0.744464,1,631892
43033041,0.74,0.740893,1,631892
43034501,0.67,0.684179,1,631910
43035961,0.68,0.680836,1,631910
43037421,0.61,0.624167,1,631944
43038881,0.62,0.620833,1,631944
43040341,0.49,0.516167,1,631990
43041801,0.5,0.503233,1,631990
43043261,0.51,0.508647,1,632037
43044721,0.52,0.517729,1,632037
43046181,0.51,0.511546,1,632069
43047641,0.52,0.518309,1,632069
43049101,0.45,0.463662,1,632139
43050561,0.46,0.460732,1,632139
43052021,0.31,0.340146,1,632176
43053481,0.32,0.324029,1,632176
43054941,0.45,0.424806,1,632197
43056401,0.46,0.452961,1,632197
43057861,0.47,0.466592,1,632256
43059321,0.48,0.477318,1,632256
43060781,0.51,0.503464,1,632286
43062241,0.52,0.516693,1,632286
43063701,0.49,0.495339,1,632350
43065161,0.5,0.499068,1,632350
43066621,0.47,0.475814,1,632365
43068081,0.48,0.479163,1,632365
43069541,0.45,0.455833,1,632396
43071001,0.46,0.459166,1,632396
43072461,0.47,0.467833,1,632436
43073921,0.48,0.477567,1,632436
43075381,0.48,0.479513,1,632436
43076841,0.51,0.503903,1,632484
43078301,0.52,0.516781,1,632484
43079761,0.49,0.495356,1,632516
43081221,0.5,0.499071,1,632516
43082681,0.53,0.523814,1,632583
43084141,0.54,0.536763,1,632583
43085601,0.53,0.531353,1,632613
43087061,0.54,0.538271,1,632613
43088521,0.53,0.531654,1,632641
43089981,0.54,0.538331,1,632641
43091441,0.49,0.499666,1,632701
43092901,0.5,0.499933,1,632701
43094361,0.51,0.507987,1,632733
43095821,0.52,0.517597,1,632733
43097281,0.57,0.559519,1,632796
43098741,0.58,0.575904,1,632796
43100201,0.57,0.571181,1,632810
43101661,0.58,0.578236,1,632810
43103121,0.57,0.571647,1,632840
43104581,0.58,0.578329,1,632840
43106041,0.59,0.587666,1,632881
43107501,0.6,0.597533,1,632881
43108961,0.63,0.623507,1,632930
43110421,0.64,0.636701,1,632930
43111881,0.65,0.64734,1,632961
43113341,0.66,0.657468,1,632961
43114801,0.71,0.699494,1,633030
43116261,0.72,0.715899,1,633030
43117721,0.71,0.71118,1,633060
43119181,0.72,0.718236,1,633060
43120641,0.73,0.727647,1,633088
43122101,0.74,0.737529,1,633088
43123561,0.77,0.763506,2,633146
43125021,0.78,0.776701,2,633146
43126481,0.75,0.75534,2,633179
43127941,0.76,0.759068,2,633179
43129401,0.81,0.799814,2,633245
43130861,0.82,0.815963,2,633245
43132321,0.81,0.811193,2,633259
43133781,0.82,0.818238,2,633259
43135241,0.83,0.827648,2,633289
43136701,0.84,0.83753,2,633289
43138161,0.87,0.863506,2,633331
43139621,0.88,0.876701,2,633331
43141081,0.87,0.87134,2,633382
43142541,0.88,0.878268,2,633382
43144001,0.89,0.887654,2,633414
43145461,0.9,0.897531,2,633414
43146921,0.9,0.899506,2,633414
43148381,0.93,0.923901,2,633486
43149841,0.94,0.93678,2,633486
43151301,0.95,0.947356,2,633516
43355701,0.89,0.89,2,636229
43357161,0.9,0.898,2,636229
43358621,0.85,0.8596,2,636286
43360081,0.86,0.85992,2,636286
43361541,0.75,0.771984,2,636316
43363001,0.76,0.762397,2,636316
43364461,0.71,0.720479,1,636347
43365921,0.72,0.720096,1,636347
43367381,0.51,0.552019,1,636394
43368841,0.52,0.526404,1,636394
43370301,0.43,0.449281,1,636432
43371761,0.44,0.441856,1,636432
43373221,0.27,0.304371,1,636459
43374681,0.28,0.284874,1,636459
43376141,0.28,0.280975,1,636459
43377601,0.11,0.144195,1,636487
43379061,0.12,0.124839,1,636487
43380521,0.03,0.0489678,1,636524
43381981,0.04,0.0417936,1,636524
43383441,0,0.00835871,1,636587
43384901,0,0.00167174,1,636587
43386361,0.03,0.0243343,1,636621
43387821,0.04,0.0368669,1,636621
43389281,0.09,0.0793734,1,636656
43390741,0.1,0.0958747,1,636656
43392201,0.11,0.107175,1,636686
43393661,0.12,0.117435,1,636686
43395121,0.05,0.063487,1,636704
43396581,0.06,0.0606974,1,636704
43398041,0.01,0.0201395,1,636750
43399501,0.02,0.0200279,1,636750
43400961,0.03,0.0280056,1,636775
43402421,0.04,0.0376011,1,636775
43403881,0.03,0.0315202,1,636804
43405341,0.04,0.038304,1,636804
43406801,0.03,0.0316608,1,636841
43408261,0.04,0.0383322,1,636841
43409721,0.03,0.0316664,1,636875
43411181,0.04,0.0383333,1,636875
43412641,0.03,0.0316667,1,636894
43414101,0.04,0.0383333,1,636894
43415561,0.07,0.0636667,1,636913
43417021,0.08,0.0767333,1,636913
43418481,0.05,0.0553467,1,636946
43419941,0.06,0.0590693,1,636946
43421401,0,0.0118139,1,637008
43422861,0,0.00236277,1,637008
43424321,0.01,0.00847255,1,637043
43425781,0.02,0.0176945,1,637043
43427241,0.03,0.0275389,1,637081
43428701,0.04,0.0375078,1,637081
43430161,0.03,0.0315016,1,637112
43431621,0.04,0.0383003,1,637112
43433081,0.09,0.0796601,1,637127
43434541,0.1,0.095932,1,637127
43436001,0.03,0.0431864,1,637171
43437461,0.04,0.0406373,1,637171
43438921,0.11,0.0961275,1,637197
43440381,0.12,0.115225,1,637197
43441841,0.07,0.0790451,1,637226
43443301,0.08,0.079809,1,637226
43444761,0.07,0.0719618,1,637263
43446221,0.08,0.0783924,1,637263
43447681,0.11,0.103678,1,637297
43449141,0.12,0.116736,1,637297
43450601,0.15,0.143347,1,637316
43452061,0.16,0.156669,1,637316
43453521,0.13,0.135334,1,637337
43454981,0.14,0.139067,1,637337
43456441,0.13,0.131813,1,637369
43457901,0.14,0.138363,1,637369
43459361,0.14,0.139673,1,637369
43460821,0.03,0.0519345,1,637429
43462281,0.04,0.0423869,1,637429
43463741,0.05,0.0484774,1,637464
43465201,0.06,0.0576955,1,637464
43466661,0.03,0.0355391,1,637503
43468121,0.04,0.0391078,1,637503
43469581,0.07,0.0638216,1,637534
43471041,0.08,0.0767643,1,637534
43472501,0.07,0.0713529,1,637552
43473961,0.08,0.0782706,1,637552
43475421,0.03,0.0396541,1,637593
43476881,0.04,0.0399308,1,637593
43478341,0.03,0.0319862,1,637623
43479801,0.04,0.0383972,1,637623
43481261,0.03,0.0316794,1,637650
43482721,0.04,0.0383359,1,637650
43484181,0.07,0.0636672,1,637687
43485641,0.08,0.0767334,1,637687
43487101,0.11,0.103347,1,637723
43488561,0.12,0.116669,1,637723
43490021,0.11,0.111334,1,637744
43491481,0.12,0.118267,1,637744
43492941,0.11,0.111653,1,637764
43494401,0.12,0.118331,1,637764
43495861,0.11,0.111666,1,637796
43497321,0.12,0.118333,1,637796
43498781,0.11,0.111667,1,637798
43500241,0.12,0.118333,1,637798
43501701,0.13,0.127667,1,637852
43503161,0.14,0.137533,1,637852
43504621,0.07,0.0835067,1,637888
43506081,0.08,0.0807013,1,637888
43507541,0.03,0.0401403,1,637926
43509001,0.04,0.0400281,1,637926
43510461,0.01,0.0160056,1,637959
43511921,0.02,0.0192011,1,637959
43513381,0.01,0.0118402,1,637977
43514841,0.02,0.018368,1,637977
43516301,0.01,0.0116736,1,638016
43517761,0.02,0.0183347,1,638016
43519221,0.01,0.0116669,1,638046
43520681,0.02,0.0183334,1,638046
43522141,0.01,0.0116667,1,638073
43523601,0.02,0.0183333,1,638073
43525061,0.03,0.0276667,1,638112
43526521,0.04,0.0375333,1,638112
43527981,0.03,0.0315067,1,638150
43529441,0.04,0.0383013,1,638150
43530901,0.01,0.0156603,1,638171
43532361,0.02,0.0191321,1,638171
43533821,0.01,0.0118264,1,638191
43535281,0.02,0.0183653,1,638191
43536741,0.01,0.0116731,1,638223
43538201,0.02,0.0183346,1,638223
43539661,0.01,0.0116669,1,638225
43541121,0.02,0.0183334,1,638225
43542581,0.02,0.0196667,1,638225
43544041,0.03,0.0279333,1,638280
43545501,0.04,0.0375867,1,638280
43546961,0.05,0.0475173,1,638313
43548421,0.06,0.0575035,1,638313
43549881,0.07,0.0675007,1,638349
43551341,0.08,0.0775001,1,638349
43552801,0.03,0.0395,1,638381
43554261,0.04,0.0399,1,638381
43555721,0.03,0.03198,1,638399
43557181,0.04,0.038396,1,638399
43558641,0.09,0.0796792,1,638438
43560101,0.1,0.0959358,1,638438
43561561,0.11,0.107187,1,638468
43563021,0.12,0.117437,1,638468
43564481,0.09,0.0954875,1,638495
43565941,0.1,0.0990975,1,638495
43567401,0.11,0.10782,1,638535
43568861,0.12,0.117564,1,638535
43570321,0.07,0.0795128,1,638573
43571781,0.08,0.0799026,1,638573
43573241,0.07,0.0719805,1,638593
43574701,0.08,0.0783961,1,638593
43576161,0.07,0.0716792,1,638613
43577621,0.08,0.0783358,1,638613
43579081,0.13,0.119667,1,638645
43580541,0.14,0.135933,1,638645
43582001,0.13,0.131187,1,638647
43583461,0.14,0.138237,1,638647
43584921,0.17,0.163647,1,638702
43586381,0.18,0.176729,1,638702
43587841,0.17,0.171346,1,638736
43589301,0.18,0.178269,1,638736
43590761,0.23,0.219654,1,638773
43592221,0.24,0.235931,1,638773
43593681,0.25,0.247186,1,638803
43595141,0.26,0.257437,1,638803
43596601,0.25,0.251487,1,638821
43598061,0.26,0.258297,1,638821
43599521,0.29,0.28366,1,638863
43600981,0.3,0.296732,1,638863
43602441,0.27,0.275346,1,638894
43603901,0.28,0.279069,1,638894
43605361,0.27,0.271814,1,638920
43606821,0.28,0.278363,1,638920
43608281,0.29,0.287673,1,638961
43609741,0.3,0.297535,1,638961
43611201,0.31,0.307507,1,638997
43612661,0.32,0.317501,1,638997
43614121,0.31,0.3115,1,639017
43615581,0.32,0.3183,1,639017
43617041,0.37,0.35966,1,639037
43618501,0.38,0.375932,1,639037
43619961,0.43,0.419186,1,639072
43621421,0.44,0.435837,1,639072
43622881,0.43,0.431167,1,639074
43624341,0.44,0.438233,1,639074
43625801,0.45,0.447647,1,639131
43627261,0.46,0.457529,1,639131
43628721,0.45,0.451506,1,639165
43630181,0.46,0.458301,1,639165
43631641,0.46,0.45966,1,639165
43633101,0.47,0.467932,1,639205
43634561,0.48,0.477586,1,639205
43636021,0.47,0.471517,1,639236
43637481,0.48,0.478303,1,639236
43638941,0.49,0.487661,1,639254
43640401,0.5,0.497532,1,639254
43641861,0.49,0.491506,1,639298
43643321,0.5,0.498301,1,639298
43644781,0.51,0.50766,1,639328
43646241,0.52,0.517532,1,639328
43647701,0.51,0.511506,1,639354
43649161,0.52,0.518301,1,639354
43650621,0.55,0.54366,1,639396
43652081,0.56,0.556732,1,639396
43653541,0.59,0.583346,1,639433
43655001,0.6,0.596669,1,639433
43656461,0.59,0.591334,1,639453
43657921,0.6,0.598267,1,639453
43659381,0.61,0.607653,1,639476
43660841,0.62,0.617531,1,639476
43662301,0.63,0.627506,1,639514
43663761,0.64,0.637501,1,639514
43665221,0.63,0.6315,1,639516
43666681,0.64,0.6383,1,639516
43668141,0.69,0.67966,1,639574
43669601,0.7,0.695932,1,639574
43671061,0.69,0.691186,1,639608
43672521,0.7,0.698237,1,639608
43673981,0.69,0.691647,1,639610
43675441,0.7,0.698329,1,639610
43676901,0.69,0.691666,1,639650
43678361,0.7,0.698333,1,639650
43679821,0.69,0.691667,1,639681
43681281,0.7,0.698333,1,639681
43682741,0.69,0.691667,1,639700
43684201,0.7,0.698333,1,639700
43685661,0.71,0.707667,1,639744
43687121,0.72,0.717533,1,639744
43688581,0.71,0.711507,1,639775
43690041,0.72,0.718301,1,639775
43691501,0.71,0.71166,1,639801
43692961,0.72,0.718332,1,639801
43694421,0.71,0.711666,1,639845
43695881,0.72,0.718333,1,639845
43697341,0.75,0.743667,1,639884
43698801,0.76,0.756733,2,639884
43700261,0.75,0.751347,2,639904
43701721,0.76,0.758269,2,639904
43703181,0.75,0.751654,2,639928
43704641,0.76,0.758331,2,639928
43706101,0.77,0.767666,2,639967
43707561,0.78,0.777533,2,639967
43709021,0.77,0.771507,2,639969
43710481,0.78,0.778301,2,639969
43711941,0.73,0.73966,1,640030
43713401,0.74,0.739932,1,640030
43714861,0.75,0.747986,1,640064
43716321,0.76,0.757597,2,640064
43717781,0.75,0.751519,2,640066
43719241,0.76,0.758304,2,640066
43720701,0.75,0.751661,2,640106
43722161,0.76,0.758332,2,640106
43723621,0.76,0.759666,2,640106
43725081,0.75,0.751933,2,640137
43726541,0.76,0.758387,2,640137
43728001,0.77,0.767677,2,640156
43729461,0.78,0.777535,2,640156
43730921,0.81,0.803507,2,640201
43732381,0.82,0.816701,2,640201
43733841,0.79,0.79534,2,640232
43735301,0.8,0.799068,2,640232
43736761,0.81,0.807814,2,640258
43738221,0.82,0.817563,2,640258
43739681,0.83,0.827513,2,640302
43741141,0.84,0.837503,2,640302
43742601,0.85,0.8475,2,640343
43744061,0.86,0.8575,2,640343
43745521,0.85,0.8515,2,640363
43746981,0.86,0.8583,2,640363
43748441,0.85,0.85166,2,640387
43749901,0.86,0.858332,2,640387
43751361,0.87,0.867666,2,640427
43752821,0.88,0.877533,2,640427
43754281,0.87,0.871507,2,640429
43755741,0.88,0.878301,2,640429
43757201,0.85,0.85566,2,640488
43758661,0.86,0.859132,2,640488
43760121,0.91,0.899826,2,640523
43761581,0.92,0.915965,2,640523
43763041,0.91,0.911193,2,640525
43764501,0.92,0.918239,2,640525
43765961,0.93,0.927648,2,640565
43767421,0.94,0.93753,2,640565
43768881,0.93,0.931506,2,640595
43770341,0.94,0.938301,2,640595
43916341,0.87,0.87,2,642228
43917801,0.65,0.694,1,642297
43919261,0.55,0.5788,1,642331
43920721,0.53,0.53976,1,642363
43922181,0.43,0.451952,1,642381
43923641,0.31,0.33839,1,642427
43925101,0.19,0.219678,1,642455
43926561,0.23,0.227936,1,642481
43928021,0.17,0.181587,1,642510
43929481,0.11,0.124317,1,642549
43930941,0.21,0.192863,1,642565
43932401,0.09,0.110573,1,642573
43933861,0.05,0.0621145,1,642584
43935321,0.03,0.0364229,1,642601
43936781,0.09,0.0792846,1,642692
43938241,0.1,0.0958569,1,642692
43939701,0.13,0.123171,1,642779
43941161,0.14,0.136634,1,642779
43942621,0.09,0.0993269,1,642823
43944081,0.1,0.0998654,1,642823
43945541,0.11,0.107973,1,642885
43947001,0.12,0.117595,1,642885
43948461,0.21,0.191519,1,642939
43949921,0.22,0.214304,1,642939
43951381,0.25,0.242861,1,642996
43952841,0.26,0.256572,1,642996
43954301,0.29,0.283314,1,643007
43955761,0.3,0.296663,1,643007
43957221,0.29,0.291333,1,643117
43958681,0.3,0.298267,1,643117
43960141,0.33,0.323653,1,643206
43961601,0.34,0.336731,1,643206
43963061,0.33,0.331346,1,643248
43964521,0.34,0.338269,1,643248
43965981,0.33,0.331654,1,643311
43967441,0.34,0.338331,1,643311
43968901,0.35,0.347666,1,643370
43970361,0.36,0.357533,1,643370
43971821,0.39,0.383507,1,643429
43973281,0.4,0.396701,1,643429
43974741,0.43,0.42334,1,643442
43976201,0.44,0.436668,1,643442
43977661,0.41,0.415334,1,643552
43979121,0.42,0.419067,1,643552
43980581,0.42,0.419813,1,643552
43982041,0.47,0.459963,1,643643
43983501,0.48,0.475993,1,643643
43984961,0.49,0.487199,1,643685
43986421,0.5,0.49744,1,643685
43987881,0.47,0.475488,1,643748
43989341,0.48,0.479098,1,643748
43990801,0.53,0.51982,1,643808
43992261,0.54,0.535964,1,643808
43993721,0.55,0.547193,1,643869
43995181,0.56,0.557439,1,643869
43996641,0.57,0.567488,1,643884
43998101,0.58,0.577498,1,643884
43999561,0.59,0.5875,1,643993
44001021,0.6,0.5975,1,643993
44002481,0.59,0.5915,1,643995
44003941,0.6,0.5983,1,643995
44005401,0.63,0.62366,1,644088
44006861,0.64,0.636732,1,644088
44008321,0.61,0.615346,1,644131
44009781,0.62,0.619069,1,644131
44011241,0.63,0.627814,1,644193
44012701,0.64,0.637563,1,644193
44014161,0.71,0.695513,1,644256
44015621,0.72,0.715103,1,644256
44017081,0.71,0.71102,1,644318
44018541,0.72,0.718204,1,644318
44020001,0.67,0.679641,1,644334
44021461,0.68,0.679928,1,644334
44022921,0.75,0.735986,1,644444
44024381,0.76,0.755197,2,644444
44025841,0.75,0.751039,2,644446
44027301,0.76,0.758208,2,644446
44028761,0.81,0.799642,2,644541
44030221,0.82,0.815928,2,644541
44031681,0.82,0.819186,2,644541
44033141,0.83,0.827837,2,644583
44034601,0.84,0.837567,2,644583
44036061,0.89,0.879514,2,644646
44037521,0.9,0.895903,2,644646
44038981,0.89,0.891181,2,644713
44040441,0.9,0.898236,2,644713
44041901,0.91,0.907647,2,644775
44043361,0.92,0.917529,2,644775
44044821,0.91,0.911506,2,644789
44046281,0.92,0.918301,2,644789
44128041,0.95,0.95,2,646425
44136801,0.89,0.89,2,646561
44138261,0.9,0.898,2,646561
44139721,0.9,0.8996,2,646561
44141181,0.83,0.84392,2,646619
44142641,0.84,0.840784,2,646619
44144101,0.67,0.704157,1,646687
44145561,0.68,0.684831,1,646687
44147021,0.65,0.656966,1,646725
44148481,0.66,0.659393,1,646725
44149941,0.57,0.587879,1,646817
44151401,0.58,0.581576,1,646817
44152861,0.57,0.572315,1,646847
44154321,0.58,0.578463,1,646847
44155781,0.39,0.427693,1,646903
44157241,0.4,0.405539,1,646903
44158701,0.41,0.409108,1,646950
44160161,0.42,0.417822,1,646950
44161621,0.41,0.411564,1,646979
44163081,0.42,0.418313,1,646979
44164541,0.33,0.347663,1,647027
44166001,0.34,0.341533,1,647027
44167461,0.29,0.300307,1,647081
44168921,0.3,0.300061,1,647081
44170381,0.21,0.228012,1,647141
44171841,0.22,0.221602,1,647141
44173301,0.17,0.18032,1,647178
44174761,0.18,0.180064,1,647178
44176221,0.21,0.204013,1,647266
44177681,0.22,0.216803,1,647266
44179141,0.27,0.259361,1,647296
44180601,0.28,0.275872,1,647296
44182061,0.25,0.255174,1,647343
44183521,0.26,0.259035,1,647343
44184981,0.21,0.219807,1,647391
44186441,0.22,0.219961,1,647391
44187901,0.25,0.243992,1,647420
44189361,0.26,0.256798,1,647420
44190821,0.27,0.26736,1,647464
44192281,0.28,0.277472,1,647464
44193741,0.27,0.271494,1,647516
44195201,0.28,0.278299,1,647516
44196661,0.28,0.27966,1,647516
44198121,0.27,0.271932,1,647572
44199581,0.28,0.278386,1,647572
44201041,0.29,0.287677,1,647607
44202501,0.3,0.297535,1,647607
44203961,0.33,0.323507,1,647697
44205421,0.34,0.336701,1,647697
44206881,0.37,0.36334,1,647730
44208341,0.38,0.376668,1,647730
44209801,0.41,0.403334,1,647776
44211261,0.42,0.416667,1,647776
44212721,0.41,0.411333,1,647822
44214181,0.42,0.418267,1,647822
44215641,0.39,0.395653,1,647853
44217101,0.4,0.399131,1,647853
44218561,0.41,0.407826,1,647898
44220021,0.42,0.417565,1,647898
44221481,0.45,0.443513,1,647950
44222941,0.46,0.456703,1,647950
44224401,0.45,0.451341,1,647952
44225861,0.46,0.458268,1,647952
44227321,0.43,0.435654,1,648007
44228781,0.44,0.439131,1,648007
44230241,0.43,0.431826,1,648043
44231701,0.44,0.438365,1,648043
44233161,0.45,0.447673,1,648135
44234621,0.46,0.457535,1,648135
44236081,0.51,0.499507,1,648170
44237541,0.52,0.515901,1,648170
44239001,0.51,0.51118,1,648218
44240461,0.52,0.518236,1,648218
44241921,0.51,0.511647,1,648264
44243381,0.52,0.518329,1,648264
44244841,0.51,0.511666,1,648294
44246301,0.52,0.518333,1,648294
44247761,0.53,0.527667,1,648340
44249221,0.54,0.537533,1,648340
44250681,0.57,0.563507,1,648394
44252141,0.58,0.576701,1,648394
44253601,0.57,0.57134,1,648396
44255061,0.58,0.578268,1,648396
44256521,0.59,0.587654,1,648450
44257981,0.6,0.597531,1,648450
44259441,0.6,0.599506,1,648450
44260901,0.63,0.623901,1,648486
44262361,0.64,0.63678,1,648486
44263821,0.67,0.663356,1,648579
44265281,0.68,0.676671,1,648579
44266741,0.59,0.607334,1,648617
44268201,0.6,0.601467,1,648617
44269661,0.65,0.640293,1,648665
44271121,0.66,0.656059,1,648665
44272581,0.67,0.667212,1,648711
44274041,0.68,0.677442,1,648711
44275501,0.69,0.687488,1,648741
44276961,0.7,0.697498,1,648741
44278421,0.75,0.7395,1,648788
44279881,0.76,0.7559,2,648788
44281341,0.79,0.78318,2,648844
44282801,0.8,0.796636,2,648844
44284261,0.79,0.791327,2,648846
44285721,0.8,0.798265,2,648846
44287181,0.83,0.823653,2,648901
44288641,0.84,0.836731,2,648901
44290101,0.85,0.847346,2,648938
44291561,0.86,0.857469,2,648938
44293021,0.85,0.851494,2,649033
44294481,0.86,0.858299,2,649033
44295941,0.85,0.85166,2,649067
44297401,0.86,0.858332,2,649067
44298861,0.89,0.883666,2,649118
44300321,0.9,0.896733,2,649118
44387921,0.95,0.95,2,650472
44415661,0.88,0.88,2,650838
44417121,0.89,0.888,2,650838
44418581,0.84,0.8496,2,650935
44420041,0.85,0.84992,2,650935
44421501,0.91,0.897984,2,650959
44422961,0.92,0.915597,2,650959
44430261,0.75,0.75,2,651087
44431721,0.76,0.758,2,651087
44433181,0.73,0.7356,1,651122
44434641,0.74,0.73912,1,651122
44436101,0.69,0.699824,1,651159
44437561,0.7,0.699965,1,651159
44439021,0.45,0.499993,1,651212
44440481,0.46,0.467999,1,651212
44441941,0.43,0.4376,1,651244
44443401,0.44,0.43952,1,651244
44444861,0.43,0.431904,1,651291
44446321,0.44,0.438381,1,651291
44447781,0.39,0.399676,1,651317
44449241,0.4,0.399935,1,651317
44450701,0.43,0.423987,1,651406
44452161,0.44,0.436797,1,651406
44453621,0.41,0.415359,1,651431
44455081,0.42,0.419072,1,651431
44456541,0.41,0.411814,1,651449
44458001,0.42,0.418363,1,651449
44459461,0.45,0.443673,1,651480
44460921,0.46,0.456735,1,651480
44462381,0.46,0.459347,1,651480
44463841,0.43,0.435869,1,651545
44465301,0.44,0.439174,1,651545
44466761,0.47,0.463835,1,651579
44468221,0.48,0.476767,1,651579
44469681,0.53,0.519353,1,651614
44471141,0.54,0.535871,1,651614
44472601,0.55,0.547174,1,651655
44474061,0.56,0.557435,1,651655
44475521,0.53,0.535487,1,651686
44476981,0.54,0.539097,1,651686
44478441,0.59,0.579819,1,651733
44479901,0.6,0.595964,1,651733
44481361,0.61,0.607193,1,651757
44482821,0.62,0.617439,1,651757
44484281,0.69,0.675488,1,651848
44485741,0.7,0.695098,1,651848
44487201,0.65,0.659019,1,651872
44488661,0.66,0.659804,1,651872
44490121,0.65,0.651961,1,651890
44491581,0.66,0.658392,1,651890
44493041,0.67,0.667678,1,651923
44494501,0.68,0.677536,1,651923
44495961,0.67,0.671507,1,651925
44497421,0.68,0.678301,1,651925
44498881,0.65,0.65566,1,651988
44500341,0.66,0.659132,1,651988
44501801,0.71,0.699826,1,652024
44503261,0.72,0.715965,1,652024
44504721,0.67,0.679193,1,652062
44506181,0.68,0.679839,1,652062
44507641,0.73,0.719968,1,652104
44509101,0.74,0.735994,1,652104
44510561,0.73,0.731199,1,652134
44512021,0.74,0.73824,1,652134
44513481,0.73,0.731648,1,652184
44514941,0.74,0.73833,1,652184
44516401,0.71,0.715666,1,652209
44517861,0.72,0.719133,1,652209
44519321,0.77,0.759827,2,652304
44520781,0.78,0.775965,2,652304
44522241,0.77,0.771193,2,652326
44523701,0.78,0.778239,2,652326
44525161,0.79,0.787648,2,652344
44526621,0.8,0.79753,2,652344
44528081,0.81,0.807506,2,652378
44529541,0.82,0.817501,2,652378
44531001,0.81,0.8115,2,652380
44532461,0.82,0.8183,2,652380
44533921,0.81,0.81166,2,652442
44535381,0.82,0.818332,2,652442
44536841,0.82,0.819666,2,652442
44538301,0.85,0.843933,2,652481
44539761,0.86,0.856787,2,652481
44541221,0.85,0.851357,2,652517
44542681,0.86,0.858271,2,652517
44544141,0.81,0.819654,2,652562
44545601,0.82,0.819931,2,652562
44547061,0.83,0.827986,2,652592
44548521,0.84,0.837597,2,652592
44549981,0.85,0.847519,2,652642
44551441,0.86,0.857504,2,652642
44552901,0.85,0.851501,2,652666
44554361,0.86,0.8583,2,652666
44555821,0.85,0.85166,2,652764
44557281,0.86,0.858332,2,652764
44558741,0.89,0.883666,2,652786
44560201,0.9,0.896733,2,652786
44561661,0.93,0.923347,2,652805
44563121,0.94,0.936669,2,652805
44653641,0.91,0.91,2,653980
44655101,0.92,0.918,2,653980
44668241,0.9,0.9,2,654205
44669701,0.91,0.908,2,654205
44679921,0.93,0.93,2,654330
44681381,0.94,0.938,2,654330
44682841,0.95,0.9476,2,654385
44688681,0.93,0.93,2,654444
44690141,0.94,0.938,2,654444
44691601,0.94,0.9396,2,654444
44695981,0.85,0.85,2,654508
44697441,0.86,0.858,2,654508
44698901,0.77,0.7876,2,654544
44700361,0.78,0.78152,2,654544
44701821,0.87,0.852304,2,654578
44703281,0.88,0.874461,2,654578
44704741,0.85,0.854892,2,654661
44706201,0.86,0.858978,2,654661
44707661,0.73,0.755796,2,654686
44709121,0.74,0.743159,1,654686
44710581,0.69,0.700632,1,654703
44712041,0.7,0.700126,1,654703
44713501,0.57,0.596025,1,654751
44714961,0.58,0.583205,1,654751
44716421,0.63,0.620641,1,654782
44717881,0.64,0.636128,1,654782
44719341,0.53,0.551226,1,654809
44720801,0.54,0.542245,1,654809
44722261,0.55,0.548449,1,654854
44723721,0.56,0.55769,1,654854
44725181,0.57,0.567538,1,654891
44726641,0.58,0.577508,1,654891
44728101,0.55,0.555502,1,654914
44729561,0.56,0.5591,1,654914
44731021,0.53,0.53582,1,654937
44732481,0.54,0.539164,1,654937
44733941,0.53,0.531833,1,654971
44735401,0.54,0.538367,1,654971
44736861,0.57,0.563673,1,655004
44738321,0.58,0.576735,1,655004
44739781,0.53,0.539347,1,655042
44741241,0.54,0.539869,1,655042
44742701,0.61,0.595974,1,655124
44744161,0.62,0.615195,1,655124
44745621,0.59,0.595039,1,655143
44747081,0.6,0.599008,1,655143
44748541,0.63,0.623802,1,655158
44750001,0.64,0.63676,1,655158
44751461,0.65,0.647352,1,655200
44752921,0.66,0.65747,1,655200
44754381,0.65,0.651494,1,655234
44755841,0.66,0.658299,1,655234
44757301,0.67,0.66766,1,655256
44758761,0.68,0.677532,1,655256
44760221,0.73,0.719506,1,655302
44761681,0.74,0.735901,1,655302
44763141,0.79,0.77918,2,655340
44764601,0.8,0.795836,2,655340
44766061,0.79,0.791167,2,655362
44767521,0.8,0.798233,2,655362
44768981,0.79,0.791647,2,655384
44770441,0.8,0.798329,2,655384
44771901,0.79,0.791666,2,655418
44773361,0.8,0.798333,2,655418
44774821,0.8,0.799667,2,655418
44776281,0.81,0.807933,2,655453
44777741,0.82,0.817587,2,655453
44779201,0.81,0.811517,2,655489
44780661,0.82,0.818303,2,655489
44782121,0.89,0.875661,2,655575
44783581,0.9,0.895132,2,655575
44785041,0.89,0.891026,2,655593
44786501,0.9,0.898205,2,655593
44787961,0.91,0.907641,2,655610
44789421,0.92,0.917528,2,655610
44790881,0.89,0.895506,2,655653
44792341,0.9,0.899101,2,655653
44793801,0.89,0.89182,2,655687
44795261,0.9,0.898364,2,655687
44796721,0.87,0.875673,2,655710
44798181,0.88,0.879135,2,655710
44799641,0.91,0.903827,2,655759
44801101,0.92,0.916765,2,655759
45043461,0.92,0.92,2,658521
45044921,0.93,0.928,2,658521
45046381,0.86,0.8736,2,658542
45047841,0.87,0.87072,2,658542
45049301,0.81,0.822144,2,658577
45050761,0.82,0.820429,2,658577
45052221,0.75,0.764086,2,658615
45053681,0.76,0.760817,2,658615
45055141,0.69,0.704163,1,658644
45056601,0.7,0.700833,1,658644
45058061,0.63,0.644167,1,658677
45059521,0.64,0.640833,1,658677
45060981,0.55,0.568167,1,658719
45062441,0.56,0.561633,1,658719
45063901,0.59,0.584327,1,658757
45065361,0.6,0.596865,1,658757
45066821,0.55,0.559373,1,658793
45068281,0.56,0.559875,1,658793
45069741,0.55,0.551975,1,658821
45071201,0.56,0.558395,1,658821
45072661,0.57,0.567679,1,658850
45074121,0.58,0.577536,1,658850
45075581,0.59,0.587507,1,658878
45077041,0.6,0.597501,1,658878
45078501,0.47,0.4955,1,658906
45079961,0.48,0.4831,1,658906
45081421,0.47,0.47262,1,658933
45082881,0.48,0.478524,1,658933
45084341,0.55,0.535705,1,658960
45085801,0.56,0.555141,1,658960
45087261,0.51,0.519028,1,658988
45088721,0.52,0.519806,1,658988
45090181,0.51,0.511961,1,659007
45091641,0.52,0.518392,1,659007
45093101,0.53,0.527678,1,659038
45094561,0.54,0.537536,1,659038
45096021,0.51,0.515507,1,659073
45097481,0.52,0.519101,1,659073
45098941,0.51,0.51182,1,659099
45100401,0.52,0.518364,1,659099
45101861,0.49,0.495673,1,659129
45103321,0.5,0.499135,1,659129
45104781,0.55,0.539827,1,659167
45106241,0.56,0.555965,1,659167
45107701,0.53,0.535193,1,659207
45109161,0.54,0.539039,1,659207
45110621,0.59,0.579808,1,659241
45112081,0.6,0.595962,1,659241
45113541,0.55,0.559192,1,659269
45115001,0.56,0.559838,1,659269
45116461,0.61,0.599968,1,659299
45117921,0.62,0.615994,1,659299
45119381,0.65,0.643199,1,659328
45120841,0.66,0.65664,1,659328
45122301,0.65,0.651328,1,659350
45123761,0.66,0.658266,1,659350
45125221,0.69,0.683653,1,659377
45126681,0.7,0.696731,1,659377
45128141,0.73,0.723346,1,659408
45129601,0.74,0.736669,1,659408
45131061,0.73,0.731334,1,659434
45132521,0.74,0.738267,1,659434
45133981,0.74,0.739653,1,659434
45135441,0.75,0.747931,1,659453
45136901,0.76,0.757586,2,659453
45138361,0.75,0.751517,2,659485
45139821,0.76,0.758303,2,659485
45141281,0.75,0.751661,2,659519
45142741,0.76,0.758332,2,659519
45144201,0.79,0.783666,2,659545
45145661,0.8,0.796733,2,659545
45147121,0.81,0.807347,2,659574
45148581,0.82,0.817469,2,659574
45150041,0.79,0.795494,2,659615
45151501,0.8,0.799099,2,659615
45152961,0.81,0.80782,2,659654
45154421,0.82,0.817564,2,659654
45155881,0.83,0.827513,2,659691
45157341,0.84,0.837503,2,659691
45158801,0.83,0.831501,2,659717
45160261,0.84,0.8383,2,659717
45161721,0.85,0.84766,2,659750
45163181,0.86,0.857532,2,659750
45164641,0.89,0.883506,2,659781
45166101,0.9,0.896701,2,659781
45167561,0.89,0.89134,2,659803
45169021,0.9,0.898268,2,659803
45170481,0.89,0.891654,2,659832
45171941,0.9,0.898331,2,659832
45173401,0.95,0.939666,2,659865
45176321,0.95,0.95,2,659891
45179241,0.95,0.95,2,659893
45392401,0.91,0.91,2,662144
45395321,0.93,0.93,2,662226
45396781,0.79,0.818,2,662264
45398241,0.73,0.7476,1,662300
45399701,0.61,0.63752,1,662336
45401161,0.49,0.519504,1,662371
45402621,0.49,0.495901,1,662408
45404081,0.41,0.42718,1,662432
45405541,0.11,0.173436,1,662478
45382181,0.03,0.0586872,1,662489
45407001,0.05,0.0517374,1,662508
45408461,0.07,0.0663475,1,662525
45409921,0.08,0.0772695,1,662525
45411381,0.03,0.0394539,1,662551
45412841,0.01,0.0158908,1,662574
45414301,0.01,0.0111782,1,662614
45415761,0.03,0.0262356,1,662666
45417221,0.03,0.0292471,1,662693
45418681,0.01,0.0138494,1,662725
45420141,0.01,0.0107699,1,662757
45421601,0.01,0.010154,1,662787
45423061,0.01,0.0100308,1,662816
45424521,0.07,0.0580062,1,662853
45425981,0.09,0.0836012,1,662873
45427441,0,0.0167202,1,662904
45428901,0.05,0.043344,1,662911
45430361,0.09,0.0806688,1,662949
45431821,0.1,0.0961338,1,662949
45433281,0.03,0.0432268,1,662973
45434741,0.04,0.0406454,1,662973
45436201,0.03,0.0321291,1,663035
45437661,0.04,0.0384258,1,663035
45439121,0.03,0.0316852,1,663115
45440581,0.04,0.038337,1,663115
45442041,0.07,0.0636674,1,663178
45443501,0.08,0.0767335,1,663178
45444961,0.03,0.0393467,1,663237
45446421,0.04,0.0398693,1,663237
45447881,0.09,0.0799739,1,663298
45449341,0.1,0.0959948,1,663298
45450801,0.09,0.091199,1,663334
45452261,0.1,0.0982398,1,663334
45453721,0.05,0.059648,1,663375
45455181,0.06,0.0599296,1,663375
45456641,0.01,0.0199859,1,663396
45458101,0.02,0.0199972,1,663396
45459561,0.01,0.0119994,1,663458
45461021,0.02,0.0183999,1,663458
45462481,0,0.00367998,1,663538
45463941,0,0.000735995,1,663538
45465401,0.03,0.0241472,1,663603
45466861,0.04,0.0368294,1,663603
45468321,0.01,0.0153659,1,663660
45469781,0.02,0.0190732,1,663660
45471241,0.09,0.0758146,1,663724
45472701,0.1,0.0951629,1,663724
45474161,0.11,0.107033,1,663760
45475621,0.12,0.117407,1,663760
45477081,0.12,0.119481,1,663760
45478541,0.09,0.0958963,1,663799
45480001,0.1,0.0991793,1,663799
45481461,0,0.0198358,1,663818
45482921,0,0.00396717,1,663818
45484381,0,0.000793434,1,663880
45485841,0,0.000158687,1,663880
45487301,0,3.17374e-05,1,663960
45488761,0,6.34747e-06,1,663960
45490221,0.01,0.00800127,1,664026
45491681,0.02,0.0176003,1,664026
45493141,0,0.00352005,1,664082
45494601,0,0.00070401,1,664082
45496061,0.03,0.0241408,1,664150
45497521,0.04,0.0368282,1,664150
45498981,0.03,0.0313656,1,664187
45500441,0.04,0.0382731,1,664187
45501901,0.13,0.111655,1,664224
45503361,0.14,0.134331,1,664224
45504821,0.13,0.130866,1,664239
45506281,0.14,0.138173,1,664239
45507741,0.01,0.0356346,1,664301
45509201,0.02,0.0231269,1,664301
45510661,0.01,0.0126254,1,664381
45512121,0.02,0.0185251,1,664381
45513581,0.03,0.027705,1,664447
45515041,0.04,0.037541,1,664447
45516501,0,0.0075082,1,664503
45517961,0,0.00150164,1,664503
45519421,0.05,0.0403003,1,664572
45520881,0.06,0.0560601,1,664572
45522341,0.07,0.067212,1,664609
45523801,0.08,0.0774424,1,664609
45525261,0.05,0.0554885,1,664651
45526721,0.06,0.0590977,1,664651
45528181,0.07,0.0678195,1,664666
45529641,0.08,0.0775639,1,664666
45531101,0.08,0.0795128,1,664666
45532561,0.07,0.0719026,1,664722
45534021,0.08,0.0783805,1,664722
45535481,0.03,0.0396761,1,664802
45536941,0.04,0.0399352,1,664802
45538401,0.09,0.079987,1,664869
45539861,0.1,0.0959974,1,664869
45541321,0.01,0.0271995,1,664924
45542781,0.02,0.0214399,1,664924
45544241,0.03,0.028288,1,664995
45545701,0.04,0.0376576,1,664995
45547161,0.05,0.0475315,1,665033
45548621,0.06,0.0575063,1,665033
45550081,0.09,0.0835013,1,665074
45551541,0.1,0.0967003,1,665074
45553001,0.15,0.13934,1,665090
45554461,0.16,0.155868,1,665090
45555921,0.15,0.151174,1,665092
45557381,0.16,0.158235,1,665092
45558841,0.23,0.215647,1,665147
45560301,0.24,0.235129,1,665147
45561761,0.21,0.215026,1,665225
45563221,0.22,0.219005,1,665225
45564681,0.07,0.099801,1,665295
45566141,0.08,0.0839602,1,665295
45567601,0.01,0.024792,1,665346
45569061,0.02,0.0209584,1,665346
45570521,0.01,0.0121917,1,665418
45571981,0.02,0.0184383,1,665418
45573441,0.03,0.0276877,1,665457
45574901,0.04,0.0375375,1,665457
45576361,0.01,0.0155075,1,665500
45577821,0.02,0.0191015,1,665500
45579281,0.05,0.0438203,1,665519
45580741,0.06,0.0567641,1,665519
45582201,0.05,0.0513528,1,665521
45583661,0.06,0.0582706,1,665521
45585121,0.06,0.0596541,1,665521
45586581,0.11,0.0999308,1,665580
45588041,0.12,0.115986,1,665580
45589501,0.11,0.111197,1,665657
45590961,0.12,0.118239,1,665657
45592421,0.15,0.143648,1,665720
45593881,0.16,0.15673,1,665720
45595341,0.03,0.0553459,1,665768
45596801,0.04,0.0430692,1,665768
45598261,0.05,0.0486138,1,665840
45599721,0.06,0.0577228,1,665840
45601181,0.05,0.0515446,1,665880
45602641,0.06,0.0583089,1,665880
45604101,0.09,0.0836618,1,665922
45605561,0.1,0.0967324,1,665922
45607021,0.03,0.0433465,1,665943
45608481,0.04,0.0406693,1,665943
45609941,0.03,0.0321339,1,665945
45611401,0.04,0.0384268,1,665945
45612861,0.07,0.0636854,1,666006
45614321,0.08,0.0767371,1,666006
45615781,0.09,0.0873474,1,666083
45617241,0.1,0.0974695,1,666083
45618701,0.11,0.107494,1,666148
45620161,0.12,0.117499,1,666148
45621621,0.17,0.1595,1,666190
45623081,0.18,0.1759,1,666190
45624541,0.15,0.15518,1,666263
45626001,0.16,0.159036,1,666263
45627461,0.15,0.151807,1,666303
45628921,0.16,0.158361,1,666303
45630381,0.11,0.119672,1,666347
45631841,0.12,0.119934,1,666347
45633301,0.11,0.111987,1,666365
45634761,0.12,0.118397,1,666365
45636221,0.11,0.111679,1,666367
45637681,0.12,0.118336,1,666367
45639141,0.13,0.127667,1,666430
45640601,0.14,0.137533,1,666430
45642061,0.15,0.147507,1,666508
45643521,0.16,0.157501,1,666508
45644981,0.16,0.1595,1,666508
45646441,0.19,0.1839,1,666574
45647901,0.2,0.19678,1,666574
45649361,0.25,0.239356,1,666619
45650821,0.26,0.255871,1,666619
45652281,0.29,0.283174,1,666691
45653741,0.3,0.296635,1,666691
45655201,0.29,0.291327,1,666731
45656661,0.3,0.298265,1,666731
45658121,0.33,0.323653,1,666773
45659581,0.34,0.336731,1,666773
45661041,0.33,0.331346,1,666791
45662501,0.34,0.338269,1,666791
45663961,0.33,0.331654,1,666793
45665421,0.34,0.338331,1,666793
45666881,0.41,0.395666,1,666857
45668341,0.42,0.415133,1,666857
45669801,0.49,0.475027,1,666936
45671261,0.5,0.495005,1,666936
45672721,0.49,0.491001,1,666938
45674181,0.5,0.4982,1,666938
45675641,0.57,0.55564,1,667005
45677101,0.58,0.575128,1,667005
45678561,0.59,0.587026,1,667053
45680021,0.6,0.597405,1,667053
45681481,0.57,0.575481,1,667127
45682941,0.58,0.579096,1,667127
45684401,0.57,0.571819,1,667167
45685861,0.58,0.578364,1,667167
45687321,0.57,0.571673,1,667211
45688781,0.58,0.578335,1,667211
45690241,0.57,0.571667,1,667229
45691701,0.58,0.578333,1,667229
45693161,0.57,0.571667,1,667231
45694621,0.58,0.578333,1,667231
45696081,0.57,0.571667,1,667299
45697541,0.58,0.578333,1,667299
45699001,0.65,0.635667,1,667382
45700461,0.66,0.655133,1,667382
45701921,0.65,0.651027,1,667384
45703381,0.66,0.658205,1,667384
45704841,0.66,0.659641,1,667384
45706301,0.67,0.667928,1,667455
45707761,0.68,0.677586,1,667455
45709221,0.67,0.671517,1,667504
45710681,0.68,0.678303,1,667504
45712141,0.75,0.735661,1,667577
45713601,0.76,0.755132,2,667577
45715061,0.75,0.751026,2,667617
45716521,0.76,0.758205,2,667617
45717981,0.79,0.783641,2,667661
45719441,0.8,0.796728,2,667661
45720901,0.79,0.791346,2,667679
45722361,0.8,0.798269,2,667679
45723821,0.79,0.791654,2,667681
45725281,0.8,0.798331,2,667681
45726741,0.83,0.823666,2,667749
45728201,0.84,0.836733,2,667749
45729661,0.83,0.831347,2,667836
45731121,0.84,0.838269,2,667836
45732581,0.83,0.831654,2,667838
45734041,0.84,0.838331,2,667838
45735501,0.83,0.831666,2,667909
45736961,0.84,0.838333,2,667909
45738421,0.85,0.847667,2,667958
45739881,0.86,0.857533,2,667958
45741341,0.89,0.883507,2,668035
45742801,0.9,0.896701,2,668035
45744261,0.91,0.90734,2,668075
45745721,0.92,0.917468,2,668075
45747181,0.91,0.911494,2,668121
45748641,0.92,0.918299,2,668121
45750101,0.91,0.91166,2,668139
45751561,0.92,0.918332,2,668139
45753021,0.91,0.911666,2,668141
45754481,0.92,0.918333,2,668141
45755941,0.91,0.911667,2,668211
45757401,0.92,0.918333,2,668211
45758861,0.91,0.911667,2,668298
45760321,0.92,0.918333,2,668298
45761781,0.91,0.911667,2,668300
45763241,0.92,0.918333,2,668300
45866901,0.87,0.87,2,669878
45868361,0.88,0.878,2,669878
45869821,0.79,0.8076,2,669954
45871281,0.8,0.80152,2,669954
45872741,0.75,0.760304,2,669990
45874201,0.76,0.760061,2,669990
45875661,0.69,0.704012,1,670034
45877121,0.7,0.700802,1,670034
45878581,0.55,0.58016,1,670056
45880041,0.56,0.564032,1,670056
45881501,0.53,0.536806,1,670086
45882961,0.54,0.539361,1,670086
45884421,0.49,0.499872,1,670114
45885881,0.5,0.499974,1,670114
45887341,0.43,0.443995,1,670174
45888801,0.44,0.440799,1,670174
45890261,0.39,0.40016,1,670223
45891721,0.4,0.400032,1,670223
45893181,0.37,0.376006,1,670278
45894641,0.38,0.379201,1,670278
45896101,0.23,0.25984,1,670322
45897561,0.24,0.243968,1,670322
45899021,0.25,0.248794,1,670352
45900481,0.26,0.257759,1,670352
45901941,0.33,0.315552,1,670414
45903401,0.34,0.33511,1,670414
45904861,0.23,0.251022,1,670448
45906321,0.24,0.242204,1,670448
45907781,0.24,0.240441,1,670448
45909241,0.29,0.280088,1,670489
45910701,0.3,0.296018,1,670489
45912161,0.29,0.291204,1,670504
45913621,0.3,0.298241,1,670504
45915081,0.27,0.275648,1,670533
45916541,0.28,0.27913,1,670533
45918001,0.33,0.319826,1,670559
45919461,0.34,0.335965,1,670559
45920921,0.33,0.331193,1,670616
45922381,0.34,0.338239,1,670616
45923841,0.39,0.379648,1,670663
45925301,0.4,0.39593,1,670663
45926761,0.43,0.423186,1,670717
45928221,0.44,0.436637,1,670717
45929681,0.41,0.415327,1,670754
45931141,0.42,0.419066,1,670754
45932601,0.47,0.459813,1,670785
45934061,0.48,0.475963,1,670785
45935521,0.51,0.503193,1,670851
45936981,0.52,0.516639,1,670851
45938441,0.53,0.527328,1,670880
45939901,0.54,0.537466,1,670880
45941361,0.53,0.531493,1,670882
45942821,0.54,0.538299,1,670882
45944281,0.53,0.53166,1,670925
45945741,0.54,0.538332,1,670925
45947201,0.55,0.547666,1,670940
45948661,0.56,0.557533,1,670940
45950121,0.61,0.599507,1,670968
45951581,0.62,0.615901,1,670968
45953041,0.61,0.61118,1,670997
45954501,0.62,0.618236,1,670997
45955961,0.63,0.627647,1,671054
45957421,0.64,0.637529,1,671054
45958881,0.59,0.599506,1,671104
45960341,0.6,0.599901,1,671104
45961801,0.63,0.62398,1,671160
45963261,0.64,0.636796,1,671160
45964721,0.63,0.631359,1,671196
45966181,0.64,0.638272,1,671196
45967641,0.59,0.599654,1,671230
45969101,0.6,0.599931,1,671230
45970561,0.63,0.623986,1,671298
45972021,0.64,0.636797,1,671298
45973481,0.63,0.631359,1,671328
45974941,0.64,0.638272,1,671328
45976401,0.63,0.631654,1,671330
45977861,0.64,0.638331,1,671330
45979321,0.61,0.615666,1,671373
45980781,0.62,0.619133,1,671373
45982241,0.62,0.619827,1,671373
45983701,0.63,0.627965,1,671389
45985161,0.64,0.637593,1,671389
45986621,0.65,0.647519,1,671420
45988081,0.66,0.657504,1,671420
45989541,0.69,0.683501,1,671449
45991001,0.7,0.6967,1,671449
45992461,0.71,0.70734,1,671507
45993921,0.72,0.717468,1,671507
45995381,0.73,0.727494,1,671555
45996841,0.74,0.737499,1,671555
45998301,0.77,0.7635,2,671613
45999761,0.78,0.7767,2,671613
46001221,0.81,0.80334,2,671649
46002681,0.82,0.816668,2,671649
46004141,0.83,0.827334,2,671681
46005601,0.84,0.837467,2,671681
46007061,0.89,0.879493,2,671751
46008521,0.9,0.895899,2,671751
46009981,0.91,0.90718,2,671781
46011441,0.92,0.917436,2,671781
46012901,0.91,0.911487,2,671783
46014361,0.92,0.918297,2,671783
46015821,0.91,0.91166,2,671825
46017281,0.92,0.918332,2,671825
46018741,0.91,0.911666,2,671841
46020201,0.92,0.918333,2,671841
46021661,0.91,0.911667,2,671873
46023121,0.92,0.918333,2,671873
46167661,0.94,0.94,2,673778
46169121,0.95,0.948,2,673778
46176421,0.95,0.95,2,673870
46179341,0.9,0.9,2,673900
46180801,0.91,0.908,2,673900
46183721,0.93,0.93,2,673935
46142841,0.87,0.882,2,673985
46185181,0.65,0.6964,1,674055
46186641,0.53,0.56328,1,674130
46188101,0.35,0.392656,1,674179
46189561,0.33,0.342531,1,674211
46191021,0.25,0.268506,1,674234
46192481,0.17,0.189701,1,674278
46193941,0.11,0.12594,1,674316
46195401,0.07,0.081188,1,674343
46196861,0,0.0162376,1,674368
46198321,0.03,0.0272475,1,674387
46199781,0,0.0054495,1,674402
46201241,0.11,0.0890899,1,674449
46202701,0.09,0.089818,1,674577
46204161,0.1,0.0979636,1,674577
46205621,0.07,0.0755927,1,674648
46207081,0.08,0.0791185,1,674648
46208541,0.09,0.0878237,1,674707
46210001,0.1,0.0975647,1,674707
46211461,0.11,0.107513,1,674767
46212921,0.12,0.117503,1,674767
46214381,0.03,0.0475005,1,674809
46215841,0.04,0.0415001,1,674809
46217301,0.07,0.0643,1,674875
46218761,0.08,0.07686,1,674875
46220221,0.08,0.079372,1,674875
46221681,0.07,0.0718744,1,675003
46223141,0.08,0.0783749,1,675003
46224601,0.11,0.103675,1,675073
46226061,0.12,0.116735,1,675073
46227521,0.11,0.111347,1,675133
46228981,0.12,0.118269,1,675133
46230441,0.15,0.143654,1,675194
46231901,0.16,0.156731,1,675194
46233361,0.15,0.151346,1,675232
46234821,0.16,0.158269,1,675232
46236281,0.11,0.119654,1,675300
46237741,0.12,0.119931,1,675300
46239201,0.19,0.175986,1,675427
46240661,0.2,0.195197,1,675427
46242121,0.27,0.255039,1,675499
46243581,0.28,0.275008,1,675499
46245041,0.29,0.287002,1,675559
46246501,0.3,0.2974,1,675559
46247961,0.31,0.30748,1,675622
46249421,0.32,0.317496,1,675622
46250881,0.35,0.343499,1,675660
46252341,0.36,0.3567,1,675660
46253801,0.39,0.38334,1,675726
46255261,0.4,0.396668,1,675726
46256721,0.47,0.455334,1,675857
46258181,0.48,0.475067,1,675857
46259641,0.48,0.479013,1,675857
46261101,0.57,0.551803,1,675933
46262561,0.58,0.574361,1,675933
46264021,0.57,0.570872,1,675994
46265481,0.58,0.578174,1,675994
46266941,0.57,0.571635,1,676058
46268401,0.58,0.578327,1,676058
46269861,0.59,0.587665,1,676098
46271321,0.6,0.597533,1,676098
46272781,0.59,0.591507,1,676166
46274241,0.6,0.598301,1,676166
46275701,0.59,0.59166,1,676301
46277161,0.6,0.598332,1,676301
46278621,0.59,0.591666,1,676303
46280081,0.6,0.598333,1,676303
46281541,0.63,0.623667,1,676383
46283001,0.64,0.636733,1,676383
46284461,0.63,0.631347,1,676444
46285921,0.64,0.638269,1,676444
46287381,0.63,0.631654,1,676508
46288841,0.64,0.638331,1,676508
46290301,0.63,0.631666,1,676549
46291761,0.64,0.638333,1,676549
46293221,0.65,0.647667,1,676617
46294681,0.66,0.657533,1,676617
46296141,0.73,0.715507,1,676752
46297601,0.74,0.735101,1,676752
46299061,0.73,0.73102,1,676754
46300521,0.74,0.738204,1,676754
46301981,0.77,0.763641,2,676836
46303441,0.78,0.776728,2,676836
46304901,0.78,0.779346,2,676836
46306361,0.85,0.835869,2,676897
46307821,0.86,0.855174,2,676897
46309281,0.87,0.867035,2,676961
46310741,0.88,0.877407,2,676961
46312201,0.85,0.855481,2,677002
46313661,0.86,0.859096,2,677002
46315121,0.87,0.867819,2,677071
46316581,0.88,0.877564,2,677071
46318041,0.91,0.903513,2,677210
46319501,0.92,0.916703,2,677210
46320961,0.91,0.911341,2,677212
46322421,0.92,0.918268,2,677212
46392501,0.93,0.93,2,678801
46393961,0.94,0.938,2,678801
46395421,0.83,0.8516,2,678848
46396881,0.84,0.84232,2,678848
46398341,0.69,0.720464,1,678884
46399801,0.7,0.704093,1,678884
46401261,0.7,0.700819,1,678884
46402721,0.67,0.676164,1,678917
46404181,0.68,0.679233,1,678917
46405641,0.79,0.767847,2,678966
46407101,0.8,0.793569,2,678966
46408561,0.63,0.662714,1,679108
46410021,0.64,0.644543,1,679108
46411481,0.57,0.584909,1,679137
46412941,0.58,0.580982,1,679137
46414401,0.67,0.652196,1,679192
46415861,0.68,0.674439,1,679192
46417321,0.55,0.574888,1,679269
46418781,0.56,0.562978,1,679269
46420241,0.61,0.600595,1,679311
46421701,0.62,0.616119,1,679311
46423161,0.65,0.643224,1,679340
46424621,0.66,0.656645,1,679340
46426081,0.67,0.667329,1,679371
46427541,0.68,0.677466,1,679371
46429001,0.67,0.671493,1,679426
46430461,0.68,0.678299,1,679426
46431921,0.77,0.75166,2,679560
46433381,0.78,0.774332,2,679560
46434841,0.77,0.770866,2,679586
46436301,0.78,0.778173,2,679586
46437761,0.89,0.867635,2,679646
46439221,0.9,0.893527,2,679646
46440681,0.89,0.890705,2,679717
46442141,0.9,0.898141,2,679717
46443601,0.93,0.923628,2,679762
46445061,0.94,0.936726,2,679762
46446521,0.91,0.915345,2,679793
46447981,0.92,0.919069,2,679793
46449441,0.93,0.927814,2,679825
46450901,0.94,0.937563,2,679825
46452361,0.95,0.947513,2,679880
46560401,0.91,0.91,2,681825
46561861,0.92,0.918,2,681825
46563321,0.67,0.7196,1,681911
46564781,0.68,0.68792,1,681911
46566241,0.71,0.705584,1,681962
46567701,0.72,0.717117,1,681962
46569161,0.72,0.719423,1,681962
46570621,0.61,0.631885,1,682024
46572081,0.62,0.622377,1,682024
46573541,0.63,0.628475,1,682072
46575001,0.64,0.637695,1,682072
46576461,0.38,0.431539,1,682146
46577921,0.39,0.398308,1,682146
46579381,0.39,0.391662,1,682181
46580841,0.4,0.398332,1,682181
46582301,0.43,0.423666,1,682224
46583761,0.44,0.436733,1,682224
46585221,0.41,0.415347,1,682259
46586681,0.42,0.419069,1,682259
46588141,0.43,0.427814,1,682291
46589601,0.44,0.437563,1,682291
46591061,0.43,0.431513,1,682365
46592521,0.44,0.438303,1,682365
46593981,0.39,0.399661,1,682418
46595441,0.4,0.399932,1,682418
46596901,0.39,0.391986,1,682420
46598361,0.4,0.398397,1,682420
46599821,0.45,0.439679,1,682476
46601281,0.46,0.455936,1,682476
46602741,0.43,0.435187,1,682525
46604201,0.44,0.439037,1,682525
46605661,0.49,0.479807,1,682588
46607121,0.5,0.495961,1,682588
46608581,0.47,0.475192,1,682622
46610041,0.48,0.479038,1,682622
46611501,0.53,0.519808,1,682667
46612961,0.54,0.535962,1,682667
46614421,0.53,0.531192,1,682701
46615881,0.54,0.538238,1,682701
46617341,0.55,0.547648,1,682734
46618801,0.56,0.55753,1,682734
46620261,0.61,0.599506,1,682808
46621721,0.62,0.615901,1,682808
46623181,0.61,0.61118,1,682859
46624641,0.62,0.618236,1,682859
46626101,0.61,0.611647,1,682861
46627561,0.62,0.618329,1,682861
46629021,0.55,0.563666,1,682920
46630481,0.56,0.560733,1,682920
46631941,0.56,0.560147,1,682920
46633401,0.65,0.632029,1,682968
46634861,0.66,0.654406,1,682968
46636321,0.65,0.650881,1,683034
46637781,0.66,0.658176,1,683034
46639241,0.63,0.635635,1,683067
46640701,0.64,0.639127,1,683067
46642161,0.65,0.647825,1,683115
46643621,0.66,0.657565,1,683115
46645081,0.65,0.651513,1,683149
46646541,0.66,0.658303,1,683149
46648001,0.67,0.667661,1,683183
46649461,0.68,0.677532,1,683183
46650921,0.69,0.687506,1,683260
46652381,0.7,0.697501,1,683260
46653841,0.71,0.7075,1,683311
46655301,0.72,0.7175,1,683311
46656761,0.71,0.7115,1,683313
46658221,0.72,0.7183,1,683313
46659681,0.73,0.72766,1,683369
46661141,0.74,0.737532,1,683369
46662601,0.85,0.827506,2,683421
46664061,0.86,0.853501,2,683421
46665521,0.87,0.8667,2,683487
46666981,0.88,0.87734,2,683487
46668441,0.91,0.903468,2,683519
46669901,0.92,0.916694,2,683519
46671361,0.93,0.927339,2,683568
46672821,0.94,0.937468,2,683568
46680121,0.93,0.93,2,683715
46681581,0.94,0.938,2,683715
46683041,0.95,0.9476,2,683767
46685961,0.95,0.95,2,683769
46785241,0.94,0.94,2,685263
46786701,0.95,0.948,2,685263
46791081,0.84,0.84,2,685347
46792541,0.85,0.848,2,685347
46794001,0.95,0.9296,2,685399
46796921,0.91,0.91,2,685431
46798381,0.92,0.918,2,685431
46799841,0.83,0.8476,2,685468
46801301,0.84,0.84152,2,685468
46802761,0.89,0.880304,2,685510
46804221,0.9,0.896061,2,685510
46805681,0.87,0.875212,2,685543
46807141,0.88,0.879042,2,685543
46808601,0.77,0.791808,2,685629
46810061,0.78,0.782362,2,685629
46811521,0.63,0.660472,1,685661
46812981,0.64,0.644094,1,685661
46814441,0.75,0.728819,1,685702
46815901,0.76,0.753764,2,685702
46817361,0.69,0.702753,1,685739
46818821,0.7,0.700551,1,685739
46820281,0.73,0.72411,1,685788
46821741,0.74,0.736822,1,685788
46823201,0.71,0.715364,1,685814
46824661,0.72,0.719073,1,685814
46826121,0.75,0.743815,1,685867
46827581,0.76,0.756763,2,685867
46829041,0.73,0.735353,1,685897
46830501,0.74,0.739071,1,685897
46831961,0.74,0.739814,1,685897
46833421,0.79,0.779963,2,685930
46834881,0.8,0.795993,2,685930
46836341,0.81,0.807199,2,685975
46837801,0.82,0.81744,2,685975
46839261,0.81,0.811488,2,686007
46840721,0.82,0.818298,2,686007
46842181,0.81,0.81166,2,686088
46843641,0.82,0.818332,2,686088
46845101,0.83,0.827666,2,686113
46846561,0.84,0.837533,2,686113
46848021,0.85,0.847507,2,686160
46849481,0.86,0.857501,2,686160
46850941,0.87,0.8675,2,686194
46852401,0.88,0.8775,2,686194
46853861,0.91,0.9035,2,686245
46855321,0.92,0.9167,2,686245
46856781,0.91,0.91134,2,686270
46858241,0.92,0.918268,2,686270
46859701,0.89,0.895654,2,686325
46861161,0.9,0.899131,2,686325
46862621,0.95,0.939826,2,686354
46865541,0.95,0.95,2,686356
46868461,0.93,0.93,2,686391
46869921,0.94,0.938,2,686391
46871381,0.91,0.9156,2,686437
46872841,0.92,0.91912,2,686437
46874301,0.93,0.927824,2,686469
46875761,0.94,0.937565,2,686469
46877221,0.95,0.947513,2,686550
46880141,0.95,0.95,2,686576
47023221,0.88,0.88,2,688451
47024681,0.89,0.888,2,688451
47043661,0.79,0.79,2,688735
47045121,0.8,0.798,2,688735
47046581,0.69,0.7116,1,688773
47048041,0.7,0.70232,1,688773
47049501,0.61,0.628464,1,688804
47050961,0.62,0.621693,1,688804
47052421,0.45,0.484339,1,688843
47053881,0.46,0.464868,1,688843
47055341,0.35,0.372974,1,688881
47056801,0.36,0.362595,1,688881
47058261,0.23,0.256519,1,688907
47059721,0.24,0.243304,1,688907
47061181,0.21,0.216661,1,688927
47062641,0.22,0.219332,1,688927
47064101,0.22,0.219866,1,688927
47065561,0.15,0.163973,1,688962
47067021,0.16,0.160795,1,688962
47068481,0.03,0.0561589,1,689021
47069941,0.04,0.0432318,1,689021
47071401,0.11,0.0966464,1,689058
47072861,0.12,0.115329,1,689058
47074321,0.05,0.0630659,1,689101
47075781,0.06,0.0606132,1,689101
47077241,0.05,0.0521226,1,689133
47078701,0.06,0.0584245,1,689133
47080161,0.05,0.0516849,1,689158
47081621,0.06,0.058337,1,689158
47083081,0.09,0.0836674,1,689196
47084541,0.1,0.0967335,1,689196
47086001,0.07,0.0753467,1,689229
47087461,0.08,0.0790693,1,689229
47088921,0.05,0.0558139,1,689256
47090381,0.06,0.0591628,1,689256
47091841,0.07,0.0678326,1,689287
47093301,0.08,0.0775665,1,689287
47094761,0.11,0.103513,1,689320
47096221,0.12,0.116703,1,689320
47097681,0.17,0.159341,1,689340
47099141,0.18,0.175868,1,689340
47100601,0.13,0.139174,1,689359
47102061,0.14,0.139835,1,689359
47103521,0.17,0.163967,1,689390
47104981,0.18,0.176793,1,689390
47106441,0.15,0.155359,1,689443
47107901,0.16,0.159072,1,689443
47109361,0.13,0.135814,1,689484
47110821,0.14,0.139163,1,689484
47112281,0.03,0.0518326,1,689524
47113741,0.04,0.0423665,1,689524
47115201,0.09,0.0804733,1,689556
47116661,0.1,0.0960947,1,689556
47118121,0.07,0.0752189,1,689581
47119581,0.08,0.0790438,1,689581
47121041,0.09,0.0878088,1,689621
47122501,0.1,0.0975618,1,689621
47123961,0.09,0.0915124,1,689653
47125421,0.1,0.0983025,1,689653
47126881,0.07,0.0756605,1,689679
47128341,0.08,0.0791321,1,689679
47129801,0.07,0.0718264,1,689711
47131261,0.08,0.0783653,1,689711
47132721,0.11,0.103673,1,689746
47134181,0.12,0.116735,1,689746
47135641,0.11,0.111347,1,689769
47137101,0.12,0.118269,1,689769
47138561,0.13,0.127654,1,689786
47140021,0.14,0.137531,1,689786
47141481,0.11,0.115506,1,689819
47142941,0.12,0.119101,1,689819
47144401,0.12,0.11982,1,689819
47145861,0.15,0.143964,1,689871
47147321,0.16,0.156793,1,689871
47148781,0.23,0.215359,1,689911
47150241,0.24,0.235072,1,689911
47151701,0.25,0.247014,1,689946
47153161,0.26,0.257403,1,689946
47154621,0.27,0.267481,1,689981
47156081,0.28,0.277496,1,689981
47157541,0.27,0.271499,1,690005
47159001,0.28,0.2783,1,690005
47160461,0.25,0.25566,1,690046
47161921,0.26,0.259132,1,690046
47163381,0.25,0.251826,1,690078
47164841,0.26,0.258365,1,690078
47166301,0.27,0.267673,1,690103
47167761,0.28,0.277535,1,690103
47169221,0.29,0.287507,1,690135
47170681,0.3,0.297501,1,690135
47172141,0.33,0.3235,1,690172
47173601,0.34,0.3367,1,690172
47175061,0.31,0.31534,1,690195
47176521,0.32,0.319068,1,690195
47177981,0.35,0.343814,1,690213
47179441,0.36,0.356763,1,690213
47180901,0.37,0.367353,1,690245
47182361,0.38,0.377471,1,690245
47183821,0.37,0.371494,1,690247
47185281,0.38,0.378299,1,690247
47186741,0.35,0.35566,1,690300
47188201,0.36,0.359132,1,690300
47189661,0.37,0.367826,1,690344
47191121,0.38,0.377565,1,690344
47192581,0.39,0.387513,1,690380
47194041,0.4,0.397503,1,690380
47195501,0.39,0.391501,1,690416
47196961,0.4,0.3983,1,690416
47198421,0.39,0.39166,1,690440
47199881,0.4,0.398332,1,690440
47201341,0.45,0.439666,1,690480
47202801,0.46,0.455933,1,690480
47204261,0.49,0.483187,1,690512
47205721,0.5,0.496637,1,690512
47207181,0.51,0.507327,1,690538
47208641,0.52,0.517466,1,690538
47210101,0.55,0.543493,1,690571
47211561,0.56,0.556699,1,690571
47213021,0.53,0.53534,1,690610
47214481,0.54,0.539068,1,690610
47215941,0.53,0.531814,1,690632
47217401,0.54,0.538363,1,690632
47218861,0.57,0.563673,1,690652
47220321,0.58,0.576735,1,690652
47221781,0.57,0.571347,1,690685
47223241,0.58,0.578269,1,690685
47224701,0.57,0.571654,1,690687
47226161,0.58,0.578331,1,690687
47227621,0.59,0.587666,1,690739
47229081,0.6,0.597533,1,690739
47230541,0.6,0.599507,1,690739
47232001,0.67,0.655901,1,690784
47233461,0.68,0.67518,1,690784
47234921,0.67,0.671036,1,690821
47236381,0.68,0.678207,1,690821
47237841,0.67,0.671641,1,690857
47239301,0.68,0.678328,1,690857
47240761,0.67,0.671666,1,690881
47242221,0.68,0.678333,1,690881
47243681,0.65,0.655667,1,690924
47245141,0.66,0.659133,1,690924
47246601,0.65,0.651827,1,690958
47248061,0.66,0.658365,1,690958
47249521,0.63,0.635673,1,690985
47250981,0.64,0.639135,1,690985
47252441,0.61,0.615827,1,691020
47253901,0.62,0.619165,1,691020
47255361,0.63,0.627833,1,691058
47256821,0.64,0.637567,1,691058
47258281,0.63,0.631513,1,691080
47259741,0.64,0.638303,1,691080
47261201,0.65,0.647661,1,691102
47262661,0.66,0.657532,1,691102
47264121,0.63,0.635506,1,691135
47265581,0.64,0.639101,1,691135
47267041,0.63,0.63182,1,691137
47268501,0.64,0.638364,1,691137
47269961,0.67,0.663673,1,691190
47271421,0.68,0.676735,1,691190
47272881,0.69,0.687347,1,691238
47274341,0.7,0.697469,1,691238
47275801,0.73,0.723494,1,691275
47277261,0.74,0.736699,1,691275
47278721,0.75,0.74734,1,691311
47280181,0.76,0.757468,2,691311
47281641,0.77,0.767494,2,691335
47283101,0.78,0.777499,2,691335
47284561,0.77,0.7715,2,691377
47286021,0.78,0.7783,2,691377
47287481,0.81,0.80366,2,691411
47288941,0.82,0.816732,2,691411
47290401,0.83,0.827346,2,691437
47291861,0.84,0.837469,2,691437
47293321,0.83,0.831494,2,691471
47294781,0.84,0.838299,2,691471
47296241,0.83,0.83166,2,691510
47297701,0.84,0.838332,2,691510
47299161,0.89,0.879666,2,691532
47300621,0.9,0.895933,2,691532
47302081,0.87,0.875187,2,691555
47303541,0.88,0.879037,2,691555
47305001,0.87,0.871807,2,691587
47306461,0.88,0.878361,2,691587
47307921,0.87,0.871672,2,691589
47309381,0.88,0.878334,2,691589
47310841,0.91,0.903667,2,691644
47312301,0.92,0.916733,2,691644
47313761,0.91,0.911347,2,691693
47315221,0.92,0.918269,2,691693
47316681,0.93,0.927654,2,691732
47318141,0.94,0.937531,2,691732
47319601,0.94,0.939506,2,691732
47439321,0.92,0.92,2,693050
47440781,0.93,0.928,2,693050
47471441,0.89,0.89,2,693396
47472901,0.9,0.898,2,693396
47477281,0.93,0.93,2,693473
47478741,0.94,0.938,2,693473
47480201,0.65,0.7076,1,693504
47481661,0.66,0.66952,1,693504
47483121,0.55,0.573904,1,693533
47484581,0.56,0.562781,1,693533
47486041,0.65,0.632556,1,693551
47487501,0.66,0.654511,1,693551
47488961,0.47,0.506902,1,693587
47490421,0.48,0.48538,1,693587
47491881,0.23,0.281076,1,693653
47493341,0.24,0.248215,1,693653
47494801,0.15,0.169643,1,693680
47496261,0.16,0.161929,1,693680
47497721,0.05,0.0723857,1,693714
47499181,0.06,0.0624771,1,693714
47500641,0,0.0124954,1,693735
47502101,0,0.00249909,1,693735
47503561,0,0.000499817,1,693735
47505021,0.05,0.0401,1,693763
47506481,0.06,0.05602,1,693763
47507941,0,0.011204,1,693783
47509401,0,0.0022408,1,693783
47510861,0,0.00044816,1,693810
47512321,0,8.9632e-05,1,693810
47513781,0.05,0.0400179,1,693844
47515241,0.06,0.0560036,1,693844
47516701,0.01,0.0192007,1,693868
47518161,0.02,0.0198401,1,693868
47519621,0.03,0.027968,1,693907
47521081,0.04,0.0375936,1,693907
47522541,0.03,0.0315187,1,693940
47524001,0.04,0.0383037,1,693940
47525461,0.07,0.0636607,1,693957
47526921,0.08,0.0767321,1,693957
47528381,0.07,0.0713464,1,693981
47529841,0.08,0.0782693,1,693981
47531301,0.17,0.151654,1,694004
47532761,0.18,0.174331,1,694004
47534221,0.15,0.154866,1,694031
47535681,0.16,0.158973,1,694031
47537141,0.15,0.151795,1,694085
47538601,0.16,0.158359,1,694085
47540061,0.21,0.199672,1,694108
47541521,0.22,0.215934,1,694108
47542981,0.17,0.179187,1,694137
47544441,0.18,0.179837,1,694137
47545901,0.17,0.171967,1,694156
47547361,0.18,0.178393,1,694156
47548821,0.17,0.171679,1,694158
47550281,0.18,0.178336,1,694158
47551741,0.17,0.171667,1,694187
47553201,0.18,0.178333,1,694187
47554661,0.11,0.123667,1,694205
47556121,0.12,0.120733,1,694205
47557581,0.09,0.0961467,1,694232
47559041,0.1,0.0992293,1,694232
47560501,0.05,0.0598459,1,694268
47561961,0.06,0.0599692,1,694268
47563421,0.01,0.0199938,1,694290
47564881,0.02,0.0199988,1,694290
47566341,0.03,0.0279998,1,694330
47567801,0.04,0.0376,1,694330
47569261,0.01,0.01552,1,694363
47570721,0.02,0.019104,1,694363
47572181,0.01,0.0118208,1,694382
47573641,0.02,0.0183642,1,694382
47575101,0.09,0.0756728,1,694406
47576561,0.1,0.0951346,1,694406
47578021,0.13,0.123027,1,694434
47579481,0.14,0.136605,1,694434
47580941,0.13,0.131321,1,694460
47582401,0.14,0.138264,1,694460
47583861,0.15,0.147653,1,694514
47585321,0.16,0.157531,1,694514
47586781,0.15,0.151506,1,694540
47588241,0.16,0.158301,1,694540
47589701,0.19,0.18366,1,694567
47591161,0.2,0.196732,1,694567
47592621,0.17,0.175346,1,694586
47594081,0.18,0.179069,1,694586
47595541,0.17,0.171814,1,694588
47597001,0.18,0.178363,1,694588
47598461,0.17,0.171673,1,694617
47599921,0.18,0.178335,1,694617
47601381,0.18,0.179667,1,694617
47602841,0.21,0.203933,1,694632
47604301,0.22,0.216787,1,694632
47605761,0.23,0.227357,1,694658
47607221,0.24,0.237471,1,694658
47608681,0.23,0.231494,1,694692
47610141,0.24,0.238299,1,694692
47611601,0.23,0.23166,1,694712
47613061,0.24,0.238332,1,694712
47614521,0.17,0.183666,1,694753
47615981,0.18,0.180733,1,694753
47617441,0.17,0.172147,1,694785
47618901,0.18,0.178429,1,694785
47620361,0.15,0.155686,1,694804
47621821,0.16,0.159137,1,694804
47623281,0.19,0.183827,1,694832
47624741,0.2,0.196765,1,694832
47626201,0.11,0.127353,1,694862
47627661,0.12,0.121471,1,694862
47629121,0.11,0.112294,1,694888
47630581,0.12,0.118459,1,694888
47632041,0.09,0.0956918,1,694943
47633501,0.1,0.0991384,1,694943
47634961,0.09,0.0918277,1,694969
47636421,0.1,0.0983655,1,694969
47637881,0.09,0.0916731,1,694998
47639341,0.1,0.0983346,1,694998
47640801,0.11,0.107667,1,695016
47642261,0.12,0.117533,1,695016
47643721,0.11,0.111507,1,695018
47645181,0.12,0.118301,1,695018
47646641,0.13,0.12766,1,695047
47648101,0.14,0.137532,1,695047
47649561,0.13,0.131506,1,695063
47651021,0.14,0.138301,1,695063
47652481,0.17,0.16366,1,695090
47653941,0.18,0.176732,1,695090
47655401,0.19,0.187346,1,695124
47656861,0.2,0.197469,1,695124
47658321,0.19,0.191494,1,695144
47659781,0.2,0.198299,1,695144
47661241,0.21,0.20766,1,695182
47662701,0.22,0.217532,1,695182
47664161,0.25,0.243506,1,695214
47665621,0.26,0.256701,1,695214
47667081,0.25,0.25134,1,695232
47668541,0.26,0.258268,1,695232
47670001,0.25,0.251654,1,695262
47671461,0.26,0.258331,1,695262
47672921,0.25,0.251666,1,695288
47674381,0.26,0.258333,1,695288
47675841,0.27,0.267667,1,695314
47677301,0.28,0.277533,1,695314
47678761,0.35,0.335507,1,695368
47680221,0.36,0.355101,1,695368
47681681,0.35,0.35102,1,695394
47683141,0.36,0.358204,1,695394
47684601,0.37,0.367641,1,695423
47686061,0.38,0.377528,1,695423
47687521,0.35,0.355506,1,695442
47688981,0.36,0.359101,1,695442
47690441,0.35,0.35182,1,695444
47691901,0.36,0.358364,1,695444
47693361,0.39,0.383673,1,695474
47694821,0.4,0.396735,1,695474
47696281,0.41,0.407347,1,695490
47697741,0.42,0.417469,1,695490
47699201,0.43,0.427494,1,695519
47700661,0.44,0.437499,1,695519
47702121,0.44,0.4395,1,695519
47703581,0.45,0.4479,1,695554
47705041,0.46,0.45758,1,695554
47706501,0.47,0.467516,1,695574
47707961,0.48,0.477503,1,695574
47709421,0.49,0.487501,1,695613
47710881,0.5,0.4975,1,695613
47712341,0.51,0.5075,1,695647
47713801,0.52,0.5175,1,695647
47715261,0.51,0.5115,1,695665
47716721,0.52,0.5183,1,695665
47718181,0.53,0.52766,1,695695
47719641,0.54,0.537532,1,695695
47721101,0.53,0.531506,1,695721
47722561,0.54,0.538301,1,695721
47724021,0.51,0.51566,1,695748
47725481,0.52,0.519132,1,695748
47726941,0.55,0.543826,1,695806
47728401,0.56,0.556765,1,695806
47729861,0.55,0.551353,1,695832
47731321,0.56,0.558271,1,695832
47732781,0.55,0.551654,1,695862
47734241,0.56,0.558331,1,695862
47735701,0.55,0.551666,1,695880
47737161,0.56,0.558333,1,695880
47738621,0.55,0.551667,1,695882
47740081,0.56,0.558333,1,695882
47741541,0.61,0.599667,1,695914
47743001,0.62,0.615933,1,695914
47744461,0.63,0.627187,1,695931
47745921,0.64,0.637437,1,695931
47747381,0.65,0.647487,1,695961
47748841,0.66,0.657497,1,695961
47750301,0.65,0.651499,1,695963
47751761,0.66,0.6583,1,695963
47753221,0.65,0.65166,1,695998
47754681,0.66,0.658332,1,695998
47756141,0.65,0.651666,1,696019
47757601,0.66,0.658333,1,696019
47759061,0.65,0.651667,1,696059
47760521,0.66,0.658333,1,696059
47761981,0.63,0.635667,1,696094
47763441,0.64,0.639133,1,696094
47764901,0.65,0.647827,1,696112
47766361,0.66,0.657565,1,696112
47767821,0.69,0.683513,1,696143
47769281,0.7,0.696703,1,696143
47770741,0.69,0.691341,1,696169
47772201,0.7,0.698268,1,696169
47773661,0.71,0.707654,1,696195
47775121,0.72,0.717531,1,696195
47776581,0.73,0.727506,1,696255
47778041,0.74,0.737501,1,696255
47779501,0.79,0.7795,2,696281
47780961,0.8,0.7959,2,696281
47782421,0.79,0.79118,2,696311
47783881,0.8,0.798236,2,696311
47785341,0.79,0.791647,2,696329
47786801,0.8,0.798329,2,696329
47788261,0.79,0.791666,2,696331
47789721,0.8,0.798333,2,696331
47791181,0.79,0.791667,2,696366
47792641,0.8,0.798333,2,696366
47794101,0.83,0.823667,2,696384
47795561,0.84,0.836733,2,696384
47797021,0.85,0.847347,2,696415
47798481,0.86,0.857469,2,696415
47799941,0.85,0.851494,2,696417
47801401,0.86,0.858299,2,696417
47802861,0.85,0.85166,2,696452
47804321,0.86,0.858332,2,696452
47805781,0.86,0.859666,2,696452
47807241,0.89,0.883933,2,696473
47808701,0.9,0.896787,2,696473
47810161,0.91,0.907357,2,696513
47811621,0.92,0.917471,2,696513
47813081,0.93,0.927494,2,696547
47814541,0.94,0.937499,2,696547
47816001,0.91,0.9155,2,696566
47817461,0.92,0.9191,2,696566
47818921,0.93,0.92782,2,696599
47820381,0.94,0.937564,2,696599
47821841,0.93,0.931513,2,696625
47823301,0.94,0.938303,2,696625
47824761,0.95,0.947661,2,696652
47827681,0.93,0.93,2,696713
47829141,0.94,0.938,2,696713
47830601,0.91,0.9156,2,696742
47832061,0.92,0.91912,2,696742
47833521,0.91,0.911824,2,696772
47834981,0.92,0.918365,2,696772
47836441,0.91,0.911673,2,696790
47837901,0.92,0.918335,2,696790
47839361,0.91,0.911667,2,696792
47840821,0.92,0.918333,2,696792
47842281,0.93,0.927667,2,696827
47843741,0.94,0.937533,2,696827
47845201,0.89,0.899507,2,696847
47846661,0.9,0.899901,2,696847
47848121,0.91,0.90798,2,696879
47849581,0.92,0.917596,2,696879
47851041,0.91,0.911519,2,696881
47852501,0.92,0.918304,2,696881
47853961,0.89,0.895661,2,696916
47855421,0.9,0.899132,2,696916
47856881,0.93,0.923826,2,696938
47858341,0.94,0.936765,2,696938
48010181,0.91,0.91,2,698546
48011641,0.81,0.83,2,698577
48013101,0.73,0.75,2,698633
48014561,0.65,0.67,1,698665
48016021,0.57,0.59,1,698698
48017481,0.43,0.462,1,698727
48018941,0.25,0.2924,1,698774
48020401,0.21,0.22648,1,698791
48021861,0.17,0.181296,1,698800
48023321,0.11,0.124259,1,698816
48024781,0.11,0.112852,1,698831
48026241,0.13,0.12657,1,698836
48027701,0.13,0.129314,1,698878
48029161,0.01,0.0338628,1,698894
48030621,0.05,0.0467726,1,698927
48032081,0.05,0.0493545,1,698989
48033541,0.06,0.0578709,1,698989
48035001,0.05,0.0515742,1,699038
48036461,0.06,0.0583148,1,699038
48037921,0.03,0.035663,1,699118
48039381,0.04,0.0391326,1,699118
48040841,0.05,0.0478265,1,699169
48042301,0.06,0.0575653,1,699169
48043761,0.07,0.0675131,1,699222
48045221,0.08,0.0775026,1,699222
48046681,0.03,0.0395005,1,699242
48048141,0.04,0.0399001,1,699242
48049601,0.05,0.04798,1,699263
48051061,0.06,0.057596,1,699263
48052521,0.15,0.131519,1,699315
48053981,0.16,0.154304,1,699315
48055441,0.05,0.0708608,1,699412
48056901,0.06,0.0621722,1,699412
48058361,0.03,0.0364344,1,699461
48059821,0.04,0.0392869,1,699461
48061281,0.03,0.0318574,1,699540
48062741,0.04,0.0383715,1,699540
48064201,0.01,0.0156743,1,699592
48065661,0.02,0.0191349,1,699592
48067121,0.07,0.059827,1,699646
48068581,0.08,0.0759654,1,699646
48070041,0.07,0.0711931,1,699664
48071501,0.08,0.0782386,1,699664
48072961,0.07,0.0716477,1,699686
48074421,0.08,0.0783295,1,699686
48075881,0.13,0.119666,1,699743
48077341,0.14,0.135933,1,699743
48078801,0.11,0.115187,1,699835
48080261,0.12,0.119037,1,699835
48081721,0.12,0.119807,1,699835
48083181,0.03,0.0479615,1,699883
48084641,0.04,0.0415923,1,699883
48086101,0.07,0.0643185,1,699962
48087561,0.08,0.0768637,1,699962
48089021,0.05,0.0553727,1,700013
48090481,0.06,0.0590745,1,700013
48091941,0.05,0.0518149,1,700070
48093401,0.06,0.058363,1,700070
48094861,0.05,0.0516726,1,700088
48096321,0.06,0.0583345,1,700088
48097781,0.09,0.0836669,1,700110
48099241,0.1,0.0967334,1,700110
48100701,0.17,0.155347,1,700170
48102161,0.18,0.175069,1,700170
48103621,0.21,0.203014,1,700261
48105081,0.22,0.216603,1,700261
48106541,0.21,0.211321,1,700263
48108001,0.22,0.218264,1,700263
48109461,0.25,0.243653,1,700306
48110921,0.26,0.256731,1,700306
48112381,0.25,0.251346,1,700387
48113841,0.26,0.258269,1,700387
48115301,0.29,0.283654,1,700437
48116761,0.3,0.296731,1,700437
48118221,0.31,0.307346,1,700494
48119681,0.32,0.317469,1,700494
48121141,0.31,0.311494,1,700512
48122601,0.32,0.318299,1,700512
48124061,0.35,0.34366,1,700536
48125521,0.36,0.356732,1,700536
48126981,0.29,0.303346,1,700600
48128441,0.3,0.300669,1,700600
48129901,0.31,0.308134,1,700693
48131361,0.32,0.317627,1,700693
48132821,0.31,0.311525,1,700695
48134281,0.32,0.318305,1,700695
48135741,0.33,0.327661,1,700740
48137201,0.34,0.337532,1,700740
48138661,0.34,0.339506,1,700740
48140121,0.37,0.363901,1,700821
48141581,0.38,0.37678,1,700821
48143041,0.37,0.371356,1,700873
48144501,0.38,0.378271,1,700873
48145961,0.37,0.371654,1,700931
48147421,0.38,0.378331,1,700931
48148881,0.37,0.371666,1,700949
48150341,0.38,0.378333,1,700949
48151801,0.43,0.419667,1,700975
48153261,0.44,0.435933,1,700975
48154721,0.45,0.447187,1,701036
48156181,0.46,0.457437,1,701036
48157641,0.53,0.515487,1,701130
48159101,0.54,0.535097,1,701130
48160561,0.53,0.53102,1,701132
48162021,0.54,0.538204,1,701132
48163481,0.57,0.563641,1,701178
48164941,0.58,0.576728,1,701178
48166401,0.53,0.539346,1,701260
48167861,0.54,0.539869,1,701260
48169321,0.55,0.547974,1,701312
48170781,0.56,0.557595,1,701312
48172241,0.59,0.583519,1,701370
48173701,0.6,0.596704,1,701370
48175161,0.59,0.591341,1,701388
48176621,0.6,0.598268,1,701388
48178081,0.61,0.607654,1,701417
48179541,0.62,0.617531,1,701417
48181001,0.61,0.611506,1,701479
48182461,0.62,0.618301,1,701479
48183921,0.67,0.65966,1,701577
48185381,0.68,0.675932,1,701577
48186841,0.67,0.671186,1,701579
48188301,0.68,0.678237,1,701579
48189761,0.71,0.703647,1,701627
48191221,0.72,0.71673,1,701627
48192681,0.77,0.759346,2,701707
48194141,0.78,0.775869,2,701707
48195601,0.78,0.779174,2,701707
48197061,0.79,0.787835,2,701760
48198521,0.8,0.797567,2,701760
48199981,0.79,0.791513,2,701820
48201441,0.8,0.798303,2,701820
48202901,0.79,0.791661,2,701838
48204361,0.8,0.798332,2,701838
48205821,0.85,0.839666,2,701868
48207281,0.86,0.855933,2,701868
48208741,0.85,0.851187,2,701930
48210201,0.86,0.858237,2,701930
48211661,0.89,0.883648,2,702031
48213121,0.9,0.896729,2,702031
48214581,0.89,0.891346,2,702033
48216041,0.9,0.898269,2,702033
48217501,0.95,0.939654,2,702083
48375181,0.93,0.93,2,704588
48376641,0.94,0.938,2,704588
48378101,0.73,0.7716,2,704657
48379561,0.74,0.74632,1,704657
48381021,0.77,0.765264,2,704693
48382481,0.78,0.777053,2,704693
48383941,0.69,0.707411,1,704726
48385401,0.7,0.701482,1,704726
48386861,0.47,0.516296,1,704776
48388321,0.48,0.487259,1,704776
48389781,0.48,0.481452,1,704776
48391241,0.41,0.42429,1,704810
48392701,0.42,0.420858,1,704810
48394161,0.27,0.300172,1,704839
48395621,0.28,0.284034,1,704839
48397081,0.19,0.208807,1,704876
48398541,0.2,0.201761,1,704876
48400001,0.07,0.0963523,1,704922
48401461,0.08,0.0832705,1,704922
48402921,0.03,0.0406541,1,704962
48404381,0.04,0.0401308,1,704962
48405841,0.03,0.0320262,1,705025
48407301,0.04,0.0384052,1,705025
48408761,0,0.00768105,1,705056
48410221,0,0.00153621,1,705056
48411681,0.01,0.00830724,1,705115
48413141,0.02,0.0176614,1,705115
48414601,0.03,0.0275323,1,705153
48416061,0.04,0.0375065,1,705153
48417521,0.01,0.0155013,1,705182
48418981,0.02,0.0191003,1,705182
48420441,0,0.00382005,1,705221
48421901,0,0.00076401,1,705221
48423361,0.07,0.0561528,1,705251
48424821,0.08,0.0752306,1,705251
48426281,0.13,0.119046,1,705273
48427741,0.14,0.135809,1,705273
48429201,0.09,0.0991618,1,705306
48430661,0.1,0.0998324,1,705306
48432121,0.13,0.123966,1,705346
48433581,0.14,0.136793,1,705346
48435041,0.05,0.0673587,1,705384
48436501,0.06,0.0614717,1,705384
48437961,0.01,0.0202943,1,705447
48439421,0.02,0.0200589,1,705447
48440881,0.05,0.0440118,1,705477
48442341,0.06,0.0568024,1,705477
48443801,0.07,0.0673605,1,705536
48445261,0.08,0.0774721,1,705536
48446721,0.09,0.0874944,1,705575
48448181,0.1,0.0974989,1,705575
48449641,0.11,0.1075,1,705603
48451101,0.12,0.1175,1,705603
48452561,0.01,0.0315,1,705642
48454021,0.02,0.0223,1,705642
48455481,0.01,0.01246,1,705675
48456941,0.02,0.018492,1,705675
48458401,0.05,0.0436984,1,705700
48459861,0.06,0.0567397,1,705700
48461321,0.06,0.0593479,1,705700
48462781,0.15,0.13187,1,705731
48464241,0.16,0.154374,1,705731
48465701,0.15,0.150875,1,705773
48467161,0.16,0.158175,1,705773
48468621,0.15,0.151635,1,705807
48470081,0.16,0.158327,1,705807
48471541,0.07,0.0876654,1,705868
48473001,0.08,0.0815331,1,705868
48474461,0.05,0.0563066,1,705900
48475921,0.06,0.0592613,1,705900
48477381,0.05,0.0518523,1,705960
48478841,0.06,0.0583705,1,705960
48480301,0.09,0.0836741,1,706000
48481761,0.1,0.0967348,1,706000
48483221,0.07,0.075347,1,706029
48484681,0.08,0.0790694,1,706029
48486141,0.11,0.103814,1,706063
48487601,0.12,0.116763,1,706063
48489061,0.03,0.0473526,1,706096
48490521,0.04,0.0414705,1,706096
48491981,0.03,0.0322941,1,706123
48493441,0.04,0.0384588,1,706123
48494901,0.03,0.0316918,1,706125
48496361,0.04,0.0383384,1,706125
48497821,0.05,0.0476677,1,706160
48499281,0.06,0.0575335,1,706160
48500741,0.07,0.0675067,1,706202
48502201,0.08,0.0775013,1,706202
48503661,0.07,0.0715003,1,706236
48505121,0.08,0.0783001,1,706236
48506581,0.11,0.10366,1,706293
48508041,0.12,0.116732,1,706293
48509501,0.05,0.0633464,1,706324
48510961,0.06,0.0606693,1,706324
48512421,0,0.0121339,1,706384
48513881,0,0.00242677,1,706384
48515341,0.01,0.00848535,1,706426
48516801,0.02,0.0176971,1,706426
48518261,0.03,0.0275394,1,706454
48519721,0.04,0.0375079,1,706454
48521181,0.03,0.0315016,1,706490
48522641,0.04,0.0383003,1,706490
48524101,0.05,0.0476601,1,706519
48525561,0.06,0.057532,1,706519
48527021,0.05,0.0515064,1,706546
48528481,0.06,0.0583013,1,706546
48529941,0.05,0.0516603,1,706548
48531401,0.06,0.0583321,1,706548
48532861,0.07,0.0676664,1,706584
48534321,0.08,0.0775333,1,706584
48535781,0.08,0.0795067,1,706584
48537241,0.11,0.103901,1,706627
48538701,0.12,0.11678,1,706627
48540161,0.11,0.111356,1,706661
48541621,0.12,0.118271,1,706661
48543081,0.09,0.0956542,1,706720
48544541,0.1,0.0991308,1,706720
48546001,0.11,0.107826,1,706748
48547461,0.12,0.117565,1,706748
48548921,0.01,0.031513,1,706806
48550381,0.02,0.0223026,1,706806
48551841,0.05,0.0444605,1,706848
48553301,0.06,0.0568921,1,706848
48554761,0.09,0.0833784,1,706877
48556221,0.1,0.0966757,1,706877
48557681,0.11,0.107335,1,706913
48559141,0.12,0.117467,1,706913
48560601,0.09,0.0954934,1,706943
48562061,0.1,0.0990987,1,706943
48563521,0.13,0.12382,1,706970
48564981,0.14,0.136764,1,706970
48566441,0.13,0.131353,1,706972
48567901,0.14,0.138271,1,706972
48569361,0.11,0.115654,1,707009
48570821,0.12,0.119131,1,707009
48572281,0.11,0.111826,1,707053
48573741,0.12,0.118365,1,707053
48575201,0.11,0.111673,1,707087
48576661,0.12,0.118335,1,707087
48578121,0.13,0.127667,1,707145
48579581,0.14,0.137533,1,707145
48581041,0.17,0.163507,1,707174
48582501,0.18,0.176701,1,707174
48583961,0.19,0.18734,1,707227
48585421,0.2,0.197468,1,707227
48586881,0.23,0.223494,1,707271
48588341,0.24,0.236699,1,707271
48589801,0.25,0.24734,1,707302
48591261,0.26,0.257468,1,707302
48592721,0.25,0.251494,1,707339
48594181,0.26,0.258299,1,707339
48595641,0.27,0.26766,1,707368
48597101,0.28,0.277532,1,707368
48598561,0.29,0.287506,1,707397
48600021,0.3,0.297501,1,707397
48601481,0.29,0.2915,1,707399
48602941,0.3,0.2983,1,707399
48604401,0.29,0.29166,1,707435
48605861,0.3,0.298332,1,707435
48607321,0.33,0.323666,1,707479
48608781,0.34,0.336733,1,707479
48610241,0.34,0.339347,1,707479
48611701,0.39,0.379869,1,707513
48613161,0.4,0.395974,1,707513
48614621,0.43,0.423195,1,707572
48616081,0.44,0.436639,1,707572
48617541,0.43,0.431328,1,707603
48619001,0.44,0.438266,1,707603
48620461,0.49,0.479653,1,707657
48621921,0.5,0.495931,1,707657
48623381,0.55,0.539186,1,707703
48624841,0.56,0.555837,1,707703
48626301,0.55,0.551167,1,707735
48627761,0.56,0.558233,1,707735
48629221,0.55,0.551647,1,707772
48630681,0.56,0.558329,1,707772
48632141,0.57,0.567666,1,707802
48633601,0.58,0.577533,1,707802
48635061,0.61,0.603507,1,707832
48636521,0.62,0.616701,1,707832
48637981,0.61,0.61134,1,707834
48639441,0.62,0.618268,1,707834
48640901,0.61,0.611654,1,707870
48642361,0.62,0.618331,1,707870
48643821,0.61,0.611666,1,707916
48645281,0.62,0.618333,1,707916
48646741,0.61,0.611667,1,707918
48648201,0.62,0.618333,1,707918
48649661,0.65,0.643667,1,707954
48651121,0.66,0.656733,1,707954
48652581,0.63,0.635347,1,708015
48654041,0.64,0.639069,1,708015
48655501,0.65,0.647814,1,708046
48656961,0.66,0.657563,1,708046
48658421,0.69,0.683513,1,708103
48659881,0.7,0.696703,1,708103
48661341,0.69,0.69134,1,708152
48662801,0.7,0.698268,1,708152
48664261,0.69,0.691654,1,708184
48665721,0.7,0.698331,1,708184
48667181,0.67,0.675666,1,708221
48668641,0.68,0.679133,1,708221
48670101,0.69,0.687827,1,708252
48671561,0.7,0.697565,1,708252
48673021,0.67,0.675513,1,708284
48674481,0.68,0.679103,1,708284
48675941,0.67,0.671821,1,708286
48677401,0.68,0.678364,1,708286
48678861,0.67,0.671673,1,708322
48680321,0.68,0.678335,1,708322
48681781,0.67,0.671667,1,708368
48683241,0.68,0.678333,1,708368
48684701,0.67,0.671667,1,708370
48686161,0.68,0.678333,1,708370
48687621,0.69,0.687667,1,708408
48689081,0.7,0.697533,1,708408
48690541,0.7,0.699507,1,708408
48692001,0.75,0.739901,1,708468
48693461,0.76,0.75598,2,708468
48694921,0.79,0.783196,2,708500
48696381,0.8,0.796639,2,708500
48697841,0.77,0.775328,2,708559
48699301,0.78,0.779066,2,708559
48700761,0.75,0.755813,2,708608
48702221,0.76,0.759163,2,708608
48703681,0.79,0.783833,2,708640
48705141,0.8,0.796766,2,708640
48706601,0.83,0.823353,2,708676
48708061,0.84,0.836671,2,708676
48709521,0.83,0.831334,2,708708
48710981,0.84,0.838267,2,708708
48712441,0.91,0.895653,2,708739
48713901,0.92,0.915131,2,708739
48715361,0.91,0.911026,2,708741
48716821,0.92,0.918205,2,708741
48718281,0.91,0.911641,2,708777
48719741,0.92,0.918328,2,708777
48721201,0.93,0.927666,2,708823
48722661,0.94,0.937533,2,708823
48724121,0.93,0.931507,2,708825
48725581,0.94,0.938301,2,708825
48727041,0.93,0.93166,2,708864
48728501,0.94,0.938332,2,708864
48729961,0.89,0.899666,2,708926
48731421,0.9,0.899933,2,708926
48732881,0.89,0.891987,2,708960
48734341,0.9,0.898397,2,708960
48735801,0.91,0.907679,2,709018
48737261,0.92,0.917536,2,709018
48738721,0.93,0.927507,2,709066
48740181,0.94,0.937501,2,709066
48741641,0.95,0.9475,2,709100
48867201,0.9,0.9,2,710581
48868661,0.91,0.908,2,710581
48873041,0.87,0.87,2,710648
48874501,0.88,0.878,2,710648
48875961,0.69,0.7276,1,710675
48877421,0.7,0.70552,1,710675
48878881,0.67,0.677104,1,710701
48880341,0.68,0.679421,1,710701
48881801,0.57,0.591884,1,710738
48883261,0.58,0.582377,1,710738
48884721,0.45,0.476475,1,710777
48886181,0.46,0.463295,1,710777
48887641,0.43,0.436659,1,710801
48889101,0.44,0.439332,1,710801
48890561,0.43,0.431866,1,710820
48892021,0.44,0.438373,1,710820
48893481,0.33,0.351675,1,710870
48894941,0.34,0.342335,1,710870
48896401,0.33,0.332467,1,710903
48897861,0.34,0.338493,1,710903
48899321,0.29,0.299699,1,710928
48900781,0.3,0.29994,1,710928
48902241,0.29,0.291988,1,710977
48903701,0.3,0.298398,1,710977
48905161,0.27,0.27568,1,711004
48906621,0.28,0.279136,1,711004
48908081,0.27,0.271827,1,711047
48909541,0.28,0.278365,1,711047
48911001,0.25,0.255673,1,711089
48912461,0.26,0.259135,1,711089
48913921,0.27,0.267827,1,711112
48915381,0.28,0.277565,1,711112
48916841,0.25,0.255513,1,711130
48918301,0.26,0.259103,1,711130
48919761,0.35,0.331821,1,711155
48921221,0.36,0.354364,1,711155
48922681,0.31,0.318873,1,711187
48924141,0.32,0.319775,1,711187
48925601,0.33,0.327955,1,711220
48927061,0.34,0.337591,1,711220
48928521,0.35,0.347518,1,711243
48929981,0.36,0.357504,1,711243
48931441,0.39,0.383501,1,711262
48932901,0.4,0.3967,1,711262
48934361,0.41,0.40734,1,711307
48935821,0.42,0.417468,1,711307
48937281,0.39,0.395494,1,711340
48938741,0.4,0.399099,1,711340
48940201,0.37,0.37582,1,711363
48941661,0.38,0.379164,1,711363
48943121,0.49,0.467833,1,711412
48944581,0.5,0.493567,1,711412
48946041,0.5,0.498713,1,711412
48947501,0.49,0.491743,1,711438
48948961,0.5,0.498349,1,711438
48950421,0.57,0.55567,1,711481
48951881,0.58,0.575134,1,711481
48953341,0.61,0.603027,1,711522
48954801,0.62,0.616605,1,711522
48956261,0.61,0.611321,1,711546
48957721,0.62,0.618264,1,711546
48959181,0.63,0.627653,1,711563
48960641,0.64,0.637531,1,711563
48962101,0.65,0.647506,1,711593
48963561,0.66,0.657501,1,711593
48965021,0.67,0.6675,1,711623
48966481,0.68,0.6775,1,711623
48967941,0.71,0.7035,1,711657
48969401,0.72,0.7167,1,711657
48970861,0.71,0.71134,1,711681
48972321,0.72,0.718268,1,711681
48973781,0.69,0.695654,1,711702
48975241,0.7,0.699131,1,711702
48976701,0.73,0.723826,1,711748
48978161,0.74,0.736765,1,711748
48979621,0.73,0.731353,1,711780
48981081,0.74,0.738271,1,711780
48982541,0.73,0.731654,1,711802
48984001,0.74,0.738331,1,711802
48985461,0.71,0.715666,1,711857
48986921,0.72,0.719133,1,711857
48988381,0.71,0.711827,1,711859
48989841,0.72,0.718365,1,711859
48991301,0.73,0.727673,1,711884
48992761,0.74,0.737535,1,711884
48994221,0.79,0.779507,2,711931
48995681,0.8,0.795901,2,711931
48997141,0.79,0.79118,2,711974
48998601,0.8,0.798236,2,711974
49000061,0.81,0.807647,2,711998
49001521,0.82,0.817529,2,711998
49002981,0.83,0.827506,2,712016
49004441,0.84,0.837501,2,712016
49005901,0.83,0.8315,2,712047
49007361,0.84,0.8383,2,712047
49008821,0.81,0.81566,2,712078
49010281,0.82,0.819132,2,712078
49011741,0.81,0.811826,2,712114
49013201,0.82,0.818365,2,712114
49014661,0.81,0.811673,2,712138
49016121,0.82,0.818335,2,712138
49017581,0.81,0.811667,2,712158
49019041,0.82,0.818333,2,712158
49020501,0.77,0.779667,2,712206
49021961,0.78,0.779933,2,712206
49023421,0.79,0.787987,2,712238
49024881,0.8,0.797597,2,712238
49026341,0.79,0.791519,2,712260
49027801,0.8,0.798304,2,712260
49029261,0.79,0.791661,2,712314
49030721,0.8,0.798332,2,712314
49032181,0.79,0.791666,2,712316
49033641,0.8,0.798333,2,712316
49035101,0.81,0.807667,2,712342
49036561,0.82,0.817533,2,712342
49038021,0.82,0.819507,2,712342
49039481,0.87,0.859901,2,712392
49040941,0.88,0.87598,2,712392
49042401,0.89,0.887196,2,712435
49043861,0.9,0.897439,2,712435
49045321,0.91,0.907488,2,712460
49046781,0.92,0.917498,2,712460
49048241,0.89,0.8955,2,712479
49049701,0.9,0.8991,2,712479
49051161,0.91,0.90782,2,712510
49052621,0.92,0.917564,2,712510
49054081,0.93,0.927513,2,712540
49055541,0.94,0.937503,2,712540
49057001,0.93,0.931501,2,712576
49058461,0.94,0.9383,2,712576
49059921,0.93,0.93166,2,712600
49061381,0.94,0.938332,2,712600
49062841,0.93,0.931666,2,712620
49064301,0.94,0.938333,2,712620
49197161,0.92,0.92,2,714194
49198621,0.93,0.928,2,714230
49200081,0.88,0.8896,2,714260
49201541,0.85,0.85792,2,714284
49203001,0.79,0.803584,2,714334
49204461,0.73,0.744717,1,714370
49205921,0.57,0.604943,1,714393
49207381,0.65,0.640989,1,714439
49208841,0.57,0.584198,1,714456
49210301,0.65,0.63684,1,714475
49211761,0.53,0.551368,1,714492
49213221,0.55,0.550274,1,714500
49214681,0.51,0.518055,1,714580
49216141,0.52,0.519611,1,714580
49217601,0.47,0.479922,1,714665
49219061,0.48,0.479984,1,714665
49220521,0.47,0.471997,1,714725
49221981,0.48,0.478399,1,714725
49223441,0.49,0.48768,1,714794
49224901,0.5,0.497536,1,714794
49226361,0.43,0.443507,1,714842
49227821,0.44,0.440701,1,714842
49229281,0.39,0.40014,1,714905
49230741,0.4,0.400028,1,714905
49232201,0.39,0.392006,1,714939
49233661,0.4,0.398401,1,714939
49235121,0.37,0.37568,1,715026
49236581,0.38,0.379136,1,715026
49238041,0.35,0.355827,1,715109
49239501,0.36,0.359165,1,715109
49240961,0.39,0.383833,1,715169
49242421,0.4,0.396767,1,715169
49243881,0.45,0.439353,1,715239
49245341,0.46,0.455871,1,715239
49246801,0.51,0.499174,1,715284
49248261,0.52,0.515835,1,715284
49249721,0.53,0.527167,1,715345
49251181,0.54,0.537433,1,715345
49252641,0.57,0.563487,1,715379
49254101,0.58,0.576697,1,715379
49255561,0.61,0.603339,1,715465
49257021,0.62,0.616668,1,715465
49258481,0.62,0.619334,1,715465
49259941,0.65,0.643867,1,715547
49261401,0.66,0.656773,1,715547
49262861,0.71,0.699355,1,715609
49264321,0.72,0.715871,1,715609
49265781,0.75,0.743174,1,715682
49267241,0.76,0.756635,2,715682
49268701,0.75,0.751327,2,715730
49270161,0.76,0.758265,2,715730
49271621,0.77,0.767653,2,715792
49273081,0.78,0.777531,2,715792
49274541,0.81,0.803506,2,715828
49276001,0.82,0.816701,2,715828
49277461,0.85,0.84334,2,715916
49278921,0.86,0.856668,2,715916
49280381,0.85,0.851334,2,715918
49281841,0.86,0.858267,2,715918
49283301,0.91,0.899653,2,716001
49284761,0.92,0.915931,2,716001
49286221,0.89,0.895186,2,716066
49287681,0.9,0.899037,2,716066
49289141,0.85,0.859807,2,716141
49290601,0.86,0.859962,2,716141
49292061,0.85,0.851992,2,716189
49293521,0.86,0.858398,2,716189
49294981,0.83,0.83568,2,716252
49296441,0.84,0.839136,2,716252
49297901,0.83,0.831827,2,716290
49299361,0.84,0.838365,2,716290
49300821,0.91,0.895673,2,716380
49302281,0.92,0.915135,2,716380
49303741,0.91,0.911027,2,716382
49305201,0.92,0.918205,2,716382
49400101,0.83,0.83,2,718282
49401561,0.84,0.838,2,718282
49403021,0.81,0.8156,2,718322
49404481,0.82,0.81912,2,718322
49405941,0.75,0.763824,2,718388
49407401,0.76,0.760765,2,718388
49408861,0.53,0.576153,1,718422
49410321,0.54,0.547231,1,718422
49411781,0.43,0.453446,1,718474
49413241,0.44,0.442689,1,718474
49414701,0.33,0.352538,1,718513
49416161,0.34,0.342508,1,718513
49417621,0.34,0.340502,1,718513
49419081,0.43,0.4121,1,718581
49420541,0.44,0.43442,1,718581
49422001,0.41,0.414884,1,718640
49423461,0.42,0.418977,1,718640
49424921,0.33,0.347795,1,718674
49426381,0.34,0.341559,1,718674
49427841,0.33,0.332312,1,718746
49429301,0.34,0.338462,1,718746
49430761,0.31,0.315692,1,718784
49432221,0.32,0.319138,1,718784
49433681,0.25,0.263828,1,718847
49435141,0.26,0.260766,1,718847
49436601,0.27,0.268153,1,718870
49438061,0.28,0.277631,1,718870
49439521,0.17,0.191526,1,718917
49440981,0.18,0.182305,1,718917
49442441,0.21,0.204461,1,718951
49443901,0.22,0.216892,1,718951
49445361,0.31,0.291378,1,719023
49446821,0.32,0.314276,1,719023
49448281,0.27,0.278855,1,719081
49449741,0.28,0.279771,1,719081
49451201,0.23,0.239954,1,719111
49452661,0.24,0.239991,1,719111
49454121,0.27,0.263998,1,719183
49455581,0.28,0.2768,1,719183
49457041,0.29,0.28736,1,719220
49458501,0.3,0.297472,1,719220
49459961,0.31,0.307494,1,719280
49461421,0.32,0.317499,1,719280
49462881,0.33,0.3275,1,719304
49464341,0.34,0.3375,1,719304
49465801,0.35,0.3475,1,719346
49467261,0.36,0.3575,1,719346
49468721,0.37,0.3675,1,719382
49470181,0.38,0.3775,1,719382
49471641,0.43,0.4195,1,719459
49473101,0.44,0.4359,1,719459
49474561,0.44,0.43918,1,719459
49476021,0.55,0.527836,1,719515
49477481,0.56,0.553567,1,719515
49478941,0.57,0.566713,1,719543
49480401,0.58,0.577343,1,719543
49481861,0.61,0.603469,1,719617
49483321,0.62,0.616694,1,719617
49484781,0.61,0.611339,1,719655
49486241,0.62,0.618268,1,719655
49487701,0.59,0.595654,1,719716
49489161,0.6,0.599131,1,719716
49490621,0.57,0.575826,1,719741
49492081,0.58,0.579165,1,719741
49493541,0.59,0.587833,1,719784
49495001,0.6,0.597567,1,719784
49496461,0.61,0.607513,1,719821
49497921,0.62,0.617503,1,719821
49499381,0.67,0.659501,1,719901
49500841,0.68,0.6759,1,719901
49502301,0.67,0.67118,1,719903
49503761,0.68,0.678236,1,719903
49505221,0.73,0.719647,1,719964
49506681,0.74,0.735929,1,719964
49508141,0.75,0.747186,1,719993
49509601,0.76,0.757437,2,719993
49511061,0.71,0.719487,1,720069
49512521,0.72,0.719897,1,720069
49513981,0.71,0.711979,1,720107
49515441,0.72,0.718396,1,720107
49516901,0.71,0.711679,1,720167
49518361,0.72,0.718336,1,720167
49519821,0.71,0.711667,1,720191
49521281,0.72,0.718333,1,720191
49522741,0.73,0.727667,1,720235
49524201,0.74,0.737533,1,720235
49525661,0.75,0.747507,1,720273
49527121,0.76,0.757501,2,720273
49528581,0.81,0.7995,2,720356
49530041,0.82,0.8159,2,720356
49531501,0.81,0.81118,2,720358
49532961,0.82,0.818236,2,720358
49534421,0.89,0.875647,2,720422
49535881,0.9,0.895129,2,720422
49537341,0.9,0.899026,2,720422
49538801,0.91,0.907805,2,720452
49540261,0.92,0.917561,2,720452
49541721,0.95,0.943512,2,720526
49925701,0.93,0.93,2,726072
49927161,0.94,0.938,2,726072
49928621,0.87,0.8836,2,726103
49930081,0.88,0.88072,2,726103
49931541,0.79,0.808144,2,726118
49933001,0.85,0.841629,2,726135
49893581,0.75,0.768326,2,726153
49934461,0.41,0.481665,1,726254
49935921,0.25,0.296333,1,726292
49937381,0,0.0592666,1,726368
49938841,0.01,0.0198533,1,726400
49940301,0,0.00397066,1,726436
49941761,0.05,0.0407941,1,726475
49943221,0.01,0.0161588,1,726504
49944681,0.01,0.0112318,1,726567
49946141,0.01,0.0102464,1,726568
49947601,0.03,0.0260493,1,726578
49949061,0.01,0.0132099,1,726598
49950521,0.03,0.026642,1,726611
49951981,0.01,0.0133284,1,726725
49953441,0.02,0.0186657,1,726725
49954901,0.07,0.0597331,1,726821
49956361,0.08,0.0759466,1,726821
49957821,0.07,0.0711893,1,726898
49959281,0.08,0.0782379,1,726898
49960741,0.03,0.0396476,1,726988
49962201,0.04,0.0399295,1,726988
49963661,0.03,0.0319859,1,727000
49965121,0.04,0.0383972,1,727000
49966581,0.03,0.0316794,1,727033
49968041,0.04,0.0383359,1,727033
49969501,0.15,0.127667,1,727147
49970961,0.16,0.153533,1,727147
49972421,0.01,0.0387067,1,727246
49973881,0.02,0.0237413,1,727246
49975341,0.01,0.0127483,1,727323
49976801,0.02,0.0185497,1,727323
49978261,0.01,0.0117099,1,727411
49979721,0.02,0.018342,1,727411
49981181,0.01,0.0116684,1,727423
49982641,0.02,0.0183337,1,727423
49984101,0,0.00366674,1,727456
49985561,0,0.000733347,1,727456
49987021,0,0.000146669,1,727456
49988481,0.15,0.120029,1,727576
49989941,0.16,0.152006,1,727576
49991401,0.11,0.118401,1,727668
49992861,0.12,0.11968,1,727668
49994321,0.01,0.031936,1,727745
49995781,0.02,0.0223872,1,727745
49997241,0.01,0.0124774,1,727833
49998701,0.02,0.0184955,1,727833
50000161,0,0.0036991,1,727845
50001621,0,0.000739819,1,727845
50003081,0,0.000147964,1,727878
50004541,0,2.95928e-05,1,727878
50006001,0.07,0.0560059,1,728004
50007461,0.08,0.0752012,1,728004
50008921,0.19,0.16704,1,728094
50010381,0.2,0.193408,1,728094
50011841,0.05,0.0786816,1,728166
50013301,0.06,0.0637363,1,728166
50014761,0.07,0.0687473,1,728254
50016221,0.08,0.0777495,1,728254
50017681,0.03,0.0395499,1,728266
50019141,0.04,0.03991,1,728266
50020601,0.01,0.015982,1,728299
50022061,0.02,0.0191964,1,728299
50023521,0.03,0.0278393,1,728428
50024981,0.04,0.0375679,1,728428
50026441,0.09,0.0795136,1,728524
50027901,0.1,0.0959027,1,728524
50029361,0.1,0.0991805,1,728524
50030821,0.09,0.0918361,1,728589
50032281,0.1,0.0983672,1,728589
50033741,0.03,0.0436734,1,728678
50035201,0.04,0.0407347,1,728678
50036661,0.03,0.0321469,1,728688
50038121,0.04,0.0384294,1,728688
50039581,0.03,0.0316859,1,728720
50041041,0.04,0.0383372,1,728720
50042501,0.03,0.0316674,1,728850
50043961,0.04,0.0383335,1,728850
50045421,0.11,0.0956667,1,728949
50046881,0.12,0.115133,1,728949
50048341,0.11,0.111027,1,728951
50049801,0.12,0.118205,1,728951
50051261,0.17,0.159641,1,729015
50052721,0.18,0.175928,1,729015
50054181,0.09,0.107186,1,729101
50055641,0.1,0.101437,1,729101
50057101,0.09,0.0922874,1,729111
50058561,0.1,0.0984575,1,729111
50060021,0.09,0.0916915,1,729143
50061481,0.1,0.0983383,1,729143
50062941,0.09,0.0916677,1,729273
50064401,0.1,0.0983335,1,729273
50065861,0.17,0.155667,1,729376
50067321,0.18,0.175133,1,729376
50068781,0.17,0.171027,1,729378
50070241,0.18,0.178205,1,729378
50071701,0.18,0.179641,1,729378
50073161,0.17,0.171928,1,729445
50074621,0.18,0.178386,1,729445
50076081,0.13,0.139677,1,729527
50077541,0.14,0.139935,1,729527
50079001,0.13,0.131987,1,729537
50080461,0.14,0.138397,1,729537
50081921,0.13,0.131679,1,729569
50083381,0.14,0.138336,1,729569
50084841,0.21,0.195667,1,729699
50086301,0.22,0.215133,1,729699
50087761,0.25,0.243027,1,729806
50089221,0.26,0.256605,1,729806
50090681,0.25,0.251321,1,729808
50092141,0.26,0.258264,1,729808
50093601,0.35,0.331653,1,729874
50095061,0.36,0.354331,1,729874
50096521,0.37,0.366866,1,729954
50097981,0.38,0.377373,1,729954
50099441,0.37,0.371475,1,729964
50100901,0.38,0.378295,1,729964
50102361,0.39,0.387659,1,729996
50103821,0.4,0.397532,1,729996
50105281,0.49,0.471506,1,730130
50106741,0.5,0.494301,1,730130
50108201,0.49,0.49086,1,730239
50109661,0.5,0.498172,1,730239
50111121,0.49,0.491634,1,730241
50112581,0.5,0.498327,1,730241
50114041,0.47,0.475665,1,730312
50115501,0.48,0.479133,1,730312
50116961,0.51,0.503827,1,730393
50118421,0.52,0.516765,1,730393
50119881,0.52,0.519353,1,730393
50121341,0.53,0.527871,1,730403
50122801,0.54,0.537574,1,730403
50124261,0.55,0.547515,1,730436
50125721,0.56,0.557503,1,730436
50127181,0.61,0.599501,1,730575
50128641,0.62,0.6159,1,730575
50130101,0.59,0.59518,1,730684
50131561,0.6,0.599036,1,730684
50133021,0.59,0.591807,1,730686
50134481,0.6,0.598361,1,730686
50135941,0.59,0.591672,1,730756
50137401,0.6,0.598334,1,730756
50138861,0.67,0.655667,1,730839
50140321,0.68,0.675133,1,730839
50141781,0.67,0.671027,1,730841
50143241,0.68,0.678205,1,730841
50144701,0.69,0.687641,1,730851
50146161,0.7,0.697528,1,730851
50147621,0.73,0.723506,1,730885
50149081,0.74,0.736701,1,730885
50150541,0.81,0.79534,2,731027
50152001,0.82,0.815068,2,731027
50153461,0.85,0.843014,2,731135
50154921,0.86,0.856603,2,731135
50156381,0.85,0.851321,2,731137
50157841,0.86,0.858264,2,731137
50159301,0.85,0.851653,2,731207
50160761,0.86,0.858331,2,731207
50162221,0.93,0.915666,2,731294
50163681,0.94,0.935133,2,731294
50165141,0.93,0.931027,2,731296
50166601,0.94,0.938205,2,731296
50168061,0.94,0.939641,2,731296
50289241,0.74,0.74,1,733664
50290701,0.75,0.748,1,733664
50292161,0.89,0.8616,2,733717
50293621,0.9,0.89232,2,733717
50295081,0.73,0.762464,2,733753
50296541,0.74,0.744493,1,733753
50298001,0.67,0.684899,1,733789
50299461,0.68,0.68098,1,733789
50300921,0.65,0.656196,1,733826
50302381,0.66,0.659239,1,733826
50303841,0.55,0.571848,1,733863
50305301,0.56,0.56237,1,733863
50306761,0.21,0.280474,1,734002
50308221,0.22,0.232095,1,734002
50309681,0.07,0.102419,1,734045
50311141,0.08,0.0844838,1,734045
50312601,0.05,0.0568968,1,734079
50314061,0.06,0.0593794,1,734079
50315521,0.05,0.0518759,1,734127
50316981,0.06,0.0583752,1,734127
50318441,0.01,0.019675,1,734182
50319901,0.02,0.019935,1,734182
50321361,0.03,0.027987,1,734210
50322821,0.04,0.0375974,1,734210
50324281,0.05,0.0475195,1,734243
50325741,0.06,0.0575039,1,734243
50327201,0.03,0.0355008,1,734279
50328661,0.04,0.0391002,1,734279
50330121,0.07,0.06382,1,734311
50331581,0.08,0.076764,1,734311
50333041,0.03,0.0393528,1,734433
50334501,0.04,0.0398706,1,734433
50335961,0.04,0.0399741,1,734433
50337421,0.07,0.0639948,1,734469
50338881,0.08,0.076799,1,734469
50340341,0.11,0.10336,1,734502
50341801,0.12,0.116672,1,734502
50343261,0.09,0.0953344,1,734550
50344721,0.1,0.0990669,1,734550
50346181,0.05,0.0598134,1,734603
50347641,0.06,0.0599627,1,734603
50349101,0.03,0.0359925,1,734632
50350561,0.04,0.0391985,1,734632
50352021,0.03,0.0318397,1,734666
50353481,0.04,0.0383679,1,734666
50354941,0.03,0.0316736,1,734701
50356401,0.04,0.0383347,1,734701
50357861,0.03,0.0316669,1,734735
50359321,0.04,0.0383334,1,734735
50360781,0.23,0.191667,1,734855
50362241,0.24,0.230333,1,734855
50363701,0.23,0.230067,1,734857
50365161,0.24,0.238013,1,734857
50366621,0.23,0.231603,1,734894
50368081,0.24,0.238321,1,734894
50369541,0.31,0.295664,1,734929
50371001,0.32,0.315133,1,734929
50372461,0.31,0.311027,1,734976
50373921,0.32,0.318205,1,734976
50375381,0.31,0.311641,1,735027
50376841,0.32,0.318328,1,735027
50378301,0.23,0.247666,1,735055
50379761,0.24,0.241533,1,735055
50381221,0.15,0.168307,1,735089
50382681,0.16,0.161661,1,735089
50384141,0.13,0.136332,1,735124
50385601,0.14,0.139266,1,735124
50387061,0.11,0.115853,1,735158
50388521,0.12,0.119171,1,735158
50389981,0.19,0.175834,1,735288
50391441,0.2,0.195167,1,735288
50392901,0.19,0.191033,1,735290
50394361,0.2,0.198207,1,735290
50395821,0.17,0.175641,1,735327
50397281,0.18,0.179128,1,735327
50398741,0.18,0.179826,1,735327
50400201,0.13,0.139965,1,735366
50401661,0.14,0.139993,1,735366
50403121,0.11,0.115999,1,735413
50404581,0.12,0.1192,1,735413
50406041,0.11,0.11184,1,735464
50407501,0.12,0.118368,1,735464
50408961,0.11,0.111674,1,735488
50410421,0.12,0.118335,1,735488
50411881,0.11,0.111667,1,735518
50413341,0.12,0.118333,1,735518
50414801,0.11,0.111667,1,735552
50416261,0.12,0.118333,1,735552
50417721,0.09,0.0956667,1,735585
50419181,0.1,0.0991333,1,735585
50420641,0.15,0.139827,1,735719
50422101,0.16,0.155965,1,735719
50423561,0.15,0.151193,1,735721
50425021,0.16,0.158239,1,735721
50426481,0.19,0.183648,1,735757
50427941,0.2,0.19673,1,735757
50429401,0.21,0.207346,1,735793
50430861,0.22,0.217469,1,735793
50432321,0.23,0.227494,1,735839
50433781,0.24,0.237499,1,735839
50435241,0.29,0.2795,1,735890
50436701,0.3,0.2959,1,735890
50438161,0.31,0.30718,1,735914
50439621,0.32,0.317436,1,735914
50441081,0.33,0.327487,1,735944
50442541,0.34,0.337497,1,735944
50444001,0.33,0.331499,1,735978
50445461,0.34,0.3383,1,735978
50446921,0.33,0.33166,1,736010
50448381,0.34,0.338332,1,736010
50449841,0.37,0.363666,1,736147
50451301,0.38,0.376733,1,736147
50452761,0.37,0.371347,1,736149
50454221,0.38,0.378269,1,736149
50455681,0.41,0.403654,1,736187
50457141,0.42,0.416731,1,736187
50458601,0.43,0.427346,1,736224
50460061,0.44,0.437469,1,736224
50461521,0.44,0.439494,1,736224
50462981,0.47,0.463899,1,736271
50464441,0.48,0.47678,1,736271
50465901,0.51,0.503356,1,736325
50467361,0.52,0.516671,1,736325
50468821,0.53,0.527334,1,736350
50470281,0.54,0.537467,1,736350
50471741,0.57,0.563493,1,736381
50473201,0.58,0.576699,1,736381
50474661,0.57,0.57134,1,736415
50476121,0.58,0.578268,1,736415
50477581,0.57,0.571654,1,736447
50479041,0.58,0.578331,1,736447
50480501,0.65,0.635666,1,736586
50481961,0.66,0.655133,1,736586
50483421,0.65,0.651027,1,736588
50484881,0.66,0.658205,1,736588
50486341,0.71,0.699641,1,736628
50487801,0.72,0.715928,1,736628
50489261,0.71,0.711186,1,736666
50490721,0.72,0.718237,1,736666
50492181,0.71,0.711647,1,736668
50493641,0.72,0.718329,1,736668
50495101,0.79,0.775666,2,736716
50496561,0.8,0.795133,2,736716
50498021,0.83,0.823027,2,736772
50499481,0.84,0.836605,2,736772
50500941,0.85,0.847321,2,736798
50502401,0.86,0.857464,2,736798
50503861,0.83,0.835493,2,736831
50505321,0.84,0.839099,2,736831
50506781,0.85,0.84782,2,736865
50508241,0.86,0.857564,2,736865
50509701,0.87,0.867513,2,736897
50511161,0.88,0.877503,2,736897
50512621,0.93,0.919501,2,737040
50514081,0.94,0.9359,2,737040
50515541,0.93,0.93118,2,737042
50517001,0.94,0.938236,2,737042
50518461,0.95,0.947647,2,737085
50531601,0.95,0.95,2,737235
50534521,0.93,0.93,2,737262
50535981,0.94,0.938,2,737262
50537441,0.93,0.9316,2,737294
50538901,0.94,0.93832,2,737294
50540361,0.91,0.915664,2,737329
50541821,0.92,0.919133,2,737329
50543281,0.91,0.911827,2,737362
50544741,0.92,0.918365,2,737362
50546201,0.89,0.895673,2,737508
50547661,0.9,0.899135,2,737508
50549121,0.89,0.891827,2,737510
50550581,0.9,0.898365,2,737510
50552041,0.93,0.923673,2,737554
50553501,0.94,0.936735,2,737554
50554961,0.93,0.931347,2,737593
50556421,0.94,0.938269,2,737593
50557881,0.93,0.931654,2,737595
50559341,0.94,0.938331,2,737595
50677601,0.85,0.85,2,739276
50679061,0.86,0.858,2,739276
50680521,0.79,0.8036,2,739310
50681981,0.8,0.80072,2,739310
50683441,0.61,0.648144,1,739397
50684901,0.62,0.625629,1,739397
50686361,0.43,0.469126,1,739452
50687821,0.44,0.445825,1,739452
50689281,0.41,0.417165,1,739486
50690741,0.42,0.419433,1,739486
50692201,0.31,0.331887,1,739516
50693661,0.32,0.322377,1,739516
50695121,0.35,0.344475,1,739548
50696581,0.36,0.356895,1,739548
50698041,0.31,0.319379,1,739577
50699501,0.32,0.319876,1,739577
50700961,0.29,0.295975,1,739614
50702421,0.3,0.299195,1,739614
50703881,0.21,0.227839,1,739651
50705341,0.22,0.221568,1,739651
50706801,0.15,0.164314,1,739670
50708261,0.16,0.160863,1,739670
50709721,0.15,0.152173,1,739698
50711181,0.16,0.158435,1,739698
50712641,0.11,0.119687,1,739739
50714101,0.12,0.119937,1,739739
50715561,0.05,0.0639875,1,739770
50717021,0.06,0.0607975,1,739770
50718481,0.13,0.11616,1,739848
50719941,0.14,0.135232,1,739848
50721401,0.11,0.115046,1,739894
50722861,0.12,0.119009,1,739894
50724321,0.15,0.143802,1,739927
50725781,0.16,0.15676,1,739927
50727241,0.11,0.119352,1,739952
50728701,0.12,0.11987,1,739952
50730161,0.13,0.127974,1,739986
50731621,0.14,0.137595,1,739986
50733081,0.17,0.163519,1,740013
50734541,0.18,0.176704,1,740013
50736001,0.17,0.171341,1,740049
50737461,0.18,0.178268,1,740049
50738921,0.21,0.203654,1,740082
50740381,0.22,0.216731,1,740082
50741841,0.21,0.211346,1,740098
50743301,0.22,0.218269,1,740098
50744761,0.17,0.179654,1,740126
50746221,0.18,0.179931,1,740126
50747681,0.23,0.219986,1,740165
50749141,0.24,0.235997,1,740165
50750601,0.24,0.239199,1,740165
50752061,0.25,0.24784,1,740193
50753521,0.26,0.257568,1,740193
50754981,0.33,0.315514,1,740275
50756441,0.34,0.335103,1,740275
50757901,0.33,0.331021,1,740320
50759361,0.34,0.338204,1,740320
50760821,0.37,0.363641,1,740355
50762281,0.38,0.376728,1,740355
50763741,0.35,0.355346,1,740378
50765201,0.36,0.359069,1,740378
50766661,0.37,0.367814,1,740413
50768121,0.38,0.377563,1,740413
50769581,0.39,0.387513,1,740442
50771041,0.4,0.397503,1,740442
50772501,0.39,0.391501,1,740478
50773961,0.4,0.3983,1,740478
50775421,0.47,0.45566,1,740513
50776881,0.48,0.475132,1,740513
50778341,0.47,0.471026,1,740529
50779801,0.48,0.478205,1,740529
50781261,0.49,0.487641,1,740555
50782721,0.5,0.497528,1,740555
50784181,0.55,0.539506,1,740597
50785641,0.56,0.555901,1,740597
50787101,0.55,0.55118,1,740599
50788561,0.56,0.558236,1,740599
50790021,0.55,0.551647,1,740627
50791481,0.56,0.558329,1,740627
50792941,0.59,0.583666,1,740713
50794401,0.6,0.596733,1,740713
50795861,0.59,0.591347,1,740758
50797321,0.6,0.598269,1,740758
50798781,0.59,0.591654,1,740795
50800241,0.6,0.598331,1,740795
50801701,0.59,0.591666,1,740817
50803161,0.6,0.598333,1,740817
50804621,0.59,0.591667,1,740853
50806081,0.6,0.598333,1,740853
50807541,0.55,0.559667,1,740883
50809001,0.56,0.559933,1,740883
50810461,0.57,0.567987,1,740919
50811921,0.58,0.577597,1,740919
50813381,0.61,0.603519,1,740958
50814841,0.62,0.616704,1,740958
50816301,0.61,0.611341,1,740974
50817761,0.62,0.618268,1,740974
50819221,0.65,0.643654,1,741001
50820681,0.66,0.656731,1,741001
50822141,0.69,0.683346,1,741046
50823601,0.7,0.696669,1,741046
50825061,0.69,0.691334,1,741048
50826521,0.7,0.698267,1,741048
50827981,0.71,0.707653,1,741076
50829441,0.72,0.717531,1,741076
50830901,0.72,0.719506,1,741076
50832361,0.71,0.711901,1,741164
50833821,0.72,0.71838,1,741164
50835281,0.71,0.711676,1,741209
50836741,0.72,0.718335,1,741209
50838201,0.75,0.743667,1,741246
50839661,0.76,0.756733,2,741246
50841121,0.77,0.767347,2,741268
50842581,0.78,0.777469,2,741268
50844041,0.77,0.771494,2,741304
50845501,0.78,0.778299,2,741304
50846961,0.77,0.77166,2,741332
50848421,0.78,0.778332,2,741332
50849881,0.83,0.819666,2,741369
50851341,0.84,0.835933,2,741369
50852801,0.85,0.847187,2,741410
50854261,0.86,0.857437,2,741410
50855721,0.85,0.851487,2,741426
50857181,0.86,0.858298,2,741426
50858641,0.83,0.83566,2,741455
50860101,0.84,0.839132,2,741455
50861561,0.83,0.831826,2,741502
50863021,0.84,0.838365,2,741502
50864481,0.83,0.831673,2,741504
50865941,0.84,0.838335,2,741504
50867401,0.83,0.831667,2,741533
50868861,0.84,0.838333,2,741533
50870321,0.81,0.815667,2,741620
50871781,0.82,0.819133,2,741620
50873241,0.85,0.843827,2,741665
50874701,0.86,0.856765,2,741665
50876161,0.85,0.851353,2,741704
50877621,0.86,0.858271,2,741704
50879081,0.87,0.867654,2,741727
50880541,0.88,0.877531,2,741727
50882001,0.89,0.887506,2,741763
50883461,0.9,0.897501,2,741763
50884921,0.91,0.9075,2,741791
50886381,0.92,0.9175,2,741791
50887841,0.95,0.9435,2,741831
50890761,0.95,0.95,2,741873
51007561,0.91,0.91,2,743227
51009021,0.92,0.918,2,743227
51028001,0.9,0.9,2,743468
51029461,0.91,0.908,2,743468
51033841,0.95,0.95,2,743561
51036761,0.88,0.88,2,743595
51038221,0.89,0.888,2,743595
51039681,0.85,0.8576,2,743617
51041141,0.86,0.85952,2,743617
51042601,0.81,0.819904,2,743653
51044061,0.82,0.819981,2,743653
51045521,0.79,0.795996,2,743684
51046981,0.8,0.799199,2,743684
51048441,0.71,0.72784,1,743714
51049901,0.72,0.721568,1,743714
51051361,0.81,0.792314,2,743747
51052821,0.82,0.814463,2,743747
51054281,0.73,0.746893,1,743783
51055741,0.74,0.741379,1,743783
51057201,0.65,0.668276,1,743822
51058661,0.66,0.661655,1,743822
51060121,0.67,0.668331,1,743841
51061581,0.68,0.677666,1,743841
51063041,0.77,0.751533,2,743864
51064501,0.78,0.774307,2,743864
51065961,0.71,0.722861,1,743903
51067421,0.72,0.720572,1,743903
51068881,0.73,0.728114,1,743942
51070341,0.74,0.737623,1,743942
51071801,0.77,0.763525,2,743994
51073261,0.78,0.776705,2,743994
51074721,0.77,0.771341,2,744030
51076181,0.78,0.778268,2,744030
51077641,0.75,0.755654,2,744060
51079101,0.76,0.759131,2,744060
51080561,0.79,0.783826,2,744080
51082021,0.8,0.796765,2,744080
51083481,0.79,0.791353,2,744114
51084941,0.8,0.798271,2,744114
51086401,0.8,0.799654,2,744114
51087861,0.85,0.839931,2,744144
51089321,0.86,0.855986,2,744144
51090781,0.81,0.819197,2,744170
51092241,0.82,0.819839,2,744170
51093701,0.85,0.843968,2,744208
51095161,0.86,0.856794,2,744208
51096621,0.85,0.851359,2,744240
51098081,0.86,0.858272,2,744240
51099541,0.85,0.851654,2,744275
51101001,0.86,0.858331,2,744275
51102461,0.87,0.867666,2,744295
51103921,0.88,0.877533,2,744295
51105381,0.89,0.887507,2,744323
51106841,0.9,0.897501,2,744323
51108301,0.93,0.9235,2,744359
51109761,0.94,0.9367,2,744359
51111221,0.95,0.94734,2,744399
51318541,0.94,0.94,2,746655
51320001,0.95,0.948,2,746655
51321461,0.91,0.9176,2,746665
51322921,0.92,0.91952,2,746665
51324381,0.9,0.903904,2,746676
51325841,0.91,0.908781,2,746676
51327301,0.81,0.829756,2,746712
51328761,0.82,0.821951,2,746712
51330221,0.73,0.74839,1,746748
51331681,0.74,0.741678,1,746748
51333141,0.63,0.652336,1,746773
51334601,0.64,0.642467,1,746773
51336061,0.53,0.552493,1,746817
51337521,0.54,0.542499,1,746817
51338981,0.41,0.4365,1,746854
51340441,0.42,0.4233,1,746854
51341901,0.39,0.39666,1,746888
51343361,0.4,0.399332,1,746888
51344821,0.19,0.231866,1,746938
51346281,0.2,0.206373,1,746938
51347741,0.13,0.145275,1,746976
51349201,0.14,0.141055,1,746976
51350661,0.07,0.084211,1,746998
51352121,0.08,0.0808422,1,746998
51353581,0.03,0.0401684,1,747023
51355041,0.04,0.0400337,1,747023
51356501,0.03,0.0320067,1,747044
51357961,0.04,0.0384013,1,747044
51359421,0.03,0.0316803,1,747084
51360881,0.04,0.0383361,1,747084
51362341,0.05,0.0476672,1,747118
51363801,0.06,0.0575334,1,747118
51365261,0.07,0.0675067,1,747129
51366721,0.08,0.0775013,1,747129
51368181,0.08,0.0795003,1,747129
51369641,0.03,0.0399001,1,747136
51371101,0.04,0.03998,1,747136
51372561,0.07,0.063996,1,747146
51374021,0.08,0.0767992,1,747146
51375481,0.03,0.0393598,1,747174
51376941,0.04,0.039872,1,747174
51378401,0.01,0.0159744,1,747206
51379861,0.02,0.0191949,1,747206
51381321,0.05,0.043839,1,747226
51382781,0.06,0.0567678,1,747226
51384241,0.03,0.0353536,1,747265
51385701,0.04,0.0390707,1,747265
51387161,0.09,0.0798141,1,747296
51388621,0.1,0.0959628,1,747296
51390081,0.13,0.123193,1,747329
51391541,0.14,0.136639,1,747329
51393001,0.17,0.163328,1,747369
51394461,0.18,0.176666,1,747369
51395921,0.15,0.155333,1,747404
51397381,0.16,0.159067,1,747404
51398841,0.13,0.135813,1,747423
51400301,0.14,0.139163,1,747423
51401761,0.09,0.0998325,1,747446
51403221,0.1,0.0999665,1,747446
51404681,0.03,0.0439933,1,747467
51406141,0.04,0.0407987,1,747467
51407601,0.05,0.0481597,1,747507
51409061,0.06,0.0576319,1,747507
51410521,0.03,0.0355264,1,747542
51411981,0.04,0.0391053,1,747542
51413441,0,0.00782106,1,747554
51414901,0,0.00156421,1,747554
51416361,0.01,0.00831284,1,747558
51417821,0.02,0.0176626,1,747558
51419281,0.03,0.0275325,1,747570
51420741,0.04,0.0375065,1,747570
51422201,0.03,0.0315013,1,747596
51423661,0.04,0.0383003,1,747596
51425121,0.03,0.0316601,1,747627
51426581,0.04,0.038332,1,747627
51428041,0.05,0.0476664,1,747649
51429501,0.06,0.0575333,1,747649
51430961,0.09,0.0835067,1,747687
51432421,0.1,0.0967013,1,747687
51433881,0.13,0.12334,1,747721
51435341,0.14,0.136668,1,747721
51436801,0.11,0.115334,1,747756
51438261,0.12,0.119067,1,747756
51439721,0.17,0.159813,1,747798
51441181,0.18,0.175963,1,747798
51442641,0.19,0.187193,1,747832
51444101,0.2,0.197439,1,747832
51445561,0.19,0.191488,1,747850
51447021,0.2,0.198298,1,747850
51448481,0.21,0.20766,1,747871
51449941,0.22,0.217532,1,747871
51451401,0.21,0.211506,1,747889
51452861,0.22,0.218301,1,747889
51454321,0.19,0.19566,1,747930
51455781,0.2,0.199132,1,747930
51457241,0.17,0.175826,1,747964
51458701,0.18,0.179165,1,747964
51460161,0.15,0.155833,1,747975
51461621,0.16,0.159167,1,747975
51463081,0.15,0.151833,1,747979
51464541,0.16,0.158367,1,747979
51466001,0.17,0.167673,1,747992
51467461,0.18,0.177535,1,747992
51468921,0.18,0.179507,1,747992
51470381,0.21,0.203901,1,748018
51471841,0.22,0.21678,1,748018
51473301,0.19,0.195356,1,748049
51474761,0.2,0.199071,1,748049
51476221,0.17,0.175814,1,748072
51477681,0.18,0.179163,1,748072
51479141,0.23,0.219833,1,748112
51480601,0.24,0.235967,1,748112
51482061,0.27,0.263193,1,748148
51483521,0.28,0.276639,1,748148
51484981,0.27,0.271328,1,748182
51486441,0.28,0.278266,1,748182
51487901,0.27,0.271653,1,748227
51489361,0.28,0.278331,1,748227
51490821,0.31,0.303666,1,748262
51492281,0.32,0.316733,1,748262
51493741,0.31,0.311347,1,748280
51495201,0.32,0.318269,1,748280
51496661,0.31,0.311654,1,748302
51498121,0.32,0.318331,1,748302
51499581,0.31,0.311666,1,748320
51501041,0.32,0.318333,1,748320
51502501,0.33,0.327667,1,748360
51503961,0.34,0.337533,1,748360
51505421,0.37,0.363507,1,748393
51506881,0.38,0.376701,1,748393
51508341,0.37,0.37134,1,748403
51509801,0.38,0.378268,1,748403
51511261,0.37,0.371654,1,748407
51512721,0.38,0.378331,1,748407
51514181,0.43,0.419666,1,748421
51515641,0.44,0.435933,1,748421
51517101,0.43,0.431187,1,748423
51518561,0.44,0.438237,1,748423
51520021,0.45,0.447647,1,748450
51521481,0.46,0.457529,1,748450
51522941,0.45,0.451506,1,748480
51524401,0.46,0.458301,1,748480
51525861,0.45,0.45166,1,748502
51527321,0.46,0.458332,1,748502
51528781,0.51,0.499666,1,748545
51530241,0.52,0.515933,1,748545
51531701,0.53,0.527187,1,748583
51533161,0.54,0.537437,1,748583
51534621,0.53,0.531487,1,748617
51536081,0.54,0.538297,1,748617
51537541,0.55,0.547659,1,748662
51539001,0.56,0.557532,1,748662
51540461,0.51,0.519506,1,748699
51541921,0.52,0.519901,1,748699
51543381,0.53,0.52798,1,748717
51544841,0.54,0.537596,1,748717
51546301,0.53,0.531519,1,748739
51547761,0.54,0.538304,1,748739
51549221,0.53,0.531661,1,748757
51550681,0.54,0.538332,1,748757
51552141,0.51,0.515666,1,748798
51553601,0.52,0.519133,1,748798
51555061,0.49,0.495827,1,748833
51556521,0.5,0.499165,1,748833
51557981,0.49,0.491833,1,748843
51559441,0.5,0.498367,1,748843
51560901,0.49,0.491673,1,748847
51562361,0.5,0.498335,1,748847
51563821,0.51,0.507667,1,748864
51565281,0.52,0.517533,1,748864
51566741,0.51,0.511507,1,748866
51568201,0.52,0.518301,1,748866
51569661,0.53,0.52766,1,748894
51571121,0.54,0.537532,1,748894
51572581,0.54,0.539506,1,748894
51574041,0.59,0.579901,1,748924
51575501,0.6,0.59598,1,748924
51576961,0.61,0.607196,1,748946
51578421,0.62,0.617439,1,748946
51579881,0.61,0.611488,1,748992
51581341,0.62,0.618298,1,748992
51582801,0.59,0.59566,1,749031
51584261,0.6,0.599132,1,749031
51585721,0.61,0.607826,1,749065
51587181,0.62,0.617565,1,749065
51588641,0.65,0.643513,1,749111
51590101,0.66,0.656703,1,749111
51591561,0.69,0.683341,1,749146
51593021,0.7,0.696668,1,749146
51594481,0.71,0.707334,1,749165
51595941,0.72,0.717467,1,749165
51597401,0.71,0.711493,1,749187
51598861,0.72,0.718299,1,749187
51600321,0.71,0.71166,1,749205
51601781,0.72,0.718332,1,749205
51603241,0.77,0.759666,2,749245
51604701,0.78,0.775933,2,749245
51606161,0.77,0.771187,2,749279
51607621,0.78,0.778237,2,749279
51609081,0.79,0.787647,2,749289
51610541,0.8,0.797529,2,749289
51612001,0.79,0.791506,2,749293
51613461,0.8,0.798301,2,749293
51614921,0.79,0.79166,2,749311
51616381,0.8,0.798332,2,749311
51617841,0.79,0.791666,2,749313
51619301,0.8,0.798333,2,749313
51620761,0.77,0.775667,2,749342
51622221,0.78,0.779133,2,749342
51623681,0.73,0.739827,1,749374
51625141,0.74,0.739965,1,749374
51626601,0.73,0.731993,1,749397
51628061,0.74,0.738399,1,749397
51629521,0.73,0.73168,1,749443
51630981,0.74,0.738336,1,749443
51632441,0.75,0.747667,1,749481
51633901,0.76,0.757533,2,749481
51635361,0.77,0.767507,2,749516
51636821,0.78,0.777501,2,749516
51638281,0.79,0.7875,2,749564
51639741,0.8,0.7975,2,749564
51641201,0.77,0.7755,2,749601
51642661,0.78,0.7791,2,749601
51644121,0.77,0.77182,2,749621
51645581,0.78,0.778364,2,749621
51647041,0.77,0.771673,2,749643
51648501,0.78,0.778335,2,749643
51649961,0.79,0.787667,2,749661
51651421,0.8,0.797533,2,749661
51652881,0.87,0.855507,2,749704
51654341,0.88,0.875101,2,749704
51655801,0.87,0.87102,2,749738
51657261,0.88,0.878204,2,749738
51658721,0.89,0.887641,2,749749
51660181,0.9,0.897528,2,749749
51661641,0.89,0.891506,2,749753
51663101,0.9,0.898301,2,749753
51664561,0.89,0.89166,2,749771
51666021,0.9,0.898332,2,749771
51667481,0.89,0.891666,2,749773
51668941,0.9,0.898333,2,749773
51670401,0.89,0.891667,2,749801
51671861,0.9,0.898333,2,749801
51673321,0.89,0.891667,2,749831
51674781,0.9,0.898333,2,749831
51676241,0.89,0.891667,2,749854
51677701,0.9,0.898333,2,749854
51679161,0.9,0.899667,2,749854
51680621,0.95,0.939933,2,749900
51854361,0.95,0.95,2,751689
51822241,0.85,0.85,2,751788
51858741,0.77,0.786,2,751816
51860201,0.59,0.6292,1,751848
51833921,0.43,0.46984,1,751893
51861661,0.37,0.389968,1,751905
51863121,0.33,0.341994,1,751909
51864581,0.33,0.332399,1,751910
51866041,0.33,0.33048,1,751911
51867501,0.27,0.282096,1,751926
51868961,0.13,0.160419,1,751978
51870421,0.03,0.0560838,1,752021
51871881,0.03,0.0352168,1,752052
51873341,0.01,0.0150434,1,752094
51874801,0.03,0.0270087,1,752135
51876261,0.01,0.0134017,1,752161
51877721,0.01,0.0106803,1,752185
51879181,0.05,0.0421361,1,752229
51880641,0.03,0.0324272,1,752251
51882101,0.01,0.0144854,1,752275
51883561,0.05,0.0428971,1,752298
51885021,0.03,0.0325794,1,752335
51886481,0.07,0.0625159,1,752346
51887941,0.08,0.0765032,1,752346
51889401,0.07,0.0713006,1,752348
51890861,0.08,0.0782601,1,752348
51892321,0.07,0.071652,1,752405
51893781,0.08,0.0783304,1,752405
51895241,0.03,0.0396661,1,752474
51896701,0.04,0.0399332,1,752474
51898161,0.07,0.0639866,1,752557
51899621,0.08,0.0767973,1,752557
51901081,0.03,0.0393595,1,752606
51902541,0.04,0.0398719,1,752606
51904001,0.11,0.0959744,1,752673
51905461,0.12,0.115195,1,752673
51906921,0.03,0.047039,1,752721
51908381,0.04,0.0414078,1,752721
51909841,0.04,0.0402816,1,752721
51911301,0.05,0.0480563,1,752770
51912761,0.06,0.0576113,1,752770
51914221,0.05,0.0515223,1,752772
51915681,0.06,0.0583045,1,752772
51917141,0.13,0.115661,1,752829
51918601,0.14,0.135132,1,752829
51920061,0.03,0.0510264,1,752896
51921521,0.04,0.0422053,1,752896
51922981,0.09,0.0804411,1,752981
51924441,0.1,0.0960882,1,752981
51925901,0.03,0.0432176,1,753028
51927361,0.04,0.0406435,1,753028
51928821,0.03,0.0321287,1,753099
51930281,0.04,0.0384257,1,753099
51931741,0.05,0.0476851,1,753143
51933201,0.06,0.057537,1,753143
51934661,0.05,0.0515074,1,753145
51936121,0.06,0.0583015,1,753145
51937581,0.05,0.0516603,1,753194
51939041,0.06,0.0583321,1,753194
51940501,0.05,0.0516664,1,753196
51941961,0.06,0.0583333,1,753196
51943421,0.07,0.0676667,1,753257
51944881,0.08,0.0775333,1,753257
51946341,0.09,0.0875067,1,753319
51947801,0.1,0.0975013,1,753319
51949261,0,0.0195003,1,753407
51950721,0,0.00390005,1,753407
51952181,0.01,0.00878001,1,753451
51953641,0.02,0.017756,1,753451
51955101,0.01,0.0115512,1,753522
51956561,0.02,0.0183102,1,753522
51958021,0.07,0.059662,1,753567
51959481,0.08,0.0759324,1,753567
51960941,0.07,0.0711865,1,753569
51962401,0.08,0.0782373,1,753569
51963861,0.09,0.0876475,1,753618
51965321,0.1,0.0975295,1,753618
51966781,0.1,0.0995059,1,753618
51968241,0.11,0.107901,1,753620
51969701,0.12,0.11758,1,753620
51971161,0.15,0.143516,1,753682
51972621,0.16,0.156703,1,753682
51974081,0.21,0.199341,1,753745
51975541,0.22,0.215868,1,753745
51977001,0.11,0.131174,1,753829
51978461,0.12,0.122235,1,753829
51979921,0.03,0.0484469,1,753873
51981381,0.04,0.0416894,1,753873
51982841,0.01,0.0163379,1,753944
51984301,0.02,0.0192676,1,753944
51985761,0.03,0.0278535,1,753992
51987221,0.04,0.0375707,1,753992
51988681,0.03,0.0315141,1,753994
51990141,0.04,0.0383028,1,753994
51991601,0.05,0.0476606,1,754044
51993061,0.06,0.0575321,1,754044
51994521,0.05,0.0515064,1,754046
51995981,0.06,0.0583013,1,754046
51997441,0.13,0.11566,1,754110
51998901,0.14,0.135132,1,754110
52000361,0.19,0.179026,1,754176
52001821,0.2,0.195805,1,754176
52003281,0.27,0.255161,1,754255
52004741,0.28,0.275032,1,754255
52006201,0.29,0.287006,1,754295
52007661,0.3,0.297401,1,754295
52009121,0.19,0.21148,1,754365
52010581,0.2,0.202296,1,754365
52012041,0.23,0.224459,1,754414
52013501,0.24,0.236892,1,754414
52014961,0.23,0.231378,1,754416
52016421,0.24,0.238276,1,754416
52017881,0.23,0.231655,1,754467
52019341,0.24,0.238331,1,754467
52020801,0.23,0.231666,1,754469
52022261,0.24,0.238333,1,754469
52023721,0.19,0.199667,1,754537
52025181,0.2,0.199933,1,754537
52026641,0.2,0.199987,1,754537
52028101,0.29,0.271997,1,754606
52029561,0.3,0.294399,1,754606
52031021,0.31,0.30688,1,754689
52032481,0.32,0.317376,1,754689
52033941,0.29,0.295475,1,754730
52035401,0.3,0.299095,1,754730
52036861,0.31,0.307819,1,754795
52038321,0.32,0.317564,1,754795
52039781,0.39,0.375513,1,754846
52041241,0.4,0.395103,1,754846
52042701,0.39,0.391021,1,754848
52044161,0.4,0.398204,1,754848
52045621,0.43,0.423641,1,754899
52047081,0.44,0.436728,1,754899
52048541,0.43,0.431346,1,754901
52050001,0.44,0.438269,1,754901
52051461,0.45,0.447654,1,754967
52052921,0.46,0.457531,1,754967
52054381,0.45,0.451506,1,754969
52055841,0.46,0.458301,1,754969
52057301,0.43,0.43566,1,755042
52058761,0.44,0.439132,1,755042
52060221,0.41,0.415826,1,755126
52061681,0.42,0.419165,1,755126
52063141,0.45,0.443833,1,755166
52064601,0.46,0.456767,1,755166
52066061,0.51,0.499353,1,755232
52067521,0.52,0.515871,1,755232
52068981,0.45,0.463174,1,755287
52070441,0.46,0.460635,1,755287
52071901,0.45,0.452127,1,755289
52073361,0.46,0.458425,1,755289
52074821,0.49,0.483685,1,755342
52076281,0.5,0.496737,1,755342
52077741,0.49,0.491347,1,755344
52079201,0.5,0.498269,1,755344
52080661,0.49,0.491654,1,755411
52082121,0.5,0.498331,1,755411
52083581,0.49,0.491666,1,755413
52085041,0.5,0.498333,1,755413
52086501,0.5,0.499667,1,755413
52087961,0.51,0.507933,1,755485
52089421,0.52,0.517587,1,755485
52090881,0.57,0.559517,1,755568
52092341,0.58,0.575903,1,755568
52093801,0.63,0.619181,1,755610
52095261,0.64,0.635836,1,755610
52096721,0.65,0.647167,1,755679
52098181,0.66,0.657433,1,755679
52099641,0.65,0.651487,1,755731
52101101,0.66,0.658297,1,755731
52102561,0.65,0.651659,1,755733
52104021,0.66,0.658332,1,755733
52105481,0.63,0.635666,1,755788
52106941,0.64,0.639133,1,755788
52108401,0.63,0.631827,1,755790
52109861,0.64,0.638365,1,755790
52111321,0.67,0.663673,1,755857
52112781,0.68,0.676735,1,755857
52114241,0.67,0.671347,1,755859
52115701,0.68,0.678269,1,755859
52117161,0.71,0.703654,1,755931
52118621,0.72,0.716731,1,755931
52120081,0.77,0.759346,2,756017
52121541,0.78,0.775869,2,756017
52123001,0.85,0.835174,2,756062
52124461,0.86,0.855035,2,756062
52125921,0.89,0.883007,2,756132
52127381,0.9,0.896601,2,756132
52128841,0.95,0.93932,2,756184
52131761,0.95,0.95,2,756186
52134681,0.95,0.95,2,756240
52137601,0.95,0.95,2,756242
52308421,0.88,0.88,2,758758
52309881,0.89,0.888,2,758758
52420841,0.95,0.95,2,760344
52426681,0.91,0.91,2,760432
52428141,0.92,0.918,2,760432
52429601,0.88,0.8876,2,760469
52431061,0.89,0.88952,2,760469
52432521,0.83,0.841904,2,760494
52433981,0.84,0.840381,2,760494
52435441,0.85,0.848076,2,760528
52436901,0.86,0.857615,2,760528
52438361,0.83,0.835523,2,760562
52439821,0.84,0.839105,2,760562
52441281,0.84,0.839821,2,760562
52442741,0.79,0.799964,2,760610
52444201,0.8,0.799993,2,760610
52445661,0.81,0.807999,2,760630
52447121,0.82,0.8176,2,760630
52448581,0.81,0.81152,2,760664
52450041,0.82,0.818304,2,760664
52451501,0.81,0.811661,2,760699
52452961,0.82,0.818332,2,760699
52454421,0.77,0.779666,2,760767
52455881,0.78,0.779933,2,760767
52457341,0.81,0.803987,2,760817
52458801,0.82,0.816797,2,760817
52460261,0.91,0.891359,2,760869
52461721,0.92,0.914272,2,760869
52463181,0.89,0.894854,2,760898
52464641,0.9,0.898971,2,760898
52466101,0.93,0.923794,2,760934
52467561,0.94,0.936759,2,760934
52469021,0.93,0.931352,2,760956
52470481,0.94,0.93827,2,760956
52471941,0.91,0.915654,2,760991
52473401,0.92,0.919131,2,760991
52474861,0.93,0.927826,2,761024
52476321,0.94,0.937565,2,761024
52477781,0.93,0.931513,2,761026
52479241,0.94,0.938303,2,761026
52486541,0.92,0.92,2,761126
52488001,0.93,0.928,2,761126
52498221,0.92,0.92,2,761336
52499681,0.93,0.928,2,761336
52650061,0.95,0.95,2,763315
52651521,0.91,0.918,2,763347
52652981,0.89,0.8956,2,763382
52654441,0.75,0.77912,2,763425
52655901,0.61,0.643824,1,763468
52657361,0.51,0.536765,1,763504
52658821,0.47,0.483353,1,763548
52660281,0.45,0.456671,1,763555
52661741,0.55,0.531334,1,763570
52663201,0.43,0.450267,1,763585
52664661,0.37,0.386053,1,763593
52666121,0.17,0.213211,1,763713
52667581,0.18,0.186642,1,763713
52669041,0.05,0.0773284,1,763814
52670501,0.06,0.0634657,1,763814
52671961,0.07,0.0686931,1,763883
52673421,0.08,0.0777386,1,763883
52674881,0.09,0.0875477,1,763950
52676341,0.1,0.0975095,1,763950
52677801,0.05,0.0595019,1,763998
52679261,0.06,0.0599004,1,763998
52680721,0.03,0.0359801,1,764027
52682181,0.04,0.039196,1,764027
52683641,0.13,0.111839,1,764142
52685101,0.14,0.134368,1,764142
52686561,0.09,0.0988736,1,764237
52688021,0.1,0.0997747,1,764237
52689481,0.13,0.123955,1,764307
52690941,0.14,0.136791,1,764307
52692401,0.19,0.179358,1,764375
52693861,0.2,0.195872,1,764375
52695321,0.19,0.191174,1,764421
52696781,0.2,0.198235,1,764421
52698241,0.19,0.191647,1,764449
52699701,0.2,0.198329,1,764449
52701161,0.25,0.239666,1,764569
52702621,0.26,0.255933,1,764569
52704081,0.26,0.259187,1,764569
52705541,0.25,0.251837,1,764662
52707001,0.26,0.258367,1,764662
52708461,0.23,0.235673,1,764734
52709921,0.24,0.239135,1,764734
52711381,0.31,0.295827,1,764805
52712841,0.32,0.315165,1,764805
52714301,0.31,0.311033,1,764851
52715761,0.32,0.318207,1,764851
52717221,0.31,0.311641,1,764879
52718681,0.32,0.318328,1,764879
52720141,0.37,0.359666,1,765002
52721601,0.38,0.375933,1,765002
52723061,0.37,0.371187,1,765004
52724521,0.38,0.378237,1,765004
52725981,0.45,0.435647,1,765096
52727441,0.46,0.455129,1,765096
52728901,0.47,0.467026,1,765167
52730361,0.48,0.477405,1,765167
52731821,0.45,0.455481,1,765242
52733281,0.46,0.459096,1,765242
52734741,0.51,0.499819,1,765288
52736201,0.52,0.515964,1,765288
52737661,0.51,0.511193,1,765316
52739121,0.52,0.518239,1,765316
52740581,0.57,0.559648,1,765442
52742041,0.58,0.57593,1,765442
52743501,0.57,0.571186,1,765444
52744961,0.58,0.578237,1,765444
52746421,0.63,0.619647,1,765540
52747881,0.64,0.635929,1,765540
52749341,0.64,0.639186,1,765540
52750801,0.67,0.663837,1,765612
52752261,0.68,0.676767,1,765612
52753721,0.65,0.655353,1,765686
52755181,0.66,0.659071,1,765686
52756641,0.71,0.699814,1,765735
52758101,0.72,0.715963,1,765735
52759561,0.75,0.743193,1,765763
52761021,0.76,0.756638,2,765763
52762481,0.71,0.719328,1,765892
52763941,0.72,0.719866,1,765892
52765401,0.71,0.711973,1,765894
52766861,0.72,0.718395,1,765894
52768321,0.79,0.775679,2,765993
52769781,0.8,0.795136,2,765993
52771241,0.81,0.807027,2,766066
52772701,0.82,0.817405,2,766066
52774161,0.83,0.827481,2,766139
52775621,0.84,0.837496,2,766139
52777081,0.89,0.879499,2,766191
52778541,0.9,0.8959,2,766191
52780001,0.95,0.93918,2,766221
52870521,0.95,0.95,2,768087
52879281,0.92,0.92,2,768284
52880741,0.93,0.928,2,768284
52882201,0.81,0.8336,2,768366
52883661,0.82,0.82272,2,768366
52885121,0.87,0.860544,2,768426
52886581,0.88,0.876109,2,768426
52888041,0.89,0.887222,2,768463
52889501,0.9,0.897444,2,768463
52890961,0.77,0.795489,2,768524
52892421,0.78,0.783098,2,768524
52893881,0.75,0.75662,2,768564
52895341,0.76,0.759324,2,768564
52896801,0.76,0.759865,2,768564
52898261,0.77,0.767973,2,768609
52899721,0.78,0.777595,2,768609
52901181,0.77,0.771519,2,768721
52902641,0.78,0.778304,2,768721
52904101,0.75,0.755661,2,768751
52905561,0.76,0.759132,2,768751
52907021,0.73,0.735826,1,768827
52908481,0.74,0.739165,1,768827
52909941,0.75,0.747833,1,768890
52911401,0.76,0.757567,2,768890
52912861,0.77,0.767513,2,768928
52914321,0.78,0.777503,2,768928
52915781,0.79,0.787501,2,768983
52917241,0.8,0.7975,2,768983
52918701,0.81,0.8075,2,769022
52920161,0.82,0.8175,2,769022
52921621,0.81,0.8115,2,769024
52923081,0.82,0.8183,2,769024
52924541,0.81,0.81166,2,769069
52926001,0.82,0.818332,2,769069
52927461,0.83,0.827666,2,769181
52928921,0.84,0.837533,2,769181
52930381,0.83,0.831507,2,769210
52931841,0.84,0.838301,2,769210
52933301,0.89,0.87966,2,769285
52934761,0.9,0.895932,2,769285
52936221,0.95,0.939186,2,769349
52939141,0.93,0.93,2,769388
52940601,0.94,0.938,2,769388
52993161,0.9,0.9,2,770327
52994621,0.91,0.908,2,770327
53047181,0.95,0.95,2,771237
53118721,0.8,0.8,2,772385
53120181,0.81,0.808,2,772385
53121641,0.75,0.7616,2,772425
53123101,0.76,0.76032,2,772425
53124561,0.55,0.592064,1,772521
53126021,0.56,0.566413,1,772521
53127481,0.53,0.537283,1,772558
53128941,0.54,0.539457,1,772558
53130401,0.25,0.307891,1,772601
53131861,0.26,0.269578,1,772601
53133321,0.25,0.253916,1,772640
53134781,0.26,0.258783,1,772640
53136241,0.17,0.187757,1,772674
53137701,0.18,0.181551,1,772674
53139161,0.18,0.18031,1,772674
53140621,0.17,0.172062,1,772728
53142081,0.18,0.178412,1,772728
53143541,0.05,0.0756825,1,772762
53145001,0.06,0.0631365,1,772762
53146461,0.13,0.116627,1,772799
53147921,0.14,0.135325,1,772799
53149381,0.07,0.0830651,1,772849
53150841,0.08,0.080613,1,772849
53152301,0.07,0.0721226,1,772883
53153761,0.08,0.0784245,1,772883
53155221,0.07,0.0716849,1,772969
53156681,0.08,0.078337,1,772969
53158141,0.09,0.0876674,1,773005
53159601,0.1,0.0975335,1,773005
53161061,0.09,0.0915067,1,773034
53162521,0.1,0.0983013,1,773034
53163981,0.09,0.0916603,1,773073
53165441,0.1,0.0983321,1,773073
53166901,0.15,0.139666,1,773103
53168361,0.16,0.155933,1,773103
53169821,0.15,0.151187,1,773105
53171281,0.16,0.158237,1,773105
53172741,0.09,0.103647,1,773158
53174201,0.1,0.100729,1,773158
53175661,0.17,0.156146,1,773186
53177121,0.18,0.175229,1,773186
53178581,0.15,0.155046,1,773227
53180041,0.16,0.159009,1,773227
53181501,0.25,0.231802,1,773274
53182961,0.26,0.25436,1,773274
53184421,0.29,0.282872,1,773308
53185881,0.3,0.296574,1,773308
53187341,0.27,0.275315,1,773394
53188801,0.28,0.279063,1,773394
53190261,0.35,0.335813,1,773431
53191721,0.36,0.355163,1,773431
53193181,0.29,0.303033,1,773460
53194641,0.3,0.300606,1,773460
53196101,0.35,0.340121,1,773499
53197561,0.36,0.356024,1,773499
53199021,0.37,0.367205,1,773532
53200481,0.38,0.377441,1,773532
53201941,0.37,0.371488,1,773534
53203401,0.38,0.378298,1,773534
53204861,0.38,0.37966,1,773534
53206321,0.39,0.387932,1,773584
53207781,0.4,0.397586,1,773584
53209241,0.39,0.391517,1,773616
53210701,0.4,0.398303,1,773616
53212161,0.41,0.407661,1,773656
53213621,0.42,0.417532,1,773656
53215081,0.45,0.443506,1,773708
53216541,0.46,0.456701,1,773708
53218001,0.51,0.49934,1,773744
53219461,0.52,0.515868,1,773744
53220921,0.49,0.495174,1,773829
53222381,0.5,0.499035,1,773829
53223841,0.47,0.475807,1,773870
53225301,0.48,0.479161,1,773870
53226761,0.47,0.471832,1,773896
53228221,0.48,0.478366,1,773896
53229681,0.51,0.503673,1,773938
53231141,0.52,0.516735,1,773938
53232601,0.51,0.511347,1,773972
53234061,0.52,0.518269,1,773972
53235521,0.51,0.511654,1,773974
53236981,0.52,0.518331,1,773974
53238441,0.53,0.527666,1,774024
53239901,0.54,0.537533,1,774024
53241361,0.53,0.531507,1,774056
53242821,0.54,0.538301,1,774056
53244281,0.53,0.53166,1,774097
53245741,0.54,0.538332,1,774097
53247201,0.57,0.563666,1,774151
53248661,0.58,0.576733,1,774151
53250121,0.59,0.587347,1,774190
53251581,0.6,0.597469,1,774190
53253041,0.65,0.639494,1,774274
53254501,0.66,0.655899,1,774274
53255961,0.67,0.66718,1,774314
53257421,0.68,0.677436,1,774314
53258881,0.69,0.687487,1,774340
53260341,0.7,0.697497,1,774340
53261801,0.69,0.691499,1,774384
53263261,0.7,0.6983,1,774384
53264721,0.73,0.72366,1,774418
53266181,0.74,0.736732,1,774418
53267641,0.73,0.731346,1,774420
53269101,0.74,0.738269,1,774420
53270561,0.75,0.747654,1,774471
53272021,0.76,0.757531,2,774471
53273481,0.79,0.783506,2,774503
53274941,0.8,0.796701,2,774503
53276401,0.8,0.79934,2,774503
53277861,0.85,0.839868,2,774544
53279321,0.86,0.855974,2,774544
53280781,0.89,0.883195,2,774600
53282241,0.9,0.896639,2,774600
53283701,0.89,0.891328,2,774640
53285161,0.9,0.898266,2,774640
53286621,0.93,0.923653,2,774727
53288081,0.94,0.936731,2,774727
53289541,0.95,0.947346,2,774768
53298301,0.93,0.93,2,774875
53299761,0.94,0.938,2,774875
53301221,0.93,0.9316,2,774877
53302681,0.94,0.93832,2,774877
53304141,0.95,0.947664,2,774929
53307061,0.95,0.95,2,774963
53309981,0.95,0.95,2,774965
53315821,0.95,0.95,2,775066
53464741,0.86,0.86,2,777161
53467661,0.87,0.87,2,777259
53469121,0.63,0.678,1,777305
53470581,0.45,0.4956,1,777334
53472041,0.41,0.42712,1,777389
53473501,0.11,0.173424,1,777429
53474961,0.03,0.0586848,1,777484
53476421,0.01,0.019737,1,777498
53477881,0.07,0.0599474,1,777509
53479341,0,0.0119895,1,777517
53480801,0.05,0.0423979,1,777536
53482261,0.07,0.0644796,1,777664
53483721,0.08,0.0768959,1,777664
53485181,0.05,0.0553792,1,777757
53486641,0.06,0.0590758,1,777757
53488101,0.05,0.0518152,1,777830
53489561,0.06,0.058363,1,777830
53491021,0.07,0.0676726,1,777906
53492481,0.08,0.0775345,1,777906
53493941,0.01,0.0235069,1,777933
53495401,0.02,0.0207014,1,777933
53496861,0.03,0.0281403,1,777959
53498321,0.04,0.0376281,1,777959
53499781,0.03,0.0315256,1,778089
53501241,0.04,0.0383051,1,778089
53502701,0.07,0.063661,1,778181
53504161,0.08,0.0767322,1,778181
53505621,0.11,0.103346,1,778254
53507081,0.12,0.116669,1,778254
53508541,0.07,0.0793339,1,778331
53510001,0.08,0.0798668,1,778331
53511461,0.05,0.0559734,1,778355
53512921,0.06,0.0591947,1,778355
53514381,0.03,0.0358389,1,778382
53515841,0.04,0.0391678,1,778382
53517301,0.04,0.0398336,1,778382
53518761,0.07,0.0639667,1,778512
53520221,0.08,0.0767933,1,778512
53521681,0.07,0.0713587,1,778606
53523141,0.08,0.0782717,1,778606
53524601,0.19,0.167654,1,778681
53526061,0.2,0.193531,1,778681
53527521,0.21,0.206706,1,778756
53528981,0.22,0.217341,1,778756
53530441,0.19,0.195468,1,778779
53531901,0.2,0.199094,1,778779
53533361,0.15,0.159819,1,778805
53534821,0.16,0.159964,1,778805
53536281,0.07,0.0879927,1,778936
53537741,0.08,0.0815985,1,778936
53539201,0.11,0.10432,1,779030
53540661,0.12,0.116864,1,779030
53542121,0.15,0.143373,1,779111
53543581,0.16,0.156675,1,779111
53545041,0.19,0.183335,1,779187
53546501,0.2,0.196667,1,779187
53547961,0.19,0.191333,1,779209
53549421,0.2,0.198267,1,779209
53550881,0.19,0.191653,1,779233
53552341,0.2,0.198331,1,779233
53553801,0.23,0.223666,1,779360
53555261,0.24,0.236733,1,779360
53556721,0.23,0.231347,1,779456
53558181,0.24,0.238269,1,779456
53559641,0.24,0.239654,1,779456
53561101,0.31,0.295931,1,779539
53562561,0.32,0.315186,1,779539
53564021,0.33,0.327037,1,779617
53565481,0.34,0.337407,1,779617
53566941,0.33,0.331481,1,779639
53568401,0.34,0.338296,1,779639
53569861,0.33,0.331659,1,779663
53571321,0.34,0.338332,1,779663
53572781,0.39,0.379666,1,779792
53574241,0.4,0.395933,1,779792
53575701,0.41,0.407187,1,779888
53577161,0.42,0.417437,1,779888
53578621,0.41,0.411487,1,779890
53580081,0.42,0.418298,1,779890
53581541,0.39,0.39566,1,779976
53583001,0.4,0.399132,1,779976
53584461,0.53,0.503826,1,780055
53585921,0.54,0.532765,1,780055
53587381,0.53,0.530553,1,780077
53588841,0.54,0.538111,1,780077
53590301,0.53,0.531622,1,780101
53591761,0.54,0.538324,1,780101
53593221,0.63,0.611665,1,780233
53594681,0.64,0.634333,1,780233
53596141,0.69,0.678867,1,780330
53597601,0.7,0.695773,1,780330
53599061,0.69,0.691155,1,780332
53600521,0.7,0.698231,1,780332
53601981,0.7,0.699646,1,780332
53603441,0.73,0.723929,1,780417
53604901,0.74,0.736786,1,780417
53606361,0.85,0.827357,2,780503
53607821,0.86,0.853471,2,780503
53609281,0.85,0.850694,2,780525
53610741,0.86,0.858139,2,780525
53612201,0.85,0.851628,2,780549
53613661,0.86,0.858326,2,780549
53615121,0.87,0.867665,2,780686
53616581,0.88,0.877533,2,780686
53618041,0.89,0.887507,2,780786
53619501,0.9,0.897501,2,780786
53620961,0.89,0.8915,2,780788
53622421,0.9,0.8983,2,780788
53623881,0.93,0.92366,2,780874
53625341,0.94,0.936732,2,780874
53626801,0.93,0.931346,2,780966
53628261,0.94,0.938269,2,780966
53629721,0.95,0.947654,2,780988
53714401,0.95,0.95,2,782767
53717321,0.83,0.83,2,782871
53718781,0.84,0.838,2,782871
53720241,0.89,0.8796,2,782899
53721701,0.9,0.89592,2,782899
53723161,0.77,0.795184,2,782929
53724621,0.78,0.783037,2,782929
53726081,0.67,0.692607,1,782971
53727541,0.68,0.682521,1,782971
53729001,0.51,0.544504,1,783051
53730461,0.52,0.524901,1,783051
53731921,0.25,0.30498,1,783157
53733381,0.26,0.268996,1,783157
53734841,0.23,0.237799,1,783188
53736301,0.24,0.23956,1,783188
53737761,0.13,0.151912,1,783246
53739221,0.14,0.142382,1,783246
53740681,0.13,0.132476,1,783337
53742141,0.14,0.138495,1,783337
53743601,0.09,0.0996991,1,783364
53745061,0.1,0.0999398,1,783364
53746521,0.13,0.123988,1,783388
53747981,0.14,0.136798,1,783388
53749441,0.11,0.11536,1,783425
53750901,0.12,0.119072,1,783425
53752361,0.12,0.119814,1,783425
53753821,0.17,0.159963,1,783497
53755281,0.18,0.175993,1,783497
53756741,0.17,0.171199,1,783590
53758201,0.18,0.17824,1,783590
53759661,0.23,0.219648,1,783620
53761121,0.24,0.23593,1,783620
53762581,0.23,0.231186,1,783673
53764041,0.24,0.238237,1,783673
53765501,0.23,0.231647,1,783764
53766961,0.24,0.238329,1,783764
53768421,0.21,0.215666,1,783789
53769881,0.22,0.219133,1,783789
53771341,0.21,0.211827,1,783815
53772801,0.22,0.218365,1,783815
53774261,0.27,0.259673,1,783851
53775721,0.28,0.275935,1,783851
53777181,0.27,0.271187,1,783853
53778641,0.28,0.278237,1,783853
53780101,0.31,0.303647,1,783927
53781561,0.32,0.316729,1,783927
53783021,0.37,0.359346,1,784020
53784481,0.38,0.375869,1,784020
53785941,0.41,0.403174,1,784053
53787401,0.42,0.416635,1,784053
53788861,0.45,0.443327,1,784106
53790321,0.46,0.456665,1,784106
53791781,0.49,0.483333,1,784197
53793241,0.5,0.496667,1,784197
53794701,0.49,0.491333,1,784221
53796161,0.5,0.498267,1,784221
53797621,0.49,0.491653,1,784247
53799081,0.5,0.498331,1,784247
53800541,0.51,0.507666,1,784286
53802001,0.52,0.517533,1,784286
53803461,0.51,0.511507,1,784288
53804921,0.52,0.518301,1,784288
53806381,0.52,0.51966,1,784288
53807841,0.59,0.575932,1,784364
53809301,0.6,0.595186,1,784364
53810761,0.69,0.671037,1,784460
53812221,0.7,0.694207,1,784460
53813681,0.71,0.706841,1,784495
53815141,0.72,0.717368,1,784495
53816601,0.69,0.695474,1,784550
53818061,0.7,0.699095,1,784550
53819521,0.77,0.755819,2,784643
53820981,0.78,0.775164,2,784643
53822441,0.77,0.771033,2,784667
53823901,0.78,0.778207,2,784667
53825361,0.77,0.771641,2,784693
53826821,0.78,0.778328,2,784693
53828281,0.73,0.739666,1,784733
53829741,0.74,0.739933,1,784733
53831201,0.73,0.731987,1,784735
53832661,0.74,0.738397,1,784735
53834121,0.83,0.811679,2,784814
53835581,0.84,0.834336,2,784814
53837041,0.81,0.814867,2,784915
53838501,0.82,0.818973,2,784915
53839961,0.81,0.811795,2,784951
53841421,0.82,0.818359,2,784951
53842881,0.83,0.827672,2,785005
53844341,0.84,0.837534,2,785005
53845801,0.81,0.815507,2,785102
53847261,0.82,0.819101,2,785102
53848721,0.81,0.81182,2,785126
53850181,0.82,0.818364,2,785126
53851641,0.83,0.827673,2,785152
53853101,0.84,0.837535,2,785152
53854561,0.83,0.831507,2,785190
53856021,0.84,0.838301,2,785190
53857481,0.83,0.83166,2,785192
53858941,0.84,0.838332,2,785192
53860401,0.85,0.847666,2,785276
53861861,0.86,0.857533,2,785276
53863321,0.95,0.931507,2,785376
53965521,0.9,0.9,2,787041
53966981,0.91,0.908,2,787041
53974281,0.85,0.85,2,787135
53975741,0.86,0.858,2,787135
53977201,0.83,0.8356,2,787172
53978661,0.84,0.83912,2,787172
53980121,0.49,0.559824,1,787294
53981581,0.5,0.511965,1,787294
53983041,0.43,0.446393,1,787328
53984501,0.44,0.441279,1,787328
53985961,0.33,0.352256,1,787364
53987421,0.34,0.342451,1,787364
53988881,0.33,0.33249,1,787391
53990341,0.34,0.338498,1,787391
53991801,0.34,0.3397,1,787391
53993261,0.27,0.28394,1,787470
53994721,0.28,0.280788,1,787470
53996181,0.13,0.160158,1,787510
53997641,0.14,0.144032,1,787510
53999101,0.05,0.0688063,1,787545
54000561,0.06,0.0617613,1,787545
54002021,0.07,0.0683523,1,787578
54003481,0.08,0.0776705,1,787578
54004941,0.05,0.0555341,1,787598
54006401,0.06,0.0591068,1,787598
54007861,0.07,0.0678214,1,787634
54009321,0.08,0.0775643,1,787634
54010781,0.05,0.0555129,1,787739
54012241,0.06,0.0591026,1,787739
54013701,0.05,0.0518205,1,787770
54015161,0.06,0.0583641,1,787770
54016621,0.03,0.0356728,1,787801
54018081,0.04,0.0391346,1,787801
54019541,0.09,0.0798269,1,787828
54021001,0.1,0.0959654,1,787828
54022461,0.09,0.0911931,1,787830
54023921,0.1,0.0982386,1,787830
54025381,0.23,0.203648,1,787905
54026841,0.24,0.23273,1,787905
54028301,0.21,0.214546,1,787938
54029761,0.22,0.218909,1,787938
54031221,0.19,0.195782,1,787969
54032681,0.2,0.199156,1,787969
54034141,0.23,0.223831,1,788003
54035601,0.24,0.236766,1,788003
54037061,0.25,0.247353,1,788022
54038521,0.26,0.257471,1,788022
54039981,0.19,0.203494,1,788059
54041441,0.2,0.200699,1,788059
54042901,0.23,0.22414,1,788163
54044361,0.24,0.236828,1,788163
54045821,0.25,0.247366,1,788194
54047281,0.26,0.257473,1,788194
54048741,0.25,0.251495,1,788224
54050201,0.26,0.258299,1,788224
54051661,0.27,0.26766,1,788254
54053121,0.28,0.277532,1,788254
54054581,0.27,0.271506,1,788256
54056041,0.28,0.278301,1,788256
54057501,0.35,0.33566,1,788338
54058961,0.36,0.355132,1,788338
54060421,0.36,0.359026,1,788338
54061881,0.37,0.367805,1,788370
54063341,0.38,0.377561,1,788370
54064801,0.39,0.387512,1,788400
54066261,0.4,0.397502,1,788400
54067721,0.45,0.4395,1,788436
54069181,0.46,0.4559,1,788436
54070641,0.45,0.45118,1,788456
54072101,0.46,0.458236,1,788456
54073561,0.45,0.451647,1,788490
54075021,0.46,0.458329,1,788490
54076481,0.53,0.515666,1,788596
54077941,0.54,0.535133,1,788596
54079401,0.57,0.563027,1,788628
54080861,0.58,0.576605,1,788628
54082321,0.61,0.603321,1,788658
54083781,0.62,0.616664,1,788658
54085241,0.59,0.595333,1,788689
54086701,0.6,0.599067,1,788689
54088161,0.59,0.591813,1,788691
54089621,0.6,0.598363,1,788691
54091081,0.59,0.591673,1,788777
54092541,0.6,0.598334,1,788777
54094001,0.59,0.591667,1,788809
54095461,0.6,0.598333,1,788809
54096921,0.57,0.575667,1,788840
54098381,0.58,0.579133,1,788840
54099841,0.59,0.587827,1,788879
54101301,0.6,0.597565,1,788879
54102761,0.61,0.607513,1,788899
54104221,0.62,0.617503,1,788899
54105681,0.63,0.627501,1,788933
54107141,0.64,0.6375,1,788933
54108601,0.67,0.6635,1,789043
54110061,0.68,0.6767,1,789043
54111521,0.63,0.63934,1,789077
54112981,0.64,0.639868,1,789077
54114441,0.63,0.631974,1,789109
54115901,0.64,0.638395,1,789109
54117361,0.65,0.647679,1,789139
54118821,0.66,0.657536,1,789139
54120281,0.65,0.651507,1,789141
54121741,0.66,0.658301,1,789141
54123201,0.65,0.65166,1,789227
54124661,0.66,0.658332,1,789227
54126121,0.69,0.683666,1,789259
54127581,0.7,0.696733,1,789259
54129041,0.69,0.691347,1,789289
54130501,0.7,0.698269,1,789289
54131961,0.7,0.699654,1,789289
54133421,0.73,0.723931,1,789329
54134881,0.74,0.736786,1,789329
54136341,0.71,0.715357,1,789350
54137801,0.72,0.719071,1,789350
54139261,0.69,0.695814,1,789385
54140721,0.7,0.699163,1,789385
54142181,0.67,0.675833,1,789497
54143641,0.68,0.679167,1,789497
54145101,0.71,0.703833,1,789529
54146561,0.72,0.716767,1,789529
54148021,0.73,0.727353,1,789561
54149481,0.74,0.737471,1,789561
54150941,0.71,0.715494,1,789592
54152401,0.72,0.719099,1,789592
54153861,0.71,0.71182,1,789594
54155321,0.72,0.718364,1,789594
54156781,0.73,0.727673,1,789680
54158241,0.74,0.737535,1,789680
54159701,0.79,0.779507,2,789714
54161161,0.8,0.795901,2,789714
54162621,0.81,0.80718,2,789744
54164081,0.82,0.817436,2,789744
54165541,0.81,0.811487,2,789746
54167001,0.82,0.818297,2,789746
54168461,0.85,0.843659,2,789787
54169921,0.86,0.856732,2,789787
54171381,0.85,0.851346,2,789807
54172841,0.86,0.858269,2,789807
54174301,0.87,0.867654,2,789841
54175761,0.88,0.877531,2,789841
54177221,0.93,0.919506,2,789952
54178681,0.94,0.935901,2,789952
54180141,0.93,0.93118,2,789986
54181601,0.94,0.938236,2,789986
54183061,0.95,0.947647,2,790019
54291101,0.9,0.9,2,791435
54292561,0.91,0.908,2,791435
54294021,0.81,0.8296,2,791475
54295481,0.82,0.82192,2,791475
54296941,0.75,0.764384,2,791502
54298401,0.76,0.760877,2,791502
54299861,0.73,0.736175,1,791544
54301321,0.74,0.739235,1,791544
54302781,0.61,0.635847,1,791583
54304241,0.62,0.623169,1,791583
54305701,0.59,0.596634,1,791628
54307161,0.6,0.599327,1,791628
54308621,0.49,0.511865,1,791650
54310081,0.5,0.502373,1,791650
54311541,0.23,0.284475,1,791690
54313001,0.24,0.248895,1,791690
54314461,0.15,0.169779,1,791714
54315921,0.16,0.161956,1,791714
54317381,0.13,0.136391,1,791739
54318841,0.14,0.139278,1,791739
54320301,0.01,0.0358556,1,791764
54321761,0.02,0.0231711,1,791764
54323221,0.01,0.0126342,1,791832
54324681,0.02,0.0185268,1,791832
54326141,0,0.00370537,1,791874
54327601,0,0.000741074,1,791874
54329061,0.01,0.00814821,1,791903
54330521,0.02,0.0176296,1,791903
54331981,0.09,0.0755259,1,791937
54333441,0.1,0.0951052,1,791937
54334901,0.05,0.059021,1,791961
54336361,0.06,0.0598042,1,791961
54337821,0.01,0.0199608,1,792002
54339281,0.02,0.0199922,1,792002
54340741,0.03,0.0279984,1,792035
54342201,0.04,0.0375997,1,792035
54343661,0.03,0.0315199,1,792079
54345121,0.04,0.038304,1,792079
54346581,0.05,0.0476608,1,792096
54348041,0.06,0.0575322,1,792096
54349501,0.03,0.0355064,1,792123
54350961,0.04,0.0391013,1,792123
54352421,0.05,0.0478203,1,792143
54353881,0.06,0.0575641,1,792143
54355341,0.09,0.0835128,1,792167
54356801,0.1,0.0967026,1,792167
54358261,0.01,0.0273405,1,792186
54359721,0.02,0.0214681,1,792186
54361181,0.02,0.0202936,1,792186
54362641,0.05,0.0440587,1,792254
54364101,0.06,0.0568117,1,792254
54365561,0.01,0.0193623,1,792296
54367021,0.02,0.0198725,1,792296
54368481,0.01,0.0119745,1,792325
54369941,0.02,0.0183949,1,792325
54371401,0.13,0.107679,1,792363
54372861,0.14,0.133536,1,792363
54374321,0.17,0.162707,1,792385
54375781,0.18,0.176541,1,792385
54377241,0.19,0.187308,1,792424
54378701,0.2,0.197462,1,792424
54380161,0.03,0.0634923,1,792458
54381621,0.04,0.0446985,1,792458
54383081,0.05,0.0489397,1,792502
54384541,0.06,0.0577879,1,792502
54386001,0.07,0.0675576,1,792520
54387461,0.08,0.0775115,1,792520
54388921,0.07,0.0715023,1,792546
54390381,0.08,0.0783005,1,792546
54391841,0.09,0.0876601,1,792567
54393301,0.1,0.097532,1,792567
54394761,0.09,0.0915064,1,792593
54396221,0.1,0.0983013,1,792593
54397681,0.13,0.12366,1,792608
54399141,0.14,0.136732,1,792608
54400601,0.13,0.131346,1,792677
54402061,0.14,0.138269,1,792677
54403521,0.15,0.147654,1,792717
54404981,0.16,0.157531,1,792717
54406441,0.01,0.0395062,1,792746
54407901,0.02,0.0239012,1,792746
54409361,0.03,0.0287802,1,792790
54410821,0.04,0.037756,1,792790
54412281,0.05,0.0475512,1,792814
54413741,0.06,0.0575102,1,792814
54415201,0.05,0.051502,1,792854
54416661,0.06,0.0583004,1,792854
54418121,0.05,0.0516601,1,792880
54419581,0.06,0.058332,1,792880
54421041,0.03,0.0356664,1,792925
54422501,0.04,0.0391333,1,792925
54423961,0.07,0.0638267,1,792944
54425421,0.08,0.0767653,1,792944
54426881,0.09,0.0873531,1,792970
54428341,0.1,0.0974706,1,792970
54429801,0.17,0.155494,1,792992
54431261,0.18,0.175099,1,792992
54432721,0.17,0.17102,1,793018
54434181,0.18,0.178204,1,793018
54435641,0.15,0.155641,1,793035
54437101,0.16,0.159128,1,793035
54438561,0.19,0.183826,1,793104
54440021,0.2,0.196765,1,793104
54441481,0.2,0.199353,1,793104
54442941,0.23,0.223871,1,793145
54444401,0.24,0.236774,1,793145
54445861,0.23,0.231355,1,793167
54447321,0.24,0.238271,1,793167
54448781,0.17,0.183654,1,793212
54450241,0.18,0.180731,1,793212
54451701,0.11,0.124146,1,793237
54453161,0.12,0.120829,1,793237
54454621,0.11,0.112166,1,793277
54456081,0.12,0.118433,1,793277
54457541,0.13,0.127687,1,793303
54459001,0.14,0.137537,1,793303
54460461,0.15,0.147507,1,793347
54461921,0.16,0.157501,1,793347
54463381,0.15,0.1515,1,793368
54464841,0.16,0.1583,1,793368
54466301,0.13,0.13566,1,793395
54467761,0.14,0.139132,1,793395
54469221,0.17,0.163826,1,793421
54470681,0.18,0.176765,1,793421
54472141,0.23,0.219353,1,793447
54473601,0.24,0.235871,1,793447
54475061,0.23,0.231174,1,793463
54476521,0.24,0.238235,1,793463
54477981,0.29,0.279647,1,793534
54479441,0.3,0.295929,1,793534
54480901,0.29,0.291186,1,793536
54482361,0.3,0.298237,1,793536
54483821,0.31,0.307647,1,793578
54485281,0.32,0.317529,1,793578
54486741,0.33,0.327506,1,793600
54488201,0.34,0.337501,1,793600
54489661,0.33,0.3315,1,793642
54491121,0.34,0.3383,1,793642
54492581,0.33,0.33166,1,793664
54494041,0.34,0.338332,1,793664
54495501,0.37,0.363666,1,793704
54496961,0.38,0.376733,1,793704
54498421,0.39,0.387347,1,793731
54499881,0.4,0.397469,1,793731
54501341,0.41,0.407494,1,793776
54502801,0.42,0.417499,1,793776
54504261,0.43,0.4275,1,793797
54505721,0.44,0.4375,1,793797
54507181,0.43,0.4315,1,793823
54508641,0.44,0.4383,1,793823
54510101,0.43,0.43166,1,793851
54511561,0.44,0.438332,1,793851
54513021,0.45,0.447666,1,793880
54514481,0.46,0.457533,1,793880
54515941,0.45,0.451507,1,793896
54517401,0.46,0.458301,1,793896
54518861,0.49,0.48366,1,793970
54520321,0.5,0.496732,1,793970
54521781,0.49,0.491346,1,793972
54523241,0.5,0.498269,1,793972
54524701,0.57,0.555654,1,794015
54526161,0.58,0.575131,1,794015
54527621,0.58,0.579026,1,794015
54529081,0.57,0.571805,1,794038
54530541,0.58,0.578361,1,794038
54532001,0.57,0.571672,1,794080
54533461,0.58,0.578334,1,794080
54534921,0.57,0.571667,1,794102
54536381,0.58,0.578333,1,794102
54537841,0.61,0.603667,1,794144
54539301,0.62,0.616733,1,794144
54540761,0.61,0.611347,1,794172
54542221,0.62,0.618269,1,794172
54543681,0.63,0.627654,1,794218
54545141,0.64,0.637531,1,794218
54546601,0.65,0.647506,1,794240
54548061,0.66,0.657501,1,794240
54549521,0.65,0.6515,1,794266
54550981,0.66,0.6583,1,794266
54552441,0.65,0.65166,1,794294
54553901,0.66,0.658332,1,794294
54555361,0.67,0.667666,1,794324
54556821,0.68,0.677533,1,794324
54558281,0.69,0.687507,1,794340
54559741,0.7,0.697501,1,794340
54561201,0.75,0.7395,1,794416
54562661,0.76,0.7559,2,794416
54564121,0.75,0.75118,2,794418
54565581,0.76,0.758236,2,794418
54567041,0.77,0.767647,2,794465
54568501,0.78,0.777529,2,794465
54569961,0.77,0.771506,2,794487
54571421,0.78,0.778301,2,794487
54572881,0.79,0.78766,2,794529
54574341,0.8,0.797532,2,794529
54575801,0.79,0.791506,2,794551
54577261,0.8,0.798301,2,794551
54578721,0.81,0.80766,2,794595
54580181,0.82,0.817532,2,794595
54581641,0.81,0.811506,2,794623
54583101,0.82,0.818301,2,794623
54584561,0.81,0.81166,2,794670
54586021,0.82,0.818332,2,794670
54587481,0.79,0.795666,2,794693
54588941,0.8,0.799133,2,794693
54590401,0.79,0.791827,2,794719
54591861,0.8,0.798365,2,794719
54593321,0.79,0.791673,2,794747
54594781,0.8,0.798335,2,794747
54596241,0.79,0.791667,2,794778
54597701,0.8,0.798333,2,794778
54599161,0.81,0.807667,2,794795
54600621,0.82,0.817533,2,794795
54602081,0.83,0.827507,2,794874
54603541,0.84,0.837501,2,794874
54605001,0.83,0.8315,2,794876
54606461,0.84,0.8383,2,794876
54607921,0.87,0.86366,2,794924
54609381,0.88,0.876732,2,794924
54610841,0.87,0.871346,2,794946
54612301,0.88,0.878269,2,794946
54613761,0.91,0.903654,2,794989
54615221,0.92,0.916731,2,794989
54616681,0.92,0.919346,2,794989
54618141,0.95,0.943869,2,795011
54621061,0.93,0.93,2,795056
54622521,0.94,0.938,2,795056
54623981,0.93,0.9316,2,795084
54625441,0.94,0.93832,2,795084
54626901,0.91,0.915664,2,795131
54628361,0.92,0.919133,2,795131
54629821,0.91,0.911827,2,795153
54631281,0.92,0.918365,2,795153
54632741,0.95,0.943673,2,795179
54635661,0.95,0.95,2,795207
54638581,0.93,0.93,2,795238
54640041,0.94,0.938,2,795238
54641501,0.93,0.9316,2,795256
54642961,0.94,0.93832,2,795256
54783121,0.88,0.88,2,796833
54784581,0.89,0.888,2,796833
54786041,0.9,0.8976,2,796854
54787501,0.91,0.90752,2,796854
54788961,0.93,0.925504,2,796893
54790421,0.94,0.937101,2,796893
54791881,0.85,0.86742,2,796930
54793341,0.86,0.861484,2,796930
54794801,0.71,0.740297,1,796959
54796261,0.72,0.724059,1,796959
54797721,0.69,0.696812,1,796983
54799181,0.7,0.699362,1,796983
54800641,0.69,0.691872,1,797017
54802101,0.7,0.698374,1,797017
54803561,0.7,0.699675,1,797017
54805021,0.65,0.659935,1,797044
54806481,0.66,0.659987,1,797044
54807941,0.55,0.571997,1,797069
54809401,0.56,0.562399,1,797069
54810861,0.55,0.55248,1,797090
54812321,0.56,0.558496,1,797090
54813781,0.43,0.455699,1,797122
54815241,0.44,0.44314,1,797122
54816701,0.39,0.400628,1,797152
54818161,0.4,0.400126,1,797152
54819621,0.31,0.328025,1,797176
54821081,0.32,0.321605,1,797176
54822541,0.23,0.248321,1,797232
54824001,0.24,0.241664,1,797232
54825461,0.21,0.216333,1,797265
54826921,0.22,0.219267,1,797265
54828381,0.19,0.195853,1,797304
54829841,0.2,0.199171,1,797304
54831301,0.15,0.159834,1,797322
54832761,0.16,0.159967,1,797322
54834221,0.19,0.183993,1,797360
54835681,0.2,0.196799,1,797360
54837141,0.15,0.15936,1,797393
54838601,0.16,0.159872,1,797393
54840061,0.15,0.151974,1,797415
54841521,0.16,0.158395,1,797415
54842981,0.15,0.151679,1,797438
54844441,0.16,0.158336,1,797438
54845901,0.19,0.183667,1,797472
54847361,0.2,0.196733,1,797472
54848821,0.19,0.191347,1,797474
54850281,0.2,0.198269,1,797474
54851741,0.23,0.223654,1,797498
54853201,0.24,0.236731,1,797498
54854661,0.25,0.247346,1,797518
54856121,0.26,0.257469,1,797518
54857581,0.19,0.203494,1,797539
54859041,0.2,0.200699,1,797539
54860501,0.23,0.22414,1,797565
54861961,0.24,0.236828,1,797565
54863421,0.23,0.231366,1,797593
54864881,0.24,0.238273,1,797593
54866341,0.23,0.231655,1,797613
54867801,0.24,0.238331,1,797613
54869261,0.29,0.279666,1,797665
54870721,0.3,0.295933,1,797665
54872181,0.33,0.323187,1,797697
54873641,0.34,0.336637,1,797697
54875101,0.35,0.347327,1,797735
54876561,0.36,0.357465,1,797735
54878021,0.31,0.319493,1,797751
54879481,0.32,0.319899,1,797751
54880941,0.35,0.34398,1,797791
54882401,0.36,0.356796,1,797791
54883861,0.35,0.351359,1,797822
54885321,0.36,0.358272,1,797822
54886781,0.35,0.351654,1,797844
54888241,0.36,0.358331,1,797844
54889701,0.39,0.383666,1,797867
54891161,0.4,0.396733,1,797867
54892621,0.43,0.423347,1,797903
54894081,0.44,0.436669,1,797903
54895541,0.43,0.431334,1,797905
54897001,0.44,0.438267,1,797905
54898461,0.44,0.439653,1,797905
54899921,0.49,0.479931,1,797931
54901381,0.5,0.495986,1,797931
54902841,0.47,0.475197,1,797952
54904301,0.48,0.479039,1,797952
54905761,0.47,0.471808,1,797970
54907221,0.48,0.478362,1,797970
54908681,0.47,0.471672,1,797998
54910141,0.48,0.478334,1,797998
54911601,0.47,0.471667,1,798026
54913061,0.48,0.478333,1,798026
54914521,0.49,0.487667,1,798046
54915981,0.5,0.497533,1,798046
54917441,0.51,0.507507,1,798101
54918901,0.52,0.517501,1,798101
54920361,0.51,0.5115,1,798135
54921821,0.52,0.5183,1,798135
54923281,0.55,0.54366,1,798174
54924741,0.56,0.556732,1,798174
54926201,0.55,0.551346,1,798188
54927661,0.56,0.558269,1,798188
54929121,0.57,0.567654,1,798230
54930581,0.58,0.577531,1,798230
54932041,0.57,0.571506,1,798261
54933501,0.58,0.578301,1,798261
54934961,0.57,0.57166,1,798283
54936421,0.58,0.578332,1,798283
54937881,0.55,0.555666,1,798308
54939341,0.56,0.559133,1,798308
54940801,0.57,0.567827,1,798346
54942261,0.58,0.577565,1,798346
54943721,0.57,0.571513,1,798348
54945181,0.58,0.578303,1,798348
54946641,0.53,0.539661,1,798376
54948101,0.54,0.539932,1,798376
54949561,0.55,0.547986,1,798396
54951021,0.56,0.557597,1,798396
54952481,0.59,0.583519,1,798414
54953941,0.6,0.596704,1,798414
54955401,0.61,0.607341,1,798442
54956861,0.62,0.617468,1,798442
54958321,0.61,0.611494,1,798470
54959781,0.62,0.618299,1,798470
54961241,0.59,0.59566,1,798491
54962701,0.6,0.599132,1,798491
54964161,0.63,0.623826,1,798547
54965621,0.64,0.636765,1,798547
54967081,0.63,0.631353,1,798581
54968541,0.64,0.638271,1,798581
54970001,0.63,0.631654,1,798622
54971461,0.64,0.638331,1,798622
54972921,0.65,0.647666,1,798636
54974381,0.66,0.657533,1,798636
54975841,0.65,0.651507,1,798679
54977301,0.66,0.658301,1,798679
54978761,0.67,0.66766,1,798710
54980221,0.68,0.677532,1,798710
54981681,0.67,0.671506,1,798732
54983141,0.68,0.678301,1,798732
54984601,0.69,0.68766,1,798756
54986061,0.7,0.697532,1,798756
54987521,0.69,0.691506,1,798795
54988981,0.7,0.698301,1,798795
54990441,0.69,0.69166,1,798797
54991901,0.7,0.698332,1,798797
54993361,0.71,0.707666,1,798823
54994821,0.72,0.717533,1,798823
54996281,0.73,0.727507,1,798844
54997741,0.74,0.737501,1,798844
54999201,0.74,0.7395,1,798844
55000661,0.75,0.7479,1,798864
55002121,0.76,0.75758,2,798864
55003581,0.81,0.799516,2,798893
55005041,0.82,0.815903,2,798893
55006501,0.81,0.811181,2,798921
55007961,0.82,0.818236,2,798921
55009421,0.83,0.827647,2,798941
55010881,0.84,0.837529,2,798941
55012341,0.83,0.831506,2,798999
55013801,0.84,0.838301,2,798999
55015261,0.83,0.83166,2,799033
55016721,0.84,0.838332,2,799033
55018181,0.81,0.815666,2,799074
55019641,0.82,0.819133,2,799074
55021101,0.79,0.795827,2,799089
55022561,0.8,0.799165,2,799089
55024021,0.81,0.807833,2,799132
55025481,0.82,0.817567,2,799132
55026941,0.81,0.811513,2,799164
55028401,0.82,0.818303,2,799164
55029861,0.81,0.811661,2,799186
55031321,0.82,0.818332,2,799186
55032781,0.85,0.843666,2,799211
55034241,0.86,0.856733,2,799211
55035701,0.83,0.835347,2,799250
55037161,0.84,0.839069,2,799250
55038621,0.83,0.831814,2,799252
55040081,0.84,0.838363,2,799252
55041541,0.85,0.847673,2,799279
55043001,0.86,0.857535,2,799279
55044461,0.89,0.883507,2,799301
55045921,0.9,0.896701,2,799301
55047381,0.89,0.89134,2,799303
55048841,0.9,0.898268,2,799303
55050301,0.93,0.923654,2,799323
55051761,0.94,0.936731,2,799323
55212361,0.91,0.91,2,801038
55213821,0.83,0.846,2,801062
55215281,0.69,0.7212,1,801101
55216741,0.63,0.64824,1,801146
55218201,0.59,0.601648,1,801174
55219661,0.53,0.54433,1,801198
55221121,0.45,0.468866,1,801225
55222581,0.39,0.405773,1,801273
55224041,0.33,0.345155,1,801286
55225501,0.41,0.397031,1,801302
55226961,0.33,0.343406,1,801320
55228421,0.31,0.316681,1,801356
55203601,0.19,0.215336,1,801395
55229881,0.37,0.339067,1,801434
55231341,0.37,0.363813,1,801477
55232801,0.33,0.336763,1,801504
55234261,0.35,0.347353,1,801524
55235721,0.33,0.33347,1,801556
55237181,0.39,0.378694,1,801598
55238641,0.45,0.435739,1,801624
55240101,0.41,0.415148,1,801645
55241561,0.45,0.44303,1,801668
55243021,0.43,0.432606,1,801713
55244481,0.45,0.446521,1,801723
55245941,0.43,0.433304,1,801743
55247401,0.45,0.446661,1,801757
55248861,0.55,0.529332,1,801792
55250321,0.55,0.545866,1,801825
55251781,0.56,0.557173,1,801825
55253241,0.59,0.583435,1,801916
55254701,0.6,0.596687,1,801916
55256161,0.59,0.591337,1,801962
55257621,0.6,0.598267,1,801962
55259081,0.61,0.607653,1,802038
55260541,0.62,0.617531,1,802038
55262001,0.65,0.643506,1,802086
55263461,0.66,0.656701,1,802086
55264921,0.67,0.66734,1,802155
55266381,0.68,0.677468,1,802155
55267841,0.67,0.671494,1,802185
55269301,0.68,0.678299,1,802185
55270761,0.69,0.68766,1,802240
55272221,0.7,0.697532,1,802240
55273681,0.71,0.707506,1,802274
55275141,0.72,0.717501,1,802274
55276601,0.72,0.7195,1,802274
55278061,0.73,0.7279,1,802367
55279521,0.74,0.73758,1,802367
55280981,0.75,0.747516,1,802413
55282441,0.76,0.757503,2,802413
55283901,0.73,0.735501,1,802490
55285361,0.74,0.7391,1,802490
55286821,0.71,0.71582,1,802540
55288281,0.72,0.719164,1,802540
55289741,0.75,0.743833,1,802610
55291201,0.76,0.756767,2,802610
55292661,0.75,0.751353,2,802640
55294121,0.76,0.758271,2,802640
55295581,0.77,0.767654,2,802696
55297041,0.78,0.777531,2,802696
55298501,0.81,0.803506,2,802731
55299961,0.82,0.816701,2,802731
55301421,0.83,0.82734,2,802824
55302881,0.84,0.837468,2,802824
55304341,0.87,0.863494,2,802871
55305801,0.88,0.876699,2,802871
55307261,0.89,0.88734,2,802947
55308721,0.9,0.897468,2,802947
55310181,0.89,0.891494,2,802996
55311641,0.9,0.898299,2,802996
55313101,0.91,0.90766,2,803068
55314561,0.92,0.917532,2,803068
55316021,0.93,0.927506,2,803098
55317481,0.94,0.937501,2,803098
55318941,0.95,0.9475,2,803155
55321861,0.93,0.93,2,803192
55323321,0.94,0.938,2,803192
55403621,0.85,0.85,2,804719
55405081,0.86,0.858,2,804719
55406541,0.79,0.8036,2,804767
55408001,0.8,0.80072,2,804767
55409461,0.77,0.776144,2,804805
55410921,0.78,0.779229,2,804805
55412381,0.61,0.643846,1,804855
55413841,0.62,0.624769,1,804855
55415301,0.61,0.612954,1,804891
55416761,0.62,0.618591,1,804891
55418221,0.59,0.595718,1,804983
55419681,0.6,0.599144,1,804983
55421141,0.65,0.639829,1,805014
55422601,0.66,0.655966,1,805014
55424061,0.61,0.619193,1,805053
55425521,0.62,0.619839,1,805053
55426981,0.59,0.595968,1,805119
55428441,0.6,0.599194,1,805119
55429901,0.59,0.591839,1,805182
55431361,0.6,0.598368,1,805182
55432821,0.63,0.623674,1,805227
55434281,0.64,0.636735,1,805227
55435741,0.65,0.647347,1,805264
55437201,0.66,0.657469,1,805264
55438661,0.73,0.715494,1,805306
55440121,0.74,0.735099,1,805306
55441581,0.73,0.73102,1,805342
55443041,0.74,0.738204,1,805342
55444501,0.74,0.739641,1,805342
55445961,0.81,0.795928,2,805433
55447421,0.82,0.815186,2,805433
55448881,0.81,0.811037,2,805467
55450341,0.82,0.818207,2,805467
55451801,0.83,0.827641,2,805504
55453261,0.84,0.837528,2,805504
55454721,0.87,0.863506,2,805569
55456181,0.88,0.876701,2,805569
55457641,0.91,0.90334,2,805632
55459101,0.92,0.916668,2,805632
55517501,0.92,0.92,2,806578
55518961,0.93,0.928,2,806578
55600721,0.95,0.95,2,807852
55615321,0.75,0.75,2,808132
55616781,0.76,0.758,2,808132
55618241,0.59,0.6236,1,808171
55619701,0.6,0.60472,1,808171
55621161,0.57,0.576944,1,808195
55622621,0.58,0.579389,1,808195
55624081,0.39,0.427878,1,808254
55625541,0.4,0.405576,1,808254
55627001,0.29,0.313115,1,808289
55628461,0.3,0.302623,1,808289
55629921,0.27,0.276525,1,808307
55631381,0.28,0.279305,1,808307
55632841,0.15,0.175861,1,808337
55634301,0.16,0.163172,1,808337
55635761,0,0.0326344,1,808389
55637221,0,0.00652689,1,808389
55638681,0,0.00130538,1,808389
55640141,0.03,0.0242611,1,808428
55641601,0.04,0.0368522,1,808428
55643061,0.07,0.0633704,1,808505
55644521,0.08,0.0766741,1,808505
55645981,0.05,0.0553348,1,808541
55647441,0.06,0.059067,1,808541
55648901,0,0.0118134,1,808591
55650361,0,0.00236268,1,808591
55651821,0.05,0.0404725,1,808622
55653281,0.06,0.0560945,1,808622
55654741,0.01,0.0192189,1,808645
55656201,0.02,0.0198438,1,808645
55657661,0.05,0.0439688,1,808695
55659121,0.06,0.0567938,1,808695
55660581,0.05,0.0513587,1,808725
55662041,0.06,0.0582718,1,808725
55663501,0.03,0.0356544,1,808742
55664961,0.04,0.0391309,1,808742
55666421,0.01,0.0158262,1,808766
55667881,0.02,0.0191652,1,808766
55669341,0,0.00383305,1,808811
55670801,0,0.000766609,1,808811
55672261,0.03,0.0241533,1,808850
55673721,0.04,0.0368307,1,808850
55675181,0.03,0.0313661,1,808929
55676641,0.04,0.0382732,1,808929
55678101,0.05,0.0476546,1,808964
55679561,0.06,0.0575309,1,808964
55681021,0.07,0.0675062,1,809012
55682481,0.08,0.0775012,1,809012
55683941,0.05,0.0555002,1,809045
55685401,0.06,0.0591001,1,809045
55686861,0.09,0.08382,1,809066
55688321,0.1,0.096764,1,809066
55689781,0.09,0.0913528,1,809118
55691241,0.1,0.0982706,1,809118
55692701,0.11,0.107654,1,809148
55694161,0.12,0.117531,1,809148
55695621,0.11,0.111506,1,809164
55697081,0.12,0.118301,1,809164
55698541,0.13,0.12766,1,809187
55700001,0.14,0.137532,1,809187
55701461,0.13,0.131506,1,809232
55702921,0.14,0.138301,1,809232
55704381,0.03,0.0516603,1,809272
55705841,0.04,0.0423321,1,809272
55707301,0.04,0.0404664,1,809272
55708761,0.11,0.0960933,1,809351
55710221,0.12,0.115219,1,809351
55711681,0.11,0.111044,1,809387
55713141,0.12,0.118209,1,809387
55714601,0.13,0.127642,1,809436
55716061,0.14,0.137528,1,809436
55717521,0.15,0.147506,1,809468
55718981,0.16,0.157501,1,809468
55720441,0.17,0.1675,1,809491
55721901,0.18,0.1775,1,809491
55723361,0.19,0.1875,1,809543
55724821,0.2,0.1975,1,809543
55726281,0.23,0.2235,1,809574
55727741,0.24,0.2367,1,809574
55729201,0.25,0.24734,1,809590
55730661,0.26,0.257468,1,809590
55732121,0.25,0.251494,1,809614
55733581,0.26,0.258299,1,809614
55735041,0.29,0.28366,1,809659
55736501,0.3,0.296732,1,809659
55737961,0.27,0.275346,1,809694
55739421,0.28,0.279069,1,809694
55740881,0.27,0.271814,1,809696
55742341,0.28,0.278363,1,809696
55743801,0.33,0.319673,1,809778
55745261,0.34,0.335935,1,809778
55746721,0.39,0.379187,1,809814
55748181,0.4,0.395837,1,809814
55749641,0.43,0.423167,1,809864
55751101,0.44,0.436633,1,809864
55752561,0.45,0.447327,1,809897
55754021,0.46,0.457465,1,809897
55755481,0.45,0.451493,1,809921
55756941,0.46,0.458299,1,809921
55758401,0.51,0.49966,1,809974
55759861,0.52,0.515932,1,809974
55761321,0.53,0.527186,1,810007
55762781,0.54,0.537437,1,810007
55764241,0.55,0.547487,1,810024
55765701,0.56,0.557497,1,810024
55767161,0.55,0.551499,1,810048
55768621,0.56,0.5583,1,810048
55770081,0.57,0.56766,1,810095
55771541,0.58,0.577532,1,810095
55773001,0.59,0.587506,1,810129
55774461,0.6,0.597501,1,810129
55775921,0.59,0.5915,1,810131
55777381,0.6,0.5983,1,810131
55778841,0.61,0.60766,1,810216
55780301,0.62,0.617532,1,810216
55781761,0.62,0.619506,1,810216
55783221,0.61,0.611901,1,810255
55784681,0.62,0.61838,1,810255
55786141,0.63,0.627676,1,810307
55787601,0.64,0.637535,1,810307
55789061,0.63,0.631507,1,810341
55790521,0.64,0.638301,1,810341
55791981,0.63,0.63166,1,810365
55793441,0.64,0.638332,1,810365
55794901,0.61,0.615666,1,810421
55796361,0.62,0.619133,1,810421
55797821,0.61,0.611827,1,810455
55799281,0.62,0.618365,1,810455
55800741,0.61,0.611673,1,810473
55802201,0.62,0.618335,1,810473
55803661,0.65,0.643667,1,810497
55805121,0.66,0.656733,1,810497
55806581,0.67,0.667347,1,810545
55808041,0.68,0.677469,1,810545
55809501,0.65,0.655494,1,810580
55810961,0.66,0.659099,1,810580
55812421,0.65,0.65182,1,810582
55813881,0.66,0.658364,1,810582
55815341,0.67,0.667673,1,810668
55816801,0.68,0.677535,1,810668
55818261,0.69,0.687507,1,810706
55819721,0.7,0.697501,1,810706
55821181,0.71,0.7075,1,810759
55822641,0.72,0.7175,1,810759
55824101,0.75,0.7435,1,810793
55825561,0.76,0.7567,2,810793
55827021,0.75,0.75134,2,810817
55828481,0.76,0.758268,2,810817
55829941,0.75,0.751654,2,810872
55831401,0.76,0.758331,2,810872
55832861,0.77,0.767666,2,810906
55834321,0.78,0.777533,2,810906
55835781,0.77,0.771507,2,810924
55837241,0.78,0.778301,2,810924
55838701,0.73,0.73966,1,810950
55840161,0.74,0.739932,1,810950
55841621,0.71,0.715986,1,810999
55843081,0.72,0.719197,1,810999
55844541,0.73,0.727839,1,811033
55846001,0.74,0.737568,1,811033
55847461,0.73,0.731514,1,811035
55848921,0.74,0.738303,1,811035
55850381,0.83,0.811661,2,811122
55851841,0.84,0.834332,2,811122
55853301,0.85,0.846866,2,811161
55854761,0.86,0.857373,2,811161
55856221,0.87,0.867475,2,811215
55857681,0.88,0.877495,2,811215
55859141,0.88,0.879499,2,811215
55860601,0.95,0.9359,2,811251
55863521,0.95,0.95,2,811275
55866441,0.93,0.93,2,811330
55867901,0.94,0.938,2,811330
55999301,0.95,0.95,2,812957
56002221,0.91,0.91,2,813022
56003681,0.92,0.918,2,813022
56005141,0.89,0.8956,2,813061
56006601,0.9,0.89912,2,813061
56008061,0.91,0.907824,2,813131
56009521,0.92,0.917565,2,813131
56010981,0.95,0.943513,2,813165
56013901,0.89,0.89,2,813199
56015361,0.9,0.898,2,813199
56016821,0.85,0.8596,2,813226
56018281,0.86,0.85992,2,813226
56019741,0.86,0.859984,2,813226
56021201,0.85,0.851997,2,813243
56022661,0.86,0.858399,2,813243
56024121,0.89,0.88368,2,813266
56025581,0.9,0.896736,2,813266
56027041,0.89,0.891347,2,813297
56028501,0.9,0.898269,2,813297
56029961,0.85,0.859654,2,813330
56031421,0.86,0.859931,2,813330
56032881,0.85,0.851986,2,813369
56034341,0.86,0.858397,2,813369
56035801,0.81,0.819679,2,813397
56037261,0.82,0.819936,2,813397
56038721,0.79,0.795987,2,813430
56040181,0.8,0.799197,2,813430
56041641,0.77,0.775839,2,813488
56043101,0.78,0.779168,2,813488
56044561,0.81,0.803834,2,813526
56046021,0.82,0.816767,2,813526
56047481,0.87,0.859353,2,813597
56048941,0.88,0.875871,2,813597
56050401,0.87,0.871174,2,813633
56051861,0.88,0.878235,2,813633
56053321,0.87,0.871647,2,813664
56054781,0.88,0.878329,2,813664
56056241,0.89,0.887666,2,813690
56057701,0.9,0.897533,2,813690
56059161,0.89,0.891507,2,813692
56060621,0.9,0.898301,2,813692
56062081,0.93,0.92366,2,813707
56063541,0.94,0.936732,2,813707
56065001,0.95,0.947346,2,813732
56130701,0.94,0.94,2,814544
56132161,0.95,0.948,2,814544
56213921,0.95,0.95,2,815746
56219761,0.9,0.9,2,815811
56221221,0.83,0.844,2,815864
56222681,0.84,0.8408,2,815864
56224141,0.51,0.57616,1,815996
56225601,0.52,0.531232,1,815996
56227061,0.19,0.258246,1,816079
56228521,0.2,0.211649,1,816079
56229981,0.09,0.11433,1,816147
56231441,0.1,0.102866,1,816147
56232901,0.05,0.0605732,1,816214
56234361,0.06,0.0601146,1,816214
56235821,0.05,0.0520229,1,816252
56237281,0.06,0.0584046,1,816252
56238741,0.03,0.0356809,1,816277
56240201,0.04,0.0391362,1,816277
56241661,0.05,0.0478272,1,816327
56243121,0.06,0.0575654,1,816327
56244581,0.13,0.115513,1,816443
56246041,0.14,0.135103,1,816443
56247501,0.13,0.131021,1,816510
56248961,0.14,0.138204,1,816510
56250421,0.11,0.115641,1,816573
56251881,0.12,0.119128,1,816573
56253341,0.05,0.0638256,1,816638
56254801,0.06,0.0607651,1,816638
56256261,0.03,0.036153,1,816676
56257721,0.04,0.0392306,1,816676
56259181,0.11,0.0958461,1,816700
56260641,0.12,0.115169,1,816700
56262101,0.12,0.119034,1,816700
56263561,0.07,0.0798068,1,816751
56265021,0.08,0.0799614,1,816751
56266481,0.07,0.0719923,1,816871
56267941,0.08,0.0783985,1,816871
56269401,0.07,0.0716797,1,816938
56270861,0.08,0.0783359,1,816938
56272321,0.09,0.0876672,1,817000
56273781,0.1,0.0975334,1,817000
56275241,0.13,0.123507,1,817062
56276701,0.14,0.136701,1,817062
56278161,0.13,0.13134,1,817099
56279621,0.14,0.138268,1,817099
56281081,0.17,0.163654,1,817127
56282541,0.18,0.176731,1,817127
56284001,0.23,0.219346,1,817175
56285461,0.24,0.235869,1,817175
56286921,0.25,0.247174,1,817295
56288381,0.26,0.257435,1,817295
56289841,0.31,0.299487,1,817362
56291301,0.32,0.315897,1,817362
56292761,0.29,0.295179,1,817425
56294221,0.3,0.299036,1,817425
56295681,0.33,0.323807,1,817489
56297141,0.34,0.336761,1,817489
56298601,0.33,0.331352,1,817526
56300061,0.34,0.33827,1,817526
56301521,0.33,0.331654,1,817556
56302981,0.34,0.338331,1,817556
56304441,0.41,0.395666,1,817607
56305901,0.42,0.415133,1,817607
56307361,0.55,0.523027,1,817728
56308821,0.56,0.552605,1,817728
56310281,0.56,0.558521,1,817728
56311741,0.61,0.599704,1,817798
56313201,0.62,0.615941,1,817798
56314661,0.63,0.627188,1,817860
56316121,0.64,0.637438,1,817860
56317581,0.65,0.647488,1,817926
56319041,0.66,0.657497,1,817926
56320501,0.65,0.651499,1,817963
56321961,0.66,0.6583,1,817963
56323421,0.65,0.65166,1,817993
56324881,0.66,0.658332,1,817993
56326341,0.67,0.667666,1,818048
56327801,0.68,0.677533,1,818048
56329261,0.69,0.687507,1,818176
56330721,0.7,0.697501,1,818176
56332181,0.69,0.6915,1,818178
56333641,0.7,0.6983,1,818178
56335101,0.71,0.70766,1,818250
56336561,0.72,0.717532,1,818250
56338021,0.71,0.711506,1,818313
56339481,0.72,0.718301,1,818313
56340941,0.73,0.72766,1,818380
56342401,0.74,0.737532,1,818380
56343861,0.71,0.715506,1,818417
56345321,0.72,0.719101,1,818417
56346781,0.71,0.71182,1,818447
56348241,0.72,0.718364,1,818447
56349701,0.73,0.727673,1,818503
56351161,0.74,0.737535,1,818503
56352621,0.77,0.763507,2,818632
56354081,0.78,0.776701,2,818632
56355541,0.77,0.77134,2,818634
56357001,0.78,0.778268,2,818634
56358461,0.78,0.779654,2,818634
56359921,0.83,0.819931,2,818707
56361381,0.84,0.835986,2,818707
56362841,0.83,0.831197,2,818770
56364301,0.84,0.838239,2,818770
56365761,0.85,0.847648,2,818838
56367221,0.86,0.85753,2,818838
56368681,0.87,0.867506,2,818874
56370141,0.88,0.877501,2,818874
56371601,0.87,0.8715,2,818904
56373061,0.88,0.8783,2,818904
56374521,0.91,0.90366,2,818961
56375981,0.92,0.916732,2,818961
56448981,0.9,0.9,2,820386
56450441,0.91,0.908,2,820386
56454821,0.94,0.94,2,820543
56456281,0.95,0.948,2,820543
56457741,0.95,0.9496,2,820588
56460661,0.83,0.83,2,820661
56462121,0.84,0.838,2,820661
56463581,0.75,0.7676,2,820702
56465041,0.76,0.76152,2,820702
56466501,0.76,0.760304,2,820702
56467961,0.75,0.752061,2,820743
56469421,0.76,0.758412,2,820743
56470881,0.73,0.735682,1,820790
56472341,0.74,0.739136,1,820790
56473801,0.73,0.731827,1,820825
56475261,0.74,0.738365,1,820825
56476721,0.69,0.699673,1,820863
56478181,0.7,0.699935,1,820863
56479641,0.73,0.723987,1,820996
56481101,0.74,0.736797,1,820996
56482561,0.67,0.683359,1,821013
56484021,0.68,0.680672,1,821013
56485481,0.67,0.672134,1,821057
56486941,0.68,0.678427,1,821057
56488401,0.69,0.687685,1,821124
56489861,0.7,0.697537,1,821124
56491321,0.69,0.691507,1,821161
56492781,0.7,0.698301,1,821161
56494241,0.69,0.69166,1,821201
56495701,0.7,0.698332,1,821201
56497161,0.71,0.707666,1,821247
56498621,0.72,0.717533,1,821247
56500081,0.73,0.727507,1,821282
56501541,0.74,0.737501,1,821282
56503001,0.69,0.6995,1,821318
56504461,0.7,0.6999,1,821318
56505921,0.79,0.77198,2,821453
56507381,0.8,0.794396,2,821453
56508841,0.79,0.790879,2,821467
56510301,0.8,0.798176,2,821467
56511761,0.79,0.791635,2,821511
56513221,0.8,0.798327,2,821511
56514681,0.81,0.807665,2,821579
56516141,0.82,0.817533,2,821579
56517601,0.85,0.843507,2,821616
56519061,0.86,0.856701,2,821616
56520521,0.87,0.86734,2,821656
56521981,0.88,0.877468,2,821656
56523441,0.95,0.935494,2,821703
56574541,0.94,0.94,2,822561
56576001,0.95,0.948,2,822561
56653381,0.82,0.82,2,823801
56654841,0.83,0.828,2,823801
56656301,0.69,0.7176,1,823854
56657761,0.7,0.70352,1,823854
56659221,0.51,0.548704,1,823885
56660681,0.52,0.525741,1,823885
56662141,0.43,0.449148,1,823922
56663601,0.44,0.44183,1,823922
56665061,0.27,0.304366,1,823997
56666521,0.28,0.284873,1,823997
56667981,0.19,0.208975,1,824032
56669441,0.2,0.201795,1,824032
56670901,0.17,0.176359,1,824097
56672361,0.18,0.179272,1,824097
56673821,0.15,0.155854,1,824124
56675281,0.16,0.159171,1,824124
56676741,0.17,0.167834,1,824153
56678201,0.18,0.177567,1,824153
56679661,0.15,0.155513,1,824195
56681121,0.16,0.159103,1,824195
56682581,0.13,0.135821,1,824198
56684041,0.14,0.139164,1,824198
56685501,0.15,0.147833,1,824264
56686961,0.16,0.157567,1,824264
56688421,0.15,0.151513,1,824310
56689881,0.16,0.158303,1,824310
56691341,0.13,0.135661,1,824332
56692801,0.14,0.139132,1,824332
56694261,0.13,0.131826,1,824365
56695721,0.14,0.138365,1,824365
56697181,0.11,0.115673,1,824432
56698641,0.12,0.119135,1,824432
56700101,0.11,0.111827,1,824463
56701561,0.12,0.118365,1,824463
56703021,0.13,0.127673,1,824527
56704481,0.14,0.137535,1,824527
56705941,0.13,0.131507,1,824553
56707401,0.14,0.138301,1,824553
56708861,0.09,0.0996603,1,824583
56710321,0.1,0.0999321,1,824583
56711781,0.11,0.107986,1,824624
56713241,0.12,0.117597,1,824624
56714701,0.11,0.111519,1,824626
56716161,0.12,0.118304,1,824626
56717621,0.17,0.159661,1,824693
56719081,0.18,0.175932,1,824693
56720541,0.18,0.179186,1,824693
56722001,0.19,0.187837,1,824739
56723461,0.2,0.197567,1,824739
56724921,0.21,0.207513,1,824760
56726381,0.22,0.217503,1,824760
56727841,0.19,0.195501,1,824793
56729301,0.2,0.1991,1,824793
56730761,0.23,0.22382,1,824859
56732221,0.24,0.236764,1,824859
56733681,0.27,0.263353,1,824890
56735141,0.28,0.276671,1,824890
56736601,0.29,0.287334,1,824955
56738061,0.3,0.297467,1,824955
56739521,0.29,0.291493,1,824981
56740981,0.3,0.298299,1,824981
56742441,0.29,0.29166,1,825009
56743901,0.3,0.298332,1,825009
56745361,0.27,0.275666,1,825051
56746821,0.28,0.279133,1,825051
56748281,0.27,0.271827,1,825053
56749741,0.28,0.278365,1,825053
56751201,0.37,0.351673,1,825123
56752661,0.38,0.374335,1,825123
56754121,0.39,0.386867,1,825169
56755581,0.4,0.397373,1,825169
56757041,0.39,0.391475,1,825191
56758501,0.4,0.398295,1,825191
56759961,0.41,0.407659,1,825223
56761421,0.42,0.417532,1,825223
56762881,0.45,0.443506,1,825291
56764341,0.46,0.456701,1,825291
56765801,0.43,0.43534,1,825324
56767261,0.44,0.439068,1,825324
56768721,0.45,0.447814,1,825390
56770181,0.46,0.457563,1,825390
56771641,0.45,0.451513,1,825416
56773101,0.46,0.458302,1,825416
56774561,0.47,0.467661,1,825444
56776021,0.48,0.477532,1,825444
56777481,0.49,0.487506,1,825485
56778941,0.5,0.497501,1,825485
56780401,0.49,0.4915,1,825487
56781861,0.5,0.4983,1,825487
56783321,0.55,0.53966,1,825562
56784781,0.56,0.555932,1,825562
56786241,0.57,0.567186,1,825609
56787701,0.58,0.577437,1,825609
56789161,0.58,0.579487,1,825609
56790621,0.61,0.603897,1,825631
56792081,0.62,0.61678,1,825631
56793541,0.61,0.611356,1,825664
56795001,0.62,0.618271,1,825664
56796461,0.65,0.643654,1,825734
56797921,0.66,0.656731,1,825734
56799381,0.65,0.651346,1,825766
56800841,0.66,0.658269,1,825766
56802301,0.67,0.667654,1,825833
56803761,0.68,0.677531,1,825833
56805221,0.71,0.703506,1,825859
56806681,0.72,0.716701,1,825859
56808141,0.73,0.72734,1,825888
56809601,0.74,0.737468,1,825888
56811061,0.77,0.763494,2,825930
56812521,0.78,0.776699,2,825930
56813981,0.77,0.77134,2,825932
56815441,0.78,0.778268,2,825932
56816901,0.79,0.787654,2,826010
56818361,0.8,0.797531,2,826010
56819821,0.83,0.823506,2,826058
56821281,0.84,0.836701,2,826058
56822741,0.83,0.83134,2,826060
56824201,0.84,0.838268,2,826060
56825661,0.81,0.815654,2,826083
56827121,0.82,0.819131,2,826083
56828581,0.83,0.827826,2,826116
56830041,0.84,0.837565,2,826116
56831501,0.87,0.863513,2,826188
56832961,0.88,0.876703,2,826188
56834421,0.87,0.87134,2,826220
56835881,0.88,0.878268,2,826220
56837341,0.91,0.903654,2,826288
56838801,0.92,0.916731,2,826288
56840261,0.91,0.911346,2,826316
56841721,0.92,0.918269,2,826316
56843181,0.93,0.927654,2,826346
56844641,0.94,0.937531,2,826346
56846101,0.95,0.947506,2,826390
56849021,0.95,0.95,2,826392
56851941,0.95,0.95,2,826471
56854861,0.95,0.95,2,826521
56857781,0.95,0.95,2,826523
56860701,0.95,0.95,2,826545
56989181,0.93,0.93,2,828249
56990641,0.94,0.938,2,828249
56997941,0.93,0.93,2,828375
56999401,0.94,0.938,2,828375
57000861,0.75,0.7876,2,828424
57002321,0.76,0.76552,2,828424
57003781,0.71,0.721104,1,828457
57005241,0.72,0.720221,1,828457
57006701,0.61,0.632044,1,828485
57008161,0.62,0.622409,1,828485
57009621,0.57,0.580482,1,828502
57011081,0.58,0.580096,1,828502
57012541,0.31,0.364019,1,828553
57014001,0.32,0.328804,1,828553
57015461,0.29,0.297761,1,828587
57016921,0.3,0.299552,1,828587
57018381,0.29,0.29191,1,828619
57019841,0.3,0.298382,1,828619
57021301,0.3,0.299676,1,828619
57022761,0.23,0.243935,1,828665
57024221,0.24,0.240787,1,828665
57025681,0.17,0.184157,1,828700
57027141,0.18,0.180831,1,828700
57028601,0.13,0.140166,1,828727
57030061,0.14,0.140033,1,828727
57031521,0.09,0.100007,1,828771
57032981,0.1,0.100001,1,828771
57034441,0.09,0.0920003,1,828796
57035901,0.1,0.0984001,1,828796
57037361,0.01,0.02768,1,828843
57038821,0.02,0.021536,1,828843
57040281,0.07,0.0603072,1,828883
57041741,0.08,0.0760614,1,828883
57043201,0.07,0.0712123,1,828914
57044661,0.08,0.0782425,1,828914
57046121,0.01,0.0236485,1,828937
57047581,0.02,0.0207297,1,828937
57049041,0.05,0.0441459,1,828952
57050501,0.06,0.0568292,1,828952
57051961,0.09,0.0833658,1,828990
57053421,0.1,0.0966732,1,828990
57054881,0.03,0.0433346,1,829023
57056341,0.04,0.0406669,1,829023
57057801,0.05,0.0481334,1,829055
57059261,0.06,0.0576267,1,829055
57060721,0.13,0.115525,1,829097
57062181,0.14,0.135105,1,829097
57063641,0.17,0.163021,1,829129
57065101,0.18,0.176604,1,829129
57066561,0.15,0.155321,1,829154
57068021,0.16,0.159064,1,829154
57069481,0.21,0.199813,1,829196
57070941,0.22,0.215963,1,829196
57072401,0.21,0.211193,1,829221
57073861,0.22,0.218239,1,829221
57075321,0.19,0.195648,1,829264
57076781,0.2,0.19913,1,829264
57078241,0.23,0.223826,1,829307
57079701,0.24,0.236765,1,829307
57081161,0.21,0.215353,1,829338
57082621,0.22,0.219071,1,829338
57084081,0.23,0.227814,1,829358
57085541,0.24,0.237563,1,829358
57087001,0.25,0.247513,1,829375
57088461,0.26,0.257503,1,829375
57089921,0.25,0.251501,1,829415
57091381,0.26,0.2583,1,829415
57092841,0.25,0.25166,1,829445
57094301,0.26,0.258332,1,829445
57095761,0.23,0.235666,1,829478
57097221,0.24,0.239133,1,829478
57098681,0.27,0.263827,1,829524
57100141,0.28,0.276765,1,829524
57101601,0.28,0.279353,1,829524
57103061,0.33,0.319871,1,829558
57104521,0.34,0.335974,1,829558
57105981,0.33,0.331195,1,829582
57107441,0.34,0.338239,1,829582
57108901,0.37,0.363648,1,829627
57110361,0.38,0.37673,1,829627
57111821,0.39,0.387346,1,829652
57113281,0.4,0.397469,1,829652
57114741,0.41,0.407494,1,829694
57116201,0.42,0.417499,1,829694
57117661,0.41,0.4115,1,829739
57119121,0.42,0.4183,1,829739
57120581,0.41,0.41166,1,829769
57122041,0.42,0.418332,1,829769
57123501,0.43,0.427666,1,829790
57124961,0.44,0.437533,1,829790
57126421,0.43,0.431507,1,829808
57127881,0.44,0.438301,1,829808
57129341,0.49,0.47966,1,829848
57130801,0.5,0.495932,1,829848
57132261,0.49,0.491186,1,829878
57133721,0.5,0.498237,1,829878
57135181,0.49,0.491647,1,829910
57136641,0.5,0.498329,1,829910
57138101,0.55,0.539666,1,829958
57139561,0.56,0.555933,1,829958
57141021,0.55,0.551187,1,829960
57142481,0.56,0.558237,1,829960
57143941,0.55,0.551647,1,829996
57145401,0.56,0.558329,1,829996
57146861,0.57,0.567666,1,830020
57148321,0.58,0.577533,1,830020
57149781,0.59,0.587507,1,830067
57151241,0.6,0.597501,1,830067
57152701,0.59,0.5915,1,830093
57154161,0.6,0.5983,1,830093
57155621,0.65,0.63966,1,830136
57157081,0.66,0.655932,1,830136
57158541,0.69,0.683186,1,830181
57160001,0.7,0.696637,1,830181
57161461,0.69,0.691327,1,830211
57162921,0.7,0.698265,1,830211
57164381,0.69,0.691653,1,830233
57165841,0.7,0.698331,1,830233
57167301,0.71,0.707666,1,830251
57168761,0.72,0.717533,1,830251
57170221,0.73,0.727507,1,830294
57171681,0.74,0.737501,1,830294
57173141,0.75,0.7475,1,830324
57174601,0.76,0.7575,2,830324
57176061,0.75,0.7515,2,830356
57177521,0.76,0.7583,2,830356
57178981,0.73,0.73566,1,830407
57180441,0.74,0.739132,1,830407
57181901,0.73,0.731826,1,830409
57183361,0.74,0.738365,1,830409
57184821,0.73,0.731673,1,830445
57186281,0.74,0.738335,1,830445
57187741,0.74,0.739667,1,830445
57189201,0.75,0.747933,1,830470
57190661,0.76,0.757587,2,830470
57192121,0.77,0.767517,2,830518
57193581,0.78,0.777503,2,830518
57195041,0.79,0.787501,2,830544
57196501,0.8,0.7975,2,830544
57197961,0.75,0.7595,2,830590
57199421,0.76,0.7599,2,830590
57200881,0.79,0.78398,2,830637
57202341,0.8,0.796796,2,830637
57203801,0.79,0.791359,2,830667
57205261,0.8,0.798272,2,830667
57206721,0.79,0.791654,2,830689
57208181,0.8,0.798331,2,830689
57209641,0.83,0.823666,2,830708
57211101,0.84,0.836733,2,830708
57212561,0.83,0.831347,2,830752
57214021,0.84,0.838269,2,830752
57215481,0.83,0.831654,2,830783
57216941,0.84,0.838331,2,830783
57218401,0.85,0.847666,2,830815
57219861,0.86,0.857533,2,830815
57221321,0.87,0.867507,2,830865
57222781,0.88,0.877501,2,830865
57224241,0.87,0.8715,2,830867
57225701,0.88,0.8783,2,830867
57227161,0.91,0.90366,2,830903
57228621,0.92,0.916732,2,830903
57230081,0.89,0.895346,2,830928
57231541,0.9,0.899069,2,830928
57233001,0.91,0.907814,2,830977
57234461,0.92,0.917563,2,830977
57235921,0.91,0.911513,2,831004
57237381,0.92,0.918302,2,831004
57238841,0.91,0.911661,2,831048
57240301,0.92,0.918332,2,831048
57241761,0.93,0.927666,2,831097
57243221,0.94,0.937533,2,831097
57411121,0.95,0.95,2,832955
57414041,0.91,0.91,2,832969
57415501,0.92,0.918,2,832969
57416961,0.83,0.8476,2,833000
57418421,0.84,0.84152,2,833000
57419881,0.79,0.800304,2,833033
57421341,0.8,0.800061,2,833033
57422801,0.63,0.664012,1,833084
57424261,0.64,0.644802,1,833084
57425721,0.67,0.664961,1,833116
57427181,0.68,0.676992,1,833116
57428641,0.65,0.655398,1,833151
57430101,0.66,0.65908,1,833151
57431561,0.61,0.619816,1,833180
57433021,0.62,0.619963,1,833180
57434481,0.59,0.595993,1,833214
57435941,0.6,0.599199,1,833214
57437401,0.61,0.60784,1,833235
57438861,0.62,0.617568,1,833235
57440321,0.55,0.563514,1,833267
57441781,0.56,0.560703,1,833267
57443241,0.55,0.552141,1,833298
57444701,0.56,0.558428,1,833298
57446161,0.47,0.487686,1,833333
57447621,0.48,0.481537,1,833333
57449081,0.51,0.504307,1,833364
57450541,0.52,0.516861,1,833364
57452001,0.47,0.479372,1,833396
57453461,0.48,0.479874,1,833396
57454921,0.47,0.471975,1,833427
57456381,0.48,0.478395,1,833427
57457841,0.47,0.471679,1,833435
57459301,0.48,0.478336,1,833435
57460761,0.48,0.479667,1,833435
57462221,0.49,0.487933,1,833462
57463681,0.5,0.497587,1,833462
57465141,0.47,0.475517,1,833493
57466601,0.48,0.479103,1,833493
57468061,0.47,0.471821,1,833536
57469521,0.48,0.478364,1,833536
57470981,0.51,0.503673,1,833570
57472441,0.52,0.516735,1,833570
57473901,0.49,0.495347,1,833604
57475361,0.5,0.499069,1,833604
57476821,0.51,0.507814,1,833631
57478281,0.52,0.517563,1,833631
57479741,0.49,0.495513,1,833664
57481201,0.5,0.499103,1,833664
57482661,0.49,0.491821,1,833686
57484121,0.5,0.498364,1,833686
57485581,0.53,0.523673,1,833715
57487041,0.54,0.536735,1,833715
57488501,0.55,0.547347,1,833746
57489961,0.56,0.557469,1,833746
57491421,0.53,0.535494,1,833777
57492881,0.54,0.539099,1,833777
57494341,0.59,0.57982,1,833810
57495801,0.6,0.595964,1,833810
57497261,0.59,0.591193,1,833840
57498721,0.6,0.598239,1,833840
57500181,0.61,0.607648,1,833871
57501641,0.62,0.61753,1,833871
57503101,0.61,0.611506,1,833879
57504561,0.62,0.618301,1,833879
57506021,0.61,0.61166,1,833881
57507481,0.62,0.618332,1,833881
57508941,0.59,0.595666,1,833908
57510401,0.6,0.599133,1,833908
57511861,0.63,0.623827,1,833938
57513321,0.64,0.636765,1,833938
57514781,0.67,0.663353,1,833981
57516241,0.68,0.676671,1,833981
57517701,0.69,0.687334,1,834017
57519161,0.7,0.697467,1,834017
57520621,0.73,0.723493,1,834050
57522081,0.74,0.736699,1,834050
57523541,0.73,0.73134,1,834078
57525001,0.74,0.738268,1,834078
57526461,0.77,0.763654,2,834110
57527921,0.78,0.776731,2,834110
57529381,0.77,0.771346,2,834132
57530841,0.78,0.778269,2,834132
57532301,0.83,0.819654,2,834163
57533761,0.84,0.835931,2,834163
57535221,0.83,0.831186,2,834195
57536681,0.84,0.838237,2,834195
57538141,0.87,0.863647,2,834225
57539601,0.88,0.876729,2,834225
57541061,0.89,0.887346,2,834261
57542521,0.9,0.897469,2,834261
57543981,0.93,0.923494,2,834291
57545441,0.94,0.936699,2,834291
57546901,0.93,0.93134,2,834323
57548361,0.94,0.938268,2,834323
57549821,0.93,0.931654,2,834331
57551281,0.94,0.938331,2,834331
57552741,0.93,0.931666,2,834333
57554201,0.94,0.938333,2,834333
57555661,0.93,0.931667,2,834359
57557121,0.94,0.938333,2,834359
57558581,0.94,0.939667,2,834359
57560041,0.95,0.947933,2,834391
57580481,0.94,0.94,2,834626
57581941,0.95,0.948,2,834626
57770281,0.94,0.94,2,836765
57771741,0.89,0.9,2,836799
57773201,0.89,0.892,2,836824
57774661,0.85,0.8584,2,836866
57776121,0.85,0.85168,2,836883
57777581,0.83,0.834336,2,836899
57779041,0.81,0.814867,2,836914
57780501,0.87,0.858973,2,836923
57781961,0.79,0.803795,2,836971
57783421,0.8,0.800759,2,836971
57784881,0.71,0.728152,1,837046
57786341,0.72,0.72163,1,837046
57787801,0.75,0.744326,1,837106
57789261,0.76,0.756865,2,837106
57790721,0.69,0.703373,1,837199
57792181,0.7,0.700675,1,837199
57793641,0.67,0.676135,1,837264
57795101,0.68,0.679227,1,837264
57796561,0.61,0.623845,1,837329
57798021,0.62,0.620769,1,837329
57799481,0.61,0.612154,1,837361
57800941,0.62,0.618431,1,837361
57802401,0.61,0.611686,1,837387
57803861,0.62,0.618337,1,837387
57805321,0.59,0.595667,1,837432
57806781,0.6,0.599133,1,837432
57808241,0.63,0.623827,1,837503
57809701,0.64,0.636765,1,837503
57811161,0.65,0.647353,1,837565
57812621,0.66,0.657471,1,837565
57814081,0.73,0.715494,1,837655
57815541,0.74,0.735099,1,837655
57817001,0.69,0.69902,1,837719
57818461,0.7,0.699804,1,837719
57819921,0.75,0.739961,1,837781
57821381,0.76,0.755992,2,837781
57822841,0.77,0.767198,2,837813
57824301,0.78,0.77744,2,837813
57825761,0.81,0.803488,2,837839
57827221,0.82,0.816698,2,837839
57828681,0.82,0.819339,2,837839
57830141,0.87,0.859868,2,837883
57831601,0.88,0.875974,2,837883
57833061,0.91,0.903195,2,837956
57834521,0.92,0.916639,2,837956
57835981,0.91,0.911328,2,838019
57837441,0.92,0.918266,2,838019
57941101,0.91,0.91,2,840021
57942561,0.92,0.918,2,840021
57970301,0.95,0.95,2,840554
58066661,0.87,0.87,2,842183
58068121,0.88,0.878,2,842183
58069581,0.9,0.8956,2,842221
58071041,0.91,0.90712,2,842221
58072501,0.91,0.909424,2,842261
58073961,0.92,0.917885,2,842261
58075421,0.81,0.831577,2,842294
58076881,0.82,0.822315,2,842294
58078341,0.69,0.716463,1,842331
58079801,0.7,0.703293,1,842331
58081261,0.61,0.628659,1,842381
58082721,0.62,0.621732,1,842381
58084181,0.49,0.516346,1,842441
58085641,0.5,0.503269,1,842441
58087101,0.45,0.460654,1,842476
58088561,0.46,0.460131,1,842476
58090021,0.27,0.308026,1,842578
58091481,0.28,0.285605,1,842578
58092941,0.19,0.209121,1,842618
58094401,0.2,0.201824,1,842618
58095861,0.11,0.128365,1,842652
58097321,0.12,0.121673,1,842652
58098781,0.09,0.0963346,1,842688
58100241,0.1,0.0992669,1,842688
58101701,0.07,0.0758534,1,842727
58103161,0.08,0.0791707,1,842727
58104621,0.11,0.103834,1,842755
58106081,0.12,0.116767,1,842755
58107541,0.05,0.0633534,1,842786
58109001,0.06,0.0606707,1,842786
58110461,0.07,0.0681341,1,842832
58111921,0.08,0.0776268,1,842832
58113381,0.07,0.0715254,1,842886
58114841,0.08,0.0783051,1,842886
58116301,0.15,0.135661,1,842919
58117761,0.16,0.155132,1,842919
58119221,0.23,0.215026,1,843012
58120681,0.24,0.235005,1,843012
58122141,0.24,0.239001,1,843012
58123601,0.17,0.1838,1,843048
58125061,0.18,0.18076,1,843048
58126521,0.23,0.220152,1,843078
58127981,0.24,0.23603,1,843078
58129441,0.23,0.231206,1,843113
58130901,0.24,0.238241,1,843113
58132361,0.25,0.247648,1,843151
58133821,0.26,0.25753,1,843151
58135281,0.29,0.283506,1,843181
58136741,0.3,0.296701,1,843181
58138201,0.31,0.30734,1,843209
58139661,0.32,0.317468,1,843209
58141121,0.35,0.343494,1,843256
58142581,0.36,0.356699,1,843256
58144041,0.33,0.33534,1,843310
58145501,0.34,0.339068,1,843310
58146961,0.33,0.331814,1,843347
58148421,0.34,0.338363,1,843347
58149881,0.33,0.331673,1,843444
58151341,0.34,0.338335,1,843444
58152801,0.33,0.331667,1,843446
58154261,0.34,0.338333,1,843446
58155721,0.33,0.331667,1,843478
58157181,0.34,0.338333,1,843478
58158641,0.35,0.347667,1,843511
58160101,0.36,0.357533,1,843511
58161561,0.39,0.383507,1,843546
58163021,0.4,0.396701,1,843546
58164481,0.41,0.40734,1,843585
58165941,0.42,0.417468,1,843585
58167401,0.47,0.459494,1,843617
58168861,0.48,0.475899,1,843617
58170321,0.45,0.45518,1,843646
58171781,0.46,0.459036,1,843646
58173241,0.49,0.483807,1,843695
58174701,0.5,0.496761,1,843695
58176161,0.51,0.507352,1,843748
58177621,0.52,0.51747,1,843748
58179081,0.51,0.511494,1,843785
58180541,0.52,0.518299,1,843785
58182001,0.57,0.55966,1,843882
58183461,0.58,0.575932,1,843882
58184921,0.57,0.571186,1,843884
58186381,0.58,0.578237,1,843884
58187841,0.59,0.587647,1,843916
58189301,0.6,0.597529,1,843916
58190761,0.6,0.599506,1,843916
58192221,0.61,0.607901,1,843950
58193681,0.62,0.61758,1,843950
58195141,0.67,0.659516,1,843987
58196601,0.68,0.675903,1,843987
58198061,0.67,0.671181,1,844027
58199521,0.68,0.678236,1,844027
58200981,0.61,0.623647,1,844062
58202441,0.62,0.620729,1,844062
58203901,0.61,0.612146,1,844090
58205361,0.62,0.618429,1,844090
58206821,0.65,0.643686,1,844141
58208281,0.66,0.656737,1,844141
58209741,0.69,0.683347,1,844195
58211201,0.7,0.696669,1,844195
58212661,0.69,0.691334,1,844232
58214121,0.7,0.698267,1,844232
58215581,0.73,0.723653,1,844332
58217041,0.74,0.736731,1,844332
58218501,0.73,0.731346,1,844334
58219961,0.74,0.738269,1,844334
58221421,0.77,0.763654,2,844367
58222881,0.78,0.776731,2,844367
58224341,0.77,0.771346,2,844401
58225801,0.78,0.778269,2,844401
58227261,0.75,0.755654,2,844441
58228721,0.76,0.759131,2,844441
58230181,0.77,0.767826,2,844481
58231641,0.78,0.777565,2,844481
58233101,0.77,0.771513,2,844513
58234561,0.78,0.778303,2,844513
58236021,0.81,0.803661,2,844541
58237481,0.82,0.816732,2,844541
58238941,0.79,0.795346,2,844594
58240401,0.8,0.799069,2,844594
58241861,0.81,0.807814,2,844650
58243321,0.82,0.817563,2,844650
58244781,0.81,0.811513,2,844687
58246241,0.82,0.818302,2,844687
58247701,0.87,0.85966,2,844789
58249161,0.88,0.875932,2,844789
58250621,0.87,0.871186,2,844791
58252081,0.88,0.878237,2,844791
58253541,0.91,0.903647,2,844826
58255001,0.92,0.916729,2,844826
58256461,0.91,0.911346,2,844860
58257921,0.92,0.918269,2,844860
58259381,0.92,0.919654,2,844860
58402461,0.83,0.83,2,846856
58403921,0.84,0.838,2,846856
58405381,0.86,0.8556,2,846891
58406841,0.87,0.86712,2,846891
58408301,0.82,0.829424,2,846929
58409761,0.83,0.829885,2,846929
58411221,0.83,0.829977,2,846929
58412681,0.79,0.797995,2,846952
58414141,0.8,0.799599,2,846952
58415601,0.75,0.75992,2,846988
58417061,0.76,0.759984,2,846988
58418521,0.63,0.655997,1,847025
58419981,0.64,0.643199,1,847025
58421441,0.61,0.61664,1,847059
58422901,0.62,0.619328,1,847059
58424361,0.55,0.563866,1,847140
58425821,0.56,0.560773,1,847140
58427281,0.47,0.488155,1,847215
58428741,0.48,0.481631,1,847215
58430201,0.49,0.488326,1,847246
58431661,0.5,0.497665,1,847246
58433121,0.43,0.443533,1,847275
58434581,0.44,0.440707,1,847275
58436041,0.51,0.496141,1,847304
58437501,0.52,0.515228,1,847304
58438961,0.47,0.479046,1,847323
58440421,0.48,0.479809,1,847323
58441881,0.47,0.471962,1,847355
58443341,0.48,0.478392,1,847355
58444801,0.49,0.487678,1,847391
58446261,0.5,0.497536,1,847391
58447721,0.49,0.491507,1,847393
58449181,0.5,0.498301,1,847393
58450641,0.49,0.49166,1,847413
58452101,0.5,0.498332,1,847413
58453561,0.47,0.475666,1,847447
58455021,0.48,0.479133,1,847447
58456481,0.53,0.519827,1,847478
58457941,0.54,0.535965,1,847478
58459401,0.47,0.483193,1,847511
58460861,0.48,0.480639,1,847511
58462321,0.55,0.536128,1,847589
58463781,0.56,0.555226,1,847589
58465241,0.61,0.599045,1,847660
58466701,0.62,0.615809,1,847660
58468161,0.61,0.611162,1,847692
58469621,0.62,0.618232,1,847692
58471081,0.61,0.611646,1,847718
58472541,0.62,0.618329,1,847718
58474001,0.63,0.627666,1,847751
58475461,0.64,0.637533,1,847751
58476921,0.67,0.663507,1,847768
58478381,0.68,0.676701,1,847768
58479841,0.59,0.60734,1,847800
58481301,0.6,0.601468,1,847800
58482761,0.67,0.656294,1,847837
58484221,0.68,0.675259,1,847837
58485681,0.67,0.671052,1,847839
58487141,0.68,0.67821,1,847839
58488601,0.63,0.639642,1,847859
58490061,0.64,0.639928,1,847859
58491521,0.64,0.639986,1,847859
58492981,0.73,0.711997,1,847892
58494441,0.74,0.734399,1,847892
58495901,0.71,0.71488,1,847926
58497361,0.72,0.718976,1,847926
58498821,0.75,0.743795,1,847956
58500281,0.76,0.756759,2,847956
58501741,0.71,0.719352,1,848038
58503201,0.72,0.71987,1,848038
58504661,0.75,0.743974,1,848112
58506121,0.76,0.756795,2,848112
58507581,0.77,0.767359,2,848144
58509041,0.78,0.777472,2,848144
58510501,0.77,0.771494,2,848170
58511961,0.78,0.778299,2,848170
58513421,0.79,0.78766,2,848204
58514881,0.8,0.797532,2,848204
58516341,0.81,0.807506,2,848223
58517801,0.82,0.817501,2,848223
58519261,0.81,0.8115,2,848251
58520721,0.82,0.8183,2,848251
58522181,0.81,0.81166,2,848292
58523641,0.82,0.818332,2,848292
58525101,0.81,0.811666,2,848294
58526561,0.82,0.818333,2,848294
58528021,0.81,0.811667,2,848312
58529481,0.82,0.818333,2,848312
58530941,0.83,0.827667,2,848349
58532401,0.84,0.837533,2,848349
58533861,0.83,0.831507,2,848382
58535321,0.84,0.838301,2,848382
58536781,0.85,0.84766,2,848414
58538241,0.86,0.857532,2,848414
58539701,0.85,0.851506,2,848494
58541161,0.86,0.858301,2,848494
58542621,0.87,0.86766,2,848570
58544081,0.88,0.877532,2,848570
58545541,0.87,0.871506,2,848603
58547001,0.88,0.878301,2,848603
58548461,0.91,0.90366,2,848629
58549921,0.92,0.916732,2,848629
58551381,0.89,0.895346,2,848664
58552841,0.9,0.899069,2,848664
58554301,0.89,0.891814,2,848684
58555761,0.9,0.898363,2,848684
58557221,0.91,0.907673,2,848712
58558681,0.92,0.917534,2,848712
58560141,0.93,0.927507,2,848753
58561601,0.94,0.937501,2,848753
58563061,0.93,0.9315,2,848755
58564521,0.94,0.9383,2,848755
58565981,0.93,0.93166,2,848773
58567441,0.94,0.938332,2,848773
58568901,0.95,0.947666,2,848811
58637521,0.95,0.95,2,849663
58685701,0.94,0.94,2,850729
58687161,0.95,0.948,2,850729
58691541,0.89,0.89,2,850828
58693001,0.9,0.898,2,850828
58697381,0.93,0.93,2,851076
58698841,0.94,0.938,2,851076
58700301,0.95,0.9476,2,851124
58893021,0.71,0.71,1,855403
58894481,0.72,0.718,1,855403
58895941,0.65,0.6636,1,855439
58897401,0.66,0.66072,1,855439
58898861,0.53,0.556144,1,855492
58900321,0.54,0.543229,1,855492
58901781,0.39,0.420646,1,855522
58903241,0.4,0.404129,1,855522
58904701,0.37,0.376826,1,855560
58906161,0.38,0.379365,1,855560
58907621,0.38,0.379873,1,855560
58909081,0.25,0.275975,1,855636
58910541,0.26,0.263195,1,855636
58912001,0.17,0.188639,1,855763
58913461,0.18,0.181728,1,855763
58914921,0.07,0.0923456,1,855794
58916381,0.08,0.0824691,1,855794
58917841,0.19,0.168494,1,855859
58919301,0.2,0.193699,1,855859
58920761,0.17,0.17474,1,855892
58922221,0.18,0.178948,1,855892
58923681,0.17,0.17179,1,855939
58925141,0.18,0.178358,1,855939
58926601,0.21,0.203672,1,855962
58928061,0.22,0.216734,1,855962
58929521,0.15,0.163347,1,855999
58930981,0.16,0.160669,1,855999
58932441,0.15,0.152134,1,856001
58933901,0.16,0.158427,1,856001
58935361,0.21,0.199685,1,856070
58936821,0.22,0.215937,1,856070
58938281,0.25,0.243187,1,856193
58939741,0.26,0.256637,1,856193
58941201,0.21,0.219328,1,856219
58942661,0.22,0.219866,1,856219
58944121,0.25,0.243973,1,856290
58945581,0.26,0.256795,1,856290
58947041,0.25,0.251359,1,856322
58948501,0.26,0.258272,1,856322
58949961,0.29,0.283654,1,856369
58951421,0.3,0.296731,1,856369
58952881,0.27,0.275346,1,856394
58954341,0.28,0.279069,1,856394
58955801,0.27,0.271814,1,856428
58957261,0.28,0.278363,1,856428
58958721,0.27,0.271673,1,856430
58960181,0.28,0.278335,1,856430
58961641,0.27,0.271667,1,856502
58963101,0.28,0.278333,1,856502
58964561,0.28,0.279667,1,856502
58966021,0.35,0.335933,1,856627
58967481,0.36,0.355187,1,856627
58968941,0.37,0.367037,1,856651
58970401,0.38,0.377407,1,856651
58971861,0.39,0.387481,1,856724
58973321,0.4,0.397496,1,856724
58974781,0.41,0.407499,1,856756
58976241,0.42,0.4175,1,856756
58977701,0.45,0.4435,1,856805
58979161,0.46,0.4567,1,856805
58980621,0.45,0.45134,1,856829
58982081,0.46,0.458268,1,856829
58983541,0.45,0.451654,1,856863
58985001,0.46,0.458331,1,856863
58986461,0.45,0.451666,1,856865
58987921,0.46,0.458333,1,856865
58989381,0.53,0.515667,1,856937
58990841,0.54,0.535133,1,856937
58992301,0.65,0.627027,1,857065
58993761,0.66,0.653405,1,857065
58995221,0.69,0.682681,1,857090
58996681,0.7,0.696536,1,857090
58998141,0.71,0.707307,1,857164
58999601,0.72,0.717461,1,857164
59001061,0.75,0.743492,1,857197
59002521,0.76,0.756698,2,857197
59003981,0.73,0.73534,1,857248
59005441,0.74,0.739068,1,857248
59006901,0.75,0.747814,1,857272
59008361,0.76,0.757563,2,857272
59009821,0.75,0.751513,2,857306
59011281,0.76,0.758302,2,857306
59012741,0.75,0.75166,2,857308
59014201,0.76,0.758332,2,857308
59015661,0.77,0.767666,2,857384
59017121,0.78,0.777533,2,857384
59018581,0.89,0.867507,2,857518
59020041,0.9,0.893501,2,857518
59021501,0.9,0.8987,2,857518
59022961,0.89,0.89174,2,857545
59024421,0.9,0.898348,2,857545
59025881,0.93,0.92367,2,857620
59027341,0.94,0.936734,2,857620
59028801,0.95,0.947347,2,857655
59034641,0.95,0.95,2,857730
59154361,0.91,0.91,2,859629
59155821,0.92,0.918,2,859629
59157281,0.79,0.8156,2,859665
59158741,0.8,0.80312,2,859665
59160201,0.82,0.816624,2,859700
59161661,0.83,0.827325,2,859700
59163121,0.77,0.781465,2,859733
59164581,0.78,0.780293,2,859733
59166041,0.53,0.580059,1,859875
59167501,0.54,0.548012,1,859875
59168961,0.41,0.437602,1,859914
59170421,0.42,0.42352,1,859914
59171881,0.25,0.284704,1,859955
59173341,0.26,0.264941,1,859955
59174801,0.13,0.156988,1,859986
59176261,0.14,0.143398,1,859986
59177721,0.19,0.18068,1,860020
59179181,0.2,0.196136,1,860020
59180641,0.09,0.111227,1,860029
59182101,0.1,0.102245,1,860029
59183561,0,0.0204491,1,860084
59185021,0,0.00408982,1,860084
59186481,0,0.000817963,1,860099
59187941,0,0.000163593,1,860099
59189401,0.07,0.0560327,1,860132
59190861,0.08,0.0752065,1,860132
59192321,0.05,0.0550413,1,860163
59193781,0.06,0.0590083,1,860163
59195241,0.01,0.0198017,1,860193
59196701,0.02,0.0199603,1,860193
59198161,0.03,0.0279921,1,860323
59199621,0.04,0.0375984,1,860323
59201081,0.01,0.0155197,1,860356
59202541,0.02,0.0191039,1,860356
59204001,0.03,0.0278208,1,860389
59205461,0.04,0.0375642,1,860389
59206921,0.03,0.0315128,1,860414
59208381,0.04,0.0383026,1,860414
59209841,0.05,0.0476605,1,860451
59211301,0.06,0.0575321,1,860451
59212761,0.01,0.0195064,1,860455
59214221,0.02,0.0199013,1,860455
59215681,0.02,0.0199803,1,860455
59217141,0.01,0.0119961,1,860506
59218601,0.02,0.0183992,1,860506
59220061,0,0.00367984,1,860521
59221521,0,0.000735968,1,860521
59222981,0.07,0.0561472,1,860557
59224441,0.08,0.0752294,1,860557
59225901,0.03,0.0390459,1,860587
59227361,0.04,0.0398092,1,860587
59228821,0.01,0.0159618,1,860615
59230281,0.02,0.0191924,1,860615
59231741,0.07,0.0598385,1,860746
59233201,0.08,0.0759677,1,860746
59234661,0.11,0.103194,1,860778
59236121,0.12,0.116639,1,860778
59237581,0.13,0.127328,1,860812
59239041,0.14,0.137466,1,860812
59240501,0.15,0.147493,1,860837
59241961,0.16,0.157499,1,860837
59243421,0.11,0.1195,1,860875
59244881,0.12,0.1199,1,860875
59246341,0.11,0.11198,1,860877
59247801,0.12,0.118396,1,860877
59249261,0.05,0.0636792,1,860927
59250721,0.06,0.0607358,1,860927
59252181,0,0.0121472,1,860942
59253641,0,0.00242943,1,860942
59255101,0.09,0.0724859,1,860981
59256561,0.1,0.0944972,1,860981
59258021,0.13,0.122899,1,861009
59259481,0.14,0.13658,1,861009
59260941,0.09,0.099316,1,861036
59262401,0.1,0.0998632,1,861036
59263861,0.07,0.0759726,1,861170
59265321,0.08,0.0791945,1,861170
59266781,0.03,0.0398389,1,861204
59268241,0.04,0.0399678,1,861204
59269701,0.03,0.0319936,1,861239
59271161,0.04,0.0383987,1,861239
59272621,0.03,0.0316797,1,861265
59274081,0.04,0.0383359,1,861265
59275541,0.05,0.0476672,1,861301
59277001,0.06,0.0575334,1,861301
59278461,0.05,0.0515067,1,861303
59279921,0.06,0.0583013,1,861303
59281381,0.07,0.0676603,1,861350
59282841,0.08,0.0775321,1,861350
59284301,0.01,0.0235064,1,861363
59285761,0.02,0.0207013,1,861363
59287221,0.02,0.0201403,1,861363
59288681,0.05,0.0440281,1,861406
59290141,0.06,0.0568056,1,861406
59291601,0.11,0.0993611,1,861436
59293061,0.12,0.115872,1,861436
59294521,0.09,0.0951744,1,861461
59295981,0.1,0.0990349,1,861461
59297441,0.13,0.123807,1,861594
59298901,0.14,0.136761,1,861594
59300361,0.13,0.131352,1,861626
59301821,0.14,0.13827,1,861626
59303281,0.15,0.147654,1,861661
59304741,0.16,0.157531,1,861661
59306201,0.19,0.183506,1,861687
59307661,0.2,0.196701,1,861687
59309121,0.17,0.17534,1,861724
59310581,0.18,0.179068,1,861724
59312041,0.17,0.171814,1,861726
59313501,0.18,0.178363,1,861726
59314961,0.19,0.187673,1,861774
59316421,0.2,0.197535,1,861774
59317881,0.19,0.191507,1,861784
59319341,0.2,0.198301,1,861784
59320801,0.19,0.19166,1,861786
59322261,0.2,0.198332,1,861786
59323721,0.15,0.159666,1,861830
59325181,0.16,0.159933,1,861830
59326641,0.11,0.119987,1,861863
59328101,0.12,0.119997,1,861863
59329561,0.11,0.111999,1,861887
59331021,0.12,0.1184,1,861887
59332481,0.15,0.14368,1,862022
59333941,0.16,0.156736,1,862022
59335401,0.15,0.151347,1,862054
59336861,0.16,0.158269,1,862054
59338321,0.19,0.183654,1,862090
59339781,0.2,0.196731,1,862090
59341241,0.25,0.239346,1,862118
59342701,0.26,0.255869,1,862118
59344161,0.27,0.267174,1,862154
59345621,0.28,0.277435,1,862154
59347081,0.27,0.271487,1,862156
59348541,0.28,0.278297,1,862156
59350001,0.27,0.271659,1,862205
59351461,0.28,0.278332,1,862205
59352921,0.27,0.271666,1,862215
59354381,0.28,0.278333,1,862215
59355841,0.27,0.271667,1,862217
59357301,0.28,0.278333,1,862217
59358761,0.27,0.271667,1,862259
59360221,0.28,0.278333,1,862259
59361681,0.28,0.279667,1,862259
59363141,0.27,0.271933,1,862290
59364601,0.28,0.278387,1,862290
59366061,0.27,0.271677,1,862314
59367521,0.28,0.278335,1,862314
59368981,0.37,0.351667,1,862451
59370441,0.38,0.374333,1,862451
59371901,0.41,0.402867,1,862483
59373361,0.42,0.416573,1,862483
59374821,0.43,0.427315,1,862521
59376281,0.44,0.437463,1,862521
59377741,0.47,0.463493,1,862552
59379201,0.48,0.476699,1,862552
59380661,0.53,0.51934,1,862589
59382121,0.54,0.535868,1,862589
59383581,0.53,0.531174,1,862591
59385041,0.54,0.538235,1,862591
59386501,0.55,0.547647,1,862640
59387961,0.56,0.557529,1,862640
59389421,0.55,0.551506,1,862650
59390881,0.56,0.558301,1,862650
59392341,0.55,0.55166,1,862652
59393801,0.56,0.558332,1,862652
59395261,0.55,0.551666,1,862694
59396721,0.56,0.558333,1,862694
59398181,0.59,0.583667,1,862724
59399641,0.6,0.596733,1,862724
59401101,0.59,0.591347,1,862748
59402561,0.6,0.598269,1,862748
59404021,0.69,0.671654,1,862890
59405481,0.7,0.694331,1,862890
59406941,0.75,0.738866,1,862924
59408401,0.76,0.755773,2,862924
59409861,0.73,0.735155,1,862963
59411321,0.74,0.739031,1,862963
59412781,0.73,0.731806,1,862996
59414241,0.74,0.738361,1,862996
59415701,0.71,0.715672,1,863036
59417161,0.72,0.719134,1,863036
59418621,0.71,0.711827,1,863038
59420081,0.72,0.718365,1,863038
59421541,0.71,0.711673,1,863088
59423001,0.72,0.718335,1,863088
59424461,0.71,0.711667,1,863098
59425921,0.72,0.718333,1,863098
59427381,0.71,0.711667,1,863100
59428841,0.72,0.718333,1,863100
59430301,0.73,0.727667,1,863142
59431761,0.74,0.737533,1,863142
59433221,0.73,0.731507,1,863174
59434681,0.74,0.738301,1,863174
59436141,0.74,0.73966,1,863174
59437601,0.75,0.747932,1,863198
59439061,0.76,0.757586,2,863198
59440521,0.79,0.783517,2,863345
59441981,0.8,0.796703,2,863345
59443441,0.81,0.807341,2,863382
59444901,0.82,0.817468,2,863382
59446361,0.83,0.827494,2,863420
59447821,0.84,0.837499,2,863420
59449281,0.83,0.8315,2,863453
59450741,0.84,0.8383,2,863453
59452201,0.83,0.83166,2,863492
59453661,0.84,0.838332,2,863492
59455121,0.83,0.831666,2,863494
59456581,0.84,0.838333,2,863494
59458041,0.87,0.863667,2,863544
59459501,0.88,0.876733,2,863544
59460961,0.87,0.871347,2,863554
59462421,0.88,0.878269,2,863554
59463881,0.87,0.871654,2,863556
59465341,0.88,0.878331,2,863556
59466801,0.87,0.871666,2,863599
59468261,0.88,0.878333,2,863599
59469721,0.91,0.903667,2,863631
59471181,0.92,0.916733,2,863631
59472641,0.91,0.911347,2,863633
59474101,0.92,0.918269,2,863633
59475561,0.91,0.911654,2,863657
59477021,0.92,0.918331,2,863657
59478481,0.91,0.911666,2,863806
59479941,0.92,0.918333,2,863806
59481401,0.93,0.927667,2,863844
59482861,0.94,0.937533,2,863844
59484321,0.91,0.915507,2,863883
59485781,0.92,0.919101,2,863883
59487241,0.93,0.92782,2,863916
59488701,0.94,0.937564,2,863916
59490161,0.95,0.947513,2,863955
59493081,0.95,0.95,2,863957
59604041,0.94,0.94,2,865330
59605501,0.95,0.948,2,865330
59618641,0.94,0.94,2,865482
59620101,0.95,0.948,2,865482
59621561,0.85,0.8696,2,865513
59623021,0.86,0.86192,2,865513
59624481,0.65,0.692384,1,865534
59625941,0.66,0.666477,1,865534
59627401,0.55,0.573295,1,865565
59628861,0.56,0.562659,1,865565
59630321,0.49,0.504532,1,865595
59631781,0.5,0.500906,1,865595
59633241,0.25,0.300181,1,865691
59634701,0.26,0.268036,1,865691
59636161,0.17,0.189607,1,865726
59637621,0.18,0.181921,1,865726
59639081,0.05,0.0763843,1,865753
59640541,0.06,0.0632769,1,865753
59642001,0.05,0.0526554,1,865776
59643461,0.06,0.0585311,1,865776
59644921,0,0.0117062,1,865805
59646381,0,0.00234124,1,865805
59647841,0.01,0.00846825,1,865835
59649301,0.02,0.0176936,1,865835
59650761,0.01,0.0115387,1,865869
59652221,0.02,0.0183077,1,865869
59653681,0.03,0.0276615,1,865903
59655141,0.04,0.0375323,1,865903
59656601,0.05,0.0475065,1,865927
59658061,0.06,0.0575013,1,865927
59659521,0.03,0.0355003,1,865951
59660981,0.04,0.0391001,1,865951
59662441,0.07,0.06382,1,865977
59663901,0.08,0.076764,1,865977
59665361,0.09,0.0873528,1,865988
59666821,0.1,0.0974706,1,865988
59668281,0.03,0.0434941,1,866014
59669741,0.04,0.0406988,1,866014
59671201,0.13,0.11214,1,866041
59672661,0.14,0.134428,1,866041
59674121,0.15,0.146886,1,866125
59675581,0.16,0.157377,1,866125
59677041,0.09,0.103475,1,866156
59678501,0.1,0.100695,1,866156
59679961,0.11,0.108139,1,866177
59681421,0.12,0.117628,1,866177
59682881,0.05,0.0635256,1,866200
59684341,0.06,0.0607051,1,866200
59685801,0.06,0.060141,1,866200
59687261,0.09,0.0840282,1,866227
59688721,0.1,0.0968056,1,866227
59690181,0.05,0.0593611,1,866257
59691641,0.06,0.0598722,1,866257
59693101,0.03,0.0359744,1,866291
59694561,0.04,0.0391949,1,866291
59696021,0.01,0.015839,1,866326
59697481,0.02,0.0191678,1,866326
59698941,0,0.00383356,1,866351
59700401,0,0.000766712,1,866351
59701861,0.05,0.0401533,1,866374
59703321,0.06,0.0560307,1,866374
59704781,0.03,0.0352061,1,866402
59706241,0.04,0.0390412,1,866402
59707701,0.03,0.0318082,1,866414
59709161,0.04,0.0383616,1,866414
59710621,0.07,0.0636723,1,866437
59712081,0.08,0.0767345,1,866437
59713541,0.09,0.0873469,1,866469
59715001,0.1,0.0974694,1,866469
59716461,0.15,0.139494,1,866554
59717921,0.16,0.155899,1,866554
59719381,0.15,0.15118,1,866582
59720841,0.16,0.158236,1,866582
59722301,0.15,0.151647,1,866604
59723761,0.16,0.158329,1,866604
59725221,0.19,0.183666,1,866624
59726681,0.2,0.196733,1,866624
59728141,0.21,0.207347,1,866652
59729601,0.22,0.217469,1,866652
59731061,0.17,0.179494,1,866680
59732521,0.18,0.179899,1,866680
59733981,0.17,0.17198,1,866713
59735441,0.18,0.178396,1,866713
59736901,0.21,0.203679,1,866747
59738361,0.22,0.216736,1,866747
59739821,0.23,0.227347,1,866772
59741281,0.24,0.237469,1,866772
59742741,0.27,0.263494,1,866797
59744201,0.28,0.276699,1,866797
59745661,0.29,0.28734,1,866824
59747121,0.3,0.297468,1,866824
59748581,0.29,0.291494,1,866836
59750041,0.3,0.298299,1,866836
59751501,0.27,0.27566,1,866861
59752961,0.28,0.279132,1,866861
59754421,0.29,0.287826,1,866894
59755881,0.3,0.297565,1,866894
59757341,0.27,0.275513,1,866982
59758801,0.28,0.279103,1,866982
59760261,0.27,0.271821,1,867010
59761721,0.28,0.278364,1,867010
59763181,0.27,0.271673,1,867032
59764641,0.28,0.278335,1,867032
59766101,0.27,0.271667,1,867054
59767561,0.28,0.278333,1,867054
59769021,0.25,0.255667,1,867083
59770481,0.26,0.259133,1,867083
59771941,0.26,0.259827,1,867083
59773401,0.27,0.267965,1,867109
59774861,0.28,0.277593,1,867109
59776321,0.29,0.287519,1,867142
59777781,0.3,0.297504,1,867142
59779241,0.29,0.291501,1,867178
59780701,0.3,0.2983,1,867178
59782161,0.29,0.29166,1,867204
59783621,0.3,0.298332,1,867204
59785081,0.31,0.307666,1,867231
59786541,0.32,0.317533,1,867231
59788001,0.33,0.327507,1,867259
59789461,0.34,0.337501,1,867259
59790921,0.33,0.3315,1,867271
59792381,0.34,0.3383,1,867271
59793841,0.33,0.33166,1,867295
59795301,0.34,0.338332,1,867295
59796761,0.37,0.363666,1,867329
59798221,0.38,0.376733,1,867329
59799681,0.41,0.403347,1,867416
59801141,0.42,0.416669,1,867416
59802601,0.43,0.427334,1,867444
59804061,0.44,0.437467,1,867444
59805521,0.43,0.431493,1,867466
59806981,0.44,0.438299,1,867466
59808441,0.43,0.43166,1,867488
59809901,0.44,0.438332,1,867488
59811361,0.45,0.447666,1,867516
59812821,0.46,0.457533,1,867516
59814281,0.45,0.451507,1,867518
59815741,0.46,0.458301,1,867518
59817201,0.47,0.46766,1,867544
59818661,0.48,0.477532,1,867544
59820121,0.47,0.471506,1,867578
59821581,0.48,0.478301,1,867578
59823041,0.47,0.47166,1,867614
59824501,0.48,0.478332,1,867614
59825961,0.43,0.439666,1,867640
59827421,0.44,0.439933,1,867640
59828881,0.43,0.431987,1,867668
59830341,0.44,0.438397,1,867668
59831801,0.47,0.463679,1,867697
59833261,0.48,0.476736,1,867697
59834721,0.49,0.487347,1,867709
59836181,0.5,0.497469,1,867709
59837641,0.51,0.507494,1,867733
59839101,0.52,0.517499,1,867733
59840561,0.53,0.5275,1,867769
59842021,0.54,0.5375,1,867769
59843481,0.57,0.5635,1,867858
59844941,0.58,0.5767,1,867858
59846401,0.59,0.58734,1,867887
59847861,0.6,0.597468,1,867887
59849321,0.61,0.607494,1,867909
59850781,0.62,0.617499,1,867909
59852241,0.61,0.6115,1,867931
59853701,0.62,0.6183,1,867931
59855161,0.59,0.59566,1,867960
59856621,0.6,0.599132,1,867960
59858081,0.59,0.591826,1,867962
59859541,0.6,0.598365,1,867962
59861001,0.61,0.607673,1,867989
59862461,0.62,0.617535,1,867989
59863921,0.62,0.619507,1,867989
59865381,0.63,0.627901,1,868023
59866841,0.64,0.63758,1,868023
59868301,0.63,0.631516,1,868059
59869761,0.64,0.638303,1,868059
59871221,0.63,0.631661,1,868083
59872681,0.64,0.638332,1,868083
59874141,0.63,0.631666,1,868111
59875601,0.64,0.638333,1,868111
59877061,0.63,0.631667,1,868142
59878521,0.64,0.638333,1,868142
59879981,0.65,0.647667,1,868155
59881441,0.66,0.657533,1,868155
59882901,0.67,0.667507,1,868180
59884361,0.68,0.677501,1,868180
59885821,0.69,0.6875,1,868217
59887281,0.7,0.6975,1,868217
59888741,0.81,0.7875,2,868308
59890201,0.82,0.8135,2,868308
59891661,0.83,0.8267,2,868338
59893121,0.84,0.83734,2,868338
59894581,0.85,0.847468,2,868361
59896041,0.86,0.857494,2,868361
59897501,0.87,0.867499,2,868383
59898961,0.88,0.8775,2,868383
59900421,0.87,0.8715,2,868411
59901881,0.88,0.8783,2,868411
59903341,0.87,0.87166,2,868413
59904801,0.88,0.878332,2,868413
59906261,0.91,0.903666,2,868441
59907721,0.92,0.916733,2,868441
59909181,0.93,0.927347,2,868475
59910641,0.94,0.937469,2,868475
59912101,0.93,0.931494,2,868511
59913561,0.94,0.938299,2,868511
59915021,0.93,0.93166,2,868535
59916481,0.94,0.938332,2,868535
59917941,0.93,0.931666,2,868563
59919401,0.94,0.938333,2,868563
60123801,0.86,0.86,2,870894
60125261,0.87,0.868,2,870933
60126721,0.77,0.7896,2,870966
60128181,0.65,0.67792,1,870996
60129641,0.53,0.559584,1,871017
60131101,0.23,0.295917,1,871069
60132561,0.15,0.179183,1,871088
60134021,0.13,0.139837,1,871105
60135481,0.15,0.147967,1,871117
60136941,0.11,0.117593,1,871128
60138401,0.05,0.0635187,1,871222
60139861,0.06,0.0607037,1,871222
60141321,0.05,0.0521407,1,871294
60142781,0.06,0.0584282,1,871294
60144241,0.03,0.0356856,1,871362
60145701,0.04,0.0391371,1,871362
60147161,0.05,0.0478274,1,871425
60148621,0.06,0.0575655,1,871425
60150081,0.03,0.0355131,1,871464
60151541,0.04,0.0391026,1,871464
60153001,0.03,0.0318205,1,871516
60154461,0.04,0.0383641,1,871516
60155921,0.05,0.0476728,1,871545
60157381,0.06,0.0575346,1,871545
60158841,0.06,0.0595069,1,871545
60160301,0.03,0.0359014,1,871645
60161761,0.04,0.0391803,1,871645
60163221,0.03,0.0318361,1,871717
60164681,0.04,0.0383672,1,871717
60166141,0.03,0.0316734,1,871784
60167601,0.04,0.0383347,1,871784
60169061,0.07,0.0636669,1,871848
60170521,0.08,0.0767334,1,871848
60171981,0.09,0.0873467,1,871886
60173441,0.1,0.0974693,1,871886
60174901,0.09,0.0914939,1,871938
60176361,0.1,0.0982988,1,871938
60177821,0.11,0.10766,1,871968
60179281,0.12,0.117532,1,871968
60180741,0.11,0.111506,1,871970
60182201,0.12,0.118301,1,871970
60183661,0.13,0.12766,1,872068
60185121,0.14,0.137532,1,872068
60186581,0.13,0.131506,1,872140
60188041,0.14,0.138301,1,872140
60189501,0.17,0.16366,1,872207
60190961,0.18,0.176732,1,872207
60192421,0.21,0.203346,1,872273
60193881,0.22,0.216669,1,872273
60195341,0.23,0.227334,1,872312
60196801,0.24,0.237467,1,872312
60198261,0.23,0.231493,1,872364
60199721,0.24,0.238299,1,872364
60201181,0.25,0.24766,1,872395
60202641,0.26,0.257532,1,872395
60204101,0.25,0.251506,1,872397
60205561,0.26,0.258301,1,872397
60207021,0.27,0.26766,1,872496
60208481,0.28,0.277532,1,872496
60209941,0.28,0.279506,1,872496
60211401,0.39,0.367901,1,872568
60212861,0.4,0.39358,1,872568
60214321,0.41,0.406716,1,872637
60215781,0.42,0.417343,1,872637
60217241,0.41,0.411469,1,872705
60218701,0.42,0.418294,1,872705
60220161,0.41,0.411659,1,872745
60221621,0.42,0.418332,1,872745
60223081,0.45,0.443666,1,872797
60224541,0.46,0.456733,1,872797
60226001,0.45,0.451347,1,872829
60227461,0.46,0.458269,1,872829
60228921,0.45,0.451654,1,872831
60230381,0.46,0.458331,1,872831
60231841,0.47,0.467666,1,872931
60233301,0.48,0.477533,1,872931
60234761,0.45,0.455507,1,873008
60236221,0.46,0.459101,1,873008
60237681,0.53,0.51582,1,873078
60239141,0.54,0.535164,1,873078
60240601,0.61,0.595033,1,873146
60242061,0.62,0.615007,1,873146
60243521,0.63,0.627001,1,873186
60244981,0.64,0.6374,1,873186
60246441,0.65,0.64748,1,873240
60247901,0.66,0.657496,1,873240
60249361,0.67,0.667499,1,873272
60250821,0.68,0.6775,1,873272
60252281,0.67,0.6715,1,873274
60253741,0.68,0.6783,1,873274
60255201,0.65,0.65566,1,873375
60256661,0.66,0.659132,1,873375
60258121,0.63,0.635826,1,873451
60259581,0.64,0.639165,1,873451
60261041,0.65,0.647833,1,873525
60262501,0.66,0.657567,1,873525
60263961,0.66,0.659513,1,873525
60265421,0.69,0.683903,1,873597
60266881,0.7,0.696781,1,873597
60268341,0.67,0.675356,1,873638
60269801,0.68,0.679071,1,873638
60271261,0.69,0.687814,1,873693
60272721,0.7,0.697563,1,873693
60274181,0.71,0.707513,1,873726
60275641,0.72,0.717503,1,873726
60277101,0.71,0.7115,1,873728
60278561,0.72,0.7183,1,873728
60280021,0.77,0.75966,2,873828
60281481,0.78,0.775932,2,873828
60282941,0.79,0.787186,2,873903
60284401,0.8,0.797437,2,873903
60285861,0.85,0.839487,2,873978
60287321,0.86,0.855898,2,873978
60288781,0.85,0.851179,2,873980
60290241,0.86,0.858236,2,873980
60291701,0.89,0.883647,2,874053
60293161,0.9,0.896729,2,874053
60294621,0.93,0.923346,2,874093
60296081,0.94,0.936669,2,874093
60414341,0.94,0.94,2,876146
60415801,0.95,0.948,2,876146
60417261,0.81,0.8376,2,876195
60418721,0.82,0.82352,2,876195
60420181,0.69,0.716704,1,876306
60421641,0.7,0.703341,1,876306
60423101,0.59,0.612668,1,876341
60424561,0.6,0.602534,1,876341
60426021,0.45,0.480507,1,876401
60427481,0.46,0.464101,1,876401
60428941,0.47,0.46882,1,876442
60430401,0.48,0.477764,1,876442
60431861,0.45,0.455553,1,876471
60433321,0.46,0.459111,1,876471
60434781,0.43,0.435822,1,876504
60436241,0.44,0.439164,1,876504
60437701,0.44,0.439833,1,876504
60439161,0.55,0.527967,1,876553
60440621,0.56,0.553593,1,876553
60442081,0.55,0.550719,1,876585
60443541,0.56,0.558144,1,876585
60445001,0.61,0.599629,1,876615
60446461,0.62,0.615926,1,876615
60447921,0.57,0.579185,1,876657
60449381,0.58,0.579837,1,876657
60450841,0.59,0.587967,1,876762
60452301,0.6,0.597593,1,876762
60453761,0.59,0.591519,1,876792
60455221,0.6,0.598304,1,876792
60456681,0.61,0.607661,1,876845
60458141,0.62,0.617532,1,876845
60459601,0.63,0.627506,1,876887
60461061,0.64,0.637501,1,876887
60462521,0.65,0.6475,1,876915
60463981,0.66,0.6575,1,876915
60465441,0.67,0.6675,1,876947
60466901,0.68,0.6775,1,876947
60468361,0.69,0.6875,1,877001
60469821,0.7,0.6975,1,877001
60471281,0.71,0.7075,1,877033
60472741,0.72,0.7175,1,877033
60474201,0.69,0.6955,1,877066
60475661,0.7,0.6991,1,877066
60477121,0.73,0.72382,1,877106
60478581,0.74,0.736764,1,877106
60480041,0.79,0.779353,2,877212
60481501,0.8,0.795871,2,877212
60482961,0.81,0.807174,2,877242
60484421,0.82,0.817435,2,877242
60485881,0.81,0.811487,2,877296
60487341,0.82,0.818297,2,877296
60488801,0.85,0.843659,2,877339
60490261,0.86,0.856732,2,877339
60491721,0.87,0.867346,2,877368
60493181,0.88,0.877469,2,877368
60494641,0.85,0.855494,2,877401
60496101,0.86,0.859099,2,877401
60497561,0.85,0.85182,2,877456
60499021,0.86,0.858364,2,877456
60500481,0.83,0.835673,2,877489
60501941,0.84,0.839135,2,877489
60503401,0.84,0.839827,2,877489
60504861,0.89,0.879965,2,877521
60506321,0.9,0.895993,2,877521
60507781,0.91,0.907199,2,877563
60509241,0.92,0.91744,2,877563
60510701,0.91,0.911488,2,877672
60512161,0.92,0.918298,2,877672
60513621,0.95,0.94366,2,877703
60665461,0.89,0.89,2,879899
60666921,0.9,0.898,2,879899
60668381,0.87,0.8756,2,879943
60669841,0.88,0.87912,2,879943
60671301,0.83,0.839824,2,879977
60672761,0.84,0.839965,2,879977
60674221,0.73,0.751993,2,880013
60675681,0.74,0.742399,1,880013
60677141,0.61,0.63648,1,880042
60678601,0.62,0.623296,1,880042
60680061,0.51,0.532659,1,880097
60681521,0.52,0.522532,1,880097
60682981,0.35,0.384506,1,880134
60684441,0.36,0.364901,1,880134
60685901,0.17,0.20898,1,880208
60687361,0.18,0.185796,1,880208
60688821,0.03,0.0611592,1,880238
60690281,0.04,0.0442318,1,880238
60691741,0.03,0.0328464,1,880272
60693201,0.04,0.0385693,1,880272
60694661,0,0.00771385,1,880307
60696121,0,0.00154277,1,880307
60697581,0,0.000308554,1,880333
60699041,0,6.17108e-05,1,880333
60700501,0,1.23422e-05,1,880365
60701961,0,2.46843e-06,1,880365
60703421,0,4.93686e-07,1,880408
60704881,0,9.87373e-08,1,880408
60706341,0.03,0.024,1,880440
60707801,0.04,0.0368,1,880440
60709261,0.03,0.03136,1,880471
60710721,0.04,0.038272,1,880471
60712181,0.01,0.0156544,1,880494
60713641,0.02,0.0191309,1,880494
60715101,0.02,0.0198262,1,880494
60716561,0.03,0.0279652,1,880544
60718021,0.04,0.037593,1,880544
60719481,0.05,0.0475186,1,880573
60720941,0.06,0.0575037,1,880573
60722401,0.11,0.0995007,1,880638
60723861,0.12,0.1159,1,880638
60725321,0.05,0.06318,1,880661
60726781,0.06,0.060636,1,880661
60728241,0.13,0.116127,1,880695
60729701,0.14,0.135225,1,880695
60731161,0.07,0.0830451,1,880729
60732621,0.08,0.080609,1,880729
60734081,0.07,0.0721218,1,880755
60735541,0.08,0.0784244,1,880755
60737001,0,0.0156849,1,880787
60738461,0,0.00313697,1,880787
60739921,0,0.000627395,1,880830
60741381,0,0.000125479,1,880830
60742841,0.01,0.0080251,1,880863
60744301,0.02,0.017605,1,880863
60745761,0.03,0.027521,1,880894
60747221,0.04,0.0375042,1,880894
60748681,0.07,0.0635008,1,880916
60750141,0.08,0.0767002,1,880916
60751601,0.05,0.05534,1,880966
60753061,0.06,0.059068,1,880966
60754521,0.07,0.0678136,1,880996
60755981,0.08,0.0775627,1,880996
60757441,0.15,0.135513,1,881064
60758901,0.16,0.155103,1,881064
60760361,0.17,0.167021,1,881084
60761821,0.18,0.177404,1,881084
60763281,0.17,0.171481,1,881122
60764741,0.18,0.178296,1,881122
60766201,0.17,0.171659,1,881153
60767661,0.18,0.178332,1,881153
60769121,0.17,0.171666,1,881179
60770581,0.18,0.178333,1,881179
60772041,0.13,0.139667,1,881208
60773501,0.14,0.139933,1,881208
60774961,0.01,0.0359867,1,881251
60776421,0.02,0.0231973,1,881251
60777881,0.03,0.0286395,1,881284
60779341,0.04,0.0377279,1,881284
60780801,0.05,0.0475456,1,881316
60782261,0.06,0.0575091,1,881316
60783721,0.11,0.0995018,1,881340
60785181,0.12,0.1159,1,881340
60786641,0.13,0.12718,1,881389
60788101,0.14,0.137436,1,881389
60789561,0.11,0.115487,1,881420
60791021,0.12,0.119097,1,881420
60792481,0.12,0.119819,1,881420
60793941,0.15,0.143964,1,881492
60795401,0.16,0.156793,1,881492
60796861,0.17,0.167359,1,881513
60798321,0.18,0.177472,1,881513
60799781,0.19,0.187494,1,881551
60801241,0.2,0.197499,1,881551
60802701,0.19,0.1915,1,881582
60804161,0.2,0.1983,1,881582
60805621,0.19,0.19166,1,881608
60807081,0.2,0.198332,1,881608
60808541,0.23,0.223666,1,881635
60810001,0.24,0.236733,1,881635
60811461,0.21,0.215347,1,881672
60812921,0.22,0.219069,1,881672
60814381,0.13,0.147814,1,881706
60815841,0.14,0.141563,1,881706
60817301,0.09,0.100313,1,881739
60818761,0.1,0.100063,1,881739
60820221,0.13,0.124013,1,881766
60821681,0.14,0.136802,1,881766
60823141,0.13,0.131361,1,881816
60824601,0.14,0.138272,1,881816
60826061,0.17,0.163654,1,881846
60827521,0.18,0.176731,1,881846
60828981,0.17,0.171346,1,881848
60830441,0.18,0.178269,1,881848
60831901,0.17,0.171654,1,881921
60833361,0.18,0.178331,1,881921
60834821,0.17,0.171666,1,881943
60836281,0.18,0.178333,1,881943
60837741,0.23,0.219667,1,881982
60839201,0.24,0.235933,1,881982
60840661,0.27,0.263187,1,882013
60842121,0.28,0.276637,1,882013
60843581,0.27,0.271327,1,882039
60845041,0.28,0.278265,1,882039
60846501,0.27,0.271653,1,882068
60847961,0.28,0.278331,1,882068
60849421,0.29,0.287666,1,882104
60850881,0.3,0.297533,1,882104
60852341,0.29,0.291507,1,882134
60853801,0.3,0.298301,1,882134
60855261,0.31,0.30766,1,882165
60856721,0.32,0.317532,1,882165
60858181,0.29,0.295506,1,882194
60859641,0.3,0.299101,1,882194
60861101,0.29,0.29182,1,882244
60862561,0.3,0.298364,1,882244
60864021,0.27,0.275673,1,882276
60865481,0.28,0.279135,1,882276
60866941,0.27,0.271827,1,882278
60868401,0.28,0.278365,1,882278
60869861,0.28,0.279673,1,882278
60871321,0.35,0.335935,1,882351
60872781,0.36,0.355187,1,882351
60874241,0.37,0.367037,1,882373
60875701,0.38,0.377407,1,882373
60877161,0.45,0.435481,1,882415
60878621,0.46,0.455096,1,882415
60880081,0.47,0.467019,1,882448
60881541,0.48,0.477404,1,882448
60883001,0.51,0.503481,1,882474
60884461,0.52,0.516696,1,882474
60885921,0.53,0.527339,1,882503
60887381,0.54,0.537468,1,882503
60888841,0.51,0.515494,1,882540
60890301,0.52,0.519099,1,882540
60891761,0.53,0.52782,1,882570
60893221,0.54,0.537564,1,882570
60894681,0.53,0.531513,1,882602
60896141,0.54,0.538303,1,882602
60897601,0.53,0.531661,1,882630
60899061,0.54,0.538332,1,882630
60900521,0.55,0.547666,1,882680
60901981,0.56,0.557533,1,882680
60903441,0.53,0.535507,1,882711
60904901,0.54,0.539101,1,882711
60906361,0.53,0.53182,1,882713
60907821,0.54,0.538364,1,882713
60909281,0.61,0.595673,1,882789
60910741,0.62,0.615135,1,882789
60912201,0.65,0.643027,1,882812
60913661,0.66,0.656605,1,882812
60915121,0.65,0.651321,1,882858
60916581,0.66,0.658264,1,882858
60918041,0.69,0.683653,1,882892
60919501,0.7,0.696731,1,882892
60920961,0.65,0.659346,1,882920
60922421,0.66,0.659869,1,882920
60923881,0.65,0.651974,1,882950
60925341,0.66,0.658395,1,882950
60926801,0.67,0.667679,1,882986
60928261,0.68,0.677536,1,882986
60929721,0.71,0.703507,1,883017
60931181,0.72,0.716701,1,883017
60932641,0.71,0.71134,1,883049
60934101,0.72,0.718268,1,883049
60935561,0.71,0.711654,1,883077
60937021,0.72,0.718331,1,883077
60938481,0.73,0.727666,1,883128
60939941,0.74,0.737533,1,883128
60941401,0.73,0.731507,1,883158
60942861,0.74,0.738301,1,883158
60944321,0.73,0.73166,1,883160
60945781,0.74,0.738332,1,883160
60947241,0.81,0.795666,2,883240
60948701,0.82,0.815133,2,883240
60950161,0.79,0.795027,2,883265
60951621,0.8,0.799005,2,883265
60953081,0.8,0.799801,2,883265
60954541,0.81,0.80796,2,883311
60956001,0.82,0.817592,2,883311
60957461,0.77,0.779518,2,883347
60958921,0.78,0.779904,2,883347
60960381,0.79,0.787981,2,883373
60961841,0.8,0.797596,2,883373
60963301,0.79,0.791519,2,883403
60964761,0.8,0.798304,2,883403
60966221,0.77,0.775661,2,883440
60967681,0.78,0.779132,2,883440
60969141,0.85,0.835826,2,883473
60970601,0.86,0.855165,2,883473
60972061,0.85,0.851033,2,883505
60973521,0.86,0.858207,2,883505
60974981,0.85,0.851641,2,883533
60976441,0.86,0.858328,2,883533
60977901,0.89,0.883666,2,883585
60979361,0.9,0.896733,2,883585
60980821,0.89,0.891347,2,883615
60982281,0.9,0.898269,2,883615
60983741,0.89,0.891654,2,883617
60985201,0.9,0.898331,2,883617
60986661,0.93,0.923666,2,883701
60988121,0.94,0.936733,2,883701
60989581,0.95,0.947347,2,883725
60992501,0.95,0.95,2,883727
60995421,0.93,0.93,2,883773
60996881,0.94,0.938,2,883773
60998341,0.95,0.9476,2,883807
61119521,0.94,0.94,2,885199
61120981,0.95,0.948,2,885199
61125361,0.95,0.95,2,885248
61129741,0.89,0.89,2,885282
61131201,0.9,0.898,2,885282
61132661,0.77,0.7956,2,885321
61134121,0.78,0.78312,2,885321
61135581,0.61,0.644624,1,885360
61137041,0.62,0.624925,1,885360
61138501,0.57,0.580985,1,885395
61139961,0.58,0.580197,1,885395
61141421,0.49,0.508039,1,885423
61142881,0.5,0.501608,1,885423
61144341,0.49,0.492322,1,885467
61145801,0.5,0.498464,1,885467
61147261,0.33,0.363693,1,885500
61148721,0.34,0.344739,1,885500
61150181,0.37,0.364948,1,885533
61151641,0.38,0.37699,1,885533
61153101,0.23,0.259398,1,885593
61154561,0.24,0.24388,1,885593
61156021,0.25,0.248776,1,885616
61157481,0.26,0.257755,1,885616
61158941,0.27,0.267551,1,885643
61160401,0.28,0.27751,1,885643
61161861,0.29,0.287502,1,885672
61163321,0.3,0.2975,1,885672
61164781,0.35,0.3395,1,885697
61166241,0.36,0.3559,1,885697
61167701,0.37,0.36718,1,885716
61169161,0.38,0.377436,1,885716
61170621,0.37,0.371487,1,885718
61172081,0.38,0.378297,1,885718
61173541,0.39,0.387659,1,885748
61175001,0.4,0.397532,1,885748
61176461,0.39,0.391506,1,885781
61177921,0.4,0.398301,1,885781
61179381,0.33,0.34366,1,885812
61180841,0.34,0.340732,1,885812
61182301,0.39,0.380146,1,885845
61183761,0.4,0.396029,1,885845
61185221,0.41,0.407206,1,885869
61186681,0.42,0.417441,1,885869
61188141,0.43,0.427488,1,885913
61189601,0.44,0.437498,1,885913
61191061,0.43,0.4315,1,885938
61192521,0.44,0.4383,1,885938
61193981,0.49,0.47966,1,885973
61195441,0.5,0.495932,1,885973
61196901,0.49,0.491186,1,886026
61198361,0.5,0.498237,1,886026
61199821,0.49,0.491647,1,886050
61201281,0.5,0.498329,1,886050
61202741,0.45,0.459666,1,886078
61204201,0.46,0.459933,1,886078
61205661,0.47,0.467987,1,886108
61207121,0.48,0.477597,1,886108
61208581,0.43,0.439519,1,886136
61210041,0.44,0.439904,1,886136
61211501,0.43,0.431981,1,886156
61212961,0.44,0.438396,1,886156
61214421,0.43,0.431679,1,886158
61215881,0.44,0.438336,1,886158
61217341,0.41,0.415667,1,886189
61218801,0.42,0.419133,1,886189
61220261,0.42,0.419827,1,886189
61221721,0.49,0.475965,1,886222
61223181,0.5,0.495193,1,886222
61224641,0.51,0.507039,1,886250
61226101,0.52,0.517408,1,886250
61227561,0.53,0.527482,1,886286
61229021,0.54,0.537496,1,886286
61230481,0.55,0.547499,1,886311
61231941,0.56,0.5575,1,886311
61233401,0.59,0.5835,1,886356
61234861,0.6,0.5967,1,886356
61236321,0.63,0.62334,1,886381
61237781,0.64,0.636668,1,886381
61239241,0.63,0.631334,1,886419
61240701,0.64,0.638267,1,886419
61242161,0.63,0.631653,1,886472
61243621,0.64,0.638331,1,886472
61245081,0.65,0.647666,1,886496
61246541,0.66,0.657533,1,886496
61248001,0.65,0.651507,1,886522
61249461,0.66,0.658301,1,886522
61250921,0.63,0.63566,1,886553
61252381,0.64,0.639132,1,886553
61253841,0.63,0.631826,1,886579
61255301,0.64,0.638365,1,886579
61256761,0.65,0.647673,1,886599
61258221,0.66,0.657535,1,886599
61259681,0.65,0.651507,1,886601
61261141,0.66,0.658301,1,886601
61262601,0.65,0.65166,1,886631
61264061,0.66,0.658332,1,886631
61265521,0.71,0.699666,1,886667
61266981,0.72,0.715933,1,886667
61268441,0.77,0.759187,2,886696
61269901,0.78,0.775837,2,886696
61271361,0.79,0.787167,2,886733
61272821,0.8,0.797433,2,886733
61274281,0.79,0.791487,2,886759
61275741,0.8,0.798297,2,886759
61277201,0.79,0.791659,2,886806
61278661,0.8,0.798332,2,886806
61280121,0.79,0.791666,2,886833
61281581,0.8,0.798333,2,886833
61283041,0.81,0.807667,2,886871
61284501,0.82,0.817533,2,886871
61285961,0.85,0.843507,2,886924
61287421,0.86,0.856701,2,886924
61288881,0.89,0.88334,2,886949
61290341,0.9,0.896668,2,886949
61291801,0.89,0.891334,2,886975
61293261,0.9,0.898267,2,886975
61294721,0.89,0.891653,2,887005
61296181,0.9,0.898331,2,887005
61297641,0.91,0.907666,2,887031
61299101,0.92,0.917533,2,887031
61300561,0.93,0.927507,2,887052
61302021,0.94,0.937501,2,887052
61303481,0.93,0.9315,2,887054
61304941,0.94,0.9383,2,887054
61306401,0.95,0.94766,2,887084
61325381,0.95,0.95,2,887293
61328301,0.93,0.93,2,887332
61329761,0.94,0.938,2,887332
61535621,0.82,0.82,2,889468
61537081,0.83,0.828,2,889468
61538541,0.78,0.7896,2,889493
61540001,0.79,0.78992,2,889493
61541461,0.69,0.709984,1,889523
61542921,0.7,0.701997,1,889523
61544381,0.63,0.644399,1,889555
61545841,0.64,0.64088,1,889555
61547301,0.41,0.456176,1,889577
61548761,0.42,0.427235,1,889577
61550221,0.37,0.381447,1,889601
61551681,0.38,0.380289,1,889601
61553141,0.29,0.308058,1,889620
61502041,0.27,0.277612,1,889639
61554601,0.01,0.0635223,1,889704
61556061,0.01,0.0207045,1,889734
61515181,0.03,0.0281409,1,889769
61557521,0.01,0.0136282,1,889802
61558981,0.01,0.0107256,1,889852
61560441,0.01,0.0101451,1,889879
61561901,0.11,0.090029,1,889911
61563361,0.05,0.0580058,1,889932
61564821,0,0.0116012,1,889954
61566281,0.01,0.0103202,1,889979
61567741,0.03,0.026064,1,890018
61569201,0.03,0.0292128,1,890019
61570661,0.05,0.0458426,1,890040
61572121,0.05,0.0491685,1,890041
61573581,0.05,0.0498337,1,890055
61575041,0.05,0.0499667,1,890073
61576501,0.15,0.129993,1,890125
61577961,0.01,0.0339987,1,890155
61579421,0.11,0.0947997,1,890191
61580881,0.05,0.0589599,1,890273
61582341,0.06,0.059792,1,890273
61583801,0.11,0.0999584,1,890337
61585261,0.12,0.115992,1,890337
61586721,0.07,0.0791983,1,890375
61588181,0.08,0.0798397,1,890375
61589641,0.05,0.0559679,1,890440
61591101,0.06,0.0591936,1,890440
61592561,0.05,0.0518387,1,890463
61594021,0.06,0.0583677,1,890463
61595481,0.07,0.0676735,1,890478
61596941,0.08,0.0775347,1,890478
61598401,0.05,0.0555069,1,890553
61599861,0.06,0.0591014,1,890553
61601321,0.03,0.0358203,1,890617
61602781,0.04,0.0391641,1,890617
61604241,0.01,0.0158328,1,890697
61605701,0.02,0.0191666,1,890697
61607161,0,0.00383331,1,890764
61608621,0,0.000766662,1,890764
61610081,0.03,0.0241533,1,890800
61611541,0.04,0.0368307,1,890800
61613001,0.05,0.0473661,1,890864
61614461,0.06,0.0574732,1,890864
61615921,0.05,0.0514946,1,890887
61617381,0.06,0.0582989,1,890887
61618841,0.07,0.0676598,1,890903
61620301,0.08,0.077532,1,890903
61621761,0.07,0.0715064,1,890977
61623221,0.08,0.0783013,1,890977
61624681,0.03,0.0396603,1,891040
61626141,0.04,0.0399321,1,891040
61627601,0.04,0.0399864,1,891040
61629061,0,0.00799728,1,891119
61630521,0,0.00159946,1,891119
61631981,0,0.000319891,1,891186
61633441,0,6.39782e-05,1,891186
61634901,0.01,0.0080128,1,891223
61636361,0.02,0.0176026,1,891223
61637821,0.01,0.0115205,1,891288
61639281,0.02,0.0183041,1,891288
61640741,0.01,0.0116608,1,891311
61642201,0.02,0.0183322,1,891311
61643661,0.03,0.0276664,1,891328
61645121,0.04,0.0375333,1,891328
61646581,0.05,0.0475067,1,891402
61648041,0.06,0.0575013,1,891402
61649501,0.01,0.0195003,1,891463
61650961,0.02,0.0199001,1,891463
61652421,0,0.00398001,1,891540
61653881,0,0.000796002,1,891540
61655341,0.01,0.0081592,1,891607
61656801,0.02,0.0176318,1,891607
61658261,0.05,0.0435264,1,891644
61659721,0.06,0.0567053,1,891644
61661181,0.09,0.0833411,1,891709
61662641,0.1,0.0966682,1,891709
61664101,0.15,0.139334,1,891732
61665561,0.16,0.155867,1,891732
61667021,0.15,0.151173,1,891750
61668481,0.16,0.158235,1,891750
61669941,0.19,0.183647,1,891825
61671401,0.2,0.196729,1,891825
61672861,0.23,0.223346,1,891884
61674321,0.24,0.236669,1,891884
61675781,0.09,0.119334,1,891961
61677241,0.1,0.103867,1,891961
61678701,0.05,0.0607734,1,892028
61680161,0.06,0.0601547,1,892028
61681621,0.06,0.0600309,1,892028
61683081,0.07,0.0680062,1,892067
61684541,0.08,0.0776012,1,892067
61686001,0.13,0.11952,1,892134
61687461,0.14,0.135904,1,892134
61688921,0.17,0.163181,1,892160
61690381,0.18,0.176636,1,892160
61691841,0.17,0.171327,1,892178
61693301,0.18,0.178265,1,892178
61694761,0.25,0.235653,1,892255
61696221,0.26,0.255131,1,892255
61697681,0.31,0.299026,1,892316
61699141,0.32,0.315805,1,892316
61700601,0.31,0.311161,1,892386
61702061,0.32,0.318232,1,892386
61703521,0.33,0.327646,1,892451
61704981,0.34,0.337529,1,892451
61706441,0.33,0.331506,1,892453
61707901,0.34,0.338301,1,892453
61709361,0.37,0.36366,1,892492
61710821,0.38,0.376732,1,892492
61712281,0.33,0.339346,1,892562
61713741,0.34,0.339869,1,892562
61715201,0.39,0.379974,1,892590
61716661,0.4,0.395995,1,892590
61718121,0.39,0.391199,1,892608
61719581,0.4,0.39824,1,892608
61721041,0.35,0.359648,1,892689
61722501,0.36,0.35993,1,892689
61723961,0.43,0.415986,1,892753
61725421,0.44,0.435197,1,892753
61726881,0.45,0.447039,1,892823
61728341,0.46,0.457408,1,892823
61729801,0.41,0.419482,1,892889
61731261,0.42,0.419896,1,892889
61732721,0.41,0.411979,1,892891
61734181,0.42,0.418396,1,892891
61735641,0.42,0.419679,1,892891
61737101,0.41,0.411936,1,892932
61738561,0.42,0.418387,1,892932
61740021,0.45,0.443677,1,893000
61741481,0.46,0.456735,1,893000
61742941,0.41,0.419347,1,893031
61744401,0.42,0.419869,1,893031
61745861,0.41,0.411974,1,893049
61747321,0.42,0.418395,1,893049
61748781,0.41,0.411679,1,893128
61750241,0.42,0.418336,1,893128
61751701,0.43,0.427667,1,893196
61753161,0.44,0.437533,1,893196
61754621,0.49,0.479507,1,893267
61756081,0.5,0.495901,1,893267
61757541,0.49,0.49118,1,893331
61759001,0.5,0.498236,1,893331
61760461,0.49,0.491647,1,893333
61761921,0.5,0.498329,1,893333
61763381,0.53,0.523666,1,893373
61764841,0.54,0.536733,1,893373
61766301,0.55,0.547347,1,893443
61767761,0.56,0.557469,1,893443
61769221,0.57,0.567494,1,893472
61770681,0.58,0.577499,1,893472
61772141,0.57,0.5715,1,893490
61773601,0.58,0.5783,1,893490
61775061,0.61,0.60366,1,893569
61776521,0.62,0.616732,1,893569
61777981,0.67,0.659346,1,893638
61779441,0.68,0.675869,1,893638
61780901,0.71,0.703174,1,893712
61782361,0.72,0.716635,1,893712
61783821,0.75,0.743327,1,893776
61785281,0.76,0.756665,2,893776
61786741,0.75,0.751333,2,893778
61788201,0.76,0.758267,2,893778
61789661,0.79,0.783653,2,893820
61791121,0.8,0.796731,2,893820
61792581,0.85,0.839346,2,893891
61794041,0.86,0.855869,2,893891
61795501,0.86,0.859174,2,893891
61796961,0.87,0.867835,2,893921
61798421,0.88,0.877567,2,893921
61799881,0.87,0.871513,2,893939
61801341,0.88,0.878303,2,893939
61802801,0.91,0.903661,2,894020
61804261,0.92,0.916732,2,894020
62011581,0.9,0.9,2,897309
62013041,0.91,0.908,2,897309
62014501,0.86,0.8696,2,897345
62015961,0.87,0.86992,2,897345
62020341,0.91,0.91,2,897420
62021801,0.92,0.918,2,897420
62023261,0.85,0.8636,2,897451
62024721,0.86,0.86072,2,897451
62026181,0.77,0.788144,2,897496
62027641,0.78,0.781629,2,897496
62029101,0.41,0.484326,1,897591
62030561,0.42,0.432865,1,897591
62032021,0.37,0.382573,1,897629
62033481,0.38,0.380515,1,897629
62034941,0.27,0.292103,1,897669
62036401,0.28,0.282421,1,897669
62037861,0.23,0.240484,1,897716
62039321,0.24,0.240097,1,897716
62040781,0.15,0.168019,1,897752
62042241,0.16,0.161604,1,897752
62043701,0.11,0.120321,1,897787
62045161,0.12,0.120064,1,897787
62046621,0.03,0.0480128,1,897816
62048081,0.04,0.0416026,1,897816
62049541,0,0.00832051,1,897850
62051001,0,0.0016641,1,897850
62052461,0.05,0.0403328,1,897889
62053921,0.06,0.0560666,1,897889
62055381,0.03,0.0352133,1,897914
62056841,0.04,0.0390427,1,897914
62058301,0.04,0.0398085,1,897914
62059761,0.05,0.0479617,1,897955
62061221,0.06,0.0575923,1,897955
62062681,0.03,0.0355185,1,898032
62064141,0.04,0.0391037,1,898032
62065601,0.05,0.0478207,1,898068
62067061,0.06,0.0575641,1,898068
62068521,0.09,0.0835128,1,898103
62069981,0.1,0.0967026,1,898103
62071441,0.13,0.123341,1,898148
62072901,0.14,0.136668,1,898148
62074361,0.17,0.163334,1,898180
62075821,0.18,0.176667,1,898180
62077281,0.27,0.251333,1,898213
62078741,0.28,0.274267,1,898213
62080201,0.25,0.254853,1,898238
62081661,0.26,0.258971,1,898238
62083121,0.15,0.171794,1,898271
62084581,0.16,0.162359,1,898271
62086041,0.07,0.0884718,1,898312
62087501,0.08,0.0816944,1,898312
62088961,0.07,0.0723389,1,898336
62090421,0.08,0.0784678,1,898336
62091881,0.07,0.0716936,1,898338
62093341,0.08,0.0783387,1,898338
62094801,0,0.0156677,1,898379
62096261,0,0.00313355,1,898379
62097721,0.05,0.0406267,1,898455
62099181,0.06,0.0561253,1,898455
62100641,0.05,0.0512251,1,898492
62102101,0.06,0.058245,1,898492
62103561,0.01,0.019649,1,898529
62105021,0.02,0.0199298,1,898529
62106481,0.03,0.027986,1,898576
62107941,0.04,0.0375972,1,898576
62109401,0.03,0.0315194,1,898610
62110861,0.04,0.0383039,1,898610
62112321,0.07,0.0636608,1,898648
62113781,0.08,0.0767322,1,898648
62115241,0.11,0.103346,1,898672
62116701,0.12,0.116669,1,898672
62118161,0.13,0.127334,1,898700
62119621,0.14,0.137467,1,898700
62121081,0.11,0.115493,1,898737
62122541,0.12,0.119099,1,898737
62124001,0.11,0.11182,1,898761
62125461,0.12,0.118364,1,898761
62126921,0.11,0.111673,1,898763
62128381,0.12,0.118335,1,898763
62129841,0.07,0.0796669,1,898801
62131301,0.08,0.0799334,1,898801
62132761,0.08,0.0799867,1,898801
62134221,0.13,0.119997,1,898879
62135681,0.14,0.135999,1,898879
62137141,0.19,0.1792,1,898916
62138601,0.2,0.19584,1,898916
62140061,0.17,0.175168,1,898951
62141521,0.18,0.179034,1,898951
62142981,0.09,0.107807,1,898999
62144441,0.1,0.101561,1,898999
62145901,0.11,0.108312,1,899033
62147361,0.12,0.117662,1,899033
62148821,0.11,0.111532,1,899073
62150281,0.12,0.118307,1,899073
62151741,0.13,0.127661,1,899099
62153201,0.14,0.137532,1,899099
62154661,0.11,0.115506,1,899128
62156121,0.12,0.119101,1,899128
62157581,0.13,0.12782,1,899164
62159041,0.14,0.137564,1,899164
62160501,0.13,0.131513,1,899188
62161961,0.14,0.138303,1,899188
62163421,0.13,0.131661,1,899190
62164881,0.14,0.138332,1,899190
62166341,0.13,0.131666,1,899226
62167801,0.14,0.138333,1,899226
62169261,0.15,0.147667,1,899306
62170721,0.16,0.157533,1,899306
62172181,0.17,0.167507,1,899346
62173641,0.18,0.177501,1,899346
62175101,0.17,0.1715,1,899380
62176561,0.18,0.1783,1,899380
62178021,0.19,0.18766,1,899424
62179481,0.2,0.197532,1,899424
62180941,0.25,0.239506,1,899459
62182401,0.26,0.255901,1,899459
62183861,0.29,0.28318,1,899499
62185321,0.3,0.296636,1,899499
62186781,0.27,0.275327,1,899526
62188241,0.28,0.279065,1,899526
62189701,0.29,0.287813,1,899554
62191161,0.3,0.297563,1,899554
62192621,0.37,0.355513,1,899591
62194081,0.38,0.375102,1,899591
62195541,0.39,0.387021,1,899615
62197001,0.4,0.397404,1,899615
62198461,0.39,0.391481,1,899617
62199921,0.4,0.398296,1,899617
62201381,0.39,0.391659,1,899653
62202841,0.4,0.398332,1,899653
62204301,0.41,0.407666,1,899734
62205761,0.42,0.417533,1,899734
62207221,0.41,0.411507,1,899775
62208681,0.42,0.418301,1,899775
62210141,0.42,0.41966,1,899775
62211601,0.45,0.443932,1,899809
62213061,0.46,0.456786,1,899809
62214521,0.49,0.483357,1,899854
62215981,0.5,0.496671,1,899854
62217441,0.51,0.507334,1,899892
62218901,0.52,0.517467,1,899892
62220361,0.57,0.559493,1,899934
62221821,0.58,0.575899,1,899934
62223281,0.59,0.58718,1,899960
62224741,0.6,0.597436,1,899960
62226201,0.61,0.607487,1,899989
62227661,0.62,0.617497,1,899989
62229121,0.63,0.627499,1,900030
62230581,0.64,0.6375,1,900030
62232041,0.65,0.6475,1,900055
62233501,0.66,0.6575,1,900055
62234961,0.65,0.6515,1,900057
62236421,0.66,0.6583,1,900057
62237881,0.67,0.66766,1,900093
62239341,0.68,0.677532,1,900093
62240801,0.69,0.687506,1,900175
62242261,0.7,0.697501,1,900175
62243721,0.67,0.6755,1,900216
62245181,0.68,0.6791,1,900216
62246641,0.67,0.67182,1,900218
62248101,0.68,0.678364,1,900218
62249561,0.65,0.655673,1,900253
62251021,0.66,0.659135,1,900253
62252481,0.69,0.683827,1,900300
62253941,0.7,0.696765,1,900300
62255401,0.67,0.675353,1,900339
62256861,0.68,0.679071,1,900339
62258321,0.65,0.655814,1,900384
62259781,0.66,0.659163,1,900384
62261241,0.69,0.683833,1,900411
62262701,0.7,0.696767,1,900411
62264161,0.73,0.723353,1,900441
62265621,0.74,0.736671,1,900441
62267081,0.75,0.747334,1,900483
62268541,0.76,0.757467,2,900483
62270001,0.79,0.783493,2,900509
62271461,0.8,0.796699,2,900509
62272921,0.79,0.79134,2,900511
62274381,0.8,0.798268,2,900511
62275841,0.81,0.807654,2,900548
62277301,0.82,0.817531,2,900548
62278761,0.79,0.795506,2,900631
62280221,0.8,0.799101,2,900631
62281681,0.79,0.79182,2,900671
62283141,0.8,0.798364,2,900671
62284601,0.79,0.791673,2,900673
62286061,0.8,0.798335,2,900673
62287521,0.79,0.791667,2,900707
62288981,0.8,0.798333,2,900707
62290441,0.8,0.799667,2,900707
62291901,0.85,0.839933,2,900756
62293361,0.86,0.855987,2,900756
62294821,0.87,0.867197,2,900794
62296281,0.88,0.877439,2,900794
62297741,0.89,0.887488,2,900838
62299201,0.9,0.897498,2,900838
62300661,0.87,0.875499,2,900867
62302121,0.88,0.8791,2,900867
62303581,0.93,0.91982,2,900899
62305041,0.94,0.935964,2,900899
62306501,0.93,0.931193,2,900942
62307961,0.94,0.938239,2,900942
62309421,0.89,0.899648,2,900970
62310881,0.9,0.89993,2,900970
62312341,0.89,0.891986,2,900972
62313801,0.9,0.898397,2,900972
62315261,0.91,0.907679,2,901010
62316721,0.92,0.917536,2,901010
62318181,0.93,0.927507,2,901092
62319641,0.94,0.937501,2,901092
62321101,0.95,0.9475,2,901132
62324021,0.95,0.95,2,901134
62326941,0.95,0.95,2,901168
62448121,0.94,0.94,2,902651
62449581,0.95,0.948,2,902651
62453961,0.93,0.93,2,902716
62455421,0.94,0.938,2,902716
62456881,0.94,0.9396,2,902716
62458341,0.87,0.88392,2,902745
62459801,0.88,0.880784,2,902745
62461261,0.79,0.808157,2,902771
62462721,0.8,0.801631,2,902771
62464181,0.75,0.760326,2,902804
62465641,0.76,0.760065,2,902804
62467101,0.39,0.464013,1,902855
62468561,0.4,0.412803,1,902855
62470021,0.41,0.410561,1,902877
62471481,0.42,0.418112,1,902877
62472941,0.37,0.379622,1,902911
62474401,0.38,0.379924,1,902911
62475861,0.25,0.275985,1,902944
62477321,0.26,0.263197,1,902944
62478781,0.09,0.124639,1,902997
62480241,0.1,0.104928,1,902997
62481701,0.01,0.0289856,1,903047
62483161,0.02,0.0217971,1,903047
62484621,0.07,0.0603594,1,903080
62486081,0.08,0.0760719,1,903080
62487541,0.05,0.0552144,1,903108
62489001,0.06,0.0590429,1,903108
62490461,0,0.0118086,1,903128
62491921,0,0.00236171,1,903128
62493381,0.09,0.0724723,1,903166
62494841,0.1,0.0944945,1,903166
62496301,0,0.0188989,1,903185
62497761,0,0.00377978,1,903185
62499221,0.03,0.024756,1,903212
62500681,0.04,0.0369512,1,903212
62502141,0.03,0.0313902,1,903231
62503601,0.04,0.038278,1,903231
62505061,0.03,0.0316556,1,903262
62506521,0.04,0.0383311,1,903262
62507981,0.03,0.0316662,1,903295
62509441,0.04,0.0383332,1,903295
62510901,0.07,0.0636666,1,903318
62512361,0.08,0.0767333,1,903318
62513821,0.07,0.0713467,1,903350
62515281,0.08,0.0782693,1,903350
62516741,0.11,0.103654,1,903377
62518201,0.12,0.116731,1,903377
62519661,0.09,0.0953462,1,903422
62521121,0.1,0.0990692,1,903422
62522581,0.05,0.0598138,1,903468
62524041,0.06,0.0599628,1,903468
62525501,0.03,0.0359926,1,903504
62526961,0.04,0.0391985,1,903504
62528421,0.03,0.0318397,1,903531
62529881,0.04,0.0383679,1,903531
62531341,0.01,0.0156736,1,903549
62532801,0.02,0.0191347,1,903549
62534261,0.09,0.0758269,1,903591
62535721,0.1,0.0951654,1,903591
62537181,0.07,0.0750331,1,903606
62538641,0.08,0.0790066,1,903606
62540101,0.03,0.0398013,1,903634
62541561,0.04,0.0399603,1,903634
62543021,0.05,0.0479921,1,903653
62544481,0.06,0.0575984,1,903653
62545941,0.06,0.0595197,1,903653
62547401,0.11,0.0999039,1,903684
62548861,0.12,0.115981,1,903684
62550321,0.05,0.0631962,1,903717
62551781,0.06,0.0606392,1,903717
62553241,0.03,0.0361278,1,903742
62554701,0.04,0.0392256,1,903742
62556161,0.03,0.0318451,1,903774
62557621,0.04,0.038369,1,903774
62559081,0.03,0.0316738,1,903803
62560541,0.04,0.0383348,1,903803
62562001,0.09,0.079667,1,903847
62563461,0.1,0.0959334,1,903847
62564921,0.13,0.123187,1,903891
62566381,0.14,0.136637,1,903891
62567841,0.13,0.131327,1,903926
62569301,0.14,0.138265,1,903926
62570761,0.11,0.115653,1,903953
62572221,0.12,0.119131,1,903953
62573681,0.09,0.0958261,1,903970
62575141,0.1,0.0991652,1,903970
62576601,0.07,0.075833,1,904016
62578061,0.08,0.0791666,1,904016
62579521,0.07,0.0718333,1,904030
62580981,0.08,0.0783667,1,904030
62582441,0.03,0.0396733,1,904056
62583901,0.04,0.0399347,1,904056
62585361,0.01,0.0159869,1,904076
62586821,0.02,0.0191974,1,904076
62588281,0.01,0.0118395,1,904078
62589741,0.02,0.0183679,1,904078
62591201,0.03,0.0276736,1,904111
62592661,0.04,0.0375347,1,904111
62594121,0.03,0.0315069,1,904141
62595581,0.04,0.0383014,1,904141
62597041,0.03,0.0316603,1,904165
62598501,0.04,0.0383321,1,904165
62599961,0.05,0.0476664,1,904197
62601421,0.06,0.0575333,1,904197
62602881,0.07,0.0675067,1,904226
62604341,0.08,0.0775013,1,904226
62605801,0.09,0.0875003,1,904273
62607261,0.1,0.0975001,1,904273
62608721,0.15,0.1395,1,904319
62610181,0.16,0.1559,1,904319
62611641,0.19,0.18318,1,904354
62613101,0.2,0.196636,1,904354
62614561,0.19,0.191327,1,904380
62616021,0.2,0.198265,1,904380
62617481,0.21,0.207653,1,904396
62618941,0.22,0.217531,1,904396
62620401,0.19,0.195506,1,904441
62621861,0.2,0.199101,1,904441
62623321,0.21,0.20782,1,904455
62624781,0.22,0.217564,1,904455
62626241,0.23,0.227513,1,904479
62627701,0.24,0.237503,1,904479
62629161,0.23,0.231501,1,904498
62630621,0.24,0.2383,1,904498
62632081,0.23,0.23166,1,904500
62633541,0.24,0.238332,1,904500
62635001,0.25,0.247666,1,904534
62636461,0.26,0.257533,1,904534
62637921,0.26,0.259507,1,904534
62639381,0.29,0.283901,1,904564
62640841,0.3,0.29678,1,904564
62642301,0.31,0.307356,1,904588
62643761,0.32,0.317471,1,904588
62645221,0.33,0.327494,1,904621
62646681,0.34,0.337499,1,904621
62648141,0.37,0.3635,1,904651
62649601,0.38,0.3767,1,904651
62651061,0.41,0.40334,1,904699
62652521,0.42,0.416668,1,904699
62653981,0.41,0.411334,1,904748
62655441,0.42,0.418267,1,904748
62656901,0.39,0.395653,1,904785
62658361,0.4,0.399131,1,904785
62659821,0.41,0.407826,1,904811
62661281,0.42,0.417565,1,904811
62662741,0.39,0.395513,1,904828
62664201,0.4,0.399103,1,904828
62665661,0.41,0.407821,1,904872
62667121,0.42,0.417564,1,904872
62668581,0.39,0.395513,1,904887
62670041,0.4,0.399103,1,904887
62671501,0.41,0.40782,1,904912
62672961,0.42,0.417564,1,904912
62674421,0.39,0.395513,1,904931
62675881,0.4,0.399103,1,904931
62677341,0.39,0.391821,1,904933
62678801,0.4,0.398364,1,904933
62680261,0.37,0.375673,1,904968
62681721,0.38,0.379135,1,904968
62683181,0.39,0.387827,1,904999
62684641,0.4,0.397565,1,904999
62686101,0.37,0.375513,1,905024
62687561,0.38,0.379103,1,905024
62689021,0.37,0.371821,1,905058
62690481,0.38,0.378364,1,905058
62691941,0.37,0.371673,1,905090
62693401,0.38,0.378335,1,905090
62694861,0.39,0.387667,1,905140
62696321,0.4,0.397533,1,905140
62697781,0.41,0.407507,1,905189
62699241,0.42,0.417501,1,905189
62700701,0.45,0.4435,1,905225
62702161,0.46,0.4567,1,905225
62703621,0.47,0.46734,1,905252
62705081,0.48,0.477468,1,905252
62706541,0.47,0.471494,1,905268
62708001,0.48,0.478299,1,905268
62709461,0.47,0.47166,1,905313
62710921,0.48,0.478332,1,905313
62712381,0.49,0.487666,1,905327
62713841,0.5,0.497533,1,905327
62715301,0.51,0.507507,1,905353
62716761,0.52,0.517501,1,905353
62718221,0.55,0.5435,1,905371
62719681,0.56,0.5567,1,905371
62721141,0.55,0.55134,1,905373
62722601,0.56,0.558268,1,905373
62724061,0.55,0.551654,1,905407
62725521,0.56,0.558331,1,905407
62726981,0.55,0.551666,1,905439
62728441,0.56,0.558333,1,905439
62729901,0.56,0.559667,1,905439
62731361,0.59,0.583933,1,905463
62732821,0.6,0.596787,1,905463
62734281,0.63,0.623357,1,905497
62735741,0.64,0.636671,1,905497
62737201,0.63,0.631334,1,905529
62738661,0.64,0.638267,1,905529
62740121,0.61,0.615653,1,905580
62741581,0.62,0.619131,1,905580
62743041,0.61,0.611826,1,905630
62744501,0.62,0.618365,1,905630
62745961,0.61,0.611673,1,905668
62747421,0.62,0.618335,1,905668
62748881,0.61,0.611667,1,905696
62750341,0.62,0.618333,1,905696
62751801,0.63,0.627667,1,905712
62753261,0.64,0.637533,1,905712
62754721,0.67,0.663507,1,905757
62756181,0.68,0.676701,1,905757
62757641,0.71,0.70334,1,905772
62759101,0.72,0.716668,1,905772
62760561,0.73,0.727334,1,905799
62762021,0.74,0.737467,1,905799
62763481,0.75,0.747493,1,905819
62764941,0.76,0.757499,2,905819
62766401,0.75,0.7515,2,905821
62767861,0.76,0.7583,2,905821
62769321,0.75,0.75166,2,905855
62770781,0.76,0.758332,2,905855
62772241,0.75,0.751666,2,905887
62773701,0.76,0.758333,2,905887
62775161,0.75,0.751667,2,905889
62776621,0.76,0.758333,2,905889
62778081,0.73,0.735667,1,905914
62779541,0.74,0.739133,1,905914
62781001,0.77,0.763827,2,905950
62782461,0.78,0.776765,2,905950
62783921,0.77,0.771353,2,905982
62785381,0.78,0.778271,2,905982
62786841,0.77,0.771654,2,906032
62788301,0.78,0.778331,2,906032
62789761,0.79,0.787666,2,906082
62791221,0.8,0.797533,2,906082
62792681,0.79,0.791507,2,906120
62794141,0.8,0.798301,2,906120
62795601,0.83,0.82366,2,906148
62797061,0.84,0.836732,2,906148
62798521,0.85,0.847346,2,906165
62799981,0.86,0.857469,2,906165
62801441,0.87,0.867494,2,906212
62802901,0.88,0.877499,2,906212
62804361,0.91,0.9035,2,906229
62805821,0.92,0.9167,2,906229
62807281,0.93,0.92734,2,906257
62808741,0.94,0.937468,2,906257
62922621,0.94,0.94,2,907357
62924081,0.95,0.948,2,907357
62969341,0.93,0.93,2,907999
62970801,0.87,0.882,2,908031
62975181,0.91,0.91,2,908137
62976641,0.89,0.894,2,908177
62978101,0.67,0.7148,1,908230
62979561,0.71,0.71096,1,908245
62981021,0.55,0.582192,1,908262
62982481,0.55,0.556438,1,908278
62983941,0.55,0.551288,1,908285
62985401,0.49,0.502258,1,908314
62986861,0.5,0.500452,1,908314
62988321,0.35,0.38009,1,908387
62989781,0.36,0.364018,1,908387
62991241,0.17,0.208804,1,908469
62992701,0.18,0.185761,1,908469
62994161,0.05,0.0771521,1,908545
62995621,0.06,0.0634304,1,908545
62997081,0.03,0.0366861,1,908603
62998541,0.04,0.0393372,1,908603
63000001,0.05,0.0478674,1,908684
63001461,0.06,0.0575735,1,908684
63002921,0.03,0.0355147,1,908710
63004381,0.04,0.0391029,1,908710
63005841,0.01,0.0158206,1,908733
63007301,0.02,0.0191641,1,908733
63008761,0.03,0.0278328,1,908760
63010221,0.04,0.0375666,1,908760
63011681,0.03,0.0315133,1,908826
63013141,0.04,0.0383027,1,908826
63014601,0.05,0.0476605,1,908899
63016061,0.06,0.0575321,1,908899
63017521,0,0.0115064,1,908969
63018981,0,0.00230128,1,908969
63020441,0.01,0.00846026,1,909026
63021901,0.02,0.0176921,1,909026
63023361,0.09,0.0755384,1,909108
63024821,0.1,0.0951077,1,909108
63026281,0.09,0.0910215,1,909133
63027741,0.1,0.0982043,1,909133
63029201,0.05,0.0596409,1,909155
63030661,0.06,0.0599282,1,909155
63032121,0.06,0.0599856,1,909155
63033581,0.13,0.115997,1,909183
63035041,0.14,0.135199,1,909183
63036501,0.15,0.14704,1,909249
63037961,0.16,0.157408,1,909249
63039421,0.19,0.183482,1,909323
63040881,0.2,0.196696,1,909323
63042341,0.13,0.143339,1,909391
63043801,0.14,0.140668,1,909391
63045261,0.17,0.164134,1,909448
63046721,0.18,0.176827,1,909448
63048181,0.17,0.171365,1,909534
63049641,0.18,0.178273,1,909534
63051101,0.15,0.155655,1,909559
63052561,0.16,0.159131,1,909559
63054021,0.15,0.151826,1,909579
63055481,0.16,0.158365,1,909579
63056941,0.15,0.151673,1,909610
63058401,0.16,0.158335,1,909610
63059861,0.27,0.247667,1,909677
63061321,0.28,0.273533,1,909677
63062781,0.29,0.286707,1,909753
63064241,0.3,0.297341,1,909753
63065701,0.31,0.307468,1,909818
63067161,0.32,0.317494,1,909818
63068621,0.33,0.327499,1,909877
63070081,0.34,0.3375,1,909877
63071541,0.33,0.3315,1,909963
63073001,0.34,0.3383,1,909963
63074461,0.33,0.33166,1,909987
63075921,0.34,0.338332,1,909987
63077381,0.35,0.347666,1,910007
63078841,0.36,0.357533,1,910007
63080301,0.39,0.383507,1,910038
63081761,0.4,0.396701,1,910038
63083221,0.51,0.48734,1,910111
63084681,0.52,0.513468,1,910111
63086141,0.52,0.518694,1,910111
63087601,0.63,0.607739,1,910188
63089061,0.64,0.633548,1,910188
63090521,0.63,0.63071,1,910254
63091981,0.64,0.638142,1,910254
63093441,0.65,0.647628,1,910314
63094901,0.66,0.657526,1,910314
63096361,0.69,0.683505,1,910400
63097821,0.7,0.696701,1,910400
63099281,0.71,0.70734,1,910424
63100741,0.72,0.717468,1,910424
63102201,0.69,0.695494,1,910445
63103661,0.7,0.699099,1,910445
63105121,0.71,0.70782,1,910478
63106581,0.72,0.717564,1,910478
63108041,0.77,0.759513,2,910557
63109501,0.78,0.775903,2,910557
63110961,0.77,0.771181,2,910559
63112421,0.78,0.778236,2,910559
63113881,0.77,0.771647,2,910641
63115341,0.78,0.778329,2,910641
63116801,0.77,0.771666,2,910707
63118261,0.78,0.778333,2,910707
63119721,0.75,0.755667,2,910768
63121181,0.76,0.759133,2,910768
63122641,0.71,0.719827,1,910856
63124101,0.72,0.719965,1,910856
63125561,0.73,0.727993,1,910881
63127021,0.74,0.737599,1,910881
63128481,0.73,0.73152,1,910901
63129941,0.74,0.738304,1,910901
63131401,0.75,0.747661,1,910935
63132861,0.76,0.757532,2,910935
63134321,0.83,0.815506,2,911017
63135781,0.84,0.835101,2,911017
63137241,0.83,0.83102,2,911019
63138701,0.84,0.838204,2,911019
63140161,0.84,0.839641,2,911019
63141621,0.81,0.815928,2,911101
63143081,0.82,0.819186,2,911101
63144541,0.87,0.859837,2,911167
63146001,0.88,0.875967,2,911167
63147461,0.89,0.887194,2,911227
63148921,0.9,0.897439,2,911227
63150381,0.93,0.923488,2,911313
63151841,0.94,0.936698,2,911313
63153301,0.93,0.93134,2,911339
63154761,0.94,0.938268,2,911339
63245281,0.89,0.89,2,912900
63246741,0.9,0.898,2,912900
63248201,0.79,0.8116,2,912927
63249661,0.8,0.80232,2,912927
63251121,0.53,0.584464,1,912992
63252581,0.54,0.548893,1,912992
63254041,0.33,0.373779,1,913068
63255501,0.34,0.346756,1,913068
63256961,0.23,0.253351,1,913103
63258421,0.24,0.24267,1,913103
63259881,0.24,0.240534,1,913103
63261341,0.13,0.152107,1,913136
63262801,0.14,0.142421,1,913136
63264261,0.05,0.0684843,1,913214
63265721,0.06,0.0616969,1,913214
63267181,0.03,0.0363394,1,913244
63268641,0.04,0.0392679,1,913244
63270101,0.05,0.0478536,1,913268
63271561,0.06,0.0575707,1,913268
63273021,0.01,0.0195141,1,913299
63274481,0.02,0.0199028,1,913299
63275941,0,0.00398057,1,913366
63277401,0,0.000796113,1,913366
63278861,0.01,0.00815922,1,913388
63280321,0.02,0.0176318,1,913388
63281781,0.09,0.0755264,1,913440
63283241,0.1,0.0951053,1,913440
63284701,0.07,0.0750211,1,913506
63286161,0.08,0.0790042,1,913506
63287621,0.05,0.0558008,1,913536
63289081,0.06,0.0591602,1,913536
63290541,0.09,0.083832,1,913563
63292001,0.1,0.0967664,1,913563
63293461,0.09,0.0913533,1,913637
63294921,0.1,0.0982707,1,913637
63296381,0.05,0.0596541,1,913666
63297841,0.06,0.0599308,1,913666
63299301,0.11,0.0999862,1,913691
63300761,0.12,0.115997,1,913691
63302221,0.05,0.0631994,1,913720
63303681,0.06,0.0606399,1,913720
63305141,0,0.012128,1,913787
63306601,0,0.0024256,1,913787
63308061,0.03,0.0244851,1,913809
63309521,0.04,0.036897,1,913809
63310981,0.09,0.0793794,1,913865
63312441,0.1,0.0958759,1,913865
63313901,0.17,0.155175,1,913930
63315361,0.18,0.175035,1,913930
63316821,0.21,0.203007,1,913959
63318281,0.22,0.216601,1,913959
63319741,0.23,0.22732,1,913988
63321201,0.24,0.237464,1,913988
63322661,0.31,0.295493,1,914062
63324121,0.32,0.315099,1,914062
63325581,0.32,0.31902,1,914062
63327041,0.33,0.327804,1,914089
63328501,0.34,0.337561,1,914089
63329961,0.35,0.347512,1,914117
63331421,0.36,0.357502,1,914117
63332881,0.35,0.3515,1,914143
63334341,0.36,0.3583,1,914143
63335801,0.33,0.33566,1,914208
63337261,0.34,0.339132,1,914208
63338721,0.31,0.315826,1,914231
63340181,0.32,0.319165,1,914231
63341641,0.31,0.311833,1,914290
63343101,0.32,0.318367,1,914290
63344561,0.37,0.359673,1,914359
63346021,0.38,0.375935,1,914359
63347481,0.41,0.403187,1,914390
63348941,0.42,0.416637,1,914390
63350401,0.41,0.411327,1,914420
63351861,0.42,0.418266,1,914420
63353321,0.47,0.459653,1,914498
63354781,0.48,0.475931,1,914498
63356241,0.47,0.471186,1,914500
63357701,0.48,0.478237,1,914500
63359161,0.51,0.503647,1,914527
63360621,0.52,0.51673,1,914527
63362081,0.49,0.495346,1,914556
63363541,0.5,0.499069,1,914556
63365001,0.51,0.507814,1,914582
63366461,0.52,0.517563,1,914582
63367921,0.53,0.527513,1,914646
63369381,0.54,0.537503,1,914646
63370841,0.53,0.531501,1,914668
63372301,0.54,0.5383,1,914668
63373761,0.51,0.51566,1,914727
63375221,0.52,0.519132,1,914727
63376681,0.53,0.527826,1,914799
63378141,0.54,0.537565,1,914799
63379601,0.55,0.547513,1,914832
63381061,0.56,0.557503,1,914832
63382521,0.59,0.583501,1,914862
63383981,0.6,0.5967,1,914862
63385441,0.55,0.55934,1,914943
63386901,0.56,0.559868,1,914943
63388361,0.55,0.551974,1,914945
63389821,0.56,0.558395,1,914945
63391281,0.53,0.535679,1,914974
63392741,0.54,0.539136,1,914974
63394201,0.54,0.539827,1,914974
63395661,0.57,0.563965,1,915002
63397121,0.58,0.576793,1,915002
63398581,0.57,0.571359,1,915029
63400041,0.58,0.578272,1,915029
63401501,0.61,0.603654,1,915094
63402961,0.62,0.616731,1,915094
63404421,0.61,0.611346,1,915116
63405881,0.62,0.618269,1,915116
63407341,0.61,0.611654,1,915174
63408801,0.62,0.618331,1,915174
63410261,0.65,0.643666,1,915247
63411721,0.66,0.656733,1,915247
63413181,0.63,0.635347,1,915281
63414641,0.64,0.639069,1,915281
63416101,0.67,0.663814,1,915313
63417561,0.68,0.676763,1,915313
63419021,0.67,0.671353,1,915392
63420481,0.68,0.678271,1,915392
63421941,0.67,0.671654,1,915394
63423401,0.68,0.678331,1,915394
63424861,0.67,0.671666,1,915422
63426321,0.68,0.678333,1,915422
63427781,0.71,0.703667,1,915451
63429241,0.72,0.716733,1,915451
63430701,0.73,0.727347,1,915478
63432161,0.74,0.737469,1,915478
63433621,0.75,0.747494,1,915545
63435081,0.76,0.757499,2,915545
63436541,0.75,0.7515,2,915567
63438001,0.76,0.7583,2,915567
63439461,0.79,0.78366,2,915625
63440921,0.8,0.796732,2,915625
63442381,0.81,0.807346,2,915700
63443841,0.82,0.817469,2,915700
63445301,0.83,0.827494,2,915733
63446761,0.84,0.837499,2,915733
63448221,0.87,0.8635,2,915767
63449681,0.88,0.8767,2,915767
63451141,0.95,0.93534,2,915846
63454061,0.95,0.95,2,915848
63456981,0.95,0.95,2,915876
63597141,0.95,0.95,2,917801
63711021,0.95,0.95,2,919237
63829281,0.81,0.81,2,920683
63830741,0.82,0.818,2,920683
63832201,0.75,0.7636,2,920721
63833661,0.76,0.76072,2,920721
63835121,0.71,0.720144,1,920753
63836581,0.72,0.720029,1,920753
63838041,0.55,0.584006,1,920776
63839501,0.56,0.564801,1,920776
63840961,0.31,0.36096,1,920827
63842421,0.32,0.328192,1,920827
63843881,0.17,0.201638,1,920865
63845341,0.18,0.184328,1,920865
63846801,0.05,0.0768655,1,920888
63848261,0.06,0.0633731,1,920888
63849721,0.01,0.0206746,1,920923
63851181,0.02,0.0201349,1,920923
63852641,0.01,0.012027,1,920962
63854101,0.02,0.0184054,1,920962
63855561,0.01,0.0116811,1,920985
63857021,0.02,0.0183362,1,920985
63858481,0.01,0.0116672,1,921014
63859941,0.02,0.0183334,1,921014
63861401,0.02,0.0196667,1,921014
63862861,0.01,0.0119333,1,921050
63864321,0.02,0.0183867,1,921050
63865781,0.05,0.0436773,1,921078
63867241,0.06,0.0567355,1,921078
63868701,0.09,0.0833471,1,921124
63870161,0.1,0.0966694,1,921124
63871621,0,0.0193339,1,921145
63873081,0,0.00386678,1,921145
63874541,0.07,0.0567734,1,921180
63876001,0.08,0.0753547,1,921180
63877461,0.01,0.0230709,1,921210
63878921,0.02,0.0206142,1,921210
63880381,0.09,0.0761228,1,921225
63881841,0.1,0.0952246,1,921225
63883301,0.01,0.0270449,1,921264
63884761,0.02,0.021409,1,921264
63886221,0.07,0.0602818,1,921295
63887681,0.08,0.0760564,1,921295
63889141,0.11,0.103211,1,921312
63890601,0.12,0.116642,1,921312
63892061,0,0.0233285,1,921345
63893521,0,0.00466569,1,921345
63894981,0.01,0.00893314,1,921384
63896441,0.02,0.0177866,1,921384
63897901,0.01,0.0115573,1,921407
63899361,0.02,0.0183115,1,921407
63900821,0.01,0.0116623,1,921436
63902281,0.02,0.0183325,1,921436
63903741,0.07,0.0596665,1,921471
63905201,0.08,0.0759333,1,921471
63906661,0.05,0.0551867,1,921501
63908121,0.06,0.0590373,1,921501
63909581,0.01,0.0198075,1,921549
63911041,0.02,0.0199615,1,921549
63912501,0,0.0039923,1,921566
63913961,0,0.00079846,1,921566
63915421,0.03,0.0241597,1,921604
63916881,0.04,0.0368319,1,921604
63918341,0.11,0.0953664,1,921631
63919801,0.12,0.115073,1,921631
63921261,0.11,0.111015,1,921650
63922721,0.12,0.118203,1,921650
63924181,0.13,0.127641,1,921685
63925641,0.14,0.137528,1,921685
63927101,0.15,0.147506,1,921719
63928561,0.16,0.157501,1,921719
63930021,0.13,0.1355,1,921738
63931481,0.14,0.1391,1,921738
63932941,0.13,0.13182,1,921766
63934401,0.14,0.138364,1,921766
63935861,0.11,0.115673,1,921805
63937321,0.12,0.119135,1,921805
63938781,0.03,0.0478269,1,921828
63940241,0.04,0.0415654,1,921828
63941701,0.07,0.0643131,1,921857
63943161,0.08,0.0768626,1,921857
63944621,0.11,0.103373,1,921895
63946081,0.12,0.116675,1,921895
63947541,0.09,0.0953349,1,921924
63949001,0.1,0.099067,1,921924
63950461,0.1,0.0998134,1,921924
63951921,0.07,0.0759627,1,921970
63953381,0.08,0.0791925,1,921970
63954841,0.05,0.0558385,1,921987
63956301,0.06,0.0591677,1,921987
63957761,0.05,0.0518335,1,922026
63959221,0.06,0.0583667,1,922026
63960681,0.03,0.0356733,1,922057
63962141,0.04,0.0391347,1,922057
63963601,0.03,0.0318269,1,922076
63965061,0.04,0.0383654,1,922076
63966521,0.03,0.0316731,1,922112
63967981,0.04,0.0383346,1,922112
63969441,0.05,0.0476669,1,922147
63970901,0.06,0.0575334,1,922147
63972361,0.07,0.0675067,1,922165
63973821,0.08,0.0775013,1,922165
63975281,0.03,0.0395003,1,922193
63976741,0.04,0.0399001,1,922193
63978201,0.05,0.04798,1,922231
63979661,0.06,0.057596,1,922231
63981121,0.03,0.0355192,1,922250
63982581,0.04,0.0391038,1,922250
63984041,0.03,0.0318208,1,922281
63985501,0.04,0.0383642,1,922281
63986961,0.07,0.0636728,1,922321
63988421,0.08,0.0767346,1,922321
63989881,0.09,0.0873469,1,922349
63991341,0.1,0.0974694,1,922349
63992801,0.09,0.0914939,1,922351
63994261,0.1,0.0982988,1,922351
63995721,0.17,0.15566,1,922395
63997181,0.18,0.175132,1,922395
63998641,0.17,0.171026,1,922411
64000101,0.18,0.178205,1,922411
64001561,0.15,0.155641,1,922450
64003021,0.16,0.159128,1,922450
64004481,0.11,0.119826,1,922480
64005941,0.12,0.119965,1,922480
64007401,0.09,0.095993,1,922499
64008861,0.1,0.0991986,1,922499
64010321,0.11,0.10784,1,922535
64011781,0.12,0.117568,1,922535
64013241,0.13,0.127514,1,922571
64014701,0.14,0.137503,1,922571
64016161,0.11,0.115501,1,922590
64017621,0.12,0.1191,1,922590
64019081,0.13,0.12782,1,922616
64020541,0.14,0.137564,1,922616
64022001,0.17,0.163513,1,922655
64023461,0.18,0.176703,1,922655
64024921,0.13,0.139341,1,922673
64026381,0.14,0.139868,1,922673
64027841,0.11,0.115974,1,922704
64029301,0.12,0.119195,1,922704
64030761,0.07,0.0798389,1,922746
64032221,0.08,0.0799678,1,922746
64033681,0.07,0.0719936,1,922775
64035141,0.08,0.0783987,1,922775
64036601,0.07,0.0716797,1,922777
64038061,0.08,0.0783359,1,922777
64039521,0.07,0.0716672,1,922825
64040981,0.08,0.0783334,1,922825
64042441,0.08,0.0796667,1,922825
64043901,0.09,0.0879333,1,922841
64045361,0.1,0.0975867,1,922841
64046821,0.13,0.123517,1,922879
64048281,0.14,0.136703,1,922879
64049741,0.13,0.131341,1,922907
64051201,0.14,0.138268,1,922907
64052661,0.13,0.131654,1,922925
64054121,0.14,0.138331,1,922925
64055581,0.15,0.147666,1,922962
64057041,0.16,0.157533,1,922962
64058501,0.17,0.167507,1,922999
64059961,0.18,0.177501,1,922999
64061421,0.17,0.1715,1,923017
64062881,0.18,0.1783,1,923017
64064341,0.21,0.20366,1,923044
64065801,0.22,0.216732,1,923044
64067261,0.21,0.211346,1,923085
64068721,0.22,0.218269,1,923085
64070181,0.23,0.227654,1,923101
64071641,0.24,0.237531,1,923101
64073101,0.27,0.263506,1,923131
64074561,0.28,0.276701,1,923131
64076021,0.27,0.27134,1,923171
64077481,0.28,0.278268,1,923171
64078941,0.31,0.303654,1,923200
64080401,0.32,0.316731,1,923200
64081861,0.31,0.311346,1,923202
64083321,0.32,0.318269,1,923202
64084781,0.29,0.295654,1,923250
64086241,0.3,0.299131,1,923250
64087701,0.33,0.323826,1,923266
64089161,0.34,0.336765,1,923266
64090621,0.33,0.331353,1,923306
64092081,0.34,0.338271,1,923306
64093541,0.33,0.331654,1,923334
64095001,0.34,0.338331,1,923334
64096461,0.35,0.347666,1,923352
64097921,0.36,0.357533,1,923352
64099381,0.35,0.351507,1,923390
64100841,0.36,0.358301,1,923390
64102301,0.37,0.36766,1,923428
64103761,0.38,0.377532,1,923428
64105221,0.37,0.371506,1,923446
64106681,0.38,0.378301,1,923446
64108141,0.41,0.40366,1,923475
64109601,0.42,0.416732,1,923475
64111061,0.45,0.443346,1,923516
64112521,0.46,0.456669,1,923516
64113981,0.43,0.435334,1,923533
64115441,0.44,0.439067,1,923533
64116901,0.47,0.463813,1,923565
64118361,0.48,0.476763,1,923565
64119821,0.47,0.471353,1,923605
64121281,0.48,0.478271,1,923605
64122741,0.51,0.503654,1,923636
64124201,0.52,0.516731,1,923636
64125661,0.51,0.511346,1,923638
64127121,0.52,0.518269,1,923638
64128581,0.53,0.527654,1,923685
64130041,0.54,0.537531,1,923685
64131501,0.57,0.563506,1,923703
64132961,0.58,0.576701,1,923703
64134421,0.58,0.57934,1,923703
64135881,0.65,0.635868,1,923743
64137341,0.66,0.655174,1,923743
64138801,0.65,0.651035,1,923771
64140261,0.66,0.658207,1,923771
64141721,0.71,0.699641,1,923790
64143181,0.72,0.715928,1,923790
64144641,0.71,0.711186,1,923828
64146101,0.72,0.718237,1,923828
64147561,0.69,0.695647,1,923867
64149021,0.7,0.699129,1,923867
64150481,0.69,0.691826,1,923885
64151941,0.7,0.698365,1,923885
64153401,0.67,0.675673,1,923916
64154861,0.68,0.679135,1,923916
64156321,0.69,0.687827,1,923959
64157781,0.7,0.697565,1,923959
64159241,0.69,0.691513,1,923975
64160701,0.7,0.698303,1,923975
64162161,0.69,0.691661,1,924009
64163621,0.7,0.698332,1,924009
64165081,0.69,0.691666,1,924049
64166541,0.7,0.698333,1,924049
64168001,0.69,0.691667,1,924082
64169461,0.7,0.698333,1,924082
64170921,0.69,0.691667,1,924084
64172381,0.7,0.698333,1,924084
64173841,0.69,0.691667,1,924132
64175301,0.7,0.698333,1,924132
64176761,0.69,0.691667,1,924152
64178221,0.7,0.698333,1,924152
64179681,0.69,0.691667,1,924154
64181141,0.7,0.698333,1,924154
64182601,0.75,0.739667,1,924197
64184061,0.76,0.755933,2,924197
64185521,0.75,0.751187,2,924225
64186981,0.76,0.758237,2,924225
64188441,0.81,0.799647,2,924247
64189901,0.82,0.815929,2,924247
64191361,0.81,0.811186,2,924285
64192821,0.82,0.818237,2,924285
64194281,0.81,0.811647,2,924323
64195741,0.82,0.818329,2,924323
64197201,0.81,0.811666,2,924341
64198661,0.82,0.818333,2,924341
64200121,0.81,0.811667,2,924371
64201581,0.82,0.818333,2,924371
64203041,0.77,0.779667,2,924415
64204501,0.78,0.779933,2,924415
64205961,0.77,0.771987,2,924431
64207421,0.78,0.778397,2,924431
64208881,0.79,0.787679,2,924465
64210341,0.8,0.797536,2,924465
64211801,0.83,0.823507,2,924505
64213261,0.84,0.836701,2,924505
64214721,0.87,0.86334,2,924538
64216181,0.88,0.876668,2,924538
64217641,0.87,0.871334,2,924540
64219101,0.88,0.878267,2,924540
64220561,0.89,0.887653,2,924588
64222021,0.9,0.897531,2,924588
64223481,0.91,0.907506,2,924608
64224941,0.92,0.917501,2,924608
64226401,0.91,0.9115,2,924610
64227861,0.92,0.9183,2,924610
64229321,0.83,0.84766,2,924656
64230781,0.84,0.841532,2,924656
64232241,0.84,0.840306,2,924656
64233701,0.87,0.864061,2,924684
64235161,0.88,0.876812,2,924684
64236621,0.89,0.887362,2,924709
64238081,0.9,0.897472,2,924709
64239541,0.89,0.891495,2,924747
64241001,0.9,0.898299,2,924747
64242461,0.91,0.90766,2,924785
64243921,0.92,0.917532,2,924785
64245381,0.93,0.927506,2,924803
64246841,0.94,0.937501,2,924803
64248301,0.93,0.9315,2,924833
64249761,0.94,0.9383,2,924833
64251221,0.93,0.93166,2,924875
64252681,0.94,0.938332,2,924875
64254141,0.93,0.931666,2,924891
64255601,0.94,0.938333,2,924891
64257061,0.95,0.947667,2,924926
64385541,0.92,0.92,2,926291
64388461,0.91,0.91,2,926355
64389921,0.83,0.846,2,926388
64391381,0.75,0.7692,2,926428
64392841,0.57,0.60984,1,926474
64394301,0.47,0.497968,1,926502
64395761,0.37,0.395594,1,926526
64397221,0.23,0.263119,1,926560
64398681,0.17,0.188624,1,926612
64400141,0.07,0.0937247,1,926624
64401601,0.09,0.090745,1,926637
64403061,0.05,0.058149,1,926644
64404521,0.03,0.0356298,1,926649
64405981,0,0.00712596,1,926716
64407441,0,0.00142519,1,926716
64408901,0.01,0.00828504,1,926802
64410361,0.02,0.017657,1,926802
64411821,0.01,0.0115314,1,926850
64413281,0.02,0.0183063,1,926850
64414741,0.01,0.0116613,1,926923
64416201,0.02,0.0183323,1,926923
64417661,0.07,0.0596664,1,926965
64419121,0.08,0.0759333,1,926965
64420581,0.13,0.119187,1,927041
64422041,0.14,0.135837,1,927041
64423501,0.11,0.115167,1,927062
64424961,0.12,0.119033,1,927062
64426421,0.13,0.127807,1,927071
64427881,0.14,0.137561,1,927071
64429341,0,0.0275123,1,927138
64430801,0,0.00550245,1,927138
64432261,0.01,0.00910049,1,927224
64433721,0.02,0.0178201,1,927224
64435181,0.03,0.027564,1,927272
64436641,0.04,0.0375128,1,927272
64438101,0.03,0.0315026,1,927345
64439561,0.04,0.0383005,1,927345
64441021,0.03,0.0316601,1,927390
64442481,0.04,0.038332,1,927390
64443941,0.13,0.111666,1,927469
64445401,0.14,0.134333,1,927469
64446861,0.13,0.130867,1,927489
64448321,0.14,0.138173,1,927489
64449781,0.13,0.131635,1,927499
64451241,0.14,0.138327,1,927499
64452701,0.14,0.139665,1,927499
64454161,0.07,0.0839331,1,927560
64455621,0.08,0.0807866,1,927560
64457081,0.09,0.0881573,1,927646
64458541,0.1,0.0976315,1,927646
64460001,0.15,0.139526,1,927695
64461461,0.16,0.155905,1,927695
64462921,0.15,0.151181,1,927768
64464381,0.16,0.158236,1,927768
64465841,0.13,0.135647,1,927813
64467301,0.14,0.139129,1,927813
64468761,0.11,0.115826,1,927897
64470221,0.12,0.119165,1,927897
64471681,0.11,0.111833,1,927917
64473141,0.12,0.118367,1,927917
64474601,0.11,0.111673,1,927927
64476061,0.12,0.118335,1,927927
64477521,0.13,0.127667,1,927984
64478981,0.14,0.137533,1,927984
64480441,0.15,0.147507,1,928071
64481901,0.16,0.157501,1,928071
64483361,0.19,0.1835,1,928123
64484821,0.2,0.1967,1,928123
64486281,0.25,0.23934,1,928196
64487741,0.26,0.255868,1,928196
64489201,0.27,0.267174,1,928240
64490661,0.28,0.277435,1,928240
64492121,0.29,0.287487,1,928323
64493581,0.3,0.297497,1,928323
64495041,0.29,0.291499,1,928343
64496501,0.3,0.2983,1,928343
64497961,0.29,0.29166,1,928353
64499421,0.3,0.298332,1,928353
64500881,0.37,0.355666,1,928411
64502341,0.38,0.375133,1,928411
64503801,0.37,0.371027,1,928499
64505261,0.38,0.378205,1,928499
64506721,0.38,0.379641,1,928499
64508181,0.45,0.435928,1,928553
64509641,0.46,0.455186,1,928553
64511101,0.49,0.483037,1,928629
64512561,0.5,0.496607,1,928629
64514021,0.51,0.507321,1,928674
64515481,0.52,0.517464,1,928674
64516941,0.51,0.511493,1,928758
64518401,0.52,0.518299,1,928758
64519861,0.51,0.51166,1,928778
64521321,0.52,0.518332,1,928778
64522781,0.51,0.511666,1,928788
64524241,0.52,0.518333,1,928788
64525701,0.55,0.543667,1,928850
64527161,0.56,0.556733,1,928850
64528621,0.57,0.567347,1,928938
64530081,0.58,0.577469,1,928938
64531541,0.57,0.571494,1,928940
64533001,0.58,0.578299,1,928940
64534461,0.59,0.58766,1,928997
64535921,0.6,0.597532,1,928997
64537381,0.55,0.559506,1,929075
64538841,0.56,0.559901,1,929075
64540301,0.59,0.58398,1,929121
64541761,0.6,0.596796,1,929121
64543221,0.63,0.623359,1,929205
64544681,0.64,0.636672,1,929205
64546141,0.63,0.631334,1,929225
64547601,0.64,0.638267,1,929225
64549061,0.63,0.631653,1,929235
64550521,0.64,0.638331,1,929235
64551981,0.69,0.679666,1,929299
64553441,0.7,0.695933,1,929299
64554901,0.77,0.755187,2,929388
64556361,0.78,0.775037,2,929388
64557821,0.77,0.771007,2,929390
64559281,0.78,0.778202,2,929390
64560741,0.78,0.77964,2,929390
64562201,0.85,0.835928,2,929448
64563661,0.86,0.855186,2,929448
64565121,0.89,0.883037,2,929524
64566581,0.9,0.896607,2,929524
64568041,0.93,0.923321,2,929572
64569501,0.94,0.936664,2,929572
64570961,0.91,0.915333,2,929658
64572421,0.92,0.919067,2,929658
64573881,0.91,0.911813,2,929678
64575341,0.92,0.918363,2,929678
64576801,0.91,0.911673,2,929688
64578261,0.92,0.918334,2,929688
64579721,0.93,0.927667,2,929755
64581181,0.94,0.937533,2,929755
64582641,0.89,0.899507,2,929848
64584101,0.9,0.899901,2,929848
64585561,0.89,0.89198,2,929850
64587021,0.9,0.898396,2,929850
64588481,0.93,0.923679,2,929911
64589941,0.94,0.936736,2,929911
64591401,0.95,0.947347,2,929989
64690681,0.95,0.95,2,931622
64693601,0.77,0.77,2,931672
64695061,0.78,0.778,2,931672
64696521,0.61,0.6436,1,931765
64697981,0.62,0.62472,1,931765
64699441,0.55,0.564944,1,931796
64700901,0.56,0.560989,1,931796
64702361,0.53,0.536198,1,931822
64703821,0.54,0.53924,1,931822
64705281,0.51,0.515848,1,931902
64706741,0.52,0.51917,1,931902
64708201,0.47,0.479834,1,931939
64709661,0.48,0.479967,1,931939
64711121,0.45,0.455993,1,931967
64712581,0.46,0.459199,1,931967
64714041,0.35,0.37184,1,932039
64715501,0.36,0.362368,1,932039
64716961,0.43,0.416474,1,932071
64718421,0.44,0.435295,1,932071
64719881,0.43,0.431059,1,932094
64721341,0.44,0.438212,1,932094
64722801,0.41,0.415642,1,932131
64724261,0.42,0.419128,1,932131
64725721,0.47,0.459826,1,932216
64727181,0.48,0.475965,1,932216
64728641,0.49,0.487193,1,932244
64730101,0.5,0.497439,1,932244
64731561,0.47,0.475488,1,932269
64733021,0.48,0.479098,1,932269
64734481,0.51,0.503819,1,932348
64735941,0.52,0.516764,1,932348
64737401,0.49,0.495353,1,932383
64738861,0.5,0.499071,1,932383
64740321,0.55,0.539814,1,932410
64741781,0.56,0.555963,1,932410
64743241,0.57,0.567193,1,932477
64744701,0.58,0.577439,1,932477
64746161,0.58,0.579488,1,932477
64747621,0.61,0.603898,1,932513
64749081,0.62,0.61678,1,932513
64750541,0.59,0.595356,1,932536
64752001,0.6,0.599071,1,932536
64753461,0.63,0.623814,1,932572
64754921,0.64,0.636763,1,932572
64756381,0.69,0.679353,1,932660
64757841,0.7,0.695871,1,932660
64759301,0.71,0.707174,1,932689
64760761,0.72,0.717435,1,932689
64762221,0.73,0.727487,1,932713
64763681,0.74,0.737497,1,932713
64765141,0.71,0.715499,1,932794
64766601,0.72,0.7191,1,932794
64768061,0.75,0.74382,1,932828
64769521,0.76,0.756764,2,932828
64770981,0.77,0.767353,2,932858
64772441,0.78,0.777471,2,932858
64773901,0.77,0.771494,2,932926
64775361,0.78,0.778299,2,932926
64776821,0.77,0.77166,2,932928
64778281,0.78,0.778332,2,932928
64779741,0.79,0.787666,2,932965
64781201,0.8,0.797533,2,932965
64782661,0.79,0.791507,2,932987
64784121,0.8,0.798301,2,932987
64785581,0.79,0.79166,2,933025
64787041,0.8,0.798332,2,933025
64788501,0.83,0.823666,2,933116
64789961,0.84,0.836733,2,933116
64791421,0.83,0.831347,2,933146
64792881,0.84,0.838269,2,933146
64794341,0.81,0.815654,2,933171
64795801,0.82,0.819131,2,933171
64797261,0.85,0.843826,2,933251
64798721,0.86,0.856765,2,933251
64800181,0.85,0.851353,2,933287
64801641,0.86,0.858271,2,933287
64803101,0.91,0.899654,2,933318
64804561,0.92,0.915931,2,933318
64940341,0.88,0.88,2,935277
64941801,0.89,0.888,2,935277
64943261,0.87,0.8736,2,935310
64944721,0.88,0.87872,2,935310
64946181,0.75,0.775744,2,935353
64947641,0.76,0.763149,2,935353
64949101,0.79,0.78463,2,935385
64950561,0.8,0.796926,2,935385
64952021,0.75,0.759385,2,935412
64953481,0.76,0.759877,2,935412
64954941,0.71,0.719975,1,935427
64956401,0.72,0.719995,1,935427
64957861,0.72,0.719999,1,935427
64959321,0.69,0.696,1,935483
64960781,0.7,0.6992,1,935483
64962241,0.59,0.61184,1,935517
64963701,0.6,0.602368,1,935517
64965161,0.53,0.544474,1,935551
64966621,0.54,0.540895,1,935551
64968081,0.43,0.452179,1,935626
64969541,0.44,0.442436,1,935626
64971001,0.47,0.464487,1,935652
64972461,0.48,0.476897,1,935652
64973921,0.41,0.423379,1,935692
64975381,0.42,0.420676,1,935692
64976841,0.41,0.412135,1,935743
64978301,0.42,0.418427,1,935743
64979761,0.41,0.411685,1,935775
64981221,0.42,0.418337,1,935775
64982681,0.39,0.395667,1,935812
64984141,0.4,0.399133,1,935812
64985601,0.45,0.439827,1,935846
64987061,0.46,0.455965,1,935846
64988521,0.43,0.435193,1,935871
64989981,0.44,0.439039,1,935871
64991441,0.47,0.463808,1,935884
64992901,0.48,0.476762,1,935884
64994361,0.55,0.535352,1,935938
64995821,0.56,0.55507,1,935938
64997281,0.55,0.551014,1,935967
64998741,0.56,0.558203,1,935967
65000201,0.57,0.567641,1,935998
65001661,0.58,0.577528,1,935998
65003121,0.61,0.603506,1,936068
65004581,0.62,0.616701,1,936068
65006041,0.61,0.61134,1,936096
65007501,0.62,0.618268,1,936096
65008961,0.59,0.595654,1,936133
65010421,0.6,0.599131,1,936133
65011881,0.65,0.639826,1,936184
65013341,0.66,0.655965,1,936184
65014801,0.67,0.667193,1,936216
65016261,0.68,0.677439,1,936216
65017721,0.69,0.687488,1,936252
65019181,0.7,0.697498,1,936252
65020641,0.67,0.6755,1,936289
65022101,0.68,0.6791,1,936289
65023561,0.71,0.70382,1,936313
65025021,0.72,0.716764,1,936313
65026481,0.69,0.695353,1,936328
65027941,0.7,0.699071,1,936328
65029401,0.73,0.723814,1,936386
65030861,0.74,0.736763,1,936386
65032321,0.71,0.715353,1,936415
65033781,0.72,0.719071,1,936415
65035241,0.72,0.719814,1,936415
65036701,0.75,0.743963,1,936447
65038161,0.76,0.756793,2,936447
65039621,0.77,0.767359,2,936519
65041081,0.78,0.777472,2,936519
65042541,0.81,0.803494,2,936547
65044001,0.82,0.816699,2,936547
65045461,0.81,0.81134,2,936583
65046921,0.82,0.818268,2,936583
65048381,0.87,0.859654,2,936637
65049841,0.88,0.875931,2,936637
65051301,0.89,0.887186,2,936670
65052761,0.9,0.897437,2,936670
65054221,0.93,0.923487,2,936707
65055681,0.94,0.936698,2,936707
65057141,0.93,0.93134,2,936743
65058601,0.94,0.938268,2,936743
65060061,0.93,0.931654,2,936769
65061521,0.94,0.938331,2,936769
65062981,0.93,0.931666,2,936783
65064441,0.94,0.938333,2,936783
65065901,0.95,0.947667,2,936843
65074661,0.95,0.95,2,936906
65077581,0.95,0.95,2,936979
65080501,0.91,0.91,2,937009
65081961,0.92,0.918,2,937009
65083421,0.91,0.9116,2,937045
65084881,0.92,0.91832,2,937045
65086341,0.93,0.927664,2,937102
65087801,0.94,0.937533,2,937102
65089261,0.93,0.931507,2,937136
65090721,0.94,0.938301,2,937136
65208981,0.95,0.95,2,938594
65214821,0.91,0.91,2,938655
65216281,0.92,0.918,2,938655
65220661,0.91,0.91,2,938731
65222121,0.92,0.918,2,938731
65223581,0.95,0.9436,2,938762
65229421,0.95,0.95,2,938825
65232341,0.91,0.91,2,938858
65233801,0.92,0.918,2,938858
65235261,0.95,0.9436,2,938896
65238181,0.93,0.93,2,938921
65239641,0.94,0.938,2,938921
65241101,0.91,0.9156,2,938952
65242561,0.92,0.91912,2,938952
65244021,0.93,0.927824,2,938990
65245481,0.94,0.937565,2,938990
65246941,0.81,0.835513,2,939021
65248401,0.82,0.823103,2,939021
65249861,0.89,0.876621,2,939068
65251321,0.9,0.895324,2,939068
65252781,0.91,0.907065,2,939097
65254241,0.92,0.917413,2,939097
65255701,0.93,0.927483,2,939124
65257161,0.94,0.937497,2,939124
65258621,0.91,0.915499,2,939148
65260081,0.92,0.9191,2,939148
65261541,0.93,0.92782,2,939198
65263001,0.94,0.937564,2,939198
65264461,0.95,0.947513,2,939231
65267381,0.93,0.93,2,939275
65268841,0.94,0.938,2,939275
65413381,0.92,0.92,2,940911
65414841,0.93,0.928,2,940911
65419221,0.87,0.87,2,940969
65420681,0.88,0.878,2,940969
65422141,0.81,0.8236,2,941000
65423601,0.82,0.82072,2,941000
65425061,0.71,0.732144,1,941028
65426521,0.72,0.722429,1,941028
65427981,0.61,0.632486,1,941062
65429441,0.62,0.622497,1,941062
65430901,0.59,0.596499,1,941101
65432361,0.6,0.5993,1,941101
65433821,0.45,0.47986,1,941140
65435281,0.46,0.463972,1,941140
65436741,0.37,0.388794,1,941183
65438201,0.38,0.381759,1,941183
65439661,0.29,0.308352,1,941218
65441121,0.3,0.30167,1,941218
65442581,0.11,0.148334,1,941243
65444041,0.12,0.125667,1,941243
65445501,0.09,0.0971334,1,941279
65446961,0.1,0.0994267,1,941279
65448421,0.05,0.0598853,1,941315
65449881,0.06,0.0599771,1,941315
65451341,0.01,0.0199954,1,941338
65452801,0.02,0.0199991,1,941338
65454261,0,0.00399982,1,941348
65455721,0,0.000799963,1,941348
65457181,0,0.000159993,1,941381
65458641,0,3.19985e-05,1,941381
65460101,0.01,0.0080064,1,941411
65461561,0.02,0.0176013,1,941411
65463021,0.02,0.0195203,1,941411
65464481,0.01,0.0119041,1,941434
65465941,0.02,0.0183808,1,941434
65467401,0.01,0.0116762,1,941462
65468861,0.02,0.0183352,1,941462
65470321,0.03,0.027667,1,941485
65471781,0.04,0.0375334,1,941485
65473241,0.01,0.0155067,1,941514
65474701,0.02,0.0191013,1,941514
65476161,0.03,0.0278203,1,941552
65477621,0.04,0.0375641,1,941552
65479081,0.01,0.0155128,1,941584
65480541,0.02,0.0191026,1,941584
65482001,0.03,0.0278205,1,941623
65483461,0.04,0.0375641,1,941623
65484921,0.01,0.0155128,1,941654
65486381,0.02,0.0191026,1,941654
65487841,0.07,0.0598205,1,941670
65489301,0.08,0.0759641,1,941670
65490761,0.07,0.0711928,1,941705
65492221,0.08,0.0782386,1,941705
65493681,0.09,0.0876477,1,941739
65495141,0.1,0.0975295,1,941739
65496601,0.05,0.0595059,1,941760
65498061,0.06,0.0599012,1,941760
65499521,0.01,0.0199802,1,941770
65500981,0.02,0.019996,1,941770
65502441,0.05,0.0439992,1,941803
65503901,0.06,0.0567998,1,941803
65505361,0.01,0.01936,1,941833
65506821,0.02,0.019872,1,941833
65508281,0.07,0.0599744,1,941855
65509741,0.08,0.0759949,1,941855
65511201,0.07,0.071199,1,941883
65512661,0.08,0.0782398,1,941883
65514121,0.09,0.087648,1,941907
65515581,0.1,0.0975296,1,941907
65517041,0.15,0.139506,1,941935
65518501,0.16,0.155901,1,941935
65519961,0.19,0.18318,1,941974
65521421,0.2,0.196636,1,941974
65522881,0.17,0.175327,1,942005
65524341,0.18,0.179065,1,942005
65525801,0.21,0.203813,1,942045
65527261,0.22,0.216763,1,942045
65528721,0.23,0.227353,1,942075
65530181,0.24,0.237471,1,942075
65531641,0.21,0.215494,1,942094
65533101,0.22,0.219099,1,942094
65534561,0.23,0.22782,1,942129
65536021,0.24,0.237564,1,942129
65537481,0.25,0.247513,1,942164
65538941,0.26,0.257503,1,942164
65540401,0.23,0.235501,1,942183
65541861,0.24,0.2391,1,942183
65543321,0.23,0.23182,1,942191
65544781,0.24,0.238364,1,942191
65546241,0.17,0.183673,1,942226
65547701,0.18,0.180735,1,942226
65549161,0.17,0.172147,1,942254
65550621,0.18,0.178429,1,942254
65552081,0.11,0.123686,1,942279
65553541,0.12,0.120737,1,942279
65555001,0.12,0.120147,1,942279
65556461,0.15,0.144029,1,942307
65557921,0.16,0.156806,1,942307
65559381,0.13,0.135361,1,942332
65560841,0.14,0.139072,1,942332
65562301,0.11,0.115814,1,942363
65563761,0.12,0.119163,1,942363
65565221,0.11,0.111833,1,942404
65566681,0.12,0.118367,1,942404
65568141,0.13,0.127673,1,942434
65569601,0.14,0.137535,1,942434
65571061,0.15,0.147507,1,942476
65572521,0.16,0.157501,1,942476
65573981,0.19,0.1835,1,942507
65575441,0.2,0.1967,1,942507
65576901,0.21,0.20734,1,942525
65578361,0.22,0.217468,1,942525
65579821,0.23,0.227494,1,942561
65581281,0.24,0.237499,1,942561
65582741,0.23,0.2315,1,942597
65584201,0.24,0.2383,1,942597
65585661,0.25,0.24766,1,942615
65587121,0.26,0.257532,1,942615
65588581,0.27,0.267506,1,942623
65590041,0.28,0.277501,1,942623
65591501,0.29,0.2875,1,942655
65592961,0.3,0.2975,1,942655
65594421,0.29,0.2915,1,942683
65595881,0.3,0.2983,1,942683
65597341,0.29,0.29166,1,942705
65598801,0.3,0.298332,1,942705
65600261,0.29,0.291666,1,942707
65601721,0.3,0.298333,1,942707
65603181,0.29,0.291667,1,942736
65604641,0.3,0.298333,1,942736
65606101,0.31,0.307667,1,942760
65607561,0.32,0.317533,1,942760
65609021,0.31,0.311507,1,942790
65610481,0.32,0.318301,1,942790
65611941,0.29,0.29566,1,942831
65613401,0.3,0.299132,1,942831
65614861,0.31,0.307826,1,942862
65616321,0.32,0.317565,1,942862
65617781,0.31,0.311513,1,942905
65619241,0.32,0.318303,1,942905
65620701,0.35,0.343661,1,942938
65622161,0.36,0.356732,1,942938
65623621,0.33,0.335346,1,942957
65625081,0.34,0.339069,1,942957
65626541,0.33,0.331814,1,942994
65628001,0.34,0.338363,1,942994
65629461,0.33,0.331673,1,943030
65630921,0.34,0.338335,1,943030
65632381,0.31,0.315667,1,943049
65633841,0.32,0.319133,1,943049
65635301,0.33,0.327827,1,943058
65636761,0.34,0.337565,1,943058
65638221,0.35,0.347513,1,943091
65639681,0.36,0.357503,1,943091
65641141,0.35,0.351501,1,943119
65642601,0.36,0.3583,1,943119
65644061,0.35,0.35166,1,943141
65645521,0.36,0.358332,1,943141
65646981,0.35,0.351666,1,943143
65648441,0.36,0.358333,1,943143
65649901,0.33,0.335667,1,943172
65651361,0.34,0.339133,1,943172
65652821,0.34,0.339827,1,943172
65654281,0.37,0.363965,1,943197
65655741,0.38,0.376793,1,943197
65657201,0.41,0.403359,1,943227
65658661,0.42,0.416672,1,943227
65660121,0.41,0.411334,1,943267
65661581,0.42,0.418267,1,943267
65663041,0.47,0.459653,1,943299
65664501,0.48,0.475931,1,943299
65665961,0.49,0.487186,1,943342
65667421,0.5,0.497437,1,943342
65668881,0.55,0.539487,1,943377
65670341,0.56,0.555897,1,943377
65671801,0.57,0.56718,1,943395
65673261,0.58,0.577436,1,943395
65674721,0.57,0.571487,1,943432
65676181,0.58,0.578297,1,943432
65677641,0.59,0.587659,1,943468
65679101,0.6,0.597532,1,943468
65680561,0.59,0.591506,1,943486
65682021,0.6,0.598301,1,943486
65683481,0.59,0.59166,1,943496
65684941,0.6,0.598332,1,943496
65686401,0.63,0.623666,1,943530
65687861,0.64,0.636733,1,943530
65689321,0.67,0.663347,1,943558
65690781,0.68,0.676669,1,943558
65692241,0.67,0.671334,1,943580
65693701,0.68,0.678267,1,943580
65695161,0.67,0.671653,1,943582
65696621,0.68,0.678331,1,943582
65698081,0.67,0.671666,1,943610
65699541,0.68,0.678333,1,943610
65701001,0.69,0.687667,1,943636
65702461,0.7,0.697533,1,943636
65703921,0.69,0.691507,1,943668
65705381,0.7,0.698301,1,943668
65706841,0.69,0.69166,1,943708
65708301,0.7,0.698332,1,943708
65709761,0.73,0.723666,1,943743
65711221,0.74,0.736733,1,943743
65712681,0.77,0.763347,2,943787
65714141,0.78,0.776669,2,943787
65715601,0.81,0.803334,2,943825
65717061,0.82,0.816667,2,943825
65718521,0.81,0.811333,2,943844
65719981,0.82,0.818267,2,943844
65721441,0.85,0.843653,2,943881
65722901,0.86,0.856731,2,943881
65724361,0.87,0.867346,2,943918
65725821,0.88,0.877469,2,943918
65727281,0.87,0.871494,2,943936
65728741,0.88,0.878299,2,943936
65730201,0.87,0.87166,2,943946
65731661,0.88,0.878332,2,943946
65733121,0.89,0.887666,2,943982
65734581,0.9,0.897533,2,943982
65736041,0.89,0.891507,2,944012
65737501,0.9,0.898301,2,944012
65738961,0.89,0.89166,2,944034
65740421,0.9,0.898332,2,944034
65741881,0.89,0.891666,2,944036
65743341,0.9,0.898333,2,944036
65744801,0.89,0.891667,2,944064
65746261,0.9,0.898333,2,944064
65747721,0.87,0.875667,2,944091
65749181,0.88,0.879133,2,944091
65750641,0.87,0.871827,2,944123
65752101,0.88,0.878365,2,944123
65753561,0.88,0.879673,2,944123
65755021,0.93,0.919935,2,944163
65756481,0.94,0.935987,2,944163
65757941,0.95,0.947197,2,944200
65760861,0.93,0.93,2,944246
65762321,0.94,0.938,2,944246
65763781,0.93,0.9316,2,944286
65765241,0.94,0.93832,2,944286
65766701,0.91,0.915664,2,944305
65768161,0.92,0.919133,2,944305
65769621,0.95,0.943827,2,944344
65944821,0.92,0.92,2,946179
65946281,0.73,0.768,2,946219
65947741,0.67,0.6896,1,946254
65949201,0.61,0.62592,1,946301
65950661,0.49,0.517184,1,946335
65952121,0.45,0.463437,1,946370
65953581,0.29,0.324687,1,946415
65955041,0.25,0.264937,1,946423
65956501,0.19,0.204987,1,946438
65957961,0.15,0.160997,1,946455
65959421,0.09,0.104199,1,946472
65960881,0.03,0.0448399,1,946491
65962341,0.09,0.080968,1,946535
65963801,0.11,0.104194,1,946553
65965261,0.11,0.108839,1,946579
65966721,0,0.0217677,1,946624
65968181,0.07,0.0603535,1,946676
65969641,0.08,0.0760707,1,946676
65971101,0.03,0.0392141,1,946752
65972561,0.04,0.0398428,1,946752
65974021,0.01,0.0159686,1,946813
65975481,0.02,0.0191937,1,946813
65976941,0.05,0.0438387,1,946856
65978401,0.06,0.0567677,1,946856
65979861,0.03,0.0353536,1,946883
65981321,0.04,0.0390707,1,946883
65982781,0.03,0.0318141,1,946913
65984241,0.04,0.0383628,1,946913
65985701,0.07,0.0636726,1,946979
65987161,0.08,0.0767345,1,946979
65988621,0.07,0.0713469,1,947045
65990081,0.08,0.0782694,1,947045
65991541,0.08,0.0796539,1,947045
65993001,0.15,0.135931,1,947101
65994461,0.16,0.155186,1,947101
65995921,0.09,0.103037,1,947175
65997381,0.1,0.100607,1,947175
65998841,0.09,0.0921215,1,947235
66000301,0.1,0.0984243,1,947235
66001761,0.13,0.123685,1,947280
66003221,0.14,0.136737,1,947280
66004681,0.17,0.163347,1,947306
66006141,0.18,0.176669,1,947306
66007601,0.23,0.219334,1,947336
66009061,0.24,0.235867,1,947336
66010521,0.05,0.0871734,1,947404
66011981,0.06,0.0654347,1,947404
66013441,0.09,0.0850869,1,947470
66014901,0.1,0.0970174,1,947470
66016361,0.13,0.123403,1,947529
66017821,0.14,0.136681,1,947529
66019281,0.13,0.131336,1,947600
66020741,0.14,0.138267,1,947600
66022201,0.13,0.131653,1,947660
66023661,0.14,0.138331,1,947660
66025121,0.19,0.179666,1,947707
66026581,0.2,0.195933,1,947707
66028041,0.23,0.223187,1,947735
66029501,0.24,0.236637,1,947735
66030961,0.27,0.263327,1,947768
66032421,0.28,0.276665,1,947768
66033881,0.29,0.287333,1,947827
66035341,0.3,0.297467,1,947827
66036801,0.29,0.291493,1,947895
66038261,0.3,0.298299,1,947895
66039721,0.27,0.27566,1,947956
66041181,0.28,0.279132,1,947956
66042641,0.28,0.279826,1,947956
66044101,0.35,0.335965,1,948027
66045561,0.36,0.355193,1,948027
66047021,0.35,0.351039,1,948087
66048481,0.36,0.358208,1,948087
66049941,0.31,0.319642,1,948137
66051401,0.32,0.319928,1,948137
66052861,0.29,0.295986,1,948167
66054321,0.3,0.299197,1,948167
66055781,0.27,0.275839,1,948202
66057241,0.28,0.279168,1,948202
66058701,0.35,0.335834,1,948262
66060161,0.36,0.355167,1,948262
66061621,0.39,0.383033,1,948330
66063081,0.4,0.396607,1,948330
66064541,0.43,0.423321,1,948390
66066001,0.44,0.436664,1,948390
66067461,0.43,0.431333,1,948392
66068921,0.44,0.438267,1,948392
66070381,0.51,0.495653,1,948466
66071841,0.52,0.515131,1,948466
66073301,0.53,0.527026,1,948526
66074761,0.54,0.537405,1,948526
66076221,0.53,0.531481,1,948574
66077681,0.54,0.538296,1,948574
66079141,0.55,0.547659,1,948603
66080601,0.56,0.557532,1,948603
66082061,0.57,0.567506,1,948637
66083521,0.58,0.577501,1,948637
66084981,0.55,0.5555,1,948701
66086441,0.56,0.5591,1,948701
66087901,0.57,0.56782,1,948771
66089361,0.58,0.577564,1,948771
66090821,0.61,0.603513,1,948833
66092281,0.62,0.616703,1,948833
66093741,0.61,0.61134,1,948835
66095201,0.62,0.618268,1,948835
66096661,0.57,0.579654,1,948913
66098121,0.58,0.579931,1,948913
66099581,0.58,0.579986,1,948913
66101041,0.65,0.635997,1,948974
66102501,0.66,0.655199,1,948974
66103961,0.65,0.65104,1,949022
66105421,0.66,0.658208,1,949022
66106881,0.67,0.667642,1,949052
66108341,0.68,0.677528,1,949052
66109801,0.69,0.687506,1,949087
66111261,0.7,0.697501,1,949087
66112721,0.71,0.7075,1,949150
66114181,0.72,0.7175,1,949150
66115641,0.85,0.8235,2,949221
66117101,0.86,0.8527,2,949221
66118561,0.91,0.89854,2,949285
66120021,0.92,0.915708,2,949285
66121481,0.91,0.911142,2,949287
66122941,0.92,0.918228,2,949287
66124401,0.95,0.943646,2,949363
66127321,0.95,0.95,2,949427
66130241,0.95,0.95,2,949475
66133161,0.93,0.93,2,949506
66134621,0.94,0.938,2,949506
66136081,0.93,0.9316,2,949542
66137541,0.94,0.93832,2,949542
66139001,0.93,0.931664,2,949606
66140461,0.94,0.938333,2,949606
66238281,0.84,0.84,2,951272
66239741,0.85,0.848,2,951272
66241201,0.83,0.8336,2,951340
66242661,0.84,0.83872,2,951340
66244121,0.77,0.783744,2,951380
66245581,0.78,0.780749,2,951380
66247041,0.63,0.66015,1,951423
66248501,0.64,0.64403,1,951423
66249961,0.57,0.584806,1,951456
66251421,0.58,0.580961,1,951456
66252881,0.53,0.540192,1,951484
66254341,0.54,0.540038,1,951484
66255801,0.43,0.452008,1,951520
66257261,0.44,0.442402,1,951520
66258721,0.33,0.35248,1,951575
66260181,0.34,0.342496,1,951575
66261641,0.23,0.252499,1,951652
66263101,0.24,0.2425,1,951652
66264561,0.15,0.1685,1,951679
66266021,0.16,0.1617,1,951679
66267481,0.21,0.20034,1,951743
66268941,0.22,0.216068,1,951743
66270401,0.27,0.259214,1,951802
66271861,0.28,0.275843,1,951802
66273321,0.25,0.255169,1,951839
66274781,0.26,0.259034,1,951839
66276241,0.25,0.251807,1,951875
66277701,0.26,0.258361,1,951875
66279161,0.25,0.251672,1,951905
66280621,0.26,0.258334,1,951905
66282081,0.21,0.219667,1,951931
66283541,0.22,0.219933,1,951931
66285001,0.22,0.219987,1,951931
66286461,0.23,0.227997,1,951962
66287921,0.24,0.237599,1,951962
66289381,0.29,0.27952,1,952012
66290841,0.3,0.295904,1,952012
66292301,0.21,0.227181,1,952084
66293761,0.22,0.221436,1,952084
66295221,0.23,0.228287,1,952107
66296681,0.24,0.237657,1,952107
66298141,0.29,0.279531,1,952174
66299601,0.3,0.295906,1,952174
66301061,0.31,0.307181,1,952236
66302521,0.32,0.317436,1,952236
66303981,0.33,0.327487,1,952272
66305441,0.34,0.337497,1,952272
66306901,0.35,0.347499,1,952308
66308361,0.36,0.3575,1,952308
66309821,0.37,0.3675,1,952338
66311281,0.38,0.3775,1,952338
66312741,0.37,0.3715,1,952362
66314201,0.38,0.3783,1,952362
66315661,0.37,0.37166,1,952364
66317121,0.38,0.378332,1,952364
66318581,0.41,0.403666,1,952395
66320041,0.42,0.416733,1,952395
66321501,0.47,0.459347,1,952448
66322961,0.48,0.475869,1,952448
66324421,0.47,0.471174,1,952516
66325881,0.48,0.478235,1,952516
66327341,0.47,0.471647,1,952540
66328801,0.48,0.478329,1,952540
66330261,0.51,0.503666,1,952610
66331721,0.52,0.516733,1,952610
66333181,0.53,0.527347,1,952673
66334641,0.54,0.537469,1,952673
66336101,0.51,0.515494,1,952710
66337561,0.52,0.519099,1,952710
66339021,0.53,0.52782,1,952747
66340481,0.54,0.537564,1,952747
66341941,0.51,0.515513,1,952778
66343401,0.52,0.519103,1,952778
66344861,0.51,0.511821,1,952802
66346321,0.52,0.518364,1,952802
66347781,0.51,0.511673,1,952804
66349241,0.52,0.518335,1,952804
66350701,0.53,0.527667,1,952837
66352161,0.54,0.537533,1,952837
66353621,0.54,0.539507,1,952837
66355081,0.59,0.579901,1,952893
66356541,0.6,0.59598,1,952893
66358001,0.59,0.591196,1,952961
66359461,0.6,0.598239,1,952961
66360921,0.59,0.591648,1,952985
66362381,0.6,0.59833,1,952985
66363841,0.67,0.655666,1,953057
66365301,0.68,0.675133,1,953057
66366761,0.73,0.719027,1,953121
66368221,0.74,0.735805,1,953121
66369681,0.75,0.747161,1,953157
66371141,0.76,0.757432,2,953157
66372601,0.79,0.783486,2,953195
66374061,0.8,0.796697,2,953195
66375521,0.79,0.791339,2,953225
66376981,0.8,0.798268,2,953225
66378441,0.79,0.791654,2,953249
66379901,0.8,0.798331,2,953249
66381361,0.79,0.791666,2,953251
66382821,0.8,0.798333,2,953251
66384281,0.81,0.807667,2,953285
66385741,0.82,0.817533,2,953285
66387201,0.81,0.811507,2,953343
66388661,0.82,0.818301,2,953343
66390121,0.83,0.82766,2,953411
66391581,0.84,0.837532,2,953411
66393041,0.83,0.831506,2,953435
66394501,0.84,0.838301,2,953435
66395961,0.85,0.84766,2,953511
66397421,0.86,0.857532,2,953511
66398881,0.95,0.931506,2,953578
66553641,0.95,0.95,2,955672
66556561,0.9,0.9,2,955706
66558021,0.91,0.908,2,955706
66636861,0.93,0.93,2,956707
66638321,0.94,0.938,2,956707
66711321,0.95,0.95,2,957647
66720081,0.85,0.85,2,957746
66721541,0.86,0.858,2,957746
66723001,0.87,0.8676,2,957797
66724461,0.88,0.87752,2,957797
66725921,0.77,0.791504,2,957857
66727381,0.78,0.782301,2,957857
66728841,0.61,0.64446,1,957878
66730301,0.62,0.624892,1,957878
66731761,0.57,0.580978,1,957913
66733221,0.58,0.580196,1,957913
66734681,0.58,0.580039,1,957913
66736141,0.49,0.508008,1,957943
66737601,0.5,0.501602,1,957943
66739061,0.39,0.41232,1,957978
66740521,0.4,0.402464,1,957978
66741981,0.27,0.296493,1,958010
66743441,0.28,0.283299,1,958010
66744901,0.29,0.28866,1,958048
66746361,0.3,0.297732,1,958048
66747821,0.17,0.195546,1,958096
66749281,0.18,0.183109,1,958096
66750741,0.09,0.108622,1,958120
66752201,0.1,0.101724,1,958120
66753661,0.07,0.0763449,1,958142
66755121,0.08,0.079269,1,958142
66756581,0.15,0.135854,1,958180
66758041,0.16,0.155171,1,958180
66759501,0.07,0.0870341,1,958217
66760961,0.08,0.0814068,1,958217
66762421,0.07,0.0722814,1,958261
66763881,0.08,0.0784563,1,958261
66765341,0.09,0.0876913,1,958316
66766801,0.1,0.0975383,1,958316
66768261,0.07,0.0755076,1,958329
66769721,0.08,0.0791015,1,958329
66771181,0.13,0.11982,1,958362
66772641,0.14,0.135964,1,958362
66774101,0.13,0.131193,1,958364
66775561,0.14,0.138239,1,958364
66777021,0.07,0.0836477,1,958389
66778481,0.08,0.0807295,1,958389
66779941,0.17,0.152146,1,958419
66781401,0.18,0.174429,1,958419
66782861,0.13,0.138886,1,958445
66784321,0.14,0.139777,1,958445
66785781,0.21,0.195955,1,958484
66787241,0.22,0.215191,1,958484
66788701,0.25,0.243038,1,958526
66790161,0.26,0.256608,1,958526
66791621,0.21,0.219322,1,958546
66793081,0.22,0.219864,1,958546
66794541,0.29,0.275973,1,958567
66796001,0.3,0.295195,1,958567
66797461,0.29,0.291039,1,958609
66798921,0.3,0.298208,1,958609
66800381,0.29,0.291642,1,958642
66801841,0.3,0.298328,1,958642
66803301,0.33,0.323666,1,958686
66804761,0.34,0.336733,1,958686
66806221,0.33,0.331347,1,958742
66807681,0.34,0.338269,1,958742
66809141,0.33,0.331654,1,958754
66810601,0.34,0.338331,1,958754
66812061,0.35,0.347666,1,958790
66813521,0.36,0.357533,1,958790
66814981,0.35,0.351507,1,958792
66816441,0.36,0.358301,1,958792
66817901,0.35,0.35166,1,958814
66819361,0.36,0.358332,1,958814
66820821,0.36,0.359666,1,958814
66822281,0.39,0.383933,1,958849
66823741,0.4,0.396787,1,958849
66825201,0.41,0.407357,1,958873
66826661,0.42,0.417471,1,958873
66828121,0.41,0.411494,1,958916
66829581,0.42,0.418299,1,958916
66831041,0.43,0.42766,1,958960
66832501,0.44,0.437532,1,958960
66833961,0.43,0.431506,1,958978
66835421,0.44,0.438301,1,958978
66836881,0.47,0.46366,1,959003
66838341,0.48,0.476732,1,959003
66839801,0.53,0.519346,1,959045
66841261,0.54,0.535869,1,959045
66842721,0.55,0.547174,1,959078
66844181,0.56,0.557435,1,959078
66845641,0.57,0.567487,1,959124
66847101,0.58,0.577497,1,959124
66848561,0.61,0.603499,1,959180
66850021,0.62,0.6167,1,959180
66851481,0.61,0.61134,1,959192
66852941,0.62,0.618268,1,959192
66854401,0.59,0.595654,1,959229
66855861,0.6,0.599131,1,959229
66857321,0.59,0.591826,1,959231
66858781,0.6,0.598365,1,959231
66860241,0.59,0.591673,1,959253
66861701,0.6,0.598335,1,959253
66863161,0.59,0.591667,1,959289
66864621,0.6,0.598333,1,959289
66866081,0.59,0.591667,1,959314
66867541,0.6,0.598333,1,959314
66869001,0.57,0.575667,1,959357
66870461,0.58,0.579133,1,959357
66871921,0.55,0.555827,1,959402
66873381,0.56,0.559165,1,959402
66874841,0.55,0.551833,1,959420
66876301,0.56,0.558367,1,959420
66877761,0.55,0.551673,1,959447
66879221,0.56,0.558335,1,959447
66880681,0.59,0.583667,1,959492
66882141,0.6,0.596733,1,959492
66883601,0.61,0.607347,1,959526
66885061,0.62,0.617469,1,959526
66886521,0.71,0.691494,1,959573
66887981,0.72,0.714299,1,959573
66889441,0.75,0.74286,1,959631
66890901,0.76,0.756572,2,959631
66892361,0.75,0.751314,2,959643
66893821,0.76,0.758263,2,959643
66895281,0.75,0.751653,2,959679
66896741,0.76,0.75833,2,959679
66898201,0.75,0.751666,2,959681
66899661,0.76,0.758333,2,959681
66901121,0.75,0.751667,2,959703
66902581,0.76,0.758333,2,959703
66904041,0.75,0.751667,2,959739
66905501,0.76,0.758333,2,959739
66906961,0.75,0.751667,2,959764
66908421,0.76,0.758333,2,959764
66909881,0.76,0.759667,2,959764
66911341,0.77,0.767933,2,959806
66912801,0.78,0.777587,2,959806
66914261,0.79,0.787517,2,959850
66915721,0.8,0.797503,2,959850
66917181,0.81,0.807501,2,959868
66918641,0.82,0.8175,2,959868
66920101,0.79,0.7955,2,959895
66921561,0.8,0.7991,2,959895
66923021,0.81,0.80782,2,959942
66924481,0.82,0.817564,2,959942
66925941,0.79,0.795513,2,959977
66927401,0.8,0.799103,2,959977
66928861,0.81,0.807821,2,960029
66930321,0.82,0.817564,2,960029
66931781,0.83,0.827513,2,960089
66933241,0.84,0.837503,2,960089
66934701,0.85,0.847501,2,960101
66936161,0.86,0.8575,2,960101
66937621,0.87,0.8675,2,960137
66939081,0.88,0.8775,2,960137
66940541,0.87,0.8715,2,960139
66942001,0.88,0.8783,2,960139
66943461,0.87,0.87166,2,960161
66944921,0.88,0.878332,2,960161
66946381,0.87,0.871666,2,960197
66947841,0.88,0.878333,2,960197
66949301,0.89,0.887667,2,960222
66950761,0.9,0.897533,2,960222
66952221,0.89,0.891507,2,960224
66953681,0.9,0.898301,2,960224
66955141,0.89,0.89166,2,960266
66956601,0.9,0.898332,2,960266
66958061,0.93,0.923666,2,960311
66959521,0.94,0.936733,2,960311
66960981,0.95,0.947347,2,960330
66963901,0.95,0.95,2,960356
66966821,0.95,0.95,2,960404
66969741,0.95,0.95,2,960438
67187281,0.95,0.95,2,963501
67209181,0.89,0.89,2,963981
67210641,0.9,0.898,2,963981
67212101,0.89,0.8916,2,964017
67213561,0.9,0.89832,2,964017
67215021,0.75,0.779664,2,964112
67216481,0.76,0.763933,2,964112
67217941,0.71,0.720787,1,964147
67219401,0.72,0.720157,1,964147
67220861,0.69,0.696031,1,964174
67222321,0.7,0.699206,1,964174
67223781,0.71,0.707841,1,964195
67225241,0.72,0.717568,1,964195
67226701,0.61,0.631514,1,964270
67228161,0.62,0.622303,1,964270
67229621,0.61,0.612461,1,964376
67231081,0.62,0.618492,1,964376
67232541,0.71,0.691698,1,964447
67234001,0.72,0.71434,1,964447
67235461,0.71,0.710868,1,964483
67236921,0.72,0.718174,1,964483
67238381,0.81,0.791635,2,964571
67239841,0.82,0.814327,2,964571
67241301,0.79,0.794865,2,964604
67242761,0.8,0.798973,2,964604
67244221,0.79,0.791795,2,964630
67245681,0.8,0.798359,2,964630
67247141,0.79,0.791672,2,964652
67248601,0.8,0.798334,2,964652
67250061,0.87,0.855667,2,964722
67251521,0.88,0.875133,2,964722
67252981,0.88,0.879027,2,964722
67254441,0.93,0.919805,2,964828
67255901,0.94,0.935961,2,964828
67257361,0.95,0.947192,2,964904
67260281,0.95,0.95,2,964940
67263201,0.95,0.95,2,965033
67352261,0.95,0.95,2,966712
67362481,0.95,0.95,2,966859
67377081,0.9,0.9,2,967093
67378541,0.91,0.908,2,967093
67474901,0.84,0.84,2,968811
67476361,0.85,0.848,2,968811
67477821,0.71,0.7376,1,968851
67479281,0.72,0.72352,1,968851
67480741,0.72,0.720704,1,968851
67482201,0.57,0.600141,1,968904
67483661,0.58,0.584028,1,968904
67485121,0.45,0.476806,1,968943
67486581,0.46,0.463361,1,968943
67488041,0.39,0.404672,1,968969
67489501,0.4,0.400934,1,968969
67490961,0.27,0.296187,1,969017
67492421,0.28,0.283237,1,969017
67493881,0.15,0.176647,1,969108
67495341,0.16,0.163329,1,969108
67496801,0.09,0.104666,1,969141
67498261,0.1,0.100933,1,969141
67499721,0.17,0.156187,1,969176
67501181,0.18,0.175237,1,969176
67502641,0.11,0.123047,1,969243
67504101,0.12,0.120609,1,969243
67505561,0.09,0.0961219,1,969276
67507021,0.1,0.0992244,1,969276
67508481,0.05,0.0598449,1,969308
67509941,0.06,0.059969,1,969308
67511401,0.13,0.115994,1,969353
67512861,0.14,0.135199,1,969353
67514321,0.11,0.11504,1,969386
67515781,0.12,0.119008,1,969386
67517241,0.13,0.127802,1,969409
67518701,0.14,0.13756,1,969409
67520161,0.05,0.0675121,1,969451
67521621,0.06,0.0615024,1,969451
67523081,0.11,0.1003,1,969536
67524541,0.12,0.11606,1,969536
67526001,0.11,0.111212,1,969566
67527461,0.12,0.118242,1,969566
67528921,0.19,0.175648,1,969605
67530381,0.2,0.19513,1,969605
67531841,0.23,0.223026,1,969669
67533301,0.24,0.236605,1,969669
67534761,0.29,0.279321,1,969701
67536221,0.3,0.295864,1,969701
67537681,0.29,0.291173,1,969731
67539141,0.3,0.298235,1,969731
67540601,0.31,0.307647,1,969780
67542061,0.32,0.317529,1,969780
67543521,0.31,0.311506,1,969812
67544981,0.32,0.318301,1,969812
67546441,0.32,0.31966,1,969812
67547901,0.33,0.327932,1,969836
67549361,0.34,0.337586,1,969836
67550821,0.35,0.347517,1,969874
67552281,0.36,0.357503,1,969874
67553741,0.43,0.415501,1,969962
67555201,0.44,0.4351,1,969962
67556661,0.45,0.44702,1,969992
67558121,0.46,0.457404,1,969992
67559581,0.47,0.467481,1,970035
67561041,0.48,0.477496,1,970035
67562501,0.47,0.471499,1,970101
67563961,0.48,0.4783,1,970101
67565421,0.45,0.45566,1,970136
67566881,0.46,0.459132,1,970136
67568341,0.45,0.451826,1,970166
67569801,0.46,0.458365,1,970166
67571261,0.45,0.451673,1,970216
67572721,0.46,0.458335,1,970216
67574181,0.45,0.451667,1,970248
67575641,0.46,0.458333,1,970248
67577101,0.45,0.451667,1,970250
67578561,0.46,0.458333,1,970250
67580021,0.45,0.451667,1,970274
67581481,0.46,0.458333,1,970274
67582941,0.47,0.467667,1,970313
67584401,0.48,0.477533,1,970313
67585861,0.51,0.503507,1,970405
67587321,0.52,0.516701,1,970405
67588781,0.49,0.49534,1,970436
67590241,0.5,0.499068,1,970436
67591701,0.49,0.491814,1,970480
67593161,0.5,0.498363,1,970480
67594621,0.55,0.539673,1,970546
67596081,0.56,0.555934,1,970546
67597541,0.59,0.583187,1,970580
67599001,0.6,0.596637,1,970580
67600461,0.61,0.607327,1,970610
67601921,0.62,0.617466,1,970610
67603381,0.65,0.643493,1,970660
67604841,0.66,0.656699,1,970660
67606301,0.69,0.68334,1,970692
67607761,0.7,0.696668,1,970692
67609221,0.69,0.691334,1,970694
67610681,0.7,0.698267,1,970694
67612141,0.7,0.699653,1,970694
67613601,0.71,0.707931,1,970718
67615061,0.72,0.717586,1,970718
67616521,0.71,0.711517,1,970758
67617981,0.72,0.718303,1,970758
67619441,0.75,0.743661,1,970852
67620901,0.76,0.756732,2,970852
67622361,0.75,0.751346,2,970882
67623821,0.76,0.758269,2,970882
67625281,0.77,0.767654,2,970926
67626741,0.78,0.777531,2,970926
67628201,0.73,0.739506,1,970995
67629661,0.74,0.739901,1,970995
67631121,0.83,0.81198,2,971031
67632581,0.84,0.834396,2,971031
67634041,0.85,0.846879,2,971062
67635501,0.86,0.857376,2,971062
67636961,0.85,0.851475,2,971114
67638421,0.86,0.858295,2,971114
67639881,0.85,0.851659,2,971148
67641341,0.86,0.858332,2,971148
67642801,0.85,0.851666,2,971150
67644261,0.86,0.858333,2,971150
67645721,0.85,0.851667,2,971174
67647181,0.86,0.858333,2,971174
67648641,0.85,0.851667,2,971214
67650101,0.86,0.858333,2,971214
67651561,0.87,0.867667,2,971310
67653021,0.88,0.877533,2,971310
67654481,0.87,0.871507,2,971340
67655941,0.88,0.878301,2,971340
67657401,0.87,0.87166,2,971385
67658861,0.88,0.878332,2,971385
67660321,0.89,0.887666,2,971452
67661781,0.9,0.897533,2,971452
67663241,0.93,0.923507,2,971493
67664701,0.94,0.936701,2,971493
67666161,0.95,0.94734,2,971525
67797561,0.85,0.85,2,973294
67799021,0.86,0.858,2,973294
67800481,0.93,0.9156,2,973353
67801941,0.94,0.93512,2,973353
67803401,0.59,0.659024,1,973412
67804861,0.6,0.611805,1,973412
67806321,0.49,0.514361,1,973449
67807781,0.5,0.502872,1,973449
67809241,0.45,0.460574,1,973485
67810701,0.46,0.460115,1,973485
67812161,0.29,0.324023,1,973530
67813621,0.3,0.304805,1,973530
67815081,0.19,0.212961,1,973565
67816541,0.2,0.202592,1,973565
67818001,0.13,0.144518,1,973601
67819461,0.14,0.140904,1,973601
67820921,0.15,0.148181,1,973635
67822381,0.16,0.157636,1,973635
67823841,0.11,0.119527,1,973672
67825301,0.12,0.119905,1,973672
67826761,0.05,0.0639811,1,973704
67828221,0.06,0.0607962,1,973704
67829681,0.03,0.0361592,1,973736
67831141,0.04,0.0392318,1,973736
67832601,0.04,0.0398464,1,973736
67834061,0.03,0.0319693,1,973762
67835521,0.04,0.0383939,1,973762
67836981,0.05,0.0476788,1,973820
67838441,0.06,0.0575358,1,973820
67839901,0.01,0.0195072,1,973862
67841361,0.02,0.0199014,1,973862
67842821,0.05,0.0439803,1,973894
67844281,0.06,0.0567961,1,973894
67845741,0.05,0.0513592,1,973928
67847201,0.06,0.0582718,1,973928
67848661,0.09,0.0836544,1,973965
67850121,0.1,0.0967309,1,973965
67851581,0.01,0.0273462,1,973995
67853041,0.02,0.0214692,1,973995
67854501,0.05,0.0442938,1,974028
67855961,0.06,0.0568588,1,974028
67857421,0.07,0.0673718,1,974063
67858881,0.08,0.0774744,1,974063
67860341,0,0.0154949,1,974098
67861801,0,0.00309897,1,974098
67863261,0.05,0.0406198,1,974127
67864721,0.06,0.056124,1,974127
67866181,0.05,0.0512248,1,974158
67867641,0.06,0.058245,1,974158
67869101,0.05,0.051649,1,974160
67870561,0.06,0.0583298,1,974160
67872021,0,0.011666,1,974185
67873481,0,0.00233319,1,974185
67874941,0.03,0.0244666,1,974244
67876401,0.04,0.0368933,1,974244
67877861,0.09,0.0793787,1,974284
67879321,0.1,0.0958757,1,974284
67880781,0.05,0.0591751,1,974318
67882241,0.06,0.059835,1,974318
67883701,0.03,0.035967,1,974352
67885161,0.04,0.0391934,1,974352
67886621,0,0.00783868,1,974391
67888081,0,0.00156774,1,974391
67889541,0.07,0.0563135,1,974417
67891001,0.08,0.0752627,1,974417
67892461,0.09,0.0870525,1,974452
67893921,0.1,0.0974105,1,974452
67895381,0.05,0.0594821,1,974488
67896841,0.06,0.0598964,1,974488
67898301,0.09,0.0839793,1,974520
67899761,0.1,0.0967959,1,974520
67901221,0.03,0.0433592,1,974551
67902681,0.04,0.0406718,1,974551
67904141,0.01,0.0161344,1,974582
67905601,0.02,0.0192269,1,974582
67907061,0.01,0.0118454,1,974584
67908521,0.02,0.0183691,1,974584
67909981,0,0.00367381,1,974607
67911441,0,0.000734763,1,974607
67912901,0,0.000146953,1,974607
67914361,0.03,0.0240294,1,974667
67915821,0.04,0.0368059,1,974667
67917281,0.01,0.0153612,1,974710
67918741,0.02,0.0190722,1,974710
67920201,0.01,0.0118144,1,974742
67921661,0.02,0.0183629,1,974742
67923121,0.01,0.0116726,1,974775
67924581,0.02,0.0183345,1,974775
67926041,0,0.0036669,1,974813
67927501,0,0.000733381,1,974813
67928961,0.03,0.0241467,1,974842
67930421,0.04,0.0368293,1,974842
67931881,0.05,0.0473659,1,974878
67933341,0.06,0.0574732,1,974878
67934801,0.01,0.0194946,1,974912
67936261,0.02,0.0198989,1,974912
67937721,0.05,0.0439798,1,974946
67939181,0.06,0.056796,1,974946
67940641,0.07,0.0673592,1,974974
67942101,0.08,0.0774718,1,974974
67943561,0.03,0.0394944,1,975004
67945021,0.04,0.0398989,1,975004
67946481,0.03,0.0319798,1,975006
67947941,0.04,0.038396,1,975006
67949401,0,0.00767919,1,975029
67950861,0,0.00153584,1,975029
67952321,0.07,0.0563072,1,975089
67953781,0.08,0.0752614,1,975089
67955241,0.09,0.0870523,1,975131
67956701,0.1,0.0974105,1,975131
67958161,0.11,0.107482,1,975163
67959621,0.12,0.117496,1,975163
67961081,0.09,0.0954993,1,975196
67962541,0.1,0.0990999,1,975196
67964001,0.05,0.05982,1,975234
67965461,0.06,0.059964,1,975234
67966921,0.01,0.0199928,1,975264
67968381,0.02,0.0199986,1,975264
67969841,0.07,0.0599997,1,975301
67971301,0.08,0.0759999,1,975301
67972761,0.07,0.0712,1,975333
67974221,0.08,0.07824,1,975333
67975681,0.13,0.119648,1,975369
67977141,0.14,0.13593,1,975369
67978601,0.17,0.163186,1,975398
67980061,0.18,0.176637,1,975398
67981521,0.21,0.203327,1,975426
67982981,0.22,0.216665,1,975426
67984441,0.21,0.211333,1,975428
67985901,0.22,0.218267,1,975428
67987361,0.17,0.179653,1,975450
67988821,0.18,0.179931,1,975450
67990281,0.13,0.139986,1,975513
67991741,0.14,0.139997,1,975513
67993201,0.15,0.147999,1,975556
67994661,0.16,0.1576,1,975556
67996121,0.16,0.15952,1,975556
67997581,0.21,0.199904,1,975589
67999041,0.22,0.215981,1,975589
68000501,0.21,0.211196,1,975621
68001961,0.22,0.218239,1,975621
68003421,0.21,0.211648,1,975657
68004881,0.22,0.21833,1,975657
68006341,0.23,0.227666,1,975685
68007801,0.24,0.237533,1,975685
68009261,0.27,0.263507,1,975725
68010721,0.28,0.276701,1,975725
68012181,0.27,0.27134,1,975757
68013641,0.28,0.278268,1,975757
68015101,0.27,0.271654,1,975796
68016561,0.28,0.278331,1,975796
68018021,0.25,0.255666,1,975827
68019481,0.26,0.259133,1,975827
68020941,0.33,0.315827,1,975857
68022401,0.34,0.335165,1,975857
68023861,0.33,0.331033,1,975859
68025321,0.34,0.338207,1,975859
68026781,0.33,0.331641,1,975879
68028241,0.34,0.338328,1,975879
68029701,0.31,0.315666,1,975940
68031161,0.32,0.319133,1,975940
68032621,0.31,0.311827,1,975984
68034081,0.32,0.318365,1,975984
68035541,0.31,0.311673,1,975986
68037001,0.32,0.318335,1,975986
68038461,0.31,0.311667,1,976021
68039921,0.32,0.318333,1,976021
68041381,0.35,0.343667,1,976053
68042841,0.36,0.356733,1,976053
68044301,0.39,0.383347,1,976089
68045761,0.4,0.396669,1,976089
68047221,0.41,0.407334,1,976118
68048681,0.42,0.417467,1,976118
68050141,0.41,0.411493,1,976160
68051601,0.42,0.418299,1,976160
68053061,0.45,0.44366,1,976192
68054521,0.46,0.456732,1,976192
68055981,0.45,0.451346,1,976231
68057441,0.46,0.458269,1,976231
68058901,0.45,0.451654,1,976261
68060361,0.46,0.458331,1,976261
68061821,0.47,0.467666,1,976295
68063281,0.48,0.477533,1,976295
68064741,0.47,0.471507,1,976297
68066201,0.48,0.478301,1,976297
68067661,0.49,0.48766,1,976317
68069121,0.5,0.497532,1,976317
68070581,0.55,0.539506,1,976377
68072041,0.56,0.555901,1,976377
68073501,0.55,0.55118,1,976421
68074961,0.56,0.558236,1,976421
68076421,0.55,0.551647,1,976423
68077881,0.56,0.558329,1,976423
68079341,0.53,0.535666,1,976458
68080801,0.54,0.539133,1,976458
68082261,0.54,0.539827,1,976458
68083721,0.59,0.579965,1,976492
68085181,0.6,0.595993,1,976492
68086641,0.59,0.591199,1,976530
68088101,0.6,0.59824,1,976530
68089561,0.59,0.591648,1,976560
68091021,0.6,0.59833,1,976560
68092481,0.61,0.607666,1,976602
68093941,0.62,0.617533,1,976602
68095401,0.57,0.579507,1,976636
68096861,0.58,0.579901,1,976636
68098321,0.55,0.55598,1,976675
68099781,0.56,0.559196,1,976675
68101241,0.55,0.551839,1,976705
68102701,0.56,0.558368,1,976705
68104161,0.61,0.599674,1,976740
68105621,0.62,0.615935,1,976740
68107081,0.61,0.611187,1,976742
68108541,0.62,0.618237,1,976742
68110001,0.63,0.627647,1,976763
68111461,0.64,0.637529,1,976763
68112921,0.63,0.631506,1,976826
68114381,0.64,0.638301,1,976826
68115841,0.63,0.63166,1,976870
68117301,0.64,0.638332,1,976870
68118761,0.63,0.631666,1,976872
68120221,0.64,0.638333,1,976872
68121681,0.63,0.631667,1,976906
68123141,0.64,0.638333,1,976906
68124601,0.67,0.663667,1,976942
68126061,0.68,0.676733,1,976942
68127521,0.71,0.703347,1,976980
68128981,0.72,0.716669,1,976980
68130441,0.71,0.711334,1,977010
68131901,0.72,0.718267,1,977010
68133361,0.73,0.727653,1,977053
68134821,0.74,0.737531,1,977053
68136281,0.73,0.731506,1,977085
68137741,0.74,0.738301,1,977085
68139201,0.77,0.76366,2,977123
68140661,0.78,0.776732,2,977123
68142121,0.79,0.787346,2,977153
68143581,0.8,0.797469,2,977153
68145041,0.79,0.791494,2,977191
68146501,0.8,0.798299,2,977191
68147961,0.79,0.79166,2,977193
68149421,0.8,0.798332,2,977193
68150881,0.81,0.807666,2,977215
68152341,0.82,0.817533,2,977215
68153801,0.87,0.859507,2,977278
68155261,0.88,0.875901,2,977278
68156721,0.91,0.90318,2,977322
68158181,0.92,0.916636,2,977322
68159641,0.91,0.911327,2,977324
68161101,0.92,0.918265,2,977324
68162561,0.93,0.927653,2,977358
68164021,0.94,0.937531,2,977358
68165481,0.89,0.899506,2,977396
68166941,0.9,0.899901,2,977396
68168401,0.9,0.89998,2,977396
68169861,0.91,0.907996,2,977436
68171321,0.92,0.917599,2,977436
68172781,0.93,0.92752,2,977466
68174241,0.94,0.937504,2,977466
68346521,0.95,0.95,2,979375
68349441,0.91,0.91,2,979405
68350901,0.92,0.918,2,979405
68352361,0.77,0.7996,2,979427
68353821,0.78,0.78392,2,979427
68355281,0.78,0.780784,2,979427
68356741,0.77,0.772157,2,979456
68358201,0.78,0.778431,2,979456
68359661,0.81,0.803686,2,979488
68361121,0.82,0.816737,2,979488
68362581,0.71,0.731347,1,979521
68364041,0.72,0.72227,1,979521
68365501,0.69,0.696454,1,979563
68366961,0.7,0.699291,1,979563
68368421,0.65,0.659858,1,979589
68369881,0.66,0.659972,1,979589
68371341,0.69,0.683994,1,979619
68372801,0.7,0.696799,1,979619
68374261,0.59,0.61136,1,979652
68375721,0.6,0.602272,1,979652
68377181,0.51,0.528454,1,979689
68378641,0.52,0.521691,1,979689
68380101,0.51,0.512338,1,979718
68381561,0.52,0.518468,1,979718
68383021,0.53,0.527694,1,979760
68384481,0.54,0.537539,1,979760
68385941,0.53,0.531508,1,979786
68387401,0.54,0.538302,1,979786
68388861,0.53,0.53166,1,979807
68390321,0.54,0.538332,1,979807
68391781,0.55,0.547666,1,979843
68393241,0.56,0.557533,1,979843
68394701,0.55,0.551507,1,979871
68396161,0.56,0.558301,1,979871
68397621,0.53,0.53566,1,979886
68399081,0.54,0.539132,1,979886
68400541,0.53,0.531826,1,979888
68402001,0.54,0.538365,1,979888
68403461,0.55,0.547673,1,979916
68404921,0.56,0.557535,1,979916
68406381,0.55,0.551507,1,979950
68407841,0.56,0.558301,1,979950
68409301,0.59,0.58366,1,979978
68410761,0.6,0.596732,1,979978
68412221,0.59,0.591346,1,980019
68413681,0.6,0.598269,1,980019
68415141,0.61,0.607654,1,980043
68416601,0.62,0.617531,1,980043
68418061,0.63,0.627506,1,980075
68419521,0.64,0.637501,1,980075
68420981,0.69,0.6795,1,980103
68422441,0.7,0.6959,1,980103
68423901,0.67,0.67518,1,980136
68425361,0.68,0.679036,1,980136
68426821,0.65,0.655807,1,980165
68428281,0.66,0.659161,1,980165
68429741,0.63,0.635832,1,980208
68431201,0.64,0.639166,1,980208
68432661,0.65,0.647833,1,980234
68434121,0.66,0.657567,1,980234
68435581,0.65,0.651513,1,980255
68437041,0.66,0.658303,1,980255
68438501,0.67,0.667661,1,980292
68439961,0.68,0.677532,1,980292
68441421,0.67,0.671506,1,980320
68442881,0.68,0.678301,1,980320
68444341,0.67,0.67166,1,980334
68445801,0.68,0.678332,1,980334
68447261,0.67,0.671666,1,980336
68448721,0.68,0.678333,1,980336
68450181,0.65,0.655667,1,980365
68451641,0.66,0.659133,1,980365
68453101,0.66,0.659827,1,980365
68454561,0.69,0.683965,1,980399
68456021,0.7,0.696793,1,980399
68457481,0.65,0.659359,1,980429
68458941,0.66,0.659872,1,980429
68460401,0.67,0.667974,1,980470
68461861,0.68,0.677595,1,980470
68463321,0.75,0.735519,1,980495
68464781,0.76,0.755104,2,980495
68466241,0.73,0.735021,1,980528
68467701,0.74,0.739004,1,980528
68469161,0.71,0.715801,1,980559
68470621,0.72,0.71916,1,980559
68472081,0.71,0.711832,1,980591
68473541,0.72,0.718366,1,980591
68475001,0.71,0.711673,1,980619
68476461,0.72,0.718335,1,980619
68477921,0.73,0.727667,1,980661
68479381,0.74,0.737533,1,980661
68480841,0.71,0.715507,1,980688
68482301,0.72,0.719101,1,980688
68483761,0.71,0.71182,1,980709
68485221,0.72,0.718364,1,980709
68486681,0.71,0.711673,1,980747
68488141,0.72,0.718335,1,980747
68489601,0.73,0.727667,1,980775
68491061,0.74,0.737533,1,980775
68492521,0.75,0.747507,1,980789
68493981,0.76,0.757501,2,980789
68495441,0.75,0.7515,2,980791
68496901,0.76,0.7583,2,980791
68498361,0.77,0.76766,2,980819
68499821,0.78,0.777532,2,980819
68501281,0.81,0.803506,2,980854
68502741,0.82,0.816701,2,980854
68504201,0.81,0.81134,2,980882
68505661,0.82,0.818268,2,980882
68507121,0.81,0.811654,2,980924
68508581,0.82,0.818331,2,980924
68510041,0.85,0.843666,2,980953
68511501,0.86,0.856733,2,980953
68512961,0.91,0.899347,2,980985
68514421,0.92,0.915869,2,980985
68515881,0.91,0.911174,2,981015
68517341,0.92,0.918235,2,981015
68518801,0.93,0.927647,2,981047
68520261,0.94,0.937529,2,981047
68524641,0.95,0.95,2,981118
68527561,0.95,0.95,2,981144
68702761,0.91,0.91,2,982954
68708601,0.87,0.87,2,983089
68710061,0.83,0.838,2,983129
68711521,0.75,0.7676,2,983158
68712981,0.73,0.73752,1,983184
68714441,0.57,0.603504,1,983249
68715901,0.65,0.640701,1,983266
68717361,0.59,0.60014,1,983281
68718821,0.57,0.576028,1,983291
68720281,0.55,0.555206,1,983294
68721741,0.53,0.535041,1,983351
68723201,0.54,0.539008,1,983351
68724661,0.49,0.499802,1,983427
68726121,0.5,0.49996,1,983427
68727581,0.51,0.507992,1,983481
68729041,0.52,0.517598,1,983481
68730501,0.45,0.46352,1,983553
68731961,0.46,0.460704,1,983553
68733421,0.51,0.500141,1,983616
68734881,0.52,0.516028,1,983616
68736341,0.55,0.543206,1,983698
68737801,0.56,0.556641,1,983698
68739261,0.53,0.535328,1,983731
68740721,0.54,0.539066,1,983731
68742181,0.57,0.563813,1,983742
68743641,0.58,0.576763,1,983742
68745101,0.58,0.579353,1,983742
68746561,0.63,0.619871,1,983799
68748021,0.64,0.635974,1,983799
68749481,0.71,0.695195,1,983873
68750941,0.72,0.715039,1,983873
68752401,0.67,0.679008,1,983928
68753861,0.68,0.679802,1,983928
68755321,0.73,0.71996,1,983997
68756781,0.74,0.735992,1,983997
68758241,0.79,0.779198,2,984063
68759701,0.8,0.79584,2,984063
68761161,0.75,0.759168,2,984147
68762621,0.76,0.759834,2,984147
68764081,0.75,0.751967,2,984179
68765541,0.76,0.758393,2,984179
68767001,0.73,0.735679,1,984192
68768461,0.74,0.739136,1,984192
68769921,0.77,0.763827,2,984251
68771381,0.78,0.776765,2,984251
68772841,0.73,0.739353,1,984329
68774301,0.74,0.739871,1,984329
68775761,0.73,0.731974,1,984382
68777221,0.74,0.738395,1,984382
68778681,0.77,0.763679,2,984454
68780141,0.78,0.776736,2,984454
68781601,0.77,0.771347,2,984523
68783061,0.78,0.778269,2,984523
68784521,0.79,0.787654,2,984605
68785981,0.8,0.797531,2,984605
68787441,0.79,0.791506,2,984637
68788901,0.8,0.798301,2,984637
68790361,0.81,0.80766,2,984649
68791821,0.82,0.817532,2,984649
68793281,0.81,0.811506,2,984710
68794741,0.82,0.818301,2,984710
68796201,0.82,0.81966,2,984710
68797661,0.93,0.907932,2,984786
68799121,0.94,0.933586,2,984786
68800581,0.95,0.946717,2,984839
68886721,0.95,0.95,2,986402
68889641,0.87,0.87,2,986504
68891101,0.88,0.878,2,986504
68892561,0.75,0.7756,2,986555
68894021,0.76,0.76312,2,986555
68895481,0.63,0.656624,1,986580
68896941,0.64,0.643325,1,986580
68898401,0.55,0.568665,1,986616
68899861,0.56,0.561733,1,986616
68901321,0.51,0.520347,1,986665
68902781,0.52,0.520069,1,986665
68904241,0.43,0.448014,1,986695
68905701,0.44,0.441603,1,986695
68907161,0.33,0.352321,1,986727
68908621,0.34,0.342464,1,986727
68910081,0.27,0.284493,1,986812
68911541,0.28,0.280899,1,986812
68913001,0.28,0.28018,1,986812
68914461,0.29,0.288036,1,986873
68915921,0.3,0.297607,1,986873
68917381,0.11,0.147521,1,986968
68918841,0.12,0.125504,1,986968
68920301,0.11,0.113101,1,987013
68921761,0.12,0.11862,1,987013
68923221,0.11,0.111724,1,987032
68924681,0.12,0.118345,1,987032
68926141,0.09,0.095669,1,987064
68927601,0.1,0.0991338,1,987064
68929061,0.13,0.123827,1,987111
68930521,0.14,0.136765,1,987111
68931981,0.17,0.163353,1,987137
68933441,0.18,0.176671,1,987137
68934901,0.11,0.123334,1,987164
68936361,0.12,0.120667,1,987164
68937821,0.17,0.160133,1,987246
68939281,0.18,0.176027,1,987246
68940741,0.17,0.171205,1,987248
68942201,0.18,0.178241,1,987248
68943661,0.23,0.219648,1,987309
68945121,0.24,0.23593,1,987309
68946581,0.25,0.247186,1,987395
68948041,0.26,0.257437,1,987395
68949501,0.27,0.267487,1,987440
68950961,0.28,0.277497,1,987440
68952421,0.29,0.2875,1,987459
68953881,0.3,0.2975,1,987459
68955341,0.33,0.3235,1,987490
68956801,0.34,0.3367,1,987490
68958261,0.31,0.31534,1,987539
68959721,0.32,0.319068,1,987539
68961181,0.33,0.327814,1,987567
68962641,0.34,0.337563,1,987567
68964101,0.33,0.331513,1,987591
68965561,0.34,0.338303,1,987591
68967021,0.39,0.379661,1,987676
68968481,0.4,0.395932,1,987676
68969941,0.39,0.391186,1,987678
68971401,0.4,0.398237,1,987678
68972861,0.4,0.399647,1,987678
68974321,0.51,0.487929,1,987742
68975781,0.52,0.513586,1,987742
68977241,0.51,0.510717,1,987829
68978701,0.52,0.518143,1,987829
68980161,0.49,0.495629,1,987875
68981621,0.5,0.499126,1,987875
68983081,0.51,0.507825,1,987895
68984541,0.52,0.517565,1,987895
68986001,0.49,0.495513,1,987928
68987461,0.5,0.499103,1,987928
68988921,0.49,0.491821,1,987976
68990381,0.5,0.498364,1,987976
68991841,0.47,0.475673,1,988005
68993301,0.48,0.479135,1,988005
68994761,0.47,0.471827,1,988029
68996221,0.48,0.478365,1,988029
68997681,0.47,0.471673,1,988117
68999141,0.48,0.478335,1,988117
69000601,0.47,0.471667,1,988119
69002061,0.48,0.478333,1,988119
69003521,0.49,0.487667,1,988188
69004981,0.5,0.497533,1,988188
69006441,0.51,0.507507,1,988275
69007901,0.52,0.517501,1,988275
69009361,0.53,0.5275,1,988320
69010821,0.54,0.5375,1,988320
69012281,0.51,0.5155,1,988341
69013741,0.52,0.5191,1,988341
69015201,0.53,0.52782,1,988373
69016661,0.54,0.537564,1,988373
69018121,0.57,0.563513,1,988421
69019581,0.58,0.576703,1,988421
69021041,0.57,0.571341,1,988449
69022501,0.58,0.578268,1,988449
69023961,0.59,0.587654,1,988473
69025421,0.6,0.597531,1,988473
69026881,0.61,0.607506,1,988561
69028341,0.62,0.617501,1,988561
69029801,0.61,0.6115,1,988563
69031261,0.62,0.6183,1,988563
69032721,0.65,0.64366,1,988633
69034181,0.66,0.656732,1,988633
69035641,0.81,0.779346,2,988721
69037101,0.82,0.811869,2,988721
69038561,0.82,0.818374,2,988721
69040021,0.83,0.827675,2,988767
69041481,0.84,0.837535,2,988767
69042941,0.83,0.831507,2,988787
69044401,0.84,0.838301,2,988787
69045861,0.87,0.86366,2,988820
69047321,0.88,0.876732,2,988820
69048781,0.89,0.887346,2,988870
69050241,0.9,0.897469,2,988870
69051701,0.89,0.891494,2,988898
69053161,0.9,0.898299,2,988898
69054621,0.91,0.90766,2,988923
69056081,0.92,0.917532,2,988923
69057541,0.95,0.943506,2,989012
69060461,0.95,0.95,2,989014
69063381,0.95,0.95,2,989086
69161201,0.95,0.95,2,990508
69177261,0.93,0.93,2,990735
69178721,0.94,0.938,2,990735
69180181,0.91,0.9156,2,990765
69181641,0.92,0.91912,2,990765
69183101,0.87,0.879824,2,990797
69184561,0.88,0.879965,2,990797
69186021,0.79,0.807993,2,990817
69187481,0.8,0.801599,2,990817
69188941,0.71,0.72832,1,990888
69190401,0.72,0.721664,1,990888
69191861,0.69,0.696333,1,990919
69193321,0.7,0.699267,1,990919
69194781,0.57,0.595853,1,990982
69196241,0.58,0.583171,1,990982
69197701,0.65,0.636634,1,991086
69199161,0.66,0.655327,1,991086
69200621,0.69,0.683065,1,991112
69202081,0.7,0.696613,1,991112
69203541,0.65,0.659323,1,991148
69205001,0.66,0.659865,1,991148
69206461,0.71,0.699973,1,991175
69207921,0.72,0.715995,1,991175
69209381,0.71,0.711199,1,991181
69210841,0.72,0.71824,1,991181
69212301,0.67,0.679648,1,991203
69213761,0.68,0.67993,1,991203
69215221,0.69,0.687986,1,991232
69216681,0.7,0.697597,1,991232
69218141,0.69,0.691519,1,991262
69219601,0.7,0.698304,1,991262
69221061,0.69,0.691661,1,991278
69222521,0.7,0.698332,1,991278
69223981,0.69,0.691666,1,991345
69225441,0.7,0.698333,1,991345
69226901,0.73,0.723667,1,991375
69228361,0.74,0.736733,1,991375
69229821,0.77,0.763347,2,991432
69231281,0.78,0.776669,2,991432
69232741,0.81,0.803334,2,991540
69234201,0.82,0.816667,2,991540
69235661,0.85,0.843333,2,991568
69237121,0.86,0.856667,2,991568
69238581,0.89,0.883333,2,991602
69240041,0.9,0.896667,2,991602
69241501,0.93,0.923333,2,991632
69242961,0.94,0.936667,2,991632
69244421,0.93,0.931333,2,991638
69245881,0.94,0.938267,2,991638
69247341,0.93,0.931653,2,991658
69248801,0.94,0.938331,2,991658
69250261,0.94,0.939666,2,991658
69251721,0.91,0.915933,2,991688
69253181,0.92,0.919187,2,991688
69254641,0.95,0.943837,2,991718
69257561,0.95,0.95,2,991734
69263401,0.95,0.95,2,991833
69266321,0.93,0.93,2,991892
69267781,0.94,0.938,2,991892
69269241,0.95,0.9476,2,992002
69272161,0.91,0.91,2,992032
69273621,0.92,0.918,2,992032
69275081,0.87,0.8796,2,992068
69276541,0.88,0.87992,2,992068
69278001,0.89,0.887984,2,992100
69279461,0.9,0.897597,2,992100
69280921,0.89,0.891519,2,992106
69282381,0.9,0.898304,2,992106
69283841,0.89,0.891661,2,992126
69285301,0.9,0.898332,2,992126
69286761,0.89,0.891666,2,992154
69288221,0.9,0.898333,2,992154
69289681,0.95,0.939667,2,992186
69387501,0.94,0.94,2,993519
69388961,0.95,0.948,2,993519
69390421,0.93,0.9336,2,993544
69391881,0.94,0.93872,2,993544
69393341,0.87,0.883744,2,993576
69394801,0.88,0.880749,2,993576
69396261,0.85,0.85615,2,993609
69397721,0.86,0.85923,2,993609
69399181,0.83,0.835846,2,993627
69400641,0.84,0.839169,2,993627
69402101,0.73,0.751834,2,993650
69403561,0.74,0.742367,1,993650
69405021,0.74,0.740473,1,993650
69406481,0.59,0.620095,1,993683
69407941,0.6,0.604019,1,993683
69409401,0.43,0.464804,1,993718
69410861,0.44,0.444961,1,993718
69412321,0.41,0.416992,1,993749
69413781,0.42,0.419398,1,993749
69415241,0.39,0.39588,1,993802
69416701,0.4,0.399176,1,993802
69418161,0.15,0.199835,1,993905
69419621,0.16,0.167967,1,993905
69421081,0.05,0.0735934,1,993926
69422541,0.06,0.0627187,1,993926
69424001,0.03,0.0365437,1,993961
69425461,0.04,0.0393087,1,993961
69426921,0.03,0.0318617,1,993989
69428381,0.04,0.0383724,1,993989
69429841,0,0.00767447,1,994012
69431301,0,0.00153489,1,994012
69432761,0.03,0.024307,1,994041
69434221,0.04,0.0368614,1,994041
69435681,0.01,0.0153723,1,994073
69437141,0.02,0.0190745,1,994073
69438601,0.01,0.0118149,1,994090
69440061,0.02,0.018363,1,994090
69441521,0.01,0.0116726,1,994108
69442981,0.02,0.0183345,1,994108
69444441,0.01,0.0116669,1,994133
69445901,0.02,0.0183334,1,994133
69447361,0.07,0.0596667,1,994160
69448821,0.08,0.0759333,1,994160
69450281,0.09,0.0871867,1,994190
69451741,0.1,0.0974373,1,994190
69453201,0.11,0.107487,1,994242
69454661,0.12,0.117497,1,994242
69456121,0.11,0.111499,1,994333
69457581,0.12,0.1183,1,994333
69459041,0.19,0.17566,1,994349
69460501,0.2,0.195132,1,994349
69461961,0.21,0.207026,1,994383
69463421,0.22,0.217405,1,994383
69464881,0.25,0.243481,1,994411
69466341,0.26,0.256696,1,994411
69467801,0.21,0.219339,1,994433
69469261,0.22,0.219868,1,994433
69470721,0.21,0.211974,1,994463
69472181,0.22,0.218395,1,994463
69473641,0.21,0.211679,1,994494
69475101,0.22,0.218336,1,994494
69476561,0.19,0.195667,1,994511
69478021,0.2,0.199133,1,994511
69479481,0.19,0.191827,1,994529
69480941,0.2,0.198365,1,994529
69482401,0.17,0.175673,1,994554
69483861,0.18,0.179135,1,994554
69485321,0.17,0.171827,1,994584
69486781,0.18,0.178365,1,994584
69488241,0.18,0.179673,1,994584
69489701,0.27,0.251935,1,994615
69491161,0.28,0.274387,1,994615
69492621,0.33,0.318877,1,994668
69494081,0.34,0.335775,1,994668
69495541,0.35,0.347155,1,994759
69497001,0.36,0.357431,1,994759
69498461,0.35,0.351486,1,994779
69499921,0.36,0.358297,1,994779
69501381,0.33,0.335659,1,994814
69502841,0.34,0.339132,1,994814
69504301,0.35,0.347826,1,994844
69505761,0.36,0.357565,1,994844
69507221,0.35,0.351513,1,994864
69508681,0.36,0.358303,1,994864
69510141,0.37,0.367661,1,994894
69511601,0.38,0.377532,1,994894
69513061,0.39,0.387506,1,994925
69514521,0.4,0.397501,1,994925
69515981,0.41,0.4075,1,994941
69517441,0.42,0.4175,1,994941
69518901,0.41,0.4115,1,994959
69520361,0.42,0.4183,1,994959
69521821,0.41,0.41166,1,994983
69523281,0.42,0.418332,1,994983
69524741,0.41,0.411666,1,995013
69526201,0.42,0.418333,1,995013
69527661,0.41,0.411667,1,995015
69529121,0.42,0.418333,1,995015
69530581,0.49,0.475667,1,995050
69532041,0.5,0.495133,1,995050
69533501,0.47,0.475027,1,995106
69534961,0.48,0.479005,1,995106
69536421,0.49,0.487801,1,995198
69537881,0.5,0.49756,1,995198
69539341,0.49,0.491512,1,995218
69540801,0.5,0.498302,1,995218
69542261,0.51,0.50766,1,995252
69543721,0.52,0.517532,1,995252
69545181,0.57,0.559506,1,995283
69546641,0.58,0.575901,1,995283
69548101,0.57,0.57118,1,995303
69549561,0.58,0.578236,1,995303
69551021,0.55,0.555647,1,995334
69552481,0.56,0.559129,1,995334
69553941,0.61,0.599826,1,995366
69555401,0.62,0.615965,1,995366
69556861,0.59,0.595193,1,995383
69558321,0.6,0.599039,1,995383
69559781,0.61,0.607808,1,995401
69561241,0.62,0.617562,1,995401
69562701,0.61,0.611512,1,995425
69564161,0.62,0.618302,1,995425
69565621,0.61,0.61166,1,995455
69567081,0.62,0.618332,1,995455
69568541,0.61,0.611666,1,995457
69570001,0.62,0.618333,1,995457
69571461,0.67,0.659667,1,995496
69572921,0.68,0.675933,1,995496
69574381,0.68,0.679187,1,995496
69575841,0.73,0.719837,1,995551
69577301,0.74,0.735967,1,995551
69578761,0.73,0.731193,1,995644
69580221,0.74,0.738239,1,995644
69581681,0.73,0.731648,1,995664
69583141,0.74,0.73833,1,995664
69584601,0.71,0.715666,1,995699
69586061,0.72,0.719133,1,995699
69587521,0.67,0.679827,1,995733
69588981,0.68,0.679965,1,995733
69590441,0.67,0.671993,1,995753
69591901,0.68,0.678399,1,995753
69593361,0.67,0.67168,1,995783
69594821,0.68,0.678336,1,995783
69596281,0.69,0.687667,1,995818
69597741,0.7,0.697533,1,995818
69599201,0.69,0.691507,1,995834
69600661,0.7,0.698301,1,995834
69602121,0.73,0.72366,1,995853
69603581,0.74,0.736732,1,995853
69605041,0.73,0.731346,1,995877
69606501,0.74,0.738269,1,995877
69607961,0.73,0.731654,1,995907
69609421,0.74,0.738331,1,995907
69610881,0.73,0.731666,1,995909
69612341,0.74,0.738333,1,995909
69613801,0.69,0.699667,1,995951
69615261,0.7,0.699933,1,995951
69616721,0.71,0.707987,1,996008
69618181,0.72,0.717597,1,996008
69619641,0.77,0.759519,2,996101
69621101,0.78,0.775904,2,996101
69622561,0.77,0.771181,2,996121
69624021,0.78,0.778236,2,996121
69625481,0.77,0.771647,2,996155
69626941,0.78,0.778329,2,996155
69628401,0.77,0.771666,2,996187
69629861,0.78,0.778333,2,996187
69631321,0.79,0.787667,2,996207
69632781,0.8,0.797533,2,996207
69634241,0.79,0.791507,2,996237
69635701,0.8,0.798301,2,996237
69637161,0.87,0.85566,2,996273
69638621,0.88,0.875132,2,996273
69640081,0.89,0.887026,2,996289
69641541,0.9,0.897405,2,996289
69643001,0.91,0.907481,2,996310
69644461,0.92,0.917496,2,996310
69645921,0.93,0.927499,2,996334
69647381,0.94,0.9375,2,996334
69648841,0.95,0.9475,2,996364
69651761,0.95,0.95,2,996366
69654681,0.95,0.95,2,996406
69657601,0.95,0.95,2,996464
69791921,0.9,0.9,2,998004
69793381,0.91,0.908,2,998004
69794841,0.87,0.8776,2,998033
69796301,0.88,0.87952,2,998033
69797761,0.77,0.791904,2,998066
69799221,0.78,0.782381,2,998066
69800681,0.69,0.708476,1,998094
69802141,0.7,0.701695,1,998094
69803601,0.63,0.644339,1,998127
69805061,0.64,0.640868,1,998127
69806521,0.59,0.600174,1,998143
69759801,0.59,0.592035,1,998161
69807981,0.31,0.366407,1,998212
69809441,0.19,0.225281,1,998239
69771481,0.13,0.149056,1,998271
69810901,0.03,0.0538113,1,998303
69812361,0.07,0.0667622,1,998334
69813821,0.01,0.0213524,1,998353
69815281,0.03,0.0282705,1,998470
69816741,0.03,0.0296541,1,998498
69818201,0.09,0.0779308,1,998525
69819661,0.03,0.0395862,1,998550
69821121,0.05,0.0479172,1,998579
69822581,0.05,0.0495834,1,998580
69824041,0.05,0.0499167,1,998593
69825501,0.07,0.0659833,1,998611
69826961,0.07,0.0691967,1,998648
69828421,0.03,0.0378393,1,998669
69829881,0.11,0.0955679,1,998698
69831341,0.11,0.107114,1,998758
69832801,0.12,0.117423,1,998758
69834261,0.03,0.0474845,1,998892
69835721,0.04,0.0414969,1,998892
69837181,0.07,0.0642994,1,998950
69838641,0.08,0.0768599,1,998950
69840101,0.09,0.087372,1,999002
69841561,0.1,0.0974744,1,999002
69843021,0.09,0.0914949,1,999016
69844481,0.1,0.098299,1,999016
69845941,0.13,0.12366,1,999072
69847401,0.14,0.136732,1,999072
69848861,0.15,0.147346,1,999124
69850321,0.16,0.157469,1,999124
69851781,0.16,0.159494,1,999124
69853241,0.19,0.183899,1,999185
69854701,0.2,0.19678,1,999185
69856161,0,0.0393559,1,999315
69857621,0,0.00787119,1,999315
69859081,0.01,0.00957424,1,999375
69860541,0.02,0.0179148,1,999375
69862001,0.03,0.027583,1,999428
69863461,0.04,0.0375166,1,999428
69864921,0.03,0.0315033,1,999442
69866381,0.04,0.0383007,1,999442
69867841,0.05,0.0476601,1,999500
69869301,0.06,0.057532,1,999500
69870761,0.03,0.0355064,1,999553
69872221,0.04,0.0391013,1,999553
69873681,0.03,0.0318203,1,999615
69875141,0.04,0.0383641,1,999615
69876601,0,0.00767281,1,999736
69878061,0,0.00153456,1,999736
69879521,0.03,0.0243069,1,999796
69880981,0.04,0.0368614,1,999796
69882441,0.03,0.0313723,1,999850
69883901,0.04,0.0382745,1,999850
69885361,0.03,0.0316549,1,999864
69886821,0.04,0.038331,1,999864
69888281,0.11,0.0956662,1,999923
69889741,0.12,0.115133,1,999923
69891201,0.13,0.127027,1,999975
69892661,0.14,0.137405,1,999975
69894121,0.09,0.0994811,1,1000037
69895581,0.1,0.0998962,1,1000037
69897041,0.1,0.0999792,1,1000037
69898501,0.17,0.155996,1,1000157
69899961,0.18,0.175199,1,1000157
69901421,0.13,0.13904,1,1000218
69902881,0.14,0.139808,1,1000218
69904341,0.13,0.131962,1,1000272
69905801,0.14,0.138392,1,1000272
69907261,0.15,0.147678,1,1000286
69908721,0.16,0.157536,1,1000286
69910181,0.21,0.199507,1,1000349
69911641,0.22,0.215901,1,1000349
69913101,0.19,0.19518,1,1000402
69914561,0.2,0.199036,1,1000402
69916021,0.23,0.223807,1,1000462
69917481,0.24,0.236761,1,1000462
69918941,0.23,0.231352,1,1000464
69920401,0.24,0.23827,1,1000464
69921861,0.33,0.311654,1,1000587
69923321,0.34,0.334331,1,1000587
69924781,0.33,0.330866,1,1000646
69926241,0.34,0.338173,1,1000646
69927701,0.33,0.331635,1,1000700
69929161,0.34,0.338327,1,1000700
69930621,0.35,0.347665,1,1000715
69932081,0.36,0.357533,1,1000715
69933541,0.37,0.367507,1,1000781
69935001,0.38,0.377501,1,1000781
69936461,0.39,0.3875,1,1000833
69937921,0.4,0.3975,1,1000833
69939381,0.41,0.4075,1,1000895
69940841,0.42,0.4175,1,1000895
69942301,0.41,0.4115,1,1000897
69943761,0.42,0.4183,1,1000897
69945221,0.51,0.49166,1,1001025
69946681,0.52,0.514332,1,1001025
69948141,0.52,0.518866,1,1001025
69949601,0.59,0.575773,1,1001084
69951061,0.6,0.595155,1,1001084
69952521,0.59,0.591031,1,1001138
69953981,0.6,0.598206,1,1001138
69955441,0.59,0.591641,1,1001154
69956901,0.6,0.598328,1,1001154
69958361,0.61,0.607666,1,1001221
69959821,0.62,0.617533,1,1001221
69961281,0.65,0.643507,1,1001274
69962741,0.66,0.656701,1,1001274
69964201,0.67,0.66734,1,1001337
69965661,0.68,0.677468,1,1001337
69967121,0.67,0.671494,1,1001339
69968581,0.68,0.678299,1,1001339
69970041,0.57,0.59166,1,1001472
69971501,0.58,0.582332,1,1001472
69972961,0.63,0.620466,1,1001534
69974421,0.64,0.636093,1,1001534
69975881,0.65,0.647219,1,1001588
69977341,0.66,0.657444,1,1001588
69978801,0.65,0.651489,1,1001604
69980261,0.66,0.658298,1,1001604
69981721,0.65,0.65166,1,1001672
69983181,0.66,0.658332,1,1001672
69984641,0.65,0.651666,1,1001727
69986101,0.66,0.658333,1,1001727
69987561,0.65,0.651667,1,1001791
69989021,0.66,0.658333,1,1001791
69990481,0.65,0.651667,1,1001793
69991941,0.66,0.658333,1,1001793
69993401,0.77,0.747667,1,1001921
69994861,0.78,0.773533,2,1001921
69996321,0.87,0.850707,2,1001986
69997781,0.88,0.874141,2,1001986
69999241,0.87,0.870828,2,1002041
70000701,0.88,0.878166,2,1002041
70002161,0.88,0.879633,2,1002041
70003621,0.91,0.903927,2,1002057
70005081,0.92,0.916785,2,1002057
70006541,0.91,0.911357,2,1002125
70008001,0.92,0.918271,2,1002125
70101441,0.81,0.81,2,1003894
70102901,0.82,0.818,2,1003894
70104361,0.79,0.7956,2,1003932
70105821,0.8,0.79912,2,1003932
70107281,0.73,0.743824,1,1003968
70108741,0.74,0.740765,1,1003968
70110201,0.55,0.588153,1,1004014
70111661,0.56,0.565631,1,1004014
70113121,0.55,0.553126,1,1004041
70114581,0.56,0.558625,1,1004041
70116041,0.56,0.559725,1,1004041
70117501,0.39,0.423945,1,1004073
70118961,0.4,0.404789,1,1004073
70120421,0.25,0.280958,1,1004143
70121881,0.26,0.264192,1,1004143
70123341,0.21,0.220838,1,1004175
70124801,0.22,0.220168,1,1004175
70126261,0.07,0.100034,1,1004273
70127721,0.08,0.0840067,1,1004273
70129181,0.07,0.0728013,1,1004355
70130641,0.08,0.0785603,1,1004355
70132101,0.05,0.0557121,1,1004392
70133561,0.06,0.0591424,1,1004392
70135021,0.11,0.0998285,1,1004425
70136481,0.12,0.115966,1,1004425
70137941,0.09,0.0951931,1,1004462
70139401,0.1,0.0990386,1,1004462
70140861,0.11,0.107808,1,1004489
70142321,0.12,0.117562,1,1004489
70143781,0.11,0.111512,1,1004491
70145241,0.12,0.118302,1,1004491
70146701,0.09,0.0956605,1,1004514
70148161,0.1,0.0991321,1,1004514
70149621,0.15,0.139826,1,1004577
70151081,0.16,0.155965,1,1004577
70152541,0.11,0.119193,1,1004607
70154001,0.12,0.119839,1,1004607
70155461,0.15,0.143968,1,1004698
70156921,0.16,0.156794,1,1004698
70158381,0.21,0.199359,1,1004780
70159841,0.22,0.215872,1,1004780
70161301,0.25,0.243174,1,1004816
70162761,0.26,0.256635,1,1004816
70164221,0.29,0.283327,1,1004852
70165681,0.3,0.296665,1,1004852
70167141,0.31,0.307333,1,1004888
70168601,0.32,0.317467,1,1004888
70170061,0.33,0.327493,1,1004916
70171521,0.34,0.337499,1,1004916
70172981,0.33,0.3315,1,1004918
70174441,0.34,0.3383,1,1004918
70175901,0.34,0.33966,1,1004918
70177361,0.35,0.347932,1,1004940
70178821,0.36,0.357586,1,1004940
70180281,0.41,0.399517,1,1005006
70181741,0.42,0.415903,1,1005006
70183201,0.41,0.411181,1,1005034
70184661,0.42,0.418236,1,1005034
70186121,0.49,0.475647,1,1005127
70187581,0.5,0.495129,1,1005127
70189041,0.53,0.523026,1,1005212
70190501,0.54,0.536605,1,1005212
70191961,0.49,0.499321,1,1005250
70193421,0.5,0.499864,1,1005250
70194881,0.45,0.459973,1,1005288
70196341,0.46,0.459995,1,1005288
70197801,0.47,0.467999,1,1005325
70199261,0.48,0.4776,1,1005325
70200721,0.45,0.45552,1,1005354
70202181,0.46,0.459104,1,1005354
70203641,0.45,0.451821,1,1005356
70205101,0.46,0.458364,1,1005356
70206561,0.45,0.451673,1,1005378
70208021,0.46,0.458335,1,1005378
70209481,0.43,0.435667,1,1005447
70210941,0.44,0.439133,1,1005447
70212401,0.43,0.431827,1,1005475
70213861,0.44,0.438365,1,1005475
70215321,0.43,0.431673,1,1005572
70216781,0.44,0.438335,1,1005572
70218241,0.57,0.543667,1,1005659
70219701,0.58,0.572733,1,1005659
70221161,0.59,0.586547,1,1005695
70222621,0.6,0.597309,1,1005695
70224081,0.59,0.591462,1,1005731
70225541,0.6,0.598292,1,1005731
70227001,0.65,0.639658,1,1005769
70228461,0.66,0.655932,1,1005769
70229921,0.67,0.667186,1,1005797
70231381,0.68,0.677437,1,1005797
70232841,0.67,0.671487,1,1005799
70234301,0.68,0.678298,1,1005799
70235761,0.67,0.67166,1,1005821
70237221,0.68,0.678332,1,1005821
70238681,0.73,0.719666,1,1005889
70240141,0.74,0.735933,1,1005889
70241601,0.74,0.739187,1,1005889
70243061,0.75,0.747837,1,1005917
70244521,0.76,0.757567,2,1005917
70245981,0.73,0.735513,1,1006014
70247441,0.74,0.739103,1,1006014
70248901,0.75,0.747821,1,1006108
70250361,0.76,0.757564,2,1006108
70251821,0.83,0.815513,2,1006145
70253281,0.84,0.835103,2,1006145
70254741,0.85,0.847021,2,1006181
70256201,0.86,0.857404,2,1006181
70257661,0.87,0.867481,2,1006222
70259121,0.88,0.877496,2,1006222
70260581,0.89,0.887499,2,1006251
70262041,0.9,0.8975,2,1006251
70263501,0.89,0.8915,2,1006253
70264961,0.9,0.8983,2,1006253
70266421,0.89,0.89166,2,1006275
70267881,0.9,0.898332,2,1006275
70269341,0.91,0.907666,2,1006346
70270801,0.92,0.917533,2,1006346
70272261,0.91,0.911507,2,1006348
70273721,0.92,0.918301,2,1006348
70275181,0.91,0.91166,2,1006376
70276641,0.92,0.918332,2,1006376
70278101,0.93,0.927666,2,1006472
70279561,0.94,0.937533,2,1006472
70281021,0.91,0.915507,2,1006567
70282481,0.92,0.919101,2,1006567
70283941,0.95,0.94382,2,1006608
70286861,0.95,0.95,2,1006645
70397821,0.94,0.94,2,1008193
70399281,0.95,0.948,2,1008193
70409501,0.95,0.95,2,1008354
70412421,0.93,0.93,2,1008386
70413881,0.94,0.938,2,1008386
70415341,0.93,0.9316,2,1008474
70416801,0.94,0.93832,2,1008474
70418261,0.92,0.923664,2,1008505
70419721,0.93,0.928733,2,1008505
70424101,0.91,0.91,2,1008593
70425561,0.92,0.918,2,1008593
70427021,0.94,0.9356,2,1008621
70428481,0.95,0.94712,2,1008621
70742381,0.9,0.9,2,1012618
70743841,0.91,0.908,2,1012618
70754061,0.95,0.95,2,1012795
70756981,0.93,0.93,2,1012830
70758441,0.94,0.938,2,1012830
70759901,0.89,0.8996,2,1012875
70761361,0.9,0.89992,2,1012875
70762821,0.87,0.875984,2,1012914
70764281,0.88,0.879197,2,1012914
70765741,0.85,0.855839,2,1012944
70767201,0.86,0.859168,2,1012944
70768661,0.83,0.835834,2,1012970
70770121,0.84,0.839167,2,1012970
70771581,0.87,0.863833,2,1012986
70773041,0.88,0.876767,2,1012986
70774501,0.79,0.807353,2,1013012
70775961,0.8,0.801471,2,1013012
70777421,0.8,0.800294,2,1013012
70778881,0.85,0.840059,2,1013050
70780341,0.86,0.856012,2,1013050
70781801,0.89,0.883202,2,1013070
70783261,0.9,0.89664,2,1013070
70784721,0.89,0.891328,2,1013093
70786181,0.9,0.898266,2,1013093
70787641,0.95,0.939653,2,1013109
70790561,0.95,0.95,2,1013158
71012481,0.83,0.83,2,1015801
71013941,0.77,0.782,2,1015836
71015401,0.71,0.7244,1,1015874
71016861,0.59,0.61688,1,1015908
71018321,0.37,0.419376,1,1015956
71019781,0.29,0.315875,1,1015982
71021241,0.15,0.183175,1,1016022
71022701,0.01,0.044635,1,1016085
71024161,0.03,0.032927,1,1016092
71025621,0.03,0.0305854,1,1016094
71027081,0.01,0.0141171,1,1016106
71028541,0.07,0.0588234,1,1016126
71030001,0.05,0.0517647,1,1016214
71031461,0.06,0.0583529,1,1016214
71032921,0.03,0.0356706,1,1016295
71034381,0.04,0.0391341,1,1016295
71035841,0.03,0.0318268,1,1016358
71037301,0.04,0.0383654,1,1016358
71038761,0.07,0.0636731,1,1016417
71040221,0.08,0.0767346,1,1016417
71041681,0.03,0.0393469,1,1016506
71043141,0.04,0.0398694,1,1016506
71044601,0.01,0.0159739,1,1016516
71046061,0.02,0.0191948,1,1016516
71047521,0.05,0.043839,1,1016550
71048981,0.06,0.0567678,1,1016550
71050441,0.06,0.0593536,1,1016550
71051901,0,0.0118707,1,1016638
71053361,0,0.00237414,1,1016638
71054821,0.05,0.0404748,1,1016718
71056281,0.06,0.056095,1,1016718
71057741,0.01,0.019219,1,1016781
71059201,0.02,0.0198438,1,1016781
71060661,0.01,0.0119688,1,1016842
71062121,0.02,0.0183938,1,1016842
71063581,0,0.00367875,1,1016929
71065041,0,0.00073575,1,1016929
71066501,0.03,0.0241472,1,1016938
71067961,0.04,0.0368294,1,1016938
71069421,0.05,0.0473659,1,1016974
71070881,0.06,0.0574732,1,1016974
71072341,0.03,0.0354946,1,1017059
71073801,0.04,0.0390989,1,1017059
71075261,0.03,0.0318198,1,1017141
71076721,0.04,0.038364,1,1017141
71078181,0.03,0.0316728,1,1017202
71079641,0.04,0.0383346,1,1017202
71081101,0.07,0.0636669,1,1017263
71082561,0.08,0.0767334,1,1017263
71084021,0.05,0.0553467,1,1017350
71085481,0.06,0.0590693,1,1017350
71086941,0.07,0.0678139,1,1017360
71088401,0.08,0.0775628,1,1017360
71089861,0.07,0.0715126,1,1017397
71091321,0.08,0.0783025,1,1017397
71092781,0.07,0.0716605,1,1017481
71094241,0.08,0.0783321,1,1017481
71095701,0.08,0.0796664,1,1017481
71097161,0.03,0.0399333,1,1017563
71098621,0.04,0.0399867,1,1017563
71100081,0.03,0.0319973,1,1017624
71101541,0.04,0.0383995,1,1017624
71103001,0.05,0.0476799,1,1017687
71104461,0.06,0.057536,1,1017687
71105921,0.17,0.147507,1,1017773
71107381,0.18,0.173501,1,1017773
71108841,0.17,0.1707,1,1017784
71110301,0.18,0.17814,1,1017784
71111761,0.15,0.155628,1,1017821
71113221,0.16,0.159126,1,1017821
71114681,0.05,0.0718251,1,1017905
71116141,0.06,0.062365,1,1017905
71117601,0.05,0.052473,1,1017907
71119061,0.06,0.0584946,1,1017907
71120521,0,0.0116989,1,1017986
71121981,0,0.00233978,1,1017986
71123441,0.03,0.024468,1,1018047
71124901,0.04,0.0368936,1,1018047
71126361,0.01,0.0153787,1,1018111
71127821,0.02,0.0190757,1,1018111
71129281,0.03,0.0278151,1,1018203
71130741,0.04,0.037563,1,1018203
71132201,0.01,0.0155126,1,1018214
71133661,0.02,0.0191025,1,1018214
71135121,0.01,0.0118205,1,1018250
71136581,0.02,0.0183641,1,1018250
71138041,0.09,0.0756728,1,1018329
71139501,0.1,0.0951346,1,1018329
71140961,0.09,0.0910269,1,1018331
71142421,0.1,0.0982054,1,1018331
71143881,0.09,0.0916411,1,1018408
71145341,0.1,0.0983282,1,1018408
71146801,0.1,0.0996656,1,1018408
71148261,0.07,0.0759331,1,1018470
71149721,0.08,0.0791866,1,1018470
71151181,0.01,0.0238373,1,1018533
71152641,0.02,0.0207675,1,1018533
71154101,0.05,0.0441535,1,1018626
71155561,0.06,0.0568307,1,1018626
71157021,0.05,0.0513661,1,1018636
71158481,0.06,0.0582732,1,1018636
71159941,0.03,0.0356546,1,1018672
71161401,0.04,0.0391309,1,1018672
71162861,0.11,0.0958262,1,1018755
71164321,0.12,0.115165,1,1018755
71165781,0.11,0.111033,1,1018757
71167241,0.12,0.118207,1,1018757
71168701,0.21,0.191641,1,1018834
71170161,0.22,0.214328,1,1018834
71171621,0.25,0.242866,1,1018894
71173081,0.26,0.256573,1,1018894
71174541,0.25,0.251315,1,1018954
71176001,0.26,0.258263,1,1018954
71177461,0.21,0.219653,1,1019049
71178921,0.22,0.219931,1,1019049
71180381,0.21,0.211986,1,1019059
71181841,0.22,0.218397,1,1019059
71183301,0.25,0.243679,1,1019094
71184761,0.26,0.256736,1,1019094
71186221,0.33,0.315347,1,1019181
71187681,0.34,0.335069,1,1019181
71189141,0.34,0.339014,1,1019183
71190601,0.35,0.347803,1,1019183
71192061,0.39,0.381561,1,1019265
71193521,0.4,0.396312,1,1019265
71194981,0.43,0.423262,1,1019327
71196441,0.44,0.436652,1,1019327
71197901,0.41,0.41533,1,1019387
71199361,0.42,0.419066,1,1019387
71200821,0.42,0.419813,1,1019387
71202281,0.45,0.443963,1,1019480
71203741,0.46,0.456793,1,1019480
71205201,0.45,0.451358,1,1019490
71206661,0.46,0.458272,1,1019490
71208121,0.51,0.499654,1,1019527
71209581,0.52,0.515931,1,1019527
71211041,0.61,0.591186,1,1019618
71212501,0.62,0.614237,1,1019618
71213961,0.61,0.610847,1,1019620
71215421,0.62,0.61817,1,1019620
71216881,0.55,0.563634,1,1019705
71218341,0.56,0.560727,1,1019705
71219801,0.61,0.600145,1,1019769
71221261,0.62,0.616029,1,1019769
71222721,0.65,0.643206,1,1019828
71224181,0.66,0.656641,1,1019828
71225641,0.65,0.651328,1,1019830
71227101,0.66,0.658266,1,1019830
71228561,0.69,0.683653,1,1019924
71230021,0.7,0.696731,1,1019924
71231481,0.69,0.691346,1,1019934
71232941,0.7,0.698269,1,1019934
71234401,0.65,0.659654,1,1019974
71235861,0.66,0.659931,1,1019974
71237321,0.65,0.651986,1,1020070
71238781,0.66,0.658397,1,1020070
71240241,0.65,0.651679,1,1020072
71241701,0.66,0.658336,1,1020072
71243161,0.69,0.683667,1,1020154
71244621,0.7,0.696733,1,1020154
71246081,0.71,0.707347,1,1020221
71247541,0.72,0.717469,1,1020221
71249001,0.71,0.711494,1,1020282
71250461,0.72,0.718299,1,1020282
71251921,0.71,0.71166,1,1020284
71253381,0.72,0.718332,1,1020284
71254841,0.72,0.719666,1,1020284
71256301,0.75,0.743933,1,1020380
71257761,0.76,0.756787,2,1020380
71259221,0.75,0.751357,2,1020390
71260681,0.76,0.758271,2,1020390
71262141,0.75,0.751654,2,1020428
71263601,0.76,0.758331,2,1020428
71265061,0.77,0.767666,2,1020524
71266521,0.78,0.777533,2,1020524
71267981,0.77,0.771507,2,1020526
71269441,0.78,0.778301,2,1020526
71270901,0.81,0.80366,2,1020610
71272361,0.82,0.816732,2,1020610
71273821,0.87,0.859346,2,1020678
71275281,0.88,0.875869,2,1020678
71276741,0.91,0.903174,2,1020739
71278201,0.92,0.916635,2,1020739
71279661,0.91,0.911327,2,1020741
71281121,0.92,0.918265,2,1020741
71390621,0.91,0.91,2,1022656
71392081,0.92,0.918,2,1022656
71393541,0.89,0.8956,2,1022694
71395001,0.9,0.89912,2,1022694
71396461,0.79,0.811824,2,1022771
71397921,0.8,0.802365,2,1022771
71399381,0.75,0.760473,2,1022807
71400841,0.76,0.760095,2,1022807
71402301,0.79,0.784019,2,1022835
71403761,0.8,0.796804,2,1022835
71405221,0.71,0.727361,1,1022852
71406681,0.72,0.721472,1,1022852
71408141,0.79,0.776294,2,1022893
71409601,0.8,0.795259,2,1022893
71411061,0.77,0.775052,2,1022929
71412521,0.78,0.77901,2,1022929
71413981,0.67,0.691802,1,1022992
71415441,0.68,0.68236,1,1022992
71416901,0.75,0.736472,1,1023029
71418361,0.76,0.755294,2,1023029
71419821,0.73,0.735059,1,1023122
71421281,0.74,0.739012,1,1023122
71422741,0.79,0.779802,2,1023159
71424201,0.8,0.79596,2,1023159
71425661,0.83,0.823192,2,1023231
71427121,0.84,0.836638,2,1023231
71428581,0.81,0.815328,2,1023265
71430041,0.82,0.819066,2,1023265
71431501,0.87,0.859813,2,1023295
71432961,0.88,0.875963,2,1023295
71434421,0.85,0.855193,2,1023308
71435881,0.86,0.859039,2,1023308
71437341,0.87,0.867808,2,1023353
71438801,0.88,0.877562,2,1023353
71440261,0.88,0.879512,2,1023353
71441721,0.87,0.871902,2,1023388
71443181,0.88,0.87838,2,1023388
71444641,0.93,0.919676,2,1023446
71446101,0.94,0.935935,2,1023446
71447561,0.95,0.947187,2,1023487
71536621,0.94,0.94,2,1024814
71538081,0.95,0.948,2,1024814
71608161,0.85,0.85,2,1025926
71609621,0.53,0.594,1,1026025
71611081,0.45,0.4788,1,1026058
71612541,0.01,0.10376,1,1026163
71614001,0.01,0.028752,1,1026205
71615461,0.15,0.12575,1,1026256
71616921,0.01,0.0331501,1,1026267
71618381,0.09,0.07863,1,1026283
71619841,0.05,0.055726,1,1026297
71621301,0.01,0.0191452,1,1026313
71622761,0.03,0.027829,1,1026389
71624221,0.04,0.0375658,1,1026389
71625681,0.01,0.0155132,1,1026501
71627141,0.02,0.0191026,1,1026501
71628601,0.05,0.0438205,1,1026626
71630061,0.06,0.0567641,1,1026626
71631521,0.03,0.0353528,1,1026688
71632981,0.04,0.0390706,1,1026688
71634441,0.05,0.0478141,1,1026720
71635901,0.06,0.0575628,1,1026720
71637361,0.01,0.0195126,1,1026811
71638821,0.02,0.0199025,1,1026811
71640281,0.03,0.0279805,1,1026922
71641741,0.04,0.0375961,1,1026922
71643201,0.03,0.0315192,1,1027049
71644661,0.04,0.0383038,1,1027049
71646121,0.03,0.0316608,1,1027110
71647581,0.04,0.0383322,1,1027110
71649041,0.03,0.0316664,1,1027143
71650501,0.04,0.0383333,1,1027143
71651961,0.03,0.0316667,1,1027232
71653421,0.04,0.0383333,1,1027232
71654881,0.04,0.0396667,1,1027232
71656341,0.03,0.0319333,1,1027344
71657801,0.04,0.0383867,1,1027344
71659261,0.05,0.0476773,1,1027471
71660721,0.06,0.0575355,1,1027471
71662181,0.03,0.0355071,1,1027532
71663641,0.04,0.0391014,1,1027532
71665101,0.05,0.0478203,1,1027565
71666561,0.06,0.0575641,1,1027565
71668021,0.03,0.0355128,1,1027654
71669481,0.04,0.0391026,1,1027654
71670941,0.03,0.0318205,1,1027656
71672401,0.04,0.0383641,1,1027656
71673861,0.03,0.0316728,1,1027767
71675321,0.04,0.0383346,1,1027767
71676781,0,0.00766691,1,1027895
71678241,0.01,0.00953338,1,1027895
71679701,0.01,0.00990668,1,1027955
71681161,0.02,0.0179813,1,1027955
71682621,0.01,0.0115963,1,1027989
71684081,0.02,0.0183193,1,1027989
71685541,0.03,0.0276639,1,1028077
71687001,0.04,0.0375328,1,1028077
71688461,0.03,0.0315066,1,1028079
71689921,0.04,0.0383013,1,1028079
71691381,0.01,0.0156603,1,1028190
71692841,0.02,0.0191321,1,1028190
71694301,0.02,0.0198264,1,1028190
71695761,0,0.00396528,1,1028318
71697221,0,0.000793056,1,1028318
71698681,0.01,0.00815861,1,1028377
71700141,0.02,0.0176317,1,1028377
71701601,0.01,0.0115263,1,1028411
71703061,0.02,0.0183053,1,1028411
71704521,0.13,0.107661,1,1028500
71705981,0.14,0.133532,1,1028500
71707441,0.13,0.130706,1,1028502
71708901,0.14,0.138141,1,1028502
71710361,0.01,0.0356283,1,1028612
71711821,0.02,0.0231257,1,1028612
71713281,0.01,0.0126251,1,1028739
71714741,0.02,0.018525,1,1028739
71716201,0.03,0.027705,1,1028798
71717661,0.04,0.037541,1,1028798
71719121,0.03,0.0315082,1,1028832
71720581,0.04,0.0383016,1,1028832
71722041,0.07,0.0636603,1,1028927
71723501,0.08,0.0767321,1,1028927
71724961,0.07,0.0713464,1,1028929
71726421,0.08,0.0782693,1,1028929
71727881,0.15,0.135654,1,1029033
71729341,0.16,0.155131,1,1029033
71730801,0.03,0.0550262,1,1029160
71732261,0.04,0.0430052,1,1029160
71733721,0.04,0.040601,1,1029160
71735181,0.03,0.0321202,1,1029220
71736641,0.04,0.038424,1,1029220
71738101,0.03,0.0316848,1,1029254
71739561,0.04,0.038337,1,1029254
71741021,0.03,0.0316674,1,1029351
71742481,0.04,0.0383335,1,1029351
71743941,0.03,0.0316667,1,1029353
71745401,0.04,0.0383333,1,1029353
71746861,0.05,0.0476667,1,1029461
71748321,0.06,0.0575333,1,1029461
71749781,0.13,0.115507,1,1029582
71751241,0.14,0.135101,1,1029582
71752701,0.13,0.13102,1,1029584
71754161,0.14,0.138204,1,1029584
71755621,0,0.0276408,1,1029643
71757081,0,0.00552816,1,1029643
71758541,0.01,0.00910563,1,1029677
71760001,0.02,0.0178211,1,1029677
71761461,0.03,0.0275642,1,1029774
71762921,0.04,0.0375128,1,1029774
71764381,0.03,0.0315026,1,1029776
71765841,0.04,0.0383005,1,1029776
71767301,0.11,0.0956601,1,1029885
71768761,0.12,0.115132,1,1029885
71770221,0.13,0.127026,1,1030010
71771681,0.14,0.137405,1,1030010
71773141,0.13,0.131481,1,1030012
71774601,0.14,0.138296,1,1030012
71776061,0.17,0.163659,1,1030065
71777521,0.18,0.176732,1,1030065
71778981,0.18,0.179346,1,1030065
71780441,0.21,0.203869,1,1030099
71781901,0.22,0.216774,1,1030099
71783361,0.13,0.147355,1,1030197
71784821,0.14,0.141471,1,1030197
71786281,0.13,0.132294,1,1030199
71787741,0.14,0.138459,1,1030199
71789201,0.21,0.195692,1,1030312
71790661,0.22,0.215138,1,1030312
71792121,0.23,0.227028,1,1030438
71793581,0.24,0.237406,1,1030438
71795041,0.23,0.231481,1,1030440
71796501,0.24,0.238296,1,1030440
71797961,0.25,0.247659,1,1030495
71799421,0.26,0.257532,1,1030495
71800881,0.29,0.283506,1,1030530
71802341,0.3,0.296701,1,1030530
71803801,0.33,0.32334,1,1030624
71805261,0.34,0.336668,1,1030624
71806721,0.33,0.331334,1,1030626
71808181,0.34,0.338267,1,1030626
71809641,0.37,0.363653,1,1030743
71811101,0.38,0.376731,1,1030743
71812561,0.49,0.467346,1,1030870
71814021,0.5,0.493469,1,1030870
71815481,0.49,0.490694,1,1030872
71816941,0.5,0.498139,1,1030872
71818401,0.53,0.523628,1,1030928
71819861,0.54,0.536726,1,1030928
71821321,0.57,0.563345,1,1030965
71822781,0.58,0.576669,1,1030965
71824241,0.58,0.579334,1,1030965
71825701,0.65,0.635867,1,1031061
71827161,0.66,0.655173,1,1031061
71828621,0.65,0.651035,1,1031063
71830081,0.66,0.658207,1,1031063
71831541,0.67,0.667641,1,1031182
71833001,0.68,0.677528,1,1031182
71834461,0.73,0.719506,1,1031315
71835921,0.74,0.735901,1,1031315
71837381,0.73,0.73118,1,1031317
71838841,0.74,0.738236,1,1031317
71840301,0.69,0.699647,1,1031375
71841761,0.7,0.699929,1,1031375
71843221,0.73,0.723986,1,1031414
71844681,0.74,0.736797,1,1031414
71846141,0.73,0.731359,1,1031416
71847601,0.74,0.738272,1,1031416
71849061,0.75,0.747654,1,1031515
71850521,0.76,0.757531,2,1031515
71851981,0.75,0.751506,2,1031517
71853441,0.76,0.758301,2,1031517
71854901,0.79,0.78366,2,1031637
71856361,0.8,0.796732,2,1031637
71857821,0.91,0.887346,2,1031773
71859281,0.92,0.913469,2,1031773
71860741,0.91,0.910694,2,1031775
71862201,0.92,0.918139,2,1031775
71863661,0.93,0.927628,2,1031831
71865121,0.94,0.937526,2,1031831
71866581,0.91,0.915505,2,1031872
71868041,0.92,0.919101,2,1031872
71869501,0.91,0.91182,2,1031874
71870961,0.92,0.918364,2,1031874
71872421,0.95,0.943673,2,1031974
71968781,0.93,0.93,2,1033816
71970241,0.94,0.938,2,1033816
71974621,0.94,0.94,2,1033912
71976081,0.95,0.948,2,1033912
71977541,0.91,0.9176,2,1033947
71979001,0.92,0.91952,2,1033947
71980461,0.75,0.783904,2,1034010
71981921,0.76,0.764781,2,1034010
71983381,0.76,0.760956,2,1034010
71984841,0.67,0.688191,1,1034159
71986301,0.68,0.681638,1,1034159
71987761,0.61,0.624328,1,1034191
71989221,0.62,0.620866,1,1034191
71990681,0.49,0.516173,1,1034219
71992141,0.5,0.503235,1,1034219
71993601,0.47,0.476647,1,1034249
71995061,0.48,0.479329,1,1034249
71996521,0.49,0.487866,1,1034288
71997981,0.5,0.497573,1,1034288
71999441,0.43,0.443515,1,1034340
72000901,0.44,0.440703,1,1034340
72002361,0.39,0.400141,1,1034381
72003821,0.4,0.400028,1,1034381
72005281,0.37,0.376006,1,1034414
72006741,0.38,0.379201,1,1034414
72008201,0.33,0.33984,1,1034469
72009661,0.34,0.339968,1,1034469
72011121,0.29,0.299994,1,1034613
72012581,0.3,0.299999,1,1034613
72014041,0.29,0.292,1,1034642
72015501,0.3,0.2984,1,1034642
72016961,0.29,0.29168,1,1034664
72018421,0.3,0.298336,1,1034664
72019881,0.23,0.243667,1,1034693
72021341,0.24,0.240733,1,1034693
72022801,0.25,0.248147,1,1034733
72024261,0.26,0.257629,1,1034733
72025721,0.27,0.267526,1,1034782
72027181,0.28,0.277505,1,1034782
72028641,0.33,0.319501,1,1034821
72030101,0.34,0.3359,1,1034821
72031561,0.39,0.37918,1,1034853
72033021,0.4,0.395836,1,1034853
72034481,0.41,0.407167,1,1034906
72035941,0.42,0.417433,1,1034906
72037401,0.53,0.507487,1,1035048
72038861,0.54,0.533497,1,1035048
72040321,0.54,0.538699,1,1035048
72041781,0.57,0.56374,1,1035077
72043241,0.58,0.576748,1,1035077
72044701,0.59,0.58735,1,1035099
72046161,0.6,0.59747,1,1035099
72047621,0.59,0.591494,1,1035125
72049081,0.6,0.598299,1,1035125
72050541,0.61,0.60766,1,1035166
72052001,0.62,0.617532,1,1035166
72053461,0.61,0.611506,1,1035216
72054921,0.62,0.618301,1,1035216
72056381,0.63,0.62766,1,1035258
72057841,0.64,0.637532,1,1035258
72059301,0.65,0.647506,1,1035293
72060761,0.66,0.657501,1,1035293
72062221,0.63,0.6355,1,1035347
72063681,0.64,0.6391,1,1035347
72065141,0.71,0.69582,1,1035495
72066601,0.72,0.715164,1,1035495
72068061,0.71,0.711033,1,1035497
72069521,0.72,0.718207,1,1035497
72070981,0.73,0.727641,1,1035527
72072441,0.74,0.737528,1,1035527
72073901,0.71,0.715506,1,1035550
72075361,0.72,0.719101,1,1035550
72076821,0.71,0.71182,1,1035576
72078281,0.72,0.718364,1,1035576
72079741,0.73,0.727673,1,1035618
72081201,0.74,0.737535,1,1035618
72082661,0.77,0.763507,2,1035668
72084121,0.78,0.776701,2,1035668
72085581,0.79,0.78734,2,1035711
72087041,0.8,0.797468,2,1035711
72088501,0.79,0.791494,2,1035747
72089961,0.8,0.798299,2,1035747
72091421,0.85,0.83966,2,1035800
72092881,0.86,0.855932,2,1035800
72094341,0.85,0.851186,2,1035952
72095801,0.86,0.858237,2,1035952
72097261,0.85,0.851647,2,1035954
72098721,0.86,0.85833,2,1035954
72100181,0.85,0.851666,2,1035985
72101641,0.86,0.858333,2,1035985
72103101,0.86,0.859667,2,1035985
72104561,0.87,0.867933,2,1036007
72106021,0.88,0.877587,2,1036007
72107481,0.87,0.871517,2,1036033
72108941,0.88,0.878303,2,1036033
72110401,0.85,0.855661,2,1036076
72111861,0.86,0.859132,2,1036076
72113321,0.89,0.883826,2,1036128
72114781,0.9,0.896765,2,1036128
72116241,0.93,0.923353,2,1036172
72117701,0.94,0.936671,2,1036172
72119161,0.93,0.931334,2,1036208
72120621,0.94,0.938267,2,1036208
72122081,0.91,0.915653,2,1036264
72123541,0.92,0.919131,2,1036264
72222821,0.91,0.91,2,1037897
72224281,0.92,0.918,2,1037897
72225741,0.93,0.9276,2,1037916
72227201,0.94,0.93752,2,1037916
72228661,0.93,0.931504,2,1037947
72230121,0.94,0.938301,2,1037947
72231581,0.81,0.83566,2,1037986
72233041,0.82,0.823132,2,1037986
72234501,0.82,0.820626,2,1037986
72235961,0.83,0.828125,2,1038013
72237421,0.84,0.837625,2,1038013
72238881,0.71,0.735525,1,1038039
72240341,0.72,0.723105,1,1038039
72241801,0.65,0.664621,1,1038083
72243261,0.66,0.660924,1,1038083
72244721,0.53,0.556185,1,1038121
72246181,0.54,0.543237,1,1038121
72247641,0.55,0.548647,1,1038176
72249101,0.56,0.557729,1,1038176
72250561,0.33,0.375546,1,1038319
72252021,0.34,0.347109,1,1038319
72253481,0.31,0.317422,1,1038347
72254941,0.32,0.319484,1,1038347
72256401,0.33,0.327897,1,1038370
72257861,0.34,0.337579,1,1038370
72259321,0.29,0.299516,1,1038384
72260781,0.3,0.299903,1,1038384
72262241,0.29,0.291981,1,1038415
72263701,0.3,0.298396,1,1038415
72265161,0.29,0.291679,1,1038448
72266621,0.3,0.298336,1,1038448
72268081,0.39,0.371667,1,1038475
72269541,0.4,0.394333,1,1038475
72271001,0.35,0.358867,1,1038495
72272461,0.36,0.359773,1,1038495
72273921,0.39,0.383955,1,1038536
72275381,0.4,0.396791,1,1038536
72276841,0.39,0.391358,1,1038568
72278301,0.4,0.398272,1,1038568
72279761,0.37,0.375654,1,1038624
72281221,0.38,0.379131,1,1038624
72282681,0.47,0.451826,1,1038756
72284141,0.48,0.474365,1,1038756
72285601,0.47,0.470873,1,1038783
72287061,0.48,0.478175,1,1038783
72288521,0.53,0.519635,1,1038807
72289981,0.54,0.535927,1,1038807
72291441,0.49,0.499185,1,1038819
72292901,0.5,0.499837,1,1038819
72294361,0.57,0.555967,1,1038850
72295821,0.58,0.575193,1,1038850
72297281,0.57,0.571039,1,1038883
72298741,0.58,0.578208,1,1038883
72300201,0.61,0.603642,1,1038915
72301661,0.62,0.616728,1,1038915
72303121,0.61,0.611346,1,1038933
72304581,0.62,0.618269,1,1038933
72306041,0.62,0.619654,1,1038933
72307501,0.63,0.627931,1,1038976
72308961,0.64,0.637586,1,1038976
72310421,0.63,0.631517,1,1039008
72311881,0.64,0.638303,1,1039008
72313341,0.65,0.647661,1,1039063
72314801,0.66,0.657532,1,1039063
72316261,0.71,0.699506,1,1039200
72317721,0.72,0.715901,1,1039200
72319181,0.73,0.72718,1,1039227
72320641,0.74,0.737436,1,1039227
72322101,0.75,0.747487,1,1039254
72323561,0.76,0.757497,2,1039254
72325021,0.75,0.751499,2,1039264
72326481,0.76,0.7583,2,1039264
72327941,0.69,0.70366,1,1039299
72329401,0.7,0.700732,1,1039299
72330861,0.71,0.708146,1,1039332
72332321,0.72,0.717629,1,1039332
72333781,0.71,0.711526,1,1039366
72335241,0.72,0.718305,1,1039366
72336701,0.75,0.743661,1,1039384
72338161,0.76,0.756732,2,1039384
72339621,0.75,0.751346,2,1039386
72341081,0.76,0.758269,2,1039386
72342541,0.73,0.735654,1,1039429
72344001,0.74,0.739131,1,1039429
72345461,0.73,0.731826,1,1039461
72346921,0.74,0.738365,1,1039461
72348381,0.77,0.763673,2,1039517
72349841,0.78,0.776735,2,1039517
72351301,0.91,0.883347,2,1039657
72352761,0.92,0.912669,2,1039657
72354221,0.91,0.910534,2,1039685
72355681,0.92,0.918107,2,1039685
72357141,0.93,0.927621,2,1039713
72358601,0.94,0.937524,2,1039713
72360061,0.93,0.931505,2,1039723
72361521,0.94,0.938301,2,1039723
72362981,0.95,0.94766,2,1039755
72495841,0.85,0.85,2,1041618
72497301,0.81,0.818,2,1041661
72498761,0.85,0.8436,2,1041690
72500221,0.71,0.73672,1,1041717
72501681,0.59,0.619344,1,1041748
72503141,0.43,0.467869,1,1041778
72504601,0.35,0.373574,1,1041827
72506061,0.31,0.322715,1,1041844
72507521,0.33,0.328543,1,1041852
72508981,0.23,0.249709,1,1041869
72510441,0.27,0.265942,1,1041886
72511901,0.01,0.0611883,1,1042082
72513361,0.02,0.0282377,1,1042082
72514821,0.03,0.0296475,1,1042153
72516281,0.04,0.0379295,1,1042153
72517741,0,0.0075859,1,1042198
72519201,0,0.00151718,1,1042198
72520661,0.05,0.0403034,1,1042265
72522121,0.06,0.0560607,1,1042265
72523581,0.05,0.0512121,1,1042289
72525041,0.06,0.0582424,1,1042289
72526501,0.07,0.0676485,1,1042320
72527961,0.08,0.0775297,1,1042320
72529421,0.01,0.0235059,1,1042504
72530881,0.02,0.0207012,1,1042504
72532341,0.07,0.0601402,1,1042576
72533801,0.08,0.076028,1,1042576
72535261,0.03,0.0392056,1,1042620
72536721,0.04,0.0398411,1,1042620
72538181,0,0.00796822,1,1042689
72539641,0,0.00159364,1,1042689
72541101,0.09,0.0723187,1,1042713
72542561,0.1,0.0944637,1,1042713
72544021,0.09,0.0908928,1,1042745
72545481,0.1,0.0981785,1,1042745
72546941,0.1,0.0996357,1,1042745
72548401,0.17,0.155927,1,1042926
72549861,0.18,0.175185,1,1042926
72551321,0.07,0.0910371,1,1043001
72552781,0.08,0.0822074,1,1043001
72554241,0.07,0.0724415,1,1043043
72555701,0.08,0.0784883,1,1043043
72557161,0.09,0.0876977,1,1043111
72558621,0.1,0.0975395,1,1043111
72560081,0.09,0.0915079,1,1043139
72561541,0.1,0.0983016,1,1043139
72563001,0.09,0.0916603,1,1043171
72564461,0.1,0.0983321,1,1043171
72565921,0.11,0.107666,1,1043355
72567381,0.12,0.117533,1,1043355
72568841,0.15,0.143507,1,1043425
72570301,0.16,0.156701,1,1043425
72571761,0.21,0.19934,1,1043467
72573221,0.22,0.215868,1,1043467
72574681,0.25,0.243174,1,1043536
72576141,0.26,0.256635,1,1043536
72577601,0.27,0.267327,1,1043564
72579061,0.28,0.277465,1,1043564
72580521,0.29,0.287493,1,1043596
72581981,0.3,0.297499,1,1043596
72583441,0.35,0.3395,1,1043781
72584901,0.36,0.3559,1,1043781
72586361,0.37,0.36718,1,1043853
72587821,0.38,0.377436,1,1043853
72589281,0.38,0.379487,1,1043853
72590741,0.45,0.435897,1,1043898
72592201,0.46,0.455179,1,1043898
72593661,0.43,0.435036,1,1043969
72595121,0.44,0.439007,1,1043969
72596581,0.43,0.431801,1,1043998
72598041,0.44,0.43836,1,1043998
72599501,0.47,0.463672,1,1044031
72600961,0.48,0.476734,1,1044031
72602421,0.53,0.519347,1,1044219
72603881,0.54,0.535869,1,1044219
72605341,0.57,0.563174,1,1044292
72606801,0.58,0.576635,1,1044292
72608261,0.57,0.571327,1,1044294
72609721,0.58,0.578265,1,1044294
72611181,0.63,0.619653,1,1044342
72612641,0.64,0.635931,1,1044342
72614101,0.67,0.663186,1,1044412
72615561,0.68,0.676637,1,1044412
72617021,0.65,0.655327,1,1044441
72618481,0.66,0.659065,1,1044441
72619941,0.69,0.683813,1,1044476
72621401,0.7,0.696763,1,1044476
72622861,0.79,0.771353,2,1044667
72624321,0.8,0.79427,2,1044667
72625781,0.83,0.822854,2,1044742
72627241,0.84,0.836571,2,1044742
72628701,0.83,0.831314,2,1044744
72630161,0.84,0.838263,2,1044744
72631621,0.84,0.839653,2,1044744
72633081,0.79,0.799931,2,1044795
72634541,0.8,0.799986,2,1044795
72636001,0.79,0.791997,2,1044867
72637461,0.8,0.798399,2,1044867
72638921,0.79,0.79168,2,1044895
72640381,0.8,0.798336,2,1044895
72641841,0.83,0.823667,2,1044932
72643301,0.84,0.836733,2,1044932
72644761,0.91,0.895347,2,1045128
72646221,0.92,0.915069,2,1045128
72647681,0.91,0.911014,2,1045205
72649141,0.92,0.918203,2,1045205
72650601,0.91,0.911641,2,1045207
72652061,0.92,0.918328,2,1045207
72653521,0.91,0.911666,2,1045255
72654981,0.92,0.918333,2,1045255
72738201,0.92,0.92,2,1047124
72739661,0.93,0.928,2,1047124
72741121,0.83,0.8496,2,1047162
72742581,0.84,0.84192,2,1047162
72744041,0.75,0.768384,2,1047192
72745501,0.76,0.761677,2,1047192
72746961,0.67,0.688335,1,1047255
72748421,0.68,0.681667,1,1047255
72749881,0.67,0.672333,1,1047286
72751341,0.68,0.678467,1,1047286
72752801,0.61,0.623693,1,1047316
72754261,0.62,0.620739,1,1047316
72755721,0.49,0.516148,1,1047337
72757181,0.5,0.50323,1,1047337
72758641,0.27,0.316646,1,1047512
72760101,0.28,0.287329,1,1047512
72761561,0.23,0.241466,1,1047591
72763021,0.24,0.240293,1,1047591
72764481,0.27,0.264059,1,1047624
72765941,0.28,0.276812,1,1047624
72767401,0.17,0.191362,1,1047650
72768861,0.18,0.182272,1,1047650
72770321,0.19,0.188454,1,1047709
72771781,0.2,0.197691,1,1047709
72773241,0.21,0.207538,1,1047740
72774701,0.22,0.217508,1,1047740
72776161,0.17,0.179502,1,1047767
72777621,0.18,0.1799,1,1047767
72779081,0.21,0.20398,1,1047782
72780541,0.22,0.216796,1,1047782
72782001,0.22,0.219359,1,1047782
72783461,0.29,0.275872,1,1047946
72784921,0.3,0.295174,1,1047946
72786381,0.33,0.323035,1,1048023
72787841,0.34,0.336607,1,1048023
72789301,0.35,0.347321,1,1048058
72790761,0.36,0.357464,1,1048058
72792221,0.33,0.335493,1,1048079
72793681,0.34,0.339099,1,1048079
72795141,0.37,0.36382,1,1048139
72796601,0.38,0.376764,1,1048139
72798061,0.37,0.371353,1,1048171
72799521,0.38,0.378271,1,1048171
72800981,0.43,0.419654,1,1048196
72802441,0.44,0.435931,1,1048196
72803901,0.45,0.447186,1,1048213
72805361,0.46,0.457437,1,1048213
72806821,0.45,0.451487,1,1048215
72808281,0.46,0.458297,1,1048215
72809741,0.45,0.451659,1,1048382
72811201,0.46,0.458332,1,1048382
72812661,0.49,0.483666,1,1048461
72814121,0.5,0.496733,1,1048461
72815581,0.51,0.507347,1,1048497
72817041,0.52,0.517469,1,1048497
72818501,0.51,0.511494,1,1048517
72819961,0.52,0.518299,1,1048517
72821421,0.61,0.59166,1,1048579
72822881,0.62,0.614332,1,1048579
72824341,0.61,0.610866,1,1048611
72825801,0.62,0.618173,1,1048611
72827261,0.57,0.579635,1,1048639
72828721,0.58,0.579927,1,1048639
72830181,0.59,0.587985,1,1048657
72831641,0.6,0.597597,1,1048657
72833101,0.59,0.591519,1,1048659
72834561,0.6,0.598304,1,1048659
72836021,0.6,0.599661,1,1048659
72837481,0.67,0.655932,1,1048826
72838941,0.68,0.675186,1,1048826
72840401,0.65,0.655037,1,1048907
72841861,0.66,0.659007,1,1048907
72843321,0.65,0.651801,1,1048944
72844781,0.66,0.65836,1,1048944
72846241,0.65,0.651672,1,1048964
72847701,0.66,0.658334,1,1048964
72849161,0.73,0.715667,1,1049031
72850621,0.74,0.735133,1,1049031
72852081,0.77,0.763027,2,1049063
72853541,0.78,0.776605,2,1049063
72855001,0.77,0.771321,2,1049089
72856461,0.78,0.778264,2,1049089
72857921,0.75,0.755653,2,1049108
72859381,0.76,0.759131,2,1049108
72860841,0.75,0.751826,2,1049110
72862301,0.76,0.758365,2,1049110
72863761,0.81,0.799673,2,1049280
72865221,0.82,0.815935,2,1049280
72866681,0.83,0.827187,2,1049360
72868141,0.84,0.837437,2,1049360
72869601,0.85,0.847487,2,1049397
72871061,0.86,0.857498,2,1049397
72872521,0.87,0.867499,2,1049417
72873981,0.88,0.8775,2,1049417
72875441,0.93,0.9195,2,1049488
72876901,0.94,0.9359,2,1049488
72878361,0.93,0.93118,2,1049522
72879821,0.94,0.938236,2,1049522
72881281,0.93,0.931647,2,1049548
72882741,0.94,0.938329,2,1049548
72884201,0.95,0.947666,2,1049566
72887121,0.95,0.95,2,1049568
73012681,0.89,0.89,2,1051769
73014141,0.9,0.898,2,1051769
73015601,0.79,0.8116,2,1051805
73017061,0.8,0.80232,2,1051805
73018521,0.57,0.616464,1,1051850
73019981,0.58,0.587293,1,1051850
73021441,0.58,0.581459,1,1051850
73022901,0.41,0.444292,1,1051886
73024361,0.42,0.424858,1,1051886
73025821,0.31,0.332972,1,1051926
73027281,0.32,0.322594,1,1051926
73028741,0.31,0.312519,1,1051963
73030201,0.32,0.318504,1,1051963
73031661,0.21,0.231701,1,1051994
73033121,0.22,0.22234,1,1051994
73034581,0.13,0.148468,1,1052028
73036041,0.14,0.141694,1,1052028
73037501,0.01,0.0363387,1,1052135
73038961,0.02,0.0232677,1,1052135
73040421,0.05,0.0446535,1,1052181
73041881,0.06,0.0569307,1,1052181
73043341,0.03,0.0353861,1,1052234
73044801,0.04,0.0390772,1,1052234
73046261,0.03,0.0318154,1,1052265
73047721,0.04,0.0383631,1,1052265
73049181,0.05,0.0476726,1,1052299
73050641,0.06,0.0575345,1,1052299
73052101,0.05,0.0515069,1,1052301
73053561,0.06,0.0583014,1,1052301
73055021,0.01,0.0196603,1,1052328
73056481,0.02,0.0199321,1,1052328
73057941,0.03,0.0279864,1,1052363
73059401,0.04,0.0375973,1,1052363
73060861,0.01,0.0155195,1,1052400
73062321,0.02,0.0191039,1,1052400
73063781,0.11,0.0918208,1,1052426
73065241,0.12,0.114364,1,1052426
73066701,0.07,0.0788728,1,1052456
73068161,0.08,0.0797746,1,1052456
73069621,0.13,0.119955,1,1052557
73071081,0.14,0.135991,1,1052557
73072541,0.07,0.0831982,1,1052605
73074001,0.08,0.0806396,1,1052605
73075461,0,0.0161279,1,1052657
73076921,0,0.00322559,1,1052657
73078381,0.13,0.104645,1,1052688
73079841,0.14,0.132929,1,1052688
73081301,0.07,0.0825858,1,1052723
73082761,0.08,0.0805172,1,1052723
73084221,0.07,0.0721034,1,1052725
73085681,0.08,0.0784207,1,1052725
73087141,0.07,0.0716841,1,1052750
73088601,0.08,0.0783368,1,1052750
73090061,0.08,0.0796674,1,1052750
73091521,0.11,0.103933,1,1052786
73092981,0.12,0.116787,1,1052786
73094441,0.09,0.0953573,1,1052822
73095901,0.1,0.0990715,1,1052822
73097361,0.03,0.0438143,1,1052853
73098821,0.04,0.0407629,1,1052853
73100281,0.05,0.0481526,1,1052881
73101741,0.06,0.0576305,1,1052881
73103201,0.13,0.115526,1,1052985
73104661,0.14,0.135105,1,1052985
73106121,0.17,0.163021,1,1053030
73107581,0.18,0.176604,1,1053030
73109041,0.13,0.139321,1,1053079
73110501,0.14,0.139864,1,1053079
73111961,0.19,0.179973,1,1053116
73113421,0.2,0.195995,1,1053116
73114881,0.19,0.191199,1,1053148
73116341,0.2,0.19824,1,1053148
73117801,0.19,0.191648,1,1053150
73119261,0.2,0.19833,1,1053150
73120721,0.17,0.175666,1,1053175
73122181,0.18,0.179133,1,1053175
73123641,0.19,0.187827,1,1053212
73125101,0.2,0.197565,1,1053212
73126561,0.25,0.239513,1,1053247
73128021,0.26,0.255903,1,1053247
73129481,0.25,0.251181,1,1053275
73130941,0.26,0.258236,1,1053275
73132401,0.27,0.267647,1,1053304
73133861,0.28,0.277529,1,1053304
73135321,0.33,0.319506,1,1053412
73136781,0.34,0.335901,1,1053412
73138241,0.33,0.33118,1,1053459
73139701,0.34,0.338236,1,1053459
73141161,0.35,0.347647,1,1053506
73142621,0.36,0.357529,1,1053506
73144081,0.37,0.367506,1,1053546
73145541,0.38,0.377501,1,1053546
73147001,0.39,0.3875,1,1053578
73148461,0.4,0.3975,1,1053578
73149921,0.39,0.3915,1,1053580
73151381,0.4,0.3983,1,1053580
73152841,0.39,0.39166,1,1053604
73154301,0.4,0.398332,1,1053604
73155761,0.45,0.439666,1,1053642
73157221,0.46,0.455933,1,1053642
73158681,0.53,0.515187,1,1053680
73160141,0.54,0.535037,1,1053680
73161601,0.54,0.539007,1,1053680
73163061,0.57,0.563802,1,1053708
73164521,0.58,0.57676,1,1053708
73165981,0.57,0.571352,1,1053738
73167441,0.58,0.57827,1,1053738
73168901,0.61,0.603654,1,1053849
73170361,0.62,0.616731,1,1053849
73171821,0.63,0.627346,1,1053896
73173281,0.64,0.637469,1,1053896
73174741,0.65,0.647494,1,1053944
73176201,0.66,0.657499,1,1053944
73177661,0.63,0.6355,1,1053985
73179121,0.64,0.6391,1,1053985
73180581,0.63,0.63182,1,1054018
73182041,0.64,0.638364,1,1054018
73183501,0.63,0.631673,1,1054020
73184961,0.64,0.638335,1,1054020
73186421,0.63,0.631667,1,1054044
73187881,0.64,0.638333,1,1054044
73189341,0.61,0.615667,1,1054085
73190801,0.62,0.619133,1,1054085
73192261,0.59,0.595827,1,1054127
73193721,0.6,0.599165,1,1054127
73195181,0.59,0.591833,1,1054129
73196641,0.6,0.598367,1,1054129
73198101,0.57,0.575673,1,1054158
73199561,0.58,0.579135,1,1054158
73201021,0.57,0.571827,1,1054188
73202481,0.58,0.578365,1,1054188
73203941,0.59,0.587673,1,1054301
73205401,0.6,0.597535,1,1054301
73206861,0.65,0.639507,1,1054349
73208321,0.66,0.655901,1,1054349
73209781,0.67,0.66718,1,1054398
73211241,0.68,0.677436,1,1054398
73212701,0.67,0.671487,1,1054438
73214161,0.68,0.678297,1,1054438
73215621,0.65,0.655659,1,1054471
73217081,0.66,0.659132,1,1054471
73218541,0.65,0.651826,1,1054473
73220001,0.66,0.658365,1,1054473
73221461,0.67,0.667673,1,1054497
73222921,0.68,0.677535,1,1054497
73224381,0.69,0.687507,1,1054537
73225841,0.7,0.697501,1,1054537
73227301,0.69,0.6915,1,1054578
73228761,0.7,0.6983,1,1054578
73230221,0.69,0.69166,1,1054580
73231681,0.7,0.698332,1,1054580
73233141,0.7,0.699666,1,1054580
73234601,0.71,0.707933,1,1054608
73236061,0.72,0.717587,1,1054608
73237521,0.73,0.727517,1,1054638
73238981,0.74,0.737503,1,1054638
73240441,0.85,0.827501,2,1054752
73241901,0.86,0.8535,2,1054752
73243361,0.85,0.8507,2,1054803
73244821,0.86,0.85814,2,1054803
73246281,0.85,0.851628,2,1054853
73247741,0.86,0.858326,2,1054853
73249201,0.87,0.867665,2,1054893
73250661,0.88,0.877533,2,1054893
73252121,0.87,0.871507,2,1054925
73253581,0.88,0.878301,2,1054925
73255041,0.87,0.87166,2,1054927
73256501,0.88,0.878332,2,1054927
73257961,0.89,0.887666,2,1054952
73259421,0.9,0.897533,2,1054952
73260881,0.93,0.923507,2,1054993
73262341,0.94,0.936701,2,1054993
73263801,0.91,0.91534,2,1055034
73265261,0.92,0.919068,2,1055034
73266721,0.91,0.911814,2,1055036
73268181,0.92,0.918363,2,1055036
73269641,0.91,0.911673,2,1055064
73271101,0.92,0.918334,2,1055064
73272561,0.93,0.927667,2,1055095
73274021,0.94,0.937533,2,1055095
73373301,0.95,0.95,2,1056462
73376221,0.89,0.89,2,1056501
73377681,0.9,0.898,2,1056501
73379141,0.79,0.8116,2,1056526
73380601,0.8,0.80232,2,1056526
73382061,0.77,0.776464,2,1056530
73383521,0.78,0.779293,2,1056530
73384981,0.85,0.835859,2,1056550
73386441,0.86,0.855172,2,1056550
73387901,0.51,0.579034,1,1056662
73389361,0.52,0.531807,1,1056662
73390821,0.52,0.522361,1,1056662
73392281,0.59,0.576472,1,1056712
73393741,0.6,0.595294,1,1056712
73395201,0.43,0.463059,1,1056758
73396661,0.44,0.444612,1,1056758
73398121,0.41,0.416922,1,1056811
73399581,0.42,0.419384,1,1056811
73401041,0.35,0.363877,1,1056843
73402501,0.36,0.360775,1,1056843
73403961,0.33,0.336155,1,1056862
73405421,0.34,0.339231,1,1056862
73406881,0.31,0.315846,1,1056894
73408341,0.32,0.319169,1,1056894
73409801,0.29,0.295834,1,1056905
73411261,0.3,0.299167,1,1056905
73412721,0.27,0.275833,1,1056931
73414181,0.28,0.279167,1,1056931
73415641,0.35,0.335833,1,1056968
73417101,0.36,0.355167,1,1056968
73418561,0.31,0.319033,1,1056990
73420021,0.32,0.319807,1,1056990
73421481,0.29,0.295961,1,1056993
73422941,0.3,0.299192,1,1056993
73424401,0.31,0.307838,1,1057014
73425861,0.32,0.317568,1,1057014
73427321,0.37,0.359514,1,1057109
73428781,0.38,0.375903,1,1057109
73430241,0.47,0.451181,1,1057162
73431701,0.48,0.474236,1,1057162
73433161,0.49,0.486847,1,1057200
73434621,0.5,0.497369,1,1057200
73436081,0.45,0.459474,1,1057252
73437541,0.46,0.459895,1,1057252
73439001,0.51,0.499979,1,1057281
73440461,0.52,0.515996,1,1057281
73441921,0.51,0.511199,1,1057299
73443381,0.52,0.51824,1,1057299
73444841,0.51,0.511648,1,1057330
73446301,0.52,0.51833,1,1057330
73447761,0.51,0.511666,1,1057340
73449221,0.52,0.518333,1,1057340
73450681,0.53,0.527667,1,1057365
73452141,0.54,0.537533,1,1057365
73453601,0.55,0.547507,1,1057406
73455061,0.56,0.557501,1,1057406
73456521,0.57,0.5675,1,1057426
73457981,0.58,0.5775,1,1057426
73459441,0.57,0.5715,1,1057428
73460901,0.58,0.5783,1,1057428
73462361,0.57,0.57166,1,1057450
73463821,0.58,0.578332,1,1057450
73465281,0.63,0.619666,1,1057548
73466741,0.64,0.635933,1,1057548
73468201,0.71,0.695187,1,1057606
73469661,0.72,0.715037,1,1057606
73471121,0.72,0.719007,1,1057606
73472581,0.75,0.743801,1,1057645
73474041,0.76,0.75676,2,1057645
73475501,0.81,0.799352,2,1057695
73476961,0.82,0.81587,2,1057695
73478421,0.81,0.811174,2,1057727
73479881,0.82,0.818235,2,1057727
73481341,0.81,0.811647,2,1057745
73482801,0.82,0.818329,2,1057745
73484261,0.79,0.795666,2,1057776
73485721,0.8,0.799133,2,1057776
73487181,0.79,0.791827,2,1057786
73488641,0.8,0.798365,2,1057786
73490101,0.81,0.807673,2,1057812
73491561,0.82,0.817535,2,1057812
73493021,0.85,0.843507,2,1057854
73494481,0.86,0.856701,2,1057854
73495941,0.83,0.83534,2,1057875
73497401,0.84,0.839068,2,1057875
73498861,0.83,0.831814,2,1057877
73500321,0.84,0.838363,2,1057877
73501781,0.83,0.831673,2,1057899
73503241,0.84,0.838335,2,1057899
73504701,0.79,0.799667,2,1058000
73506161,0.8,0.799933,2,1058000
73507621,0.75,0.759987,2,1058062
73509081,0.76,0.759997,2,1058062
73510541,0.75,0.751999,2,1058064
73512001,0.76,0.7584,2,1058064
73513461,0.77,0.76768,2,1058104
73514921,0.78,0.777536,2,1058104
73516381,0.79,0.787507,2,1058157
73517841,0.8,0.797501,2,1058157
73519301,0.79,0.7915,2,1058189
73520761,0.8,0.7983,2,1058189
73522221,0.79,0.79166,2,1058207
73523681,0.8,0.798332,2,1058207
73525141,0.83,0.823666,2,1058237
73526601,0.84,0.836733,2,1058237
73528061,0.83,0.831347,2,1058247
73529521,0.84,0.838269,2,1058247
73530981,0.85,0.847654,2,1058274
73532441,0.86,0.857531,2,1058274
73533901,0.87,0.867506,2,1058318
73535361,0.88,0.877501,2,1058318
73536821,0.87,0.8715,2,1058338
73538281,0.88,0.8783,2,1058338
73539741,0.87,0.87166,2,1058340
73541201,0.88,0.878332,2,1058340
73542661,0.87,0.871666,2,1058362
73544121,0.88,0.878333,2,1058362
73545581,0.85,0.855667,2,1058461
73547041,0.86,0.859133,2,1058461
73548501,0.91,0.899827,2,1058521
73549961,0.92,0.915965,2,1058521
73551421,0.91,0.911193,2,1058523
73552881,0.92,0.918239,2,1058523
73554341,0.91,0.911648,2,1058564
73555801,0.92,0.91833,2,1058564
73557261,0.92,0.919666,2,1058564
73558721,0.93,0.927933,2,1058618
73560181,0.94,0.937587,2,1058618
73732461,0.7,0.7,1,1060595
73733921,0.71,0.708,1,1060595
73735381,0.7,0.7016,1,1060615
73736841,0.71,0.70832,1,1060615
73738301,0.71,0.709664,1,1060615
73739761,0.73,0.725933,1,1060645
73741221,0.74,0.737187,1,1060645
73742681,0.57,0.603437,1,1060683
73744141,0.58,0.584687,1,1060683
73745601,0.43,0.460938,1,1060707
73747061,0.44,0.444188,1,1060707
73748521,0.27,0.304837,1,1060750
73749981,0.28,0.284967,1,1060750
73751441,0.11,0.144993,1,1060786
73752901,0.12,0.124999,1,1060786
73754361,0.01,0.0329997,1,1060819
73755821,0.02,0.0225999,1,1060819
73757281,0.03,0.02852,1,1060837
73758741,0.04,0.037704,1,1060837
73760201,0.03,0.0315408,1,1060882
73761661,0.04,0.0383082,1,1060882
73763121,0.03,0.0316616,1,1060919
73764581,0.04,0.0383323,1,1060919
73766041,0.03,0.0316665,1,1060947
73767501,0.04,0.0383333,1,1060947
73768961,0,0.00766666,1,1060973
73770421,0,0.00153333,1,1060973
73771881,0.05,0.0403067,1,1061006
73773341,0.06,0.0560613,1,1061006
73774801,0.07,0.0672123,1,1061037
73776261,0.08,0.0774425,1,1061037
73777721,0.05,0.0554885,1,1061058
73779181,0.06,0.0590977,1,1061058
73780641,0.07,0.0678195,1,1061072
73782101,0.08,0.0775639,1,1061072
73783561,0.09,0.0875128,1,1061102
73785021,0.1,0.0975026,1,1061102
73786481,0.11,0.107501,1,1061132
73787941,0.12,0.1175,1,1061132
73789401,0.11,0.1115,1,1061149
73790861,0.12,0.1183,1,1061149
73792321,0.09,0.09566,1,1061184
73793781,0.1,0.099132,1,1061184
73795241,0.15,0.139826,1,1061212
73796701,0.16,0.155965,1,1061212
73798161,0.03,0.0551931,1,1061240
73799621,0.04,0.0430386,1,1061240
73801081,0.05,0.0486077,1,1061259
73802541,0.06,0.0577215,1,1061259
73804001,0.07,0.0675443,1,1061304
73805461,0.08,0.0775089,1,1061304
73806921,0.07,0.0715018,1,1061341
73808381,0.08,0.0783004,1,1061341
73809841,0.07,0.0716601,1,1061369
73811301,0.08,0.078332,1,1061369
73812761,0.05,0.0556664,1,1061394
73814221,0.06,0.0591333,1,1061394
73815681,0.01,0.0198267,1,1061429
73817141,0.02,0.0199653,1,1061429
73818601,0.07,0.0599931,1,1061461
73820061,0.08,0.0759986,1,1061461
73821521,0.13,0.1192,1,1061481
73822981,0.14,0.13584,1,1061481
73824441,0.11,0.115168,1,1061496
73825901,0.12,0.119034,1,1061496
73827361,0.15,0.143807,1,1061527
73828821,0.16,0.156761,1,1061527
73830281,0.21,0.199352,1,1061558
73831741,0.22,0.21587,1,1061558
73833201,0.22,0.219174,1,1061558
73834661,0.25,0.243835,1,1061575
73836121,0.26,0.256767,1,1061575
73837581,0.25,0.251353,1,1061609
73839041,0.26,0.258271,1,1061609
73840501,0.23,0.235654,1,1061640
73841961,0.24,0.239131,1,1061640
73843421,0.27,0.263826,1,1061662
73844881,0.28,0.276765,1,1061662
73846341,0.07,0.111353,1,1061682
73847801,0.08,0.0862706,1,1061682
73849261,0.03,0.0412541,1,1061728
73850721,0.04,0.0402508,1,1061728
73852181,0.05,0.0480502,1,1061765
73853641,0.06,0.05761,1,1061765
73855101,0.03,0.035522,1,1061793
73856561,0.04,0.0391044,1,1061793
73858021,0.03,0.0318209,1,1061817
73859481,0.04,0.0383642,1,1061817
73860941,0.03,0.0316728,1,1061850
73862401,0.04,0.0383346,1,1061850
73863861,0.01,0.0156669,1,1061885
73865321,0.02,0.0191334,1,1061885
73866781,0.05,0.0438267,1,1061908
73868241,0.06,0.0567653,1,1061908
73869701,0.07,0.0673531,1,1061922
73871161,0.08,0.0774706,1,1061922
73872621,0.09,0.0874941,1,1061955
73874081,0.1,0.0974988,1,1061955
73875541,0.05,0.0594998,1,1061989
73877001,0.06,0.0599,1,1061989
73878461,0.05,0.05198,1,1061991
73879921,0.06,0.058396,1,1061991
73881381,0.05,0.0516792,1,1062009
73882841,0.06,0.0583358,1,1062009
73884301,0.07,0.0676672,1,1062043
73885761,0.08,0.0775334,1,1062043
73887221,0.07,0.0715067,1,1062073
73888681,0.08,0.0783013,1,1062073
73890141,0.09,0.0876603,1,1062097
73891601,0.1,0.0975321,1,1062097
73893061,0.11,0.107506,1,1062107
73894521,0.12,0.117501,1,1062107
73895981,0.09,0.0955003,1,1062151
73897441,0.1,0.0991001,1,1062151
73898901,0.05,0.05982,1,1062189
73900361,0.06,0.059964,1,1062189
73901821,0.01,0.0199928,1,1062216
73903281,0.02,0.0199986,1,1062216
73904741,0.01,0.0119997,1,1062240
73906201,0.02,0.0183999,1,1062240
73907661,0.09,0.07568,1,1062273
73909121,0.1,0.095136,1,1062273
73910581,0.05,0.0590272,1,1062307
73912041,0.06,0.0598054,1,1062307
73913501,0.07,0.0679611,1,1062332
73914961,0.08,0.0775922,1,1062332
73916421,0.05,0.0555184,1,1062347
73917881,0.06,0.0591037,1,1062347
73919341,0.03,0.0358207,1,1062381
73920801,0.04,0.0391641,1,1062381
73922261,0.05,0.0478328,1,1062413
73923721,0.06,0.0575666,1,1062413
73925181,0.05,0.0515133,1,1062415
73926641,0.06,0.0583027,1,1062415
73928101,0.06,0.0596605,1,1062415
73929561,0.07,0.0679321,1,1062433
73931021,0.08,0.0775864,1,1062433
73932481,0.07,0.0715173,1,1062468
73933941,0.08,0.0783035,1,1062468
73935401,0.07,0.0716607,1,1062498
73936861,0.08,0.0783321,1,1062498
73938321,0.07,0.0716664,1,1062523
73939781,0.08,0.0783333,1,1062523
73941241,0.09,0.0876667,1,1062534
73942701,0.1,0.0975333,1,1062534
73944161,0.09,0.0915067,1,1062577
73945621,0.1,0.0983013,1,1062577
73947081,0.09,0.0916603,1,1062613
73948541,0.1,0.0983321,1,1062613
73950001,0.07,0.0756664,1,1062638
73951461,0.08,0.0791333,1,1062638
73952921,0.07,0.0718267,1,1062662
73954381,0.08,0.0783653,1,1062662
73955841,0.09,0.0876731,1,1062699
73957301,0.1,0.0975346,1,1062699
73958761,0.11,0.107507,1,1062731
73960221,0.12,0.117501,1,1062731
73961681,0.11,0.1115,1,1062757
73963141,0.12,0.1183,1,1062757
73964601,0.13,0.12766,1,1062771
73966061,0.14,0.137532,1,1062771
73967521,0.15,0.147506,1,1062804
73968981,0.16,0.157501,1,1062804
73970441,0.15,0.1515,1,1062837
73971901,0.16,0.1583,1,1062837
73973361,0.15,0.15166,1,1062839
73974821,0.16,0.158332,1,1062839
73976281,0.15,0.151666,1,1062857
73977741,0.16,0.158333,1,1062857
73979201,0.19,0.183667,1,1062892
73980661,0.2,0.196733,1,1062892
73982121,0.23,0.223347,1,1062922
73983581,0.24,0.236669,1,1062922
73985041,0.25,0.247334,1,1062947
73986501,0.26,0.257467,1,1062947
73987961,0.25,0.251493,1,1062959
73989421,0.26,0.258299,1,1062959
73990881,0.31,0.29966,1,1063002
73992341,0.32,0.315932,1,1063002
73993801,0.33,0.327186,1,1063038
73995261,0.34,0.337437,1,1063038
73996721,0.33,0.331487,1,1063062
73998181,0.34,0.338297,1,1063062
73999641,0.33,0.331659,1,1063086
74001101,0.34,0.338332,1,1063086
74002561,0.33,0.331666,1,1063124
74004021,0.34,0.338333,1,1063124
74005481,0.33,0.331667,1,1063157
74006941,0.34,0.338333,1,1063157
74008401,0.35,0.347667,1,1063183
74009861,0.36,0.357533,1,1063183
74011321,0.33,0.335507,1,1063198
74012781,0.34,0.339101,1,1063198
74014241,0.37,0.36382,1,1063232
74015701,0.38,0.376764,1,1063232
74017161,0.41,0.403353,1,1063265
74018621,0.42,0.416671,1,1063265
74020081,0.41,0.411334,1,1063267
74021541,0.42,0.418267,1,1063267
74023001,0.41,0.411653,1,1063285
74024461,0.42,0.418331,1,1063285
74025921,0.47,0.459666,1,1063322
74027381,0.48,0.475933,1,1063322
74028841,0.48,0.479187,1,1063322
74030301,0.53,0.519837,1,1063354
74031761,0.54,0.535967,1,1063354
74033221,0.55,0.547193,1,1063380
74034681,0.56,0.557439,1,1063380
74036141,0.57,0.567488,1,1063392
74037601,0.58,0.577498,1,1063392
74039061,0.57,0.5715,1,1063438
74040521,0.58,0.5783,1,1063438
74041981,0.59,0.58766,1,1063475
74043441,0.6,0.597532,1,1063475
74044901,0.59,0.591506,1,1063499
74046361,0.6,0.598301,1,1063499
74047821,0.61,0.60766,1,1063523
74049281,0.62,0.617532,1,1063523
74050741,0.61,0.611506,1,1063561
74052201,0.62,0.618301,1,1063561
74053661,0.59,0.59566,1,1063594
74055121,0.6,0.599132,1,1063594
74056581,0.57,0.575826,1,1063621
74058041,0.58,0.579165,1,1063621
74059501,0.57,0.571833,1,1063635
74060961,0.58,0.578367,1,1063635
74062421,0.57,0.571673,1,1063671
74063881,0.58,0.578335,1,1063671
74065341,0.61,0.603667,1,1063706
74066801,0.62,0.616733,1,1063706
74068261,0.61,0.611347,1,1063708
74069721,0.62,0.618269,1,1063708
74071181,0.63,0.627654,1,1063726
74072641,0.64,0.637531,1,1063726
74074101,0.63,0.631506,1,1063766
74075561,0.64,0.638301,1,1063766
74077021,0.63,0.63166,1,1063768
74078481,0.64,0.638332,1,1063768
74079941,0.65,0.647666,1,1063802
74081401,0.66,0.657533,1,1063802
74082861,0.65,0.651507,1,1063829
74084321,0.66,0.658301,1,1063829
74085781,0.67,0.66766,1,1063842
74087241,0.68,0.677532,1,1063842
74088701,0.67,0.671506,1,1063888
74090161,0.68,0.678301,1,1063888
74091621,0.69,0.68766,1,1063926
74093081,0.7,0.697532,1,1063926
74094541,0.71,0.707506,1,1063950
74096001,0.72,0.717501,1,1063950
74097461,0.71,0.7115,1,1063975
74098921,0.72,0.7183,1,1063975
74100381,0.71,0.71166,1,1064013
74101841,0.72,0.718332,1,1064013
74103301,0.71,0.711666,1,1064045
74104761,0.72,0.718333,1,1064045
74106221,0.71,0.711667,1,1064071
74107681,0.72,0.718333,1,1064071
74109141,0.71,0.711667,1,1064085
74110601,0.72,0.718333,1,1064085
74112061,0.75,0.743667,1,1064121
74113521,0.76,0.756733,2,1064121
74114981,0.77,0.767347,2,1064158
74116441,0.78,0.777469,2,1064158
74117901,0.77,0.771494,2,1064160
74119361,0.78,0.778299,2,1064160
74120821,0.79,0.78766,2,1064179
74122281,0.8,0.797532,2,1064179
74123741,0.81,0.807506,2,1064219
74125201,0.82,0.817501,2,1064219
74126661,0.81,0.8115,2,1064221
74128121,0.82,0.8183,2,1064221
74129581,0.79,0.79566,2,1064256
74131041,0.8,0.799132,2,1064256
74132501,0.8,0.799826,2,1064256
74133961,0.81,0.807965,2,1064283
74135421,0.82,0.817593,2,1064283
74136881,0.85,0.843519,2,1064297
74138341,0.86,0.856704,2,1064297
74139801,0.87,0.867341,2,1064343
74141261,0.88,0.877468,2,1064343
74142721,0.85,0.855494,2,1064382
74144181,0.86,0.859099,2,1064382
74145641,0.87,0.86782,2,1064407
74147101,0.88,0.877564,2,1064407
74148561,0.85,0.855513,2,1064432
74150021,0.86,0.859103,2,1064432
74151481,0.85,0.851821,2,1064470
74152941,0.86,0.858364,2,1064470
74154401,0.87,0.867673,2,1064502
74155861,0.88,0.877535,2,1064502
74157321,0.87,0.871507,2,1064528
74158781,0.88,0.878301,2,1064528
74160241,0.87,0.87166,2,1064542
74161701,0.88,0.878332,2,1064542
74163161,0.87,0.871666,2,1064580
74164621,0.88,0.878333,2,1064580
74166081,0.87,0.871667,2,1064618
74167541,0.88,0.878333,2,1064618
74169001,0.87,0.871667,2,1064620
74170461,0.88,0.878333,2,1064620
74171921,0.89,0.887667,2,1064640
74173381,0.9,0.897533,2,1064640
74174841,0.91,0.907507,2,1064681
74176301,0.92,0.917501,2,1064681
74177761,0.91,0.9115,2,1064683
74179221,0.92,0.9183,2,1064683
74180681,0.95,0.94366,2,1064717
74338361,0.93,0.93,2,1066312
74339821,0.81,0.834,2,1066343
74341281,0.79,0.7988,2,1066377
74342741,0.65,0.67976,1,1066413
74344201,0.63,0.639952,1,1066455
74345661,0.53,0.55199,1,1066491
74347121,0.47,0.486398,1,1066524
74348581,0.47,0.47328,1,1066547
74350041,0.33,0.358656,1,1066585
74351501,0.37,0.367731,1,1066602
74352961,0.31,0.321546,1,1066618
74354421,0.31,0.312309,1,1066625
74355881,0.31,0.310462,1,1066639
74357341,0.27,0.278092,1,1066647
74358801,0.29,0.287618,1,1066704
74360261,0.3,0.297524,1,1066704
74361721,0.31,0.307505,1,1066780
74363181,0.32,0.317501,1,1066780
74364641,0.35,0.3435,1,1066837
74366101,0.36,0.3567,1,1066837
74367561,0.41,0.39934,1,1066907
74369021,0.42,0.415868,1,1066907
74370481,0.39,0.395174,1,1066968
74371941,0.4,0.399035,1,1066968
74373401,0.43,0.423807,1,1067022
74374861,0.44,0.436761,1,1067022
74376321,0.45,0.447352,1,1067054
74377781,0.46,0.45747,1,1067054
74379241,0.47,0.467494,1,1067075
74380701,0.48,0.477499,1,1067075
74382161,0.49,0.4875,1,1067139
74383621,0.5,0.4975,1,1067139
74385081,0.55,0.5395,1,1067216
74386541,0.56,0.5559,1,1067216
74388001,0.61,0.59918,1,1067275
74389461,0.62,0.615836,1,1067275
74390921,0.67,0.659167,1,1067348
74392381,0.68,0.675833,1,1067348
74393841,0.67,0.671167,1,1067408
74395301,0.68,0.678233,1,1067408
74396761,0.71,0.703647,1,1067464
74398221,0.72,0.716729,1,1067464
74399681,0.69,0.695346,1,1067497
74401141,0.7,0.699069,1,1067497
74402601,0.69,0.691814,1,1067519
74404061,0.7,0.698363,1,1067519
74405521,0.69,0.691673,1,1067584
74406981,0.7,0.698335,1,1067584
74408441,0.7,0.699667,1,1067584
74409901,0.69,0.691933,1,1067664
74411361,0.7,0.698387,1,1067664
74412821,0.77,0.755677,2,1067726
74414281,0.78,0.775135,2,1067726
74415741,0.75,0.755027,2,1067802
74417201,0.76,0.759005,2,1067802
74418661,0.79,0.783801,2,1067862
74420121,0.8,0.79676,2,1067862
74421581,0.81,0.807352,2,1067920
74423041,0.82,0.81747,2,1067920
74424501,0.83,0.827494,2,1067952
74425961,0.84,0.837499,2,1067952
74427421,0.83,0.8315,2,1067974
74428881,0.84,0.8383,2,1067974
74430341,0.83,0.83166,2,1068039
74431801,0.84,0.838332,2,1068039
74433261,0.83,0.831666,2,1068041
74434721,0.84,0.838333,2,1068041
74436181,0.89,0.879667,2,1068120
74437641,0.9,0.895933,2,1068120
74544221,0.91,0.91,2,1070004
74545681,0.92,0.918,2,1070004
74547141,0.71,0.7516,2,1070061
74548601,0.72,0.72632,1,1070061
74550061,0.65,0.665264,1,1070095
74551521,0.66,0.661053,1,1070095
74552981,0.19,0.284211,1,1070177
74554441,0.2,0.216842,1,1070177
74555901,0.01,0.0513684,1,1070214
74557361,0.02,0.0262737,1,1070214
74558821,0.01,0.0132547,1,1070284
74560281,0.02,0.0186509,1,1070284
74561741,0.01,0.0117302,1,1070318
74563201,0.02,0.018346,1,1070318
74564661,0.01,0.0116692,1,1070350
74566121,0.02,0.0183338,1,1070350
74567581,0,0.00366677,1,1070376
74569041,0,0.000733354,1,1070376
74570501,0,0.000146671,1,1070408
74571961,0,2.93341e-05,1,1070408
74573421,0.03,0.0240059,1,1070471
74574881,0.04,0.0368012,1,1070471
74576341,0,0.00736023,1,1070518
74577801,0,0.00147205,1,1070518
74579261,0.03,0.0242944,1,1070549
74580721,0.04,0.0368589,1,1070549
74582181,0.07,0.0633718,1,1070608
74583641,0.08,0.0766744,1,1070608
74585101,0.08,0.0793349,1,1070608
74586561,0.05,0.055867,1,1070636
74588021,0.06,0.0591734,1,1070636
74589481,0,0.0118347,1,1070706
74590941,0,0.00236694,1,1070706
74592401,0.01,0.00847339,1,1070740
74593861,0.02,0.0176947,1,1070740
74595321,0,0.00353894,1,1070772
74596781,0,0.000707787,1,1070772
74598241,0.03,0.0241416,1,1070798
74599701,0.04,0.0368283,1,1070798
74601161,0,0.00736566,1,1070830
74602621,0,0.00147313,1,1070830
74604081,0.05,0.0402946,1,1070894
74605541,0.06,0.0560589,1,1070894
74607001,0,0.0112118,1,1070940
74608461,0,0.00224236,1,1070940
74609921,0.01,0.00844847,1,1070972
74611381,0.02,0.0176897,1,1070972
74612841,0.07,0.0595379,1,1071033
74614301,0.08,0.0759076,1,1071033
74615761,0.09,0.0871815,1,1071059
74617221,0.1,0.0974363,1,1071059
74618681,0,0.0194873,1,1071127
74620141,0,0.00389745,1,1071127
74621601,0.07,0.0567795,1,1071161
74623061,0.08,0.0753559,1,1071161
74624521,0,0.0150712,1,1071193
74625981,0,0.00301424,1,1071193
74627441,0.05,0.0406028,1,1071220
74628901,0.06,0.0561206,1,1071220
74630361,0,0.0112241,1,1071251
74631821,0,0.00224482,1,1071251
74633281,0.09,0.072449,1,1071317
74634741,0.1,0.0944898,1,1071317
74636201,0.07,0.074898,1,1071361
74637661,0.08,0.0789796,1,1071361
74639121,0.03,0.0397959,1,1071393
74640581,0.04,0.0399592,1,1071393
74642041,0.03,0.0319918,1,1071457
74643501,0.04,0.0383984,1,1071457
74644961,0.05,0.0476797,1,1071484
74646421,0.06,0.0575359,1,1071484
74647881,0.06,0.0595072,1,1071484
74649341,0.03,0.0359014,1,1071548
74650801,0.04,0.0391803,1,1071548
74652261,0.01,0.0158361,1,1071585
74653721,0.02,0.0191672,1,1071585
74655181,0,0.00383344,1,1071614
74656641,0,0.000766688,1,1071614
74658101,0.09,0.0721533,1,1071643
74659561,0.1,0.0944307,1,1071643
74661021,0,0.0188861,1,1071672
74662481,0,0.00377723,1,1071672
74663941,0.05,0.0407554,1,1071742
74665401,0.06,0.0561511,1,1071742
74666861,0.07,0.0672302,1,1071785
74668321,0.08,0.077446,1,1071785
74669781,0.03,0.0394892,1,1071815
74671241,0.04,0.0398978,1,1071815
74672701,0.03,0.0319796,1,1071879
74674161,0.04,0.0383959,1,1071879
74675621,0.03,0.0316792,1,1071907
74677081,0.04,0.0383358,1,1071907
74678541,0.03,0.0316672,1,1071909
74680001,0.04,0.0383334,1,1071909
74681461,0.17,0.143667,1,1071971
74682921,0.18,0.172733,1,1071971
74684381,0.17,0.170547,1,1072007
74685841,0.18,0.178109,1,1072007
74687301,0.05,0.0756219,1,1072036
74688761,0.06,0.0631244,1,1072036
74690221,0.07,0.0686249,1,1072069
74691681,0.08,0.077725,1,1072069
74693141,0.07,0.071545,1,1072094
74694601,0.08,0.078309,1,1072094
74696061,0.01,0.0236618,1,1072166
74697521,0.02,0.0207324,1,1072166
74698981,0.01,0.0121465,1,1072210
74700441,0.02,0.0184293,1,1072210
74701901,0.03,0.0276859,1,1072238
74703361,0.04,0.0375372,1,1072238
74704821,0.07,0.0635074,1,1072302
74706281,0.08,0.0767015,1,1072302
74707741,0.03,0.0393403,1,1072330
74709201,0.04,0.0398681,1,1072330
74710661,0.03,0.0319736,1,1072332
74712121,0.04,0.0383947,1,1072332
74713581,0.09,0.0796789,1,1072401
74715041,0.1,0.0959358,1,1072401
74716501,0.1,0.0991872,1,1072401
74717961,0.13,0.123837,1,1072437
74719421,0.14,0.136767,1,1072437
74720881,0.11,0.115353,1,1072460
74722341,0.12,0.119071,1,1072460
74723801,0.11,0.111814,1,1072494
74725261,0.12,0.118363,1,1072494
74726721,0.09,0.0956726,1,1072519
74728181,0.1,0.0991345,1,1072519
74729641,0.01,0.0278269,1,1072588
74731101,0.02,0.0215654,1,1072588
74732561,0.03,0.0283131,1,1072632
74734021,0.04,0.0376626,1,1072632
74735481,0.01,0.0155325,1,1072661
74736941,0.02,0.0191065,1,1072661
74738401,0.03,0.0278213,1,1072727
74739861,0.04,0.0375643,1,1072727
74741321,0.03,0.0315129,1,1072753
74742781,0.04,0.0383026,1,1072753
74744241,0.03,0.0316605,1,1072755
74745701,0.04,0.0383321,1,1072755
74747161,0.07,0.0636664,1,1072827
74748621,0.08,0.0767333,1,1072827
74750081,0.07,0.0713467,1,1072864
74751541,0.08,0.0782693,1,1072864
74753001,0.13,0.119654,1,1072886
74754461,0.14,0.135931,1,1072886
74755921,0.15,0.147186,1,1072920
74757381,0.16,0.157437,1,1072920
74758841,0.15,0.151487,1,1072944
74760301,0.16,0.158297,1,1072944
74761761,0.17,0.167659,1,1073009
74763221,0.18,0.177532,1,1073009
74764681,0.21,0.203506,1,1073054
74766141,0.22,0.216701,1,1073054
74767601,0.21,0.21134,1,1073082
74769061,0.22,0.218268,1,1073082
74770521,0.21,0.211654,1,1073149
74771981,0.22,0.218331,1,1073149
74773441,0.25,0.243666,1,1073175
74774901,0.26,0.256733,1,1073175
74776361,0.25,0.251347,1,1073177
74777821,0.26,0.258269,1,1073177
74779281,0.25,0.251654,1,1073251
74780741,0.26,0.258331,1,1073251
74782201,0.25,0.251666,1,1073288
74783661,0.26,0.258333,1,1073288
74785121,0.27,0.267667,1,1073313
74786581,0.28,0.277533,1,1073313
74788041,0.28,0.279507,1,1073313
74789501,0.27,0.271901,1,1073348
74790961,0.28,0.27838,1,1073348
74792421,0.31,0.303676,1,1073372
74793881,0.32,0.316735,1,1073372
74795341,0.35,0.343347,1,1073438
74796801,0.36,0.356669,1,1073438
74798261,0.35,0.351334,1,1073485
74799721,0.36,0.358267,1,1073485
74801181,0.35,0.351653,1,1073513
74802641,0.36,0.358331,1,1073513
74804101,0.35,0.351666,1,1073580
74805561,0.36,0.358333,1,1073580
74807021,0.39,0.383667,1,1073608
74808481,0.4,0.396733,1,1073608
74809941,0.39,0.391347,1,1073610
74811401,0.4,0.398269,1,1073610
74812861,0.41,0.407654,1,1073684
74814321,0.42,0.417531,1,1073684
74815781,0.43,0.427506,1,1073721
74817241,0.44,0.437501,1,1073721
74818701,0.47,0.4635,1,1073747
74820161,0.48,0.4767,1,1073747
74821621,0.47,0.47134,1,1073749
74823081,0.48,0.478268,1,1073749
74824541,0.49,0.487654,1,1073783
74826001,0.5,0.497531,1,1073783
74827461,0.51,0.507506,1,1073809
74828921,0.52,0.517501,1,1073809
74830381,0.59,0.5755,1,1073877
74831841,0.6,0.5951,1,1073877
74833301,0.59,0.59102,1,1073924
74834761,0.6,0.598204,1,1073924
74836221,0.59,0.591641,1,1073952
74837681,0.6,0.598328,1,1073952
74839141,0.63,0.623666,1,1074019
74840601,0.64,0.636733,1,1074019
74842061,0.65,0.647347,1,1074049
74843521,0.66,0.657469,1,1074049
74844981,0.65,0.651494,1,1074051
74846441,0.66,0.658299,1,1074051
74847901,0.71,0.69966,1,1074126
74849361,0.72,0.715932,1,1074126
74850821,0.71,0.711186,1,1074164
74852281,0.72,0.718237,1,1074164
74853741,0.67,0.679647,1,1074192
74855201,0.68,0.67993,1,1074192
74856661,0.67,0.671986,1,1074194
74858121,0.68,0.678397,1,1074194
74859581,0.71,0.703679,1,1074229
74861041,0.72,0.716736,1,1074229
74862501,0.72,0.719347,1,1074229
74863961,0.71,0.711869,1,1074256
74865421,0.72,0.718374,1,1074256
74866881,0.79,0.775675,2,1074328
74868341,0.8,0.795135,2,1074328
74869801,0.77,0.775027,2,1074375
74871261,0.78,0.779005,2,1074375
74872721,0.77,0.771801,2,1074403
74874181,0.78,0.77836,2,1074403
74875641,0.83,0.819672,2,1074472
74877101,0.84,0.835934,2,1074472
74878561,0.85,0.847187,2,1074503
74880021,0.86,0.857437,2,1074503
74881481,0.85,0.851487,2,1074505
74882941,0.86,0.858298,2,1074505
74884401,0.83,0.83566,2,1074583
74885861,0.84,0.839132,2,1074583
74887321,0.83,0.831826,2,1074621
74888781,0.84,0.838365,2,1074621
74890241,0.83,0.831673,2,1074647
74891701,0.84,0.838335,2,1074647
74893161,0.83,0.831667,2,1074649
74894621,0.84,0.838333,2,1074649
74896081,0.83,0.831667,2,1074686
74897541,0.84,0.838333,2,1074686
74899001,0.83,0.831667,2,1074712
74900461,0.84,0.838333,2,1074712
74901921,0.93,0.911667,2,1074788
74903381,0.94,0.934333,2,1074788
75039161,0.77,0.77,2,1076562
75040621,0.78,0.778,2,1076562
75042081,0.89,0.8676,2,1076591
75043541,0.9,0.89352,2,1076591
75045001,0.83,0.842704,2,1076614
75046461,0.84,0.840541,2,1076614
75047921,0.75,0.768108,2,1076645
75049381,0.76,0.761622,2,1076645
75050841,0.79,0.784324,2,1076660
75052301,0.63,0.660865,1,1076698
75011421,0.61,0.620173,1,1076712
75053761,0.47,0.500035,1,1076786
75055221,0.29,0.332007,1,1076840
75056681,0.25,0.266401,1,1076887
75058141,0.07,0.10928,1,1076913
75059601,0.03,0.0458561,1,1076976
75061061,0.03,0.0331712,1,1077028
75062521,0.05,0.0466342,1,1077056
75063981,0.03,0.0333268,1,1077076
75065441,0.01,0.0146654,1,1077104
75066901,0.03,0.0269331,1,1077120
75068361,0.01,0.0133866,1,1077150
75069821,0.05,0.0426773,1,1077163
75071281,0.03,0.0325355,1,1077275
75072741,0.04,0.0385071,1,1077275
75074201,0.05,0.0477014,1,1077337
75075661,0.06,0.0575403,1,1077337
75077121,0.01,0.0195081,1,1077450
75078581,0.02,0.0199016,1,1077450
75080041,0.03,0.0279803,1,1077498
75081501,0.04,0.0375961,1,1077498
75082961,0.05,0.0475192,1,1077542
75084421,0.06,0.0575038,1,1077542
75085881,0.03,0.0355008,1,1077586
75087341,0.04,0.0391002,1,1077586
75088801,0.04,0.03982,1,1077586
75090261,0.05,0.047964,1,1077698
75091721,0.06,0.0575928,1,1077698
75093181,0.11,0.0995186,1,1077761
75094641,0.12,0.115904,1,1077761
75096101,0.03,0.0471807,1,1077872
75097561,0.04,0.0414361,1,1077872
75099021,0.01,0.0162872,1,1077921
75100481,0.02,0.0192574,1,1077921
75101941,0.01,0.0118515,1,1077966
75103401,0.02,0.0183703,1,1077966
75104861,0.01,0.0116741,1,1078009
75106321,0.02,0.0183348,1,1078009
75107781,0.03,0.027667,1,1078121
75109241,0.04,0.0375334,1,1078121
75110701,0.07,0.0635067,1,1078187
75112161,0.08,0.0767013,1,1078187
75113621,0.09,0.0873403,1,1078294
75115081,0.1,0.0974681,1,1078294
75116541,0.03,0.0434936,1,1078342
75118001,0.04,0.0406987,1,1078342
75119461,0.01,0.0161397,1,1078387
75120921,0.02,0.0192279,1,1078387
75122381,0.01,0.0118456,1,1078430
75123841,0.02,0.0183691,1,1078430
75125301,0.05,0.0436738,1,1078543
75126761,0.06,0.0567348,1,1078543
75128221,0.06,0.059347,1,1078543
75129681,0.11,0.0998694,1,1078611
75131141,0.12,0.115974,1,1078611
75132601,0.31,0.271195,1,1078719
75134061,0.32,0.310239,1,1078719
75135521,0.27,0.278048,1,1078764
75136981,0.28,0.27961,1,1078764
75138441,0.11,0.143922,1,1078808
75139901,0.12,0.124784,1,1078808
75141361,0.03,0.0489569,1,1078851
75142821,0.04,0.0417914,1,1078851
75144281,0.05,0.0483583,1,1078966
75145741,0.06,0.0576717,1,1078966
75147201,0.05,0.0515343,1,1078968
75148661,0.06,0.0583069,1,1078968
75150121,0.11,0.0996614,1,1079038
75151581,0.12,0.115932,1,1079038
75153041,0.07,0.0791865,1,1079156
75154501,0.08,0.0798373,1,1079156
75155961,0.07,0.0719675,1,1079199
75157421,0.08,0.0783935,1,1079199
75158881,0.11,0.103679,1,1079235
75160341,0.12,0.116736,1,1079235
75161801,0.05,0.0633471,1,1079274
75163261,0.06,0.0606694,1,1079274
75164721,0.01,0.0201339,1,1079390
75166181,0.02,0.0200268,1,1079390
75167641,0.01,0.0120054,1,1079392
75169101,0.02,0.0184011,1,1079392
75170561,0.05,0.0436802,1,1079465
75172021,0.06,0.056736,1,1079465
75173481,0.06,0.0593472,1,1079465
75174941,0.17,0.147869,1,1079581
75176401,0.18,0.173574,1,1079581
75177861,0.21,0.202715,1,1079624
75179321,0.22,0.216543,1,1079624
75180781,0.23,0.227309,1,1079662
75182241,0.24,0.237462,1,1079662
75183701,0.27,0.263492,1,1079698
75185161,0.28,0.276698,1,1079698
75186621,0.19,0.20734,1,1079812
75188081,0.2,0.201468,1,1079812
75189541,0.19,0.192294,1,1079814
75191001,0.2,0.198459,1,1079814
75192461,0.23,0.223692,1,1079889
75193921,0.24,0.236738,1,1079889
75195381,0.27,0.263348,1,1080010
75196841,0.28,0.27667,1,1080010
75198301,0.29,0.287334,1,1080055
75199761,0.3,0.297467,1,1080055
75201221,0.33,0.323493,1,1080094
75202681,0.34,0.336699,1,1080094
75204141,0.33,0.33134,1,1080132
75205601,0.34,0.338268,1,1080132
75207061,0.37,0.363654,1,1080242
75208521,0.38,0.376731,1,1080242
75209981,0.37,0.371346,1,1080244
75211441,0.38,0.378269,1,1080244
75212901,0.35,0.355654,1,1080321
75214361,0.36,0.359131,1,1080321
75215821,0.47,0.447826,1,1080444
75217281,0.48,0.473565,1,1080444
75218741,0.53,0.518713,1,1080490
75220201,0.54,0.535743,1,1080490
75221661,0.54,0.539149,1,1080490
75223121,0.55,0.54783,1,1080531
75224581,0.56,0.557566,1,1080531
75226041,0.55,0.551513,1,1080569
75227501,0.56,0.558303,1,1080569
75228961,0.63,0.615661,1,1080681
75230421,0.64,0.635132,1,1080681
75231881,0.63,0.631026,1,1080683
75233341,0.64,0.638205,1,1080683
75234801,0.67,0.663641,1,1080759
75236261,0.68,0.676728,1,1080759
75237721,0.75,0.735346,1,1080888
75239181,0.76,0.755069,2,1080888
75240641,0.69,0.703014,1,1080937
75242101,0.7,0.700603,1,1080937
75243561,0.69,0.692121,1,1080939
75245021,0.7,0.698424,1,1080939
75246481,0.67,0.675685,1,1080980
75247941,0.68,0.679137,1,1080980
75249401,0.67,0.671827,1,1081018
75250861,0.68,0.678365,1,1081018
75252321,0.73,0.719673,1,1081134
75253781,0.74,0.735935,1,1081134
75255241,0.73,0.731187,1,1081136
75256701,0.74,0.738237,1,1081136
75258161,0.73,0.731647,1,1081214
75259621,0.74,0.738329,1,1081214
75261081,0.77,0.763666,2,1081347
75262541,0.78,0.776733,2,1081347
75264001,0.83,0.819347,2,1081393
75265461,0.84,0.835869,2,1081393
75266921,0.83,0.831174,2,1081395
75268381,0.84,0.838235,2,1081395
75269841,0.84,0.839647,2,1081395
75271301,0.87,0.863929,2,1081435
75272761,0.88,0.876786,2,1081435
75274221,0.91,0.903357,2,1081473
75275681,0.92,0.916671,2,1081473
75277141,0.95,0.943334,2,1081592
75280061,0.95,0.95,2,1081594
75366201,0.89,0.89,2,1083306
75367661,0.9,0.898,2,1083306
75374961,0.91,0.91,2,1083413
75376421,0.92,0.918,2,1083413
75377881,0.92,0.9196,2,1083413
75379341,0.87,0.87992,2,1083501
75380801,0.88,0.879984,2,1083501
75382261,0.79,0.807997,2,1083536
75383721,0.8,0.801599,2,1083536
75385181,0.57,0.61632,1,1083601
75386641,0.58,0.587264,1,1083601
75388101,0.37,0.413453,1,1083717
75389561,0.38,0.386691,1,1083717
75391021,0.35,0.357338,1,1083754
75392481,0.36,0.359468,1,1083754
75393941,0.21,0.239894,1,1083783
75395401,0.22,0.223979,1,1083783
75396861,0.17,0.180796,1,1083806
75398321,0.18,0.180159,1,1083806
75399781,0.15,0.156032,1,1083848
75401241,0.16,0.159206,1,1083848
75402701,0.11,0.119841,1,1083880
75404161,0.12,0.119968,1,1083880
75405621,0.13,0.127994,1,1083965
75407081,0.14,0.137599,1,1083965
75408541,0.17,0.16352,1,1083996
75410001,0.18,0.176704,1,1083996
75411461,0.13,0.139341,1,1084050
75412921,0.14,0.139868,1,1084050
75414381,0.19,0.179974,1,1084156
75415841,0.2,0.195995,1,1084156
75417301,0.19,0.191199,1,1084192
75418761,0.2,0.19824,1,1084192
75420221,0.23,0.223648,1,1084214
75421681,0.24,0.23673,1,1084214
75423141,0.21,0.215346,1,1084235
75424601,0.22,0.219069,1,1084235
75426061,0.25,0.243814,1,1084276
75427521,0.26,0.256763,1,1084276
75428981,0.21,0.219353,1,1084306
75430441,0.22,0.219871,1,1084306
75431901,0.27,0.259974,1,1084392
75433361,0.28,0.275995,1,1084392
75434821,0.25,0.255199,1,1084425
75436281,0.26,0.25904,1,1084425
75437741,0.26,0.259808,1,1084425
75439201,0.31,0.299962,1,1084477
75440661,0.32,0.315992,1,1084477
75442121,0.41,0.391198,1,1084586
75443581,0.42,0.41424,1,1084586
75445041,0.41,0.410848,1,1084622
75446501,0.42,0.41817,1,1084622
75447961,0.43,0.427634,1,1084646
75449421,0.44,0.437527,1,1084646
75450881,0.43,0.431505,1,1084666
75452341,0.44,0.438301,1,1084666
75453801,0.47,0.46366,1,1084709
75455261,0.48,0.476732,1,1084709
75456721,0.47,0.471346,1,1084737
75458181,0.48,0.478269,1,1084737
75459641,0.51,0.503654,1,1084826
75461101,0.52,0.516731,1,1084826
75462561,0.51,0.511346,1,1084858
75464021,0.52,0.518269,1,1084858
75465481,0.51,0.511654,1,1084860
75466941,0.52,0.518331,1,1084860
75468401,0.47,0.479666,1,1084914
75469861,0.48,0.479933,1,1084914
75471321,0.53,0.519987,1,1085028
75472781,0.54,0.535997,1,1085028
75474241,0.53,0.531199,1,1085064
75475701,0.54,0.53824,1,1085064
75477161,0.51,0.515648,1,1085089
75478621,0.52,0.51913,1,1085089
75480081,0.53,0.527826,1,1085109
75481541,0.54,0.537565,1,1085109
75483001,0.55,0.547513,1,1085154
75484461,0.56,0.557503,1,1085154
75485921,0.55,0.551501,1,1085182
75487381,0.56,0.5583,1,1085182
75488841,0.61,0.59966,1,1085273
75490301,0.62,0.615932,1,1085273
75491761,0.61,0.611186,1,1085305
75493221,0.62,0.618237,1,1085305
75494681,0.61,0.611647,1,1085307
75496141,0.62,0.61833,1,1085307
75497601,0.65,0.643666,1,1085359
75499061,0.66,0.656733,1,1085359
75500521,0.66,0.659347,1,1085359
75501981,0.71,0.699869,1,1085476
75503441,0.72,0.715974,1,1085476
75504901,0.73,0.727195,1,1085512
75506361,0.74,0.737439,1,1085512
75507821,0.73,0.731488,1,1085536
75509281,0.74,0.738298,1,1085536
75510741,0.71,0.715659,1,1085557
75512201,0.72,0.719132,1,1085557
75513661,0.71,0.711826,1,1085603
75515121,0.72,0.718365,1,1085603
75516581,0.75,0.743673,1,1085631
75518041,0.76,0.756735,2,1085631
75519501,0.83,0.815347,2,1085725
75520961,0.84,0.835069,2,1085725
75522421,0.83,0.831014,2,1085757
75523881,0.84,0.838203,2,1085757
75525341,0.83,0.831641,2,1085759
75526801,0.84,0.838328,2,1085759
75528261,0.87,0.863666,2,1085813
75529721,0.88,0.876733,2,1085813
75531181,0.93,0.919347,2,1085932
75532641,0.94,0.935869,2,1085932
75656741,0.85,0.85,2,1087838
75658201,0.86,0.858,2,1087838
75659661,0.81,0.8196,2,1087875
75661121,0.82,0.81992,2,1087875
75662581,0.75,0.763984,2,1087901
75664041,0.76,0.760797,2,1087901
75665501,0.65,0.672159,1,1087933
75666961,0.66,0.662432,1,1087933
75668421,0.61,0.620486,1,1087964
75669881,0.62,0.620097,1,1087964
75671341,0.61,0.612019,1,1087987
75672801,0.62,0.618404,1,1087987
75674261,0.59,0.595681,1,1088009
75675721,0.6,0.599136,1,1088009
75677181,0.47,0.495827,1,1088116
75678641,0.48,0.483165,1,1088116
75680101,0.45,0.456633,1,1088144
75681561,0.46,0.459327,1,1088144
75683021,0.45,0.451865,1,1088171
75684481,0.46,0.458373,1,1088171
75685941,0.39,0.403675,1,1088204
75687401,0.4,0.400735,1,1088204
75688861,0.37,0.376147,1,1088301
75690321,0.38,0.379229,1,1088301
75691781,0.41,0.403846,1,1088336
75693241,0.42,0.416769,1,1088336
75694701,0.43,0.427354,1,1088359
75696161,0.44,0.437471,1,1088359
75697621,0.43,0.431494,1,1088386
75699081,0.44,0.438299,1,1088386
75700541,0.44,0.43966,1,1088386
75702001,0.47,0.463932,1,1088415
75703461,0.48,0.476786,1,1088415
75704921,0.45,0.455357,1,1088438
75706381,0.46,0.459071,1,1088438
75707841,0.45,0.451814,1,1088459
75709301,0.46,0.458363,1,1088459
75710761,0.49,0.483673,1,1088560
75712221,0.5,0.496735,1,1088560
75713681,0.51,0.507347,1,1088587
75715141,0.52,0.517469,1,1088587
75716601,0.55,0.543494,1,1088614
75718061,0.56,0.556699,1,1088614
75719521,0.57,0.56734,1,1088644
75720981,0.58,0.577468,1,1088644
75722441,0.67,0.651494,1,1088740
75723901,0.68,0.674299,1,1088740
75725361,0.67,0.67086,1,1088777
75726821,0.68,0.678172,1,1088777
75728281,0.67,0.671634,1,1088801
75729741,0.68,0.678327,1,1088801
75731201,0.65,0.655665,1,1088828
75732661,0.66,0.659133,1,1088828
75734121,0.65,0.651827,1,1088830
75735581,0.66,0.658365,1,1088830
75737041,0.65,0.651673,1,1088860
75738501,0.66,0.658335,1,1088860
75739961,0.65,0.651667,1,1088882
75741421,0.66,0.658333,1,1088882
75742881,0.63,0.635667,1,1088903
75744341,0.64,0.639133,1,1088903
75745801,0.69,0.679827,1,1089006
75747261,0.7,0.695965,1,1089006
75748721,0.71,0.707193,1,1089034
75750181,0.72,0.717439,1,1089034
75751641,0.71,0.711488,1,1089063
75753101,0.72,0.718298,1,1089063
75754561,0.69,0.69566,1,1089094
75756021,0.7,0.699132,1,1089094
75757481,0.75,0.739826,1,1089195
75758941,0.76,0.755965,2,1089195
75760401,0.75,0.751193,2,1089232
75761861,0.76,0.758239,2,1089232
75763321,0.75,0.751648,2,1089256
75764781,0.76,0.75833,2,1089256
75766241,0.77,0.767666,2,1089282
75767701,0.78,0.777533,2,1089282
75769161,0.77,0.771507,2,1089284
75770621,0.78,0.778301,2,1089284
75772081,0.77,0.77166,2,1089314
75773541,0.78,0.778332,2,1089314
75775001,0.78,0.779666,2,1089314
75776461,0.83,0.819933,2,1089336
75777921,0.84,0.835987,2,1089336
75779381,0.85,0.847197,2,1089356
75780841,0.86,0.857439,2,1089356
75782301,0.89,0.883488,2,1089462
75783761,0.9,0.896698,2,1089462
75785221,0.87,0.875339,2,1089491
75786681,0.88,0.879068,2,1089491
75788141,0.85,0.855814,2,1089520
75789601,0.86,0.859163,2,1089520
75791061,0.85,0.851833,2,1089550
75792521,0.86,0.858367,2,1089550
75793981,0.95,0.931673,2,1089654
75926841,0.91,0.91,2,1091455
75928301,0.65,0.702,1,1091551
75929761,0.61,0.6284,1,1091586
75931221,0.39,0.43768,1,1091641
75932681,0.39,0.399536,1,1091674
75934141,0.29,0.311907,1,1091724
75935601,0.39,0.374381,1,1091739
75937061,0.23,0.258876,1,1091753
75938521,0.27,0.267775,1,1091767
75939981,0.29,0.285555,1,1091773
75941441,0.17,0.193111,1,1091872
75942901,0.18,0.182622,1,1091872
75944361,0.21,0.204524,1,1092004
75945821,0.22,0.216905,1,1092004
75947281,0.21,0.211381,1,1092081
75948741,0.22,0.218276,1,1092081
75950201,0.21,0.211655,1,1092159
75951661,0.22,0.218331,1,1092159
75953121,0.17,0.179666,1,1092185
75954581,0.18,0.179933,1,1092185
75956041,0.19,0.187987,1,1092208
75957501,0.2,0.197597,1,1092208
75958961,0.27,0.255519,1,1092302
75960421,0.28,0.275104,1,1092302
75961881,0.37,0.351021,1,1092436
75963341,0.38,0.374204,1,1092436
75964801,0.39,0.386841,1,1092513
75966261,0.4,0.397368,1,1092513
75967721,0.45,0.439474,1,1092591
75969181,0.46,0.455895,1,1092591
75970641,0.49,0.483179,1,1092615
75972101,0.5,0.496636,1,1092615
75973561,0.49,0.491327,1,1092639
75975021,0.5,0.498265,1,1092639
75976481,0.5,0.499653,1,1092639
75977941,0.51,0.507931,1,1092737
75979401,0.52,0.517586,1,1092737
75980861,0.59,0.575517,1,1092876
75982321,0.6,0.595103,1,1092876
75983781,0.61,0.607021,1,1092954
75985241,0.62,0.617404,1,1092954
75986701,0.67,0.659481,1,1093035
75988161,0.68,0.675896,1,1093035
75989621,0.71,0.703179,1,1093061
75991081,0.72,0.716636,1,1093061
75992541,0.71,0.711327,1,1093085
75994001,0.72,0.718265,1,1093085
75995461,0.71,0.711653,1,1093183
75996921,0.72,0.718331,1,1093183
75998381,0.73,0.727666,1,1093326
75999841,0.74,0.737533,1,1093326
76001301,0.75,0.747507,1,1093405
76002761,0.76,0.757501,2,1093405
76004221,0.71,0.7195,1,1093489
76005681,0.72,0.7199,1,1093489
76007141,0.75,0.74398,1,1093517
76008601,0.76,0.756796,2,1093517
76010061,0.79,0.783359,2,1093541
76011521,0.8,0.796672,2,1093541
76012981,0.85,0.839334,2,1093639
76014441,0.86,0.855867,2,1093639
76015901,0.91,0.899173,2,1093783
76017361,0.92,0.915835,2,1093783
76018821,0.92,0.919167,2,1093783
76029041,0.95,0.95,2,1094001
76091821,0.95,0.95,2,1095436
76094741,0.81,0.81,2,1095528
76096201,0.82,0.818,2,1095528
76097661,0.33,0.4276,1,1095680
76099121,0.34,0.35752,1,1095680
76100581,0.27,0.287504,1,1095715
76102041,0.28,0.281501,1,1095715
76103501,0.19,0.2083,1,1095765
76104961,0.2,0.20166,1,1095765
76106421,0.07,0.096332,1,1095851
76107881,0.08,0.0832664,1,1095851
76109341,0.08,0.0806533,1,1095851
76110801,0.07,0.0721307,1,1095881
76112261,0.08,0.0784261,1,1095881
76113721,0.03,0.0396852,1,1095907
76115181,0.04,0.039937,1,1095907
76116641,0.03,0.0319874,1,1095989
76118101,0.04,0.0383975,1,1095989
76119561,0.05,0.0476795,1,1096117
76121021,0.06,0.0575359,1,1096117
76122481,0.07,0.0675072,1,1096149
76123941,0.08,0.0775014,1,1096149
76125401,0.11,0.1035,1,1096195
76126861,0.12,0.1167,1,1096195
76128321,0.15,0.14334,1,1096275
76129781,0.16,0.156668,1,1096275
76131241,0.15,0.151334,1,1096277
76132701,0.16,0.158267,1,1096277
76134161,0.17,0.167653,1,1096306
76135621,0.18,0.177531,1,1096306
76137081,0.13,0.139506,1,1096330
76138541,0.14,0.139901,1,1096330
76140001,0.15,0.14798,1,1096412
76141461,0.16,0.157596,1,1096412
76142921,0.17,0.167519,1,1096541
76144381,0.18,0.177504,1,1096541
76145841,0.15,0.155501,1,1096574
76147301,0.16,0.1591,1,1096574
76148761,0.17,0.16782,1,1096622
76150221,0.18,0.177564,1,1096622
76151681,0.19,0.187513,1,1096704
76153141,0.2,0.197503,1,1096704
76154601,0.19,0.191501,1,1096706
76156061,0.2,0.1983,1,1096706
76157521,0.2,0.19966,1,1096706
76158981,0.25,0.239932,1,1096736
76160441,0.26,0.255986,1,1096736
76161901,0.29,0.283197,1,1096758
76163361,0.3,0.296639,1,1096758
76164821,0.31,0.307328,1,1096841
76166281,0.32,0.317466,1,1096841
76167741,0.45,0.423493,1,1096971
76169201,0.46,0.452699,1,1096971
76170661,0.45,0.45054,1,1097003
76172121,0.46,0.458108,1,1097003
76173581,0.45,0.451622,1,1097052
76175041,0.46,0.458324,1,1097052
76176501,0.47,0.467665,1,1097135
76177961,0.48,0.477533,1,1097135
76179421,0.47,0.471507,1,1097137
76180881,0.48,0.478301,1,1097137
76182341,0.49,0.48766,1,1097169
76183801,0.5,0.497532,1,1097169
76185261,0.49,0.491506,1,1097193
76186721,0.5,0.498301,1,1097193
76188181,0.55,0.53966,1,1097277
76189641,0.56,0.555932,1,1097277
76191101,0.57,0.567186,1,1097414
76192561,0.58,0.577437,1,1097414
76194021,0.59,0.587487,1,1097446
76195481,0.6,0.597497,1,1097446
76196941,0.61,0.607499,1,1097495
76198401,0.62,0.6175,1,1097495
76199861,0.65,0.6435,1,1097579
76201321,0.66,0.6567,1,1097579
76202781,0.65,0.65134,1,1097581
76204241,0.66,0.658268,1,1097581
76205701,0.63,0.635654,1,1097614
76207161,0.64,0.639131,1,1097614
76208621,0.63,0.631826,1,1097638
76210081,0.64,0.638365,1,1097638
76211541,0.64,0.639673,1,1097638
76213001,0.67,0.663935,1,1097725
76214461,0.68,0.676787,1,1097725
76215921,0.69,0.687357,1,1097863
76217381,0.7,0.697471,1,1097863
76218841,0.69,0.691494,1,1097896
76220301,0.7,0.698299,1,1097896
76221761,0.71,0.70766,1,1097946
76223221,0.72,0.717532,1,1097946
76224681,0.79,0.775506,2,1098032
76226141,0.8,0.795101,2,1098032
76227601,0.79,0.79102,2,1098034
76229061,0.8,0.798204,2,1098034
76230521,0.79,0.791641,2,1098066
76231981,0.8,0.798328,2,1098066
76233441,0.81,0.807666,2,1098090
76234901,0.82,0.817533,2,1098090
76236361,0.81,0.811507,2,1098092
76237821,0.82,0.818301,2,1098092
76239281,0.85,0.84366,2,1098180
76240741,0.86,0.856732,2,1098180
76242201,0.93,0.915346,2,1098319
76243661,0.94,0.935069,2,1098319
76245121,0.95,0.947014,2,1098352
76248041,0.95,0.95,2,1098403
76329801,0.93,0.93,2,1099815
76331261,0.94,0.938,2,1099815
76332721,0.93,0.9316,2,1099905
76334181,0.94,0.93832,2,1099905
76335641,0.87,0.883664,2,1099925
76337101,0.88,0.880733,2,1099925
76338561,0.79,0.808147,2,1099952
76340021,0.8,0.801629,2,1099952
76341481,0.77,0.776326,2,1099977
76342941,0.78,0.779265,2,1099977
76344401,0.67,0.691853,1,1100006
76345861,0.68,0.682371,1,1100006
76347321,0.65,0.656474,1,1100063
76348781,0.66,0.659295,1,1100063
76350241,0.31,0.379859,1,1100192
76351701,0.32,0.331972,1,1100192
76353161,0.21,0.234394,1,1100218
76354621,0.22,0.222879,1,1100218
76356081,0.23,0.228576,1,1100245
76357541,0.24,0.237715,1,1100245
76359001,0.09,0.119543,1,1100290
76360461,0.1,0.103909,1,1100290
76361921,0,0.0207817,1,1100373
76363381,0,0.00415634,1,1100373
76364841,0.01,0.00883127,1,1100390
76366301,0.02,0.0177663,1,1100390
76367761,0.05,0.0435533,1,1100413
76369221,0.06,0.0567107,1,1100413
76370681,0.01,0.0193421,1,1100437
76372141,0.02,0.0198684,1,1100437
76373601,0.03,0.0279737,1,1100461
76375061,0.04,0.0375947,1,1100461
76376521,0.07,0.0635189,1,1100517
76377981,0.08,0.0767038,1,1100517
76379441,0.11,0.103341,1,1100629
76380901,0.12,0.116668,1,1100629
76382361,0.11,0.111334,1,1100650
76383821,0.12,0.118267,1,1100650
76385281,0.11,0.111653,1,1100678
76386741,0.12,0.118331,1,1100678
76388201,0.12,0.119666,1,1100678
76389661,0.15,0.143933,1,1100716
76391121,0.16,0.156787,1,1100716
76392581,0.21,0.199357,1,1100795
76394041,0.22,0.215871,1,1100795
76395501,0.25,0.243174,1,1100812
76396961,0.26,0.256635,1,1100812
76398421,0.31,0.299327,1,1100837
76399881,0.32,0.315865,1,1100837
76401341,0.31,0.311173,1,1100859
76402801,0.32,0.318235,1,1100859
76404261,0.33,0.327647,1,1100884
76405721,0.34,0.337529,1,1100884
76407181,0.31,0.315506,1,1100942
76408641,0.32,0.319101,1,1100942
76410101,0.39,0.37582,1,1101056
76411561,0.4,0.395164,1,1101056
76413021,0.43,0.423033,1,1101077
76414481,0.44,0.436607,1,1101077
76415941,0.45,0.447321,1,1101105
76417401,0.46,0.457464,1,1101105
76418861,0.45,0.451493,1,1101144
76420321,0.46,0.458299,1,1101144
76421781,0.45,0.45166,1,1101226
76423241,0.46,0.458332,1,1101226
76424701,0.43,0.435666,1,1101245
76426161,0.44,0.439133,1,1101245
76427621,0.43,0.431827,1,1101273
76429081,0.44,0.438365,1,1101273
76430541,0.43,0.431673,1,1101295
76432001,0.44,0.438335,1,1101295
76433461,0.46,0.455667,1,1101321
76434921,0.47,0.467133,1,1101321
76436381,0.47,0.469427,1,1101378
76437841,0.48,0.477885,1,1101378
76439301,0.49,0.487577,1,1101496
76440761,0.5,0.497515,1,1101496
76442221,0.51,0.507503,1,1101519
76443681,0.52,0.517501,1,1101519
76445141,0.51,0.5115,1,1101548
76446601,0.52,0.5183,1,1101548
76448061,0.49,0.49566,1,1101587
76449521,0.5,0.499132,1,1101587
76450981,0.5,0.499826,1,1101587
76452441,0.53,0.523965,1,1101669
76453901,0.54,0.536793,1,1101669
76455361,0.53,0.531359,1,1101687
76456821,0.54,0.538272,1,1101687
76458281,0.57,0.563654,1,1101715
76459741,0.58,0.576731,1,1101715
76461201,0.57,0.571346,1,1101737
76462661,0.58,0.578269,1,1101737
76464121,0.59,0.587654,1,1101765
76465581,0.6,0.597531,1,1101765
76467041,0.63,0.623506,1,1101822
76468501,0.64,0.636701,1,1101822
76469961,0.73,0.71134,1,1101941
76471421,0.74,0.734268,1,1101941
76472881,0.75,0.746854,1,1101965
76474341,0.76,0.757371,2,1101965
76475801,0.73,0.735474,1,1101994
76477261,0.74,0.739095,1,1101994
76478721,0.73,0.731819,1,1102032
76480181,0.74,0.738364,1,1102032
76481641,0.73,0.731673,1,1102034
76483101,0.74,0.738335,1,1102034
76484561,0.77,0.763667,2,1102117
76486021,0.78,0.776733,2,1102117
76487481,0.79,0.787347,2,1102135
76488941,0.8,0.797469,2,1102135
76490401,0.75,0.759494,2,1102165
76491861,0.76,0.759899,2,1102165
76493321,0.75,0.75198,2,1102187
76494781,0.76,0.758396,2,1102187
76496241,0.79,0.783679,2,1102216
76497701,0.8,0.796736,2,1102216
76499161,0.83,0.823347,2,1102275
76500621,0.84,0.836669,2,1102275
76502081,0.87,0.863334,2,1102399
76503541,0.88,0.876667,2,1102399
76505001,0.85,0.855333,2,1102424
76506461,0.86,0.859067,2,1102424
76507921,0.85,0.851813,2,1102452
76509381,0.86,0.858363,2,1102452
76510841,0.85,0.851673,2,1102490
76512301,0.86,0.858335,2,1102490
76513761,0.85,0.851667,2,1102492
76515221,0.86,0.858333,2,1102492
76516681,0.91,0.899667,2,1102577
76518141,0.92,0.915933,2,1102577
76519601,0.92,0.919187,2,1102577
76521061,0.95,0.943837,2,1102596
76523981,0.95,0.95,2,1102624
76526901,0.95,0.95,2,1102646
76529821,0.95,0.95,2,1102677
76648081,0.93,0.93,2,1104422
76649541,0.94,0.938,2,1104422
76653921,0.87,0.87,2,1104510
76655381,0.88,0.878,2,1104510
76656841,0.84,0.8476,2,1104539
76658301,0.85,0.84952,2,1104539
76659761,0.65,0.689904,1,1104566
76661221,0.66,0.665981,1,1104566
76662681,0.66,0.661196,1,1104566
76664141,0.63,0.636239,1,1104601
76665601,0.64,0.639248,1,1104601
76667061,0.55,0.56785,1,1104633
76668521,0.56,0.56157,1,1104633
76669981,0.57,0.568314,1,1104645
76671441,0.15,0.233663,1,1104777
76633481,0.07,0.102733,1,1104786
76672901,0.01,0.0285465,1,1104860
76674361,0.03,0.0297093,1,1104900
76675821,0.09,0.0779419,1,1104944
76677281,0.05,0.0555884,1,1104976
76678741,0.01,0.0191177,1,1105003
76680201,0.01,0.0118235,1,1105020
76681661,0.01,0.0103647,1,1105053
76683121,0.03,0.0260729,1,1105082
76684581,0.01,0.0132146,1,1105094
76686041,0.07,0.0586429,1,1105205
76687501,0.07,0.0677286,1,1105210
76688961,0.03,0.0375457,1,1105322
76690421,0.04,0.0395091,1,1105322
76691881,0.09,0.0799018,1,1105399
76693341,0.1,0.0959804,1,1105399
76694801,0.05,0.0591961,1,1105441
76696261,0.06,0.0598392,1,1105441
76697721,0.05,0.0519678,1,1105504
76699181,0.06,0.0583936,1,1105504
76700641,0.05,0.0516787,1,1105629
76702101,0.06,0.0583357,1,1105629
76703561,0.06,0.0596672,1,1105629
76705021,0.05,0.0519334,1,1105744
76706481,0.06,0.0583867,1,1105744
76707941,0.03,0.0356773,1,1105824
76709401,0.04,0.0391355,1,1105824
76710861,0.03,0.0318271,1,1105864
76712321,0.04,0.0383654,1,1105864
76713781,0.03,0.0316731,1,1105927
76715241,0.04,0.0383346,1,1105927
76716701,0.05,0.0476669,1,1106052
76718161,0.06,0.0575334,1,1106052
76719621,0.05,0.0515067,1,1106054
76721081,0.06,0.0583013,1,1106054
76722541,0.01,0.0196603,1,1106168
76724001,0.02,0.0199321,1,1106168
76725461,0.03,0.0279864,1,1106247
76726921,0.04,0.0375973,1,1106247
76728381,0.03,0.0315195,1,1106287
76729841,0.04,0.0383039,1,1106287
76731301,0.03,0.0316608,1,1106350
76732761,0.04,0.0383322,1,1106350
76734221,0.07,0.0636664,1,1106476
76735681,0.08,0.0767333,1,1106476
76737141,0.07,0.0713467,1,1106478
76738601,0.08,0.0782693,1,1106478
76740061,0.07,0.0716539,1,1106590
76741521,0.08,0.0783308,1,1106590
76742981,0.08,0.0796662,1,1106590
76744441,0.13,0.119933,1,1106670
76745901,0.14,0.135987,1,1106670
76747361,0.17,0.163197,1,1106710
76748821,0.18,0.176639,1,1106710
76750281,0.21,0.203328,1,1106773
76751741,0.22,0.216666,1,1106773
76753201,0.27,0.259333,1,1106901
76754661,0.28,0.275867,1,1106901
76756121,0.27,0.271173,1,1106903
76757581,0.28,0.278235,1,1106903
76759041,0.35,0.335647,1,1107015
76760501,0.36,0.355129,1,1107015
76761961,0.35,0.351026,1,1107097
76763421,0.36,0.358205,1,1107097
76764881,0.41,0.399641,1,1107139
76766341,0.42,0.415928,1,1107139
76767801,0.41,0.411186,1,1107204
76769261,0.42,0.418237,1,1107204
76770721,0.49,0.475647,1,1107335
76772181,0.5,0.495129,1,1107335
76773641,0.49,0.491026,1,1107337
76775101,0.5,0.498205,1,1107337
76776561,0.49,0.491641,1,1107453
76778021,0.5,0.498328,1,1107453
76779481,0.53,0.523666,1,1107535
76780941,0.54,0.536733,1,1107535
76782401,0.54,0.539347,1,1107535
76783861,0.55,0.547869,1,1107580
76785321,0.56,0.557574,1,1107580
76786781,0.55,0.551515,1,1107645
76788241,0.56,0.558303,1,1107645
76789701,0.59,0.583661,1,1107780
76791161,0.6,0.596732,1,1107780
76792621,0.59,0.591346,1,1107782
76794081,0.6,0.598269,1,1107782
76795541,0.61,0.607654,1,1107898
76797001,0.62,0.617531,1,1107898
76798461,0.61,0.611506,1,1107982
76799921,0.62,0.618301,1,1107982
76801381,0.61,0.61166,1,1107984
76802841,0.62,0.618332,1,1107984
76804301,0.59,0.595666,1,1108029
76805761,0.6,0.599133,1,1108029
76807221,0.65,0.639827,1,1108094
76808681,0.66,0.655965,1,1108094
76810141,0.65,0.651193,1,1108231
76811601,0.66,0.658239,1,1108231
76813061,0.65,0.651648,1,1108233
76814521,0.66,0.65833,1,1108233
76815981,0.77,0.747666,1,1108350
76817441,0.78,0.773533,2,1108350
76818901,0.81,0.802707,2,1108434
76820361,0.82,0.816541,2,1108434
76821821,0.81,0.811308,2,1108436
76823281,0.82,0.818262,2,1108436
76824741,0.87,0.859652,2,1108480
76826201,0.88,0.87593,2,1108480
76827661,0.88,0.879186,2,1108480
76829121,0.89,0.887837,2,1108548
76830581,0.9,0.897567,2,1108548
76918181,0.95,0.95,2,1110583
77023301,0.88,0.88,2,1112600
77024761,0.89,0.888,2,1112600
77029141,0.92,0.92,2,1112715
77030601,0.93,0.928,2,1112715
77032061,0.93,0.9296,2,1112715
77033521,0.87,0.88192,2,1112740
77034981,0.88,0.880384,2,1112740
77036441,0.85,0.856077,2,1112769
77037901,0.86,0.859215,2,1112769
77039361,0.81,0.819843,2,1112811
77040821,0.82,0.819969,2,1112811
77042281,0.81,0.811994,2,1112847
77043741,0.82,0.818399,2,1112847
77045201,0.85,0.84368,2,1112934
77046661,0.86,0.856736,2,1112934
77048121,0.89,0.883347,2,1113032
77049581,0.9,0.896669,2,1113032
77051041,0.93,0.923334,2,1113070
77052501,0.94,0.936667,2,1113070
77053961,0.93,0.931333,2,1113151
77055421,0.94,0.938267,2,1113151
77056881,0.91,0.915653,2,1113184
77058341,0.92,0.919131,2,1113184
77059801,0.91,0.911826,2,1113204
77061261,0.92,0.918365,2,1113204
77062721,0.93,0.927673,2,1113232
77064181,0.94,0.937535,2,1113232
77065641,0.93,0.931507,2,1113272
77067101,0.94,0.938301,2,1113272
77194121,0.91,0.91,2,1115449
77195581,0.92,0.918,2,1115449
77199961,0.81,0.81,2,1115556
77201421,0.82,0.818,2,1115556
77202881,0.77,0.7796,2,1115595
77204341,0.78,0.77992,2,1115595
77205801,0.65,0.675984,1,1115624
77207261,0.66,0.663197,1,1115624
77208721,0.65,0.652639,1,1115662
77210181,0.66,0.658528,1,1115662
77211641,0.59,0.603706,1,1115687
77213101,0.6,0.600741,1,1115687
77214561,0.59,0.592148,1,1115722
77216021,0.6,0.59843,1,1115722
77217481,0.6,0.599686,1,1115722
77218941,0.51,0.527937,1,1115759
77220401,0.52,0.521587,1,1115759
77221861,0.43,0.448317,1,1115872
77223321,0.44,0.441664,1,1115872
77224781,0.45,0.448333,1,1115925
77226241,0.46,0.457667,1,1115925
77227701,0.43,0.435533,1,1115979
77229161,0.44,0.439107,1,1115979
77230621,0.47,0.463821,1,1116017
77232081,0.48,0.476764,1,1116017
77233541,0.49,0.487353,1,1116054
77235001,0.5,0.497471,1,1116054
77236461,0.49,0.491494,1,1116077
77237921,0.5,0.498299,1,1116077
77239381,0.45,0.45966,1,1116115
77240841,0.46,0.459932,1,1116115
77242301,0.47,0.467986,1,1116137
77243761,0.48,0.477597,1,1116137
77245221,0.45,0.455519,1,1116172
77246681,0.46,0.459104,1,1116172
77248141,0.45,0.451821,1,1116174
77249601,0.46,0.458364,1,1116174
77251061,0.45,0.451673,1,1116206
77252521,0.46,0.458335,1,1116206
77253981,0.49,0.483667,1,1116315
77255441,0.5,0.496733,1,1116315
77256901,0.41,0.427347,1,1116369
77258361,0.42,0.421469,1,1116369
77259821,0.49,0.476294,1,1116422
77261281,0.5,0.495259,1,1116422
77262741,0.55,0.539052,1,1116462
77264201,0.56,0.55581,1,1116462
77265661,0.55,0.551162,1,1116500
77267121,0.56,0.558232,1,1116500
77268581,0.57,0.567646,1,1116523
77270041,0.58,0.577529,1,1116523
77271501,0.57,0.571506,1,1116559
77272961,0.58,0.578301,1,1116559
77274421,0.63,0.61966,1,1116582
77275881,0.64,0.635932,1,1116582
77277341,0.63,0.631186,1,1116616
77278801,0.64,0.638237,1,1116616
77280261,0.63,0.631647,1,1116618
77281721,0.64,0.638329,1,1116618
77283181,0.71,0.695666,1,1116650
77284641,0.72,0.715133,1,1116650
77286101,0.72,0.719027,1,1116650
77287561,0.77,0.759805,2,1116761
77289021,0.78,0.775961,2,1116761
77290481,0.79,0.787192,2,1116811
77291941,0.8,0.797438,2,1116811
77293401,0.87,0.855488,2,1116868
77294861,0.88,0.875098,2,1116868
77296321,0.85,0.855019,2,1116911
77297781,0.86,0.859004,2,1116911
77299241,0.91,0.899801,2,1116949
77300701,0.92,0.91596,2,1116949
77302161,0.91,0.911192,2,1116973
77303621,0.92,0.918238,2,1116973
77305081,0.93,0.927648,2,1117009
77306541,0.94,0.93753,2,1117009
77442321,0.94,0.94,2,1118934
77443781,0.95,0.948,2,1118934
77572261,0.85,0.85,2,1120656
77573721,0.86,0.858,2,1120656
77581021,0.93,0.93,2,1120757
77582481,0.94,0.938,2,1120757
77600001,0.93,0.93,2,1120967
77601461,0.94,0.938,2,1120967
77608761,0.83,0.83,2,1121089
77610221,0.84,0.838,2,1121089
77614601,0.94,0.94,2,1121179
77616061,0.95,0.948,2,1121179
77623361,0.92,0.92,2,1121282
77624821,0.93,0.928,2,1121282
77804401,0.92,0.92,2,1123419
77805861,0.79,0.79,2,1123523
77807321,0.75,0.758,2,1123560
77808781,0.49,0.5436,1,1123617
77810241,0.45,0.46872,1,1123653
77811701,0.33,0.357744,1,1123691
77813161,0.15,0.191549,1,1123734
77814621,0,0.0383098,1,1123765
77816081,0.01,0.015662,1,1123818
77817541,0,0.00313239,1,1123841
77819001,0.03,0.0246265,1,1123874
77820461,0,0.0049253,1,1123878
77821921,0.05,0.0409851,1,1123894
77823381,0.01,0.016197,1,1123909
77824841,0.03,0.0272394,1,1124018
77826301,0.04,0.0374479,1,1124018
77827761,0.05,0.0474896,1,1124096
77829221,0.06,0.0574979,1,1124096
77830681,0.03,0.0354996,1,1124162
77832141,0.04,0.0390999,1,1124162
77833601,0.03,0.03182,1,1124239
77835061,0.04,0.038364,1,1124239
77836521,0.03,0.0316728,1,1124296
77837981,0.04,0.0383346,1,1124296
77839441,0.09,0.0796669,1,1124317
77840901,0.1,0.0959334,1,1124317
77842361,0.1,0.0991867,1,1124317
77843821,0.01,0.0278373,1,1124440
77845281,0.02,0.0215675,1,1124440
77846741,0.19,0.156313,1,1124519
77848201,0.2,0.191263,1,1124519
77849661,0.21,0.206253,1,1124584
77851121,0.22,0.217251,1,1124584
77852581,0.05,0.0834501,1,1124661
77854041,0.06,0.06469,1,1124661
77855501,0.01,0.020938,1,1124718
77856961,0.02,0.0201876,1,1124718
77858421,0.07,0.0600375,1,1124742
77859881,0.08,0.0760075,1,1124742
77861341,0.07,0.0712015,1,1124744
77862801,0.08,0.0782403,1,1124744
77864261,0.01,0.0236481,1,1124862
77865721,0.02,0.0207296,1,1124862
77867181,0.01,0.0121459,1,1124950
77868641,0.02,0.0184292,1,1124950
77870101,0.07,0.0596858,1,1125016
77871561,0.08,0.0759372,1,1125016
77873021,0.13,0.119187,1,1125085
77874481,0.14,0.135837,1,1125085
77875941,0.01,0.0351675,1,1125140
77877401,0.02,0.0230335,1,1125140
77878861,0.03,0.0286067,1,1125167
77880321,0.04,0.0377213,1,1125167
77881781,0.03,0.0315443,1,1125169
77883241,0.04,0.0383089,1,1125169
77884701,0.01,0.0156618,1,1125284
77886161,0.02,0.0191324,1,1125284
77887621,0.02,0.0198265,1,1125284
77889081,0.01,0.0119653,1,1125372
77890541,0.02,0.0183931,1,1125372
77892001,0.05,0.0436786,1,1125441
77893461,0.06,0.0567357,1,1125441
77894921,0.15,0.131347,1,1125513
77896381,0.16,0.154269,1,1125513
77897841,0.15,0.150854,1,1125562
77899301,0.16,0.158171,1,1125562
77900761,0.13,0.135634,1,1125590
77902221,0.14,0.139127,1,1125590
77903681,0.13,0.131825,1,1125592
77905141,0.14,0.138365,1,1125592
77906601,0.03,0.051673,1,1125706
77908061,0.04,0.0423346,1,1125706
77909521,0.05,0.0484669,1,1125793
77910981,0.06,0.0576934,1,1125793
77912441,0.09,0.0835387,1,1125864
77913901,0.1,0.0967077,1,1125864
77915361,0.09,0.0913415,1,1125941
77916821,0.1,0.0982683,1,1125941
77918281,0.09,0.0916537,1,1125990
77919741,0.1,0.0983307,1,1125990
77921201,0.07,0.0756661,1,1126017
77922661,0.08,0.0791332,1,1126017
77924121,0.07,0.0718266,1,1126019
77925581,0.08,0.0783653,1,1126019
77927041,0.11,0.103673,1,1126128
77928501,0.12,0.116735,1,1126128
77929961,0.03,0.0473469,1,1126216
77931421,0.04,0.0414694,1,1126216
77932881,0.04,0.0402939,1,1126216
77934341,0.09,0.0800588,1,1126289
77935801,0.1,0.0960118,1,1126289
77937261,0.17,0.155202,1,1126366
77938721,0.18,0.17504,1,1126366
77940181,0.19,0.187008,1,1126415
77941641,0.2,0.197402,1,1126415
77943101,0.23,0.22348,1,1126441
77944561,0.24,0.236696,1,1126441
77946021,0.23,0.231339,1,1126443
77947481,0.24,0.238268,1,1126443
77948941,0.33,0.311654,1,1126554
77950401,0.34,0.334331,1,1126554
77951861,0.33,0.330866,1,1126638
77953321,0.34,0.338173,1,1126638
77954781,0.33,0.331635,1,1126640
77956241,0.34,0.338327,1,1126640
77957701,0.39,0.379665,1,1126715
77959161,0.4,0.395933,1,1126715
77960621,0.37,0.375187,1,1126796
77962081,0.38,0.379037,1,1126796
77963541,0.41,0.403807,1,1126846
77965001,0.42,0.416762,1,1126846
77966461,0.45,0.443352,1,1126874
77967921,0.46,0.45667,1,1126874
77969381,0.45,0.451334,1,1126876
77970841,0.46,0.458267,1,1126876
77972301,0.53,0.515653,1,1126992
77973761,0.54,0.535131,1,1126992
77975221,0.55,0.547026,1,1127076
77976681,0.56,0.557405,1,1127076
77978141,0.55,0.551481,1,1127078
77979601,0.56,0.558296,1,1127078
77981061,0.57,0.567659,1,1127156
77982521,0.58,0.577532,1,1127156
77983981,0.58,0.579506,1,1127156
77985441,0.61,0.603901,1,1127236
77986901,0.62,0.61678,1,1127236
77988361,0.65,0.643356,1,1127288
77989821,0.66,0.656671,1,1127288
77991281,0.67,0.667334,1,1127318
77992741,0.68,0.677467,1,1127318
77994201,0.67,0.671493,1,1127320
77995661,0.68,0.678299,1,1127320
77997121,0.81,0.78366,2,1127440
77998581,0.82,0.812732,2,1127440
78000041,0.79,0.794546,2,1127525
78001501,0.8,0.798909,2,1127525
78002961,0.79,0.791782,2,1127527
78004421,0.8,0.798356,2,1127527
78005881,0.77,0.775671,2,1127606
78007341,0.78,0.779134,2,1127606
78008801,0.83,0.819827,2,1127687
78010261,0.84,0.835965,2,1127687
78011721,0.83,0.831193,2,1127741
78013181,0.84,0.838239,2,1127741
78014641,0.81,0.815648,2,1127772
78016101,0.82,0.81913,2,1127772
78017561,0.81,0.811826,2,1127774
78019021,0.82,0.818365,2,1127774
78020481,0.83,0.827673,2,1127901
78021941,0.84,0.837535,2,1127901
78023401,0.85,0.847507,2,1127985
78024861,0.86,0.857501,2,1127985
78026321,0.85,0.8515,2,1127987
78027781,0.86,0.8583,2,1127987
78029241,0.85,0.85166,2,1128065
78030701,0.86,0.858332,2,1128065
78032161,0.87,0.867666,2,1128149
78033621,0.88,0.877533,2,1128149
78035081,0.89,0.887507,2,1128203
78036541,0.9,0.897501,2,1128203
78038001,0.9,0.8995,2,1128203
78039461,0.93,0.9239,2,1128233
78040921,0.94,0.93678,2,1128233
78042381,0.93,0.931356,2,1128235
78043841,0.94,0.938271,2,1128235
78134361,0.88,0.88,2,1129980
78135821,0.89,0.888,2,1129980
78137281,0.95,0.9376,2,1130036
78140201,0.79,0.79,2,1130120
78141661,0.8,0.798,2,1130120
78143121,0.77,0.7756,2,1130152
78144581,0.78,0.77912,2,1130152
78146041,0.67,0.691824,1,1130185
78147501,0.68,0.682365,1,1130185
78148961,0.61,0.624473,1,1130202
78150421,0.62,0.620895,1,1130202
78151881,0.62,0.620179,1,1130202
78153341,0.59,0.596036,1,1130257
78154801,0.6,0.599207,1,1130257
78156261,0.47,0.495841,1,1130368
78157721,0.48,0.483168,1,1130368
78159181,0.51,0.504634,1,1130400
78160641,0.52,0.516927,1,1130400
78162101,0.49,0.495385,1,1130448
78163561,0.5,0.499077,1,1130448
78165021,0.47,0.475815,1,1130504
78166481,0.48,0.479163,1,1130504
78167941,0.43,0.439833,1,1130580
78169401,0.44,0.439967,1,1130580
78170861,0.45,0.447993,1,1130611
78172321,0.46,0.457599,1,1130611
78173781,0.41,0.41952,1,1130639
78175241,0.42,0.419904,1,1130639
78176701,0.43,0.427981,1,1130653
78178161,0.44,0.437596,1,1130653
78179621,0.43,0.431519,1,1130655
78181081,0.44,0.438304,1,1130655
78182541,0.41,0.415661,1,1130708
78184001,0.42,0.419132,1,1130708
78185461,0.47,0.459826,1,1130813
78186921,0.48,0.475965,1,1130813
78188381,0.47,0.471193,1,1130847
78189841,0.48,0.478239,1,1130847
78191301,0.53,0.519648,1,1130894
78192761,0.54,0.53593,1,1130894
78194221,0.61,0.595186,1,1130949
78195681,0.62,0.615037,1,1130949
78197141,0.61,0.611007,1,1131023
78198601,0.62,0.618202,1,1131023
78200061,0.63,0.62764,1,1131055
78201521,0.64,0.637528,1,1131055
78202981,0.63,0.631506,1,1131081
78204441,0.64,0.638301,1,1131081
78205901,0.65,0.64766,1,1131096
78207361,0.66,0.657532,1,1131096
78208821,0.65,0.651506,1,1131098
78210281,0.66,0.658301,1,1131098
78211741,0.66,0.65966,1,1131098
78213201,0.67,0.667932,1,1131150
78214661,0.68,0.677586,1,1131150
78216121,0.73,0.719517,1,1131258
78217581,0.74,0.735903,1,1131258
78219041,0.75,0.747181,1,1131292
78220501,0.76,0.757436,2,1131292
78221961,0.81,0.799487,2,1131342
78223421,0.82,0.815897,2,1131342
78224881,0.89,0.87518,2,1131401
78226341,0.9,0.895036,2,1131401
78227801,0.89,0.891007,2,1131475
78229261,0.9,0.898201,2,1131475
78230721,0.89,0.89164,2,1131508
78232181,0.9,0.898328,2,1131508
78233641,0.89,0.891666,2,1131534
78235101,0.9,0.898333,2,1131534
78236561,0.89,0.891667,2,1131550
78238021,0.9,0.898333,2,1131550
78239481,0.89,0.891667,2,1131552
78240941,0.9,0.898333,2,1131552
78242401,0.93,0.923667,2,1131604
78243861,0.94,0.936733,2,1131604
78245321,0.95,0.947347,2,1131715
78248241,0.95,0.95,2,1131750
78251161,0.93,0.93,2,1131803
78252621,0.94,0.938,2,1131803
78271601,0.95,0.95,2,1132071
78370881,0.78,0.78,2,1133618
78372341,0.79,0.788,2,1133618
78373801,0.83,0.8216,2,1133651
78375261,0.84,0.83632,2,1133651
78376721,0.75,0.767264,2,1133685
78378181,0.76,0.761453,2,1133685
78379641,0.73,0.736291,1,1133713
78381101,0.74,0.739258,1,1133713
78382561,0.55,0.587852,1,1133765
78384021,0.56,0.56557,1,1133765
78385481,0.35,0.393114,1,1133854
78386941,0.36,0.366623,1,1133854
78388401,0.29,0.305325,1,1133890
78389861,0.3,0.301065,1,1133890
78391321,0.29,0.292213,1,1133919
78392781,0.3,0.298443,1,1133919
78394241,0.31,0.307689,1,1133959
78395701,0.32,0.317538,1,1133959
78397161,0.29,0.295508,1,1133982
78398621,0.3,0.299102,1,1133982
78400081,0.31,0.30782,1,1134006
78401541,0.32,0.317564,1,1134006
78403001,0.21,0.231513,1,1134084
78404461,0.22,0.222303,1,1134084
78405921,0.25,0.244461,1,1134113
78407381,0.26,0.256892,1,1134113
78408841,0.25,0.251378,1,1134143
78410301,0.26,0.258276,1,1134143
78411761,0.27,0.267655,1,1134170
78413221,0.28,0.277531,1,1134170
78414681,0.28,0.279506,1,1134170
78416141,0.31,0.303901,1,1134213
78417601,0.32,0.31678,1,1134213
78419061,0.35,0.343356,1,1134292
78420521,0.36,0.356671,1,1134292
78421981,0.41,0.399334,1,1134325
78423441,0.42,0.415867,1,1134325
78424901,0.39,0.395173,1,1134354
78426361,0.4,0.399035,1,1134354
78427821,0.39,0.391807,1,1134395
78429281,0.4,0.398361,1,1134395
78430741,0.39,0.391672,1,1134417
78432201,0.4,0.398334,1,1134417
78433661,0.41,0.407667,1,1134442
78435121,0.42,0.417533,1,1134442
78436581,0.39,0.395507,1,1134515
78438041,0.4,0.399101,1,1134515
78439501,0.41,0.40782,1,1134546
78440961,0.42,0.417564,1,1134546
78442421,0.43,0.427513,1,1134576
78443881,0.44,0.437503,1,1134576
78445341,0.39,0.399501,1,1134604
78446801,0.4,0.3999,1,1134604
78448261,0.39,0.39198,1,1134606
78449721,0.4,0.398396,1,1134606
78451181,0.43,0.423679,1,1134650
78452641,0.44,0.436736,1,1134650
78454101,0.51,0.495347,1,1134731
78455561,0.52,0.515069,1,1134731
78457021,0.49,0.495014,1,1134767
78458481,0.5,0.499003,1,1134767
78459941,0.51,0.507801,1,1134795
78461401,0.52,0.51756,1,1134795
78462861,0.57,0.559512,1,1134836
78464321,0.58,0.575902,1,1134836
78465781,0.57,0.57118,1,1134858
78467241,0.58,0.578236,1,1134858
78468701,0.57,0.571647,1,1134884
78470161,0.58,0.578329,1,1134884
78471621,0.59,0.587666,1,1134956
78473081,0.6,0.597533,1,1134956
78474541,0.63,0.623507,1,1134988
78476001,0.64,0.636701,1,1134988
78477461,0.65,0.64734,1,1135019
78478921,0.66,0.657468,1,1135019
78480381,0.65,0.651494,1,1135045
78481841,0.66,0.658299,1,1135045
78483301,0.65,0.65166,1,1135047
78484761,0.66,0.658332,1,1135047
78486221,0.69,0.683666,1,1135093
78487681,0.7,0.696733,1,1135093
78489141,0.7,0.699347,1,1135093
78490601,0.73,0.723869,1,1135178
78492061,0.74,0.736774,1,1135178
78493521,0.75,0.747355,1,1135213
78494981,0.76,0.757471,2,1135213
78496441,0.79,0.783494,2,1135242
78497901,0.8,0.796699,2,1135242
78499361,0.81,0.80734,2,1135286
78500821,0.82,0.817468,2,1135286
78502281,0.83,0.827494,2,1135308
78503741,0.84,0.837499,2,1135308
78505201,0.85,0.8475,2,1135334
78506661,0.86,0.8575,2,1135334
78508121,0.87,0.8675,2,1135407
78509581,0.88,0.8775,2,1135407
78511041,0.87,0.8715,2,1135441
78512501,0.88,0.8783,2,1135441
78513961,0.89,0.88766,2,1135473
78515421,0.9,0.897532,2,1135473
78516881,0.89,0.891506,2,1135499
78518341,0.9,0.898301,2,1135499
78519801,0.89,0.89166,2,1135501
78521261,0.9,0.898332,2,1135501
78522721,0.95,0.939666,2,1135549
78528561,0.95,0.95,2,1135671
78531481,0.93,0.93,2,1135702
78532941,0.94,0.938,2,1135702
78700841,0.91,0.91,2,1137861
78702301,0.92,0.918,2,1137861
78703761,0.87,0.8796,2,1137890
78705221,0.88,0.87992,2,1137890
78706681,0.83,0.839984,2,1137926
78708141,0.84,0.839997,2,1137926
78709601,0.77,0.783999,2,1137958
78711061,0.78,0.7808,2,1137958
78712521,0.59,0.62816,1,1138032
78713981,0.6,0.605632,1,1138032
78715441,0.57,0.577126,1,1138073
78716901,0.58,0.579425,1,1138073
78718361,0.45,0.475885,1,1138104
78719821,0.46,0.463177,1,1138104
78721281,0.41,0.420635,1,1138126
78722741,0.42,0.420127,1,1138126
78724201,0.33,0.348025,1,1138150
78725661,0.34,0.341605,1,1138150
78727121,0.34,0.340321,1,1138150
78728581,0.23,0.252064,1,1138187
78730041,0.24,0.242413,1,1138187
78731501,0.17,0.184483,1,1138217
78732961,0.18,0.180897,1,1138217
78734421,0.15,0.156179,1,1138253
78735881,0.16,0.159236,1,1138253
78737341,0.05,0.0718472,1,1138290
78738801,0.06,0.0623694,1,1138290
78740261,0.03,0.0364739,1,1138327
78741721,0.04,0.0392948,1,1138327
78743181,0.03,0.031859,1,1138354
78744641,0.04,0.0383718,1,1138354
78746101,0.05,0.0476744,1,1138388
78747561,0.06,0.0575349,1,1138388
78749021,0.03,0.035507,1,1138417
78750481,0.04,0.0391014,1,1138417
78751941,0.07,0.0638203,1,1138482
78753401,0.08,0.0767641,1,1138482
78754861,0.03,0.0393528,1,1138522
78756321,0.04,0.0398706,1,1138522
78757781,0.07,0.0639741,1,1138547
78759241,0.08,0.0767948,1,1138547
78760701,0.03,0.039359,1,1138567
78762161,0.04,0.0398718,1,1138567
78763621,0.05,0.0479744,1,1138587
78765081,0.06,0.0575949,1,1138587
78766541,0.05,0.051519,1,1138589
78768001,0.06,0.0583038,1,1138589
78769461,0.03,0.0356608,1,1138620
78770921,0.04,0.0391322,1,1138620
78772381,0.03,0.0318264,1,1138647
78773841,0.04,0.0383653,1,1138647
78775301,0.09,0.0796731,1,1138682
78776761,0.1,0.0959346,1,1138682
78778221,0.11,0.107187,1,1138714
78779681,0.12,0.117437,1,1138714
78781141,0.15,0.143487,1,1138750
78782601,0.16,0.156697,1,1138750
78784061,0.09,0.10334,1,1138777
78785521,0.1,0.100668,1,1138777
78786981,0.09,0.0921336,1,1138812
78788441,0.1,0.0984267,1,1138812
78789901,0.11,0.107685,1,1138840
78791361,0.12,0.117537,1,1138840
78792821,0.11,0.111507,1,1138907
78794281,0.12,0.118301,1,1138907
78795741,0.09,0.0956603,1,1138945
78797201,0.1,0.0991321,1,1138945
78798661,0.17,0.155826,1,1138972
78800121,0.18,0.175165,1,1138972
78801581,0.17,0.171033,1,1138990
78803041,0.18,0.178207,1,1138990
78804501,0.15,0.155641,1,1139011
78805961,0.16,0.159128,1,1139011
78807421,0.15,0.151826,1,1139013
78808881,0.16,0.158365,1,1139013
78810341,0.17,0.167673,1,1139043
78811801,0.18,0.177535,1,1139043
78813261,0.18,0.179507,1,1139043
78814721,0.21,0.203901,1,1139070
78816181,0.22,0.21678,1,1139070
78817641,0.23,0.227356,1,1139108
78819101,0.24,0.237471,1,1139108
78820561,0.23,0.231494,1,1139141
78822021,0.24,0.238299,1,1139141
78823481,0.29,0.27966,1,1139179
78824941,0.3,0.295932,1,1139179
78826401,0.29,0.291186,1,1139203
78827861,0.3,0.298237,1,1139203
78829321,0.29,0.291647,1,1139238
78830781,0.3,0.298329,1,1139238
78832241,0.27,0.275666,1,1139267
78833701,0.28,0.279133,1,1139267
78835161,0.31,0.303827,1,1139334
78836621,0.32,0.316765,1,1139334
78838081,0.31,0.311353,1,1139371
78839541,0.32,0.318271,1,1139371
78841001,0.35,0.343654,1,1139402
78842461,0.36,0.356731,1,1139402
78843921,0.35,0.351346,1,1139420
78845381,0.36,0.358269,1,1139420
78846841,0.35,0.351654,1,1139440
78848301,0.36,0.358331,1,1139440
78849761,0.35,0.351666,1,1139442
78851221,0.36,0.358333,1,1139442
78852681,0.37,0.367667,1,1139473
78854141,0.38,0.377533,1,1139473
78855601,0.37,0.371507,1,1139501
78857061,0.38,0.378301,1,1139501
78858521,0.37,0.37166,1,1139540
78859981,0.38,0.378332,1,1139540
78861441,0.35,0.355666,1,1139573
78862901,0.36,0.359133,1,1139573
78864361,0.37,0.367827,1,1139614
78865821,0.38,0.377565,1,1139614
78867281,0.39,0.387513,1,1139638
78868741,0.4,0.397503,1,1139638
78870201,0.39,0.391501,1,1139673
78871661,0.4,0.3983,1,1139673
78873121,0.41,0.40766,1,1139701
78874581,0.42,0.417532,1,1139701
78876041,0.45,0.443506,1,1139770
78877501,0.46,0.456701,1,1139770
78878961,0.45,0.45134,1,1139807
78880421,0.46,0.458268,1,1139807
78881881,0.47,0.467654,1,1139840
78883341,0.48,0.477531,1,1139840
78884801,0.49,0.487506,1,1139858
78886261,0.5,0.497501,1,1139858
78887721,0.49,0.4915,1,1139878
78889181,0.5,0.4983,1,1139878
78890641,0.49,0.49166,1,1139880
78892101,0.5,0.498332,1,1139880
78893561,0.51,0.507666,1,1139912
78895021,0.52,0.517533,1,1139912
78896481,0.51,0.511507,1,1139940
78897941,0.52,0.518301,1,1139940
78899401,0.51,0.51166,1,1139979
78900861,0.52,0.518332,1,1139979
78902321,0.52,0.519666,1,1139979
78903781,0.55,0.543933,1,1140011
78905241,0.56,0.556787,1,1140011
78906701,0.59,0.583357,1,1140053
78908161,0.6,0.596671,1,1140053
78909621,0.59,0.591334,1,1140078
78911081,0.6,0.598267,1,1140078
78912541,0.57,0.575653,1,1140113
78914001,0.58,0.579131,1,1140113
78915461,0.59,0.587826,1,1140142
78916921,0.6,0.597565,1,1140142
78918381,0.65,0.639513,1,1140213
78919841,0.66,0.655903,1,1140213
78921301,0.63,0.635181,1,1140250
78922761,0.64,0.639036,1,1140250
78924221,0.63,0.631807,1,1140284
78925681,0.64,0.638361,1,1140284
78927141,0.65,0.647672,1,1140303
78928601,0.66,0.657534,1,1140303
78930061,0.65,0.651507,1,1140323
78931521,0.66,0.658301,1,1140323
78932981,0.65,0.65166,1,1140325
78934441,0.66,0.658332,1,1140325
78935901,0.63,0.635666,1,1140358
78937361,0.64,0.639133,1,1140358
78938821,0.65,0.647827,1,1140386
78940281,0.66,0.657565,1,1140386
78941741,0.65,0.651513,1,1140425
78943201,0.66,0.658303,1,1140425
78944661,0.65,0.651661,1,1140427
78946121,0.66,0.658332,1,1140427
78947581,0.67,0.667666,1,1140460
78949041,0.68,0.677533,1,1140460
78950501,0.73,0.719507,1,1140504
78951961,0.74,0.735901,1,1140504
78953421,0.71,0.71518,1,1140529
78954881,0.72,0.719036,1,1140529
78956341,0.71,0.711807,1,1140563
78957801,0.72,0.718361,1,1140563
78959261,0.73,0.727672,1,1140593
78960721,0.74,0.737534,1,1140593
78962181,0.79,0.779507,2,1140667
78963641,0.8,0.795901,2,1140667
78965101,0.79,0.79118,2,1140703
78966561,0.8,0.798236,2,1140703
78968021,0.79,0.791647,2,1140737
78969481,0.8,0.798329,2,1140737
78970941,0.79,0.791666,2,1140757
78972401,0.8,0.798333,2,1140757
78973861,0.83,0.823667,2,1140777
78975321,0.84,0.836733,2,1140777
78976781,0.83,0.831347,2,1140779
78978241,0.84,0.838269,2,1140779
78979701,0.85,0.847654,2,1140811
78981161,0.86,0.857531,2,1140811
78982621,0.89,0.883506,2,1140840
78984081,0.9,0.896701,2,1140840
78985541,0.93,0.92334,2,1140879
78987001,0.94,0.936668,2,1140879
78988461,0.93,0.931334,2,1140881
78989921,0.94,0.938267,2,1140881
78991381,0.93,0.931653,2,1140915
78992841,0.94,0.938331,2,1140915
78994301,0.94,0.939666,2,1140915
79220601,0.87,0.87,2,1143375
79222061,0.88,0.878,2,1143375
79223521,0.85,0.8556,2,1143394
79224981,0.86,0.85912,2,1143394
79226441,0.83,0.835824,2,1143417
79227901,0.84,0.839165,2,1143417
79229361,0.73,0.751833,2,1143453
79230821,0.74,0.742367,1,1143453
79232281,0.63,0.652473,1,1143484
79233741,0.64,0.642495,1,1143484
79235201,0.61,0.616499,1,1143494
79236661,0.62,0.6193,1,1143494
79238121,0.51,0.53186,1,1143512
79239581,0.52,0.522372,1,1143512
79241041,0.45,0.464474,1,1143543
79242501,0.46,0.460895,1,1143543
79243961,0.31,0.340179,1,1143595
79245421,0.32,0.324036,1,1143595
79246881,0.21,0.232807,1,1143625
79248341,0.22,0.222561,1,1143625
79249801,0.07,0.100512,1,1143657
79251261,0.08,0.0841025,1,1143657
79252721,0,0.0168205,1,1143694
79254181,0,0.0033641,1,1143694
79255641,0,0.00067282,1,1143732
79257101,0,0.000134564,1,1143732
79258561,0,2.69128e-05,1,1143755
79260021,0,5.38256e-06,1,1143755
79261481,0,1.07651e-06,1,1143778
79262941,0,2.15302e-07,1,1143778
79264401,0.07,0.056,1,1143819
79265861,0.08,0.0752,1,1143819
79267321,0.13,0.11904,1,1143844
79268781,0.14,0.135808,1,1143844
79270241,0.13,0.131162,1,1143857
79271701,0.14,0.138232,1,1143857
79273161,0.05,0.0676465,1,1143879
79274621,0.06,0.0615293,1,1143879
79276081,0.11,0.100306,1,1143910
79277541,0.12,0.116061,1,1143910
79279001,0.07,0.0792122,1,1143936
79280461,0.08,0.0798424,1,1143936
79281921,0.09,0.0879685,1,1143945
79283381,0.1,0.0975937,1,1143945
79284841,0.1,0.0995187,1,1143945
79286301,0.11,0.107904,1,1143958
79287761,0.12,0.117581,1,1143958
79289221,0.11,0.111516,1,1143986
79290681,0.12,0.118303,1,1143986
79292141,0.09,0.0956606,1,1144031
79293601,0.1,0.0991321,1,1144031
79295061,0.11,0.107826,1,1144056
79296521,0.12,0.117565,1,1144056
79297981,0.09,0.0955131,1,1144081
79299441,0.1,0.0991026,1,1144081
79300901,0.09,0.0918205,1,1144115
79302361,0.1,0.0983641,1,1144115
79303821,0.05,0.0596728,1,1144153
79305281,0.06,0.0599346,1,1144153
79306741,0.03,0.0359869,1,1144176
79308201,0.04,0.0391974,1,1144176
79309661,0.03,0.0318395,1,1144199
79311121,0.04,0.0383679,1,1144199
79312581,0.03,0.0316736,1,1144243
79314041,0.04,0.0383347,1,1144243
79315501,0.01,0.0156669,1,1144271
79316961,0.02,0.0191334,1,1144271
79318421,0.05,0.0438267,1,1144284
79319881,0.06,0.0567653,1,1144284
79321341,0.07,0.0673531,1,1144302
79322801,0.08,0.0774706,1,1144302
79324261,0.07,0.0714941,1,1144336
79325721,0.08,0.0782988,1,1144336
79327181,0.09,0.0876598,1,1144360
79328641,0.1,0.097532,1,1144360
79330101,0.09,0.0915064,1,1144370
79331561,0.1,0.0983013,1,1144370
79333021,0.09,0.0916603,1,1144372
79334481,0.1,0.0983321,1,1144372
79335941,0.07,0.0756664,1,1144385
79337401,0.08,0.0791333,1,1144385
79338861,0.07,0.0718267,1,1144413
79340321,0.08,0.0783653,1,1144413
79341781,0.09,0.0876731,1,1144457
79343241,0.1,0.0975346,1,1144457
79344701,0.09,0.0915069,1,1144483
79346161,0.1,0.0983014,1,1144483
79347621,0.09,0.0916603,1,1144507
79349081,0.1,0.0983321,1,1144507
79350541,0.09,0.0916664,1,1144541
79352001,0.1,0.0983333,1,1144541
79353461,0.13,0.123667,1,1144577
79354921,0.14,0.136733,1,1144577
79356381,0.13,0.131347,1,1144599
79357841,0.14,0.138269,1,1144599
79359301,0.11,0.115654,1,1144622
79360761,0.12,0.119131,1,1144622
79362221,0.15,0.143826,1,1144666
79363681,0.16,0.156765,1,1144666
79365141,0.15,0.151353,1,1144693
79366601,0.16,0.158271,1,1144693
79368061,0.19,0.183654,1,1144708
79369521,0.2,0.196731,1,1144708
79370981,0.21,0.207346,1,1144727
79372441,0.22,0.217469,1,1144727
79373901,0.27,0.259494,1,1144761
79375361,0.28,0.275899,1,1144761
79376821,0.33,0.31918,1,1144786
79378281,0.34,0.335836,1,1144786
79379741,0.33,0.331167,1,1144796
79381201,0.34,0.338233,1,1144796
79382661,0.33,0.331647,1,1144798
79384121,0.34,0.338329,1,1144798
79385581,0.33,0.331666,1,1144810
79387041,0.34,0.338333,1,1144810
79388501,0.34,0.339667,1,1144810
79389961,0.35,0.347933,1,1144838
79391421,0.36,0.357587,1,1144838
79392881,0.39,0.383517,1,1144883
79394341,0.4,0.396703,1,1144883
79395801,0.39,0.391341,1,1144909
79397261,0.4,0.398268,1,1144909
79398721,0.39,0.391654,1,1144933
79400181,0.4,0.398331,1,1144933
79401641,0.39,0.391666,1,1144967
79403101,0.4,0.398333,1,1144967
79404561,0.35,0.359667,1,1145005
79406021,0.36,0.359933,1,1145005
79407481,0.35,0.351987,1,1145027
79408941,0.36,0.358397,1,1145027
79410401,0.35,0.351679,1,1145049
79411861,0.36,0.358336,1,1145049
79413321,0.41,0.399667,1,1145095
79414781,0.42,0.415933,1,1145095
79416241,0.39,0.395187,1,1145122
79417701,0.4,0.399037,1,1145122
79419161,0.39,0.391807,1,1145139
79420621,0.4,0.398361,1,1145139
79422081,0.39,0.391672,1,1145159
79423541,0.4,0.398334,1,1145159
79425001,0.43,0.423667,1,1145196
79426461,0.44,0.436733,1,1145196
79427921,0.47,0.463347,1,1145224
79429381,0.48,0.476669,1,1145224
79430841,0.51,0.503334,1,1145234
79432301,0.52,0.516667,1,1145234
79433761,0.51,0.511333,1,1145236
79435221,0.52,0.518267,1,1145236
79436681,0.51,0.511653,1,1145248
79438141,0.52,0.518331,1,1145248
79439601,0.51,0.511666,1,1145276
79441061,0.52,0.518333,1,1145276
79442521,0.55,0.543667,1,1145323
79443981,0.56,0.556733,1,1145323
79445441,0.55,0.551347,1,1145349
79446901,0.56,0.558269,1,1145349
79448361,0.55,0.551654,1,1145373
79449821,0.56,0.558331,1,1145373
79451281,0.57,0.567666,1,1145407
79452741,0.58,0.577533,1,1145407
79454201,0.57,0.571507,1,1145443
79455661,0.58,0.578301,1,1145443
79457121,0.57,0.57166,1,1145465
79458581,0.58,0.578332,1,1145465
79460041,0.59,0.587666,1,1145487
79461501,0.6,0.597533,1,1145487
79462961,0.59,0.591507,1,1145536
79464421,0.6,0.598301,1,1145536
79465881,0.59,0.59166,1,1145562
79467341,0.6,0.598332,1,1145562
79468801,0.57,0.575666,1,1145579
79470261,0.58,0.579133,1,1145579
79471721,0.57,0.571827,1,1145599
79473181,0.58,0.578365,1,1145599
79474641,0.59,0.587673,1,1145638
79476101,0.6,0.597535,1,1145638
79477561,0.63,0.623507,1,1145668
79479021,0.64,0.636701,1,1145668
79480481,0.59,0.59934,1,1145680
79481941,0.6,0.599868,1,1145680
79483401,0.59,0.591974,1,1145682
79484861,0.6,0.598395,1,1145682
79486321,0.61,0.607679,1,1145694
79487781,0.62,0.617536,1,1145694
79489241,0.67,0.659507,1,1145722
79490701,0.68,0.675901,1,1145722
79492161,0.67,0.67118,1,1145771
79493621,0.68,0.678236,1,1145771
79495081,0.68,0.679647,1,1145771
79496541,0.71,0.703929,1,1145797
79498001,0.72,0.716786,1,1145797
79499461,0.71,0.711357,1,1145821
79500921,0.72,0.718271,1,1145821
79502381,0.69,0.695654,1,1145856
79503841,0.7,0.699131,1,1145856
79505301,0.69,0.691826,1,1145892
79506761,0.7,0.698365,1,1145892
79508221,0.69,0.691673,1,1145914
79509681,0.7,0.698335,1,1145914
79511141,0.71,0.707667,1,1145937
79512601,0.72,0.717533,1,1145937
79514061,0.75,0.743507,1,1145986
79515521,0.76,0.756701,2,1145986
79516981,0.75,0.75134,2,1146012
79518441,0.76,0.758268,2,1146012
79519901,0.77,0.767654,2,1146028
79521361,0.78,0.777531,2,1146028
79522821,0.77,0.771506,2,1146048
79524281,0.78,0.778301,2,1146048
79525741,0.81,0.80366,2,1146088
79527201,0.82,0.816732,2,1146088
79528661,0.77,0.779346,2,1146120
79530121,0.78,0.779869,2,1146120
79531581,0.77,0.771974,2,1146130
79533041,0.78,0.778395,2,1146130
79534501,0.77,0.771679,2,1146132
79535961,0.78,0.778336,2,1146132
79537421,0.79,0.787667,2,1146145
79538881,0.8,0.797533,2,1146145
79540341,0.79,0.791507,2,1146176
79541801,0.8,0.798301,2,1146176
79543261,0.79,0.79166,2,1146225
79544721,0.8,0.798332,2,1146225
79546181,0.79,0.791666,2,1146227
79547641,0.8,0.798333,2,1146227
79549101,0.85,0.839667,2,1146254
79550561,0.86,0.855933,2,1146254
79552021,0.85,0.851187,2,1146278
79553481,0.86,0.858237,2,1146278
79554941,0.85,0.851647,2,1146312
79556401,0.86,0.85833,2,1146312
79557861,0.87,0.867666,2,1146348
79559321,0.88,0.877533,2,1146348
79560781,0.87,0.871507,2,1146370
79562241,0.88,0.878301,2,1146370
79563701,0.87,0.87166,2,1146394
79565161,0.88,0.878332,2,1146394
79566621,0.87,0.871666,2,1146445
79568081,0.88,0.878333,2,1146445
79569541,0.89,0.887667,2,1146471
79571001,0.9,0.897533,2,1146471
79572461,0.91,0.907507,2,1146488
79573921,0.92,0.917501,2,1146488
79575381,0.91,0.9115,2,1146508
79576841,0.92,0.9183,2,1146508
79578301,0.95,0.94366,2,1146550
79581221,0.95,0.95,2,1146580
79584141,0.95,0.95,2,1146590
79587061,0.95,0.95,2,1146592
79728681,0.85,0.85,2,1148431
79778321,0.95,0.95,2,1148514
79779781,0.89,0.902,2,1148542
79781241,0.71,0.7484,1,1148564
79782701,0.65,0.66968,1,1148590
79784161,0.63,0.637936,1,1148638
79785621,0.59,0.599587,1,1148664
79787081,0.49,0.511917,1,1148672
79788541,0.47,0.478384,1,1148706
79790001,0.21,0.263677,1,1148725
79791461,0.43,0.396735,1,1148741
79792921,0.23,0.263347,1,1148759
79794381,0.39,0.364669,1,1148778
79795841,0.29,0.304934,1,1148789
79797301,0.29,0.292987,1,1148794
79798761,0.23,0.242597,1,1148839
79800221,0.19,0.200519,1,1148873
79801681,0.23,0.224104,1,1148903
79803141,0.19,0.196821,1,1148950
79804601,0.19,0.191364,1,1149007
79806061,0.2,0.198273,1,1149007
79807521,0.23,0.223655,1,1149043
79808981,0.24,0.236731,1,1149043
79810441,0.25,0.247346,1,1149114
79811901,0.26,0.257469,1,1149114
79813361,0.21,0.219494,1,1149150
79814821,0.22,0.219899,1,1149150
79816281,0.27,0.25998,1,1149183
79817741,0.28,0.275996,1,1149183
79819201,0.27,0.271199,1,1149218
79820661,0.28,0.27824,1,1149218
79822121,0.35,0.335648,1,1149229
79823581,0.36,0.35513,1,1149229
79825041,0.41,0.399026,1,1149303
79826501,0.42,0.415805,1,1149303
79827961,0.43,0.427161,1,1149380
79829421,0.44,0.437432,1,1149380
79830881,0.43,0.431486,1,1149438
79832341,0.44,0.438297,1,1149438
79833801,0.43,0.431659,1,1149476
79835261,0.44,0.438332,1,1149476
79836721,0.39,0.399666,1,1149548
79838181,0.4,0.399933,1,1149548
79839641,0.39,0.391987,1,1149582
79841101,0.4,0.398397,1,1149582
79842561,0.39,0.391679,1,1149618
79844021,0.4,0.398336,1,1149618
79845481,0.49,0.471667,1,1149653
79846941,0.5,0.494333,1,1149653
79848401,0.43,0.442867,1,1149668
79849861,0.44,0.440573,1,1149668
79851321,0.47,0.464115,1,1149745
79852781,0.48,0.476823,1,1149745
79854241,0.49,0.487365,1,1149823
79855701,0.5,0.497473,1,1149823
79857161,0.5,0.499495,1,1149823
79858621,0.55,0.539899,1,1149881
79860081,0.56,0.55598,1,1149881
79861541,0.59,0.583196,1,1149919
79863001,0.6,0.596639,1,1149919
79864461,0.59,0.591328,1,1149989
79865921,0.6,0.598266,1,1149989
79867381,0.59,0.591653,1,1150023
79868841,0.6,0.598331,1,1150023
79870301,0.61,0.607666,1,1150059
79871761,0.62,0.617533,1,1150059
79873221,0.63,0.627507,1,1150099
79874681,0.64,0.637501,1,1150099
79876141,0.63,0.6315,1,1150111
79877601,0.64,0.6383,1,1150111
79879061,0.71,0.69566,1,1150190
79880521,0.72,0.715132,1,1150190
79881981,0.69,0.695026,1,1150269
79883441,0.7,0.699005,1,1150269
79884901,0.65,0.659801,1,1150329
79886361,0.66,0.65996,1,1150329
79887821,0.65,0.651992,1,1150369
79889281,0.66,0.658398,1,1150369
79890741,0.65,0.65168,1,1150439
79892201,0.66,0.658336,1,1150439
79893661,0.65,0.651667,1,1150473
79895121,0.66,0.658333,1,1150473
79896581,0.67,0.667667,1,1150510
79898041,0.68,0.677533,1,1150510
79899501,0.69,0.687507,1,1150551
79900961,0.7,0.697501,1,1150551
79902421,0.71,0.7075,1,1150563
79903881,0.72,0.7175,1,1150563
79905341,0.83,0.8075,2,1150646
79906801,0.84,0.8335,2,1150646
79908261,0.91,0.8947,2,1150724
79909721,0.92,0.91494,2,1150724
79911181,0.91,0.910988,2,1150782
79912641,0.92,0.918198,2,1150782
79914101,0.93,0.92764,2,1150822
79915561,0.94,0.937528,2,1150822
79917021,0.94,0.939506,2,1150822
80046961,0.91,0.91,2,1152922
80048421,0.92,0.918,2,1152922
80049881,0.87,0.8796,2,1152959
80051341,0.88,0.87992,2,1152959
80052801,0.61,0.663984,1,1153035
80054261,0.62,0.628797,1,1153035
80055721,0.47,0.501759,1,1153097
80057181,0.48,0.484352,1,1153097
80058641,0.31,0.34487,1,1153152
80060101,0.32,0.324974,1,1153152
80061561,0.23,0.248995,1,1153196
80063021,0.24,0.241799,1,1153196
80064481,0,0.0483598,1,1153255
80065941,0,0.00967196,1,1153255
80067401,0.05,0.0419344,1,1153292
80068861,0.06,0.0563869,1,1153292
80070321,0.09,0.0832774,1,1153327
80071781,0.1,0.0966555,1,1153327
80073241,0.09,0.0913311,1,1153348
80074701,0.1,0.0982662,1,1153348
80076161,0.05,0.0596532,1,1153361
80077621,0.06,0.0599306,1,1153361
80079081,0.01,0.0199861,1,1153393
80080541,0.02,0.0199972,1,1153393
80082001,0.03,0.0279994,1,1153424
80083461,0.04,0.0375999,1,1153424
80084921,0.01,0.01552,1,1153487
80086381,0.02,0.019104,1,1153487
80087841,0.03,0.0278208,1,1153542
80089301,0.04,0.0375642,1,1153542
80090761,0.01,0.0155128,1,1153589
80092221,0.02,0.0191026,1,1153589
80093681,0.01,0.0118205,1,1153629
80095141,0.02,0.0183641,1,1153629
80096601,0,0.00367282,1,1153677
80098061,0,0.000734564,1,1153677
80099521,0.03,0.0241469,1,1153716
80100981,0.04,0.0368294,1,1153716
80102441,0,0.00736588,1,1153753
80103901,0,0.00147318,1,1153753
80105361,0,0.000294635,1,1153774
80106821,0,5.8927e-05,1,1153774
80108281,0,1.17854e-05,1,1153785
80109741,0,2.35708e-06,1,1153785
80111201,0,4.71416e-07,1,1153785
80112661,0.03,0.0240001,1,1153815
80114121,0.04,0.0368,1,1153815
80115581,0.11,0.09536,1,1153847
80117041,0.12,0.115072,1,1153847
80118501,0.07,0.0790144,1,1153909
80119961,0.08,0.0798029,1,1153909
80121421,0.05,0.0559606,1,1153965
80122881,0.06,0.0591921,1,1153965
80124341,0.01,0.0198384,1,1154011
80125801,0.02,0.0199677,1,1154011
80127261,0.13,0.107994,1,1154051
80128721,0.14,0.133599,1,1154051
80130181,0.11,0.11472,1,1154099
80131641,0.12,0.118944,1,1154099
80133101,0,0.0237888,1,1154139
80134561,0,0.00475776,1,1154139
80136021,0.01,0.00895155,1,1154175
80137481,0.02,0.0177903,1,1154175
80138941,0.01,0.0115581,1,1154196
80140401,0.02,0.0183116,1,1154196
80141861,0,0.00366232,1,1154207
80143321,0,0.000732464,1,1154207
80144781,0.03,0.0241465,1,1154237
80146241,0.04,0.0368293,1,1154237
80147701,0.03,0.0313659,1,1154273
80149161,0.04,0.0382732,1,1154273
80150621,0.03,0.0316546,1,1154333
80152081,0.04,0.0383309,1,1154333
80153541,0.03,0.0316662,1,1154388
80155001,0.04,0.0383332,1,1154388
80156461,0.03,0.0316666,1,1154432
80157921,0.04,0.0383333,1,1154432
80159381,0.05,0.0476667,1,1154478
80160841,0.06,0.0575333,1,1154478
80162301,0.09,0.0835067,1,1154525
80163761,0.1,0.0967013,1,1154525
80165221,0.07,0.0753403,1,1154560
80166681,0.08,0.0790681,1,1154560
80168141,0.13,0.119814,1,1154596
80169601,0.14,0.135963,1,1154596
80171061,0.15,0.147193,1,1154617
80172521,0.16,0.157439,1,1154617
80173981,0.09,0.103488,1,1154628
80175441,0.1,0.100698,1,1154628
80176901,0.09,0.0921395,1,1154659
80178361,0.1,0.0984279,1,1154659
80179821,0.1,0.0996856,1,1154659
80181281,0.11,0.107937,1,1154695
80182741,0.12,0.117587,1,1154695
80184201,0.15,0.143517,1,1154755
80185661,0.16,0.156703,1,1154755
80187121,0.11,0.119341,1,1154810
80188581,0.12,0.119868,1,1154810
80190041,0.11,0.111974,1,1154854
80191501,0.12,0.118395,1,1154854
80192961,0.09,0.0956789,1,1154901
80194421,0.1,0.0991358,1,1154901
80195881,0.11,0.107827,1,1154950
80197341,0.12,0.117565,1,1154950
80198801,0.15,0.143513,1,1154984
80200261,0.16,0.156703,1,1154984
80201721,0.13,0.135341,1,1155023
80203181,0.14,0.139068,1,1155023
80204641,0.17,0.163814,1,1155045
80206101,0.18,0.176763,1,1155045
80207561,0.17,0.171353,1,1155053
80209021,0.18,0.178271,1,1155053
80210481,0.15,0.155654,1,1155084
80211941,0.16,0.159131,1,1155084
80213401,0.15,0.151826,1,1155086
80214861,0.16,0.158365,1,1155086
80216321,0.19,0.183673,1,1155122
80217781,0.2,0.196735,1,1155122
80219241,0.23,0.223347,1,1155184
80220701,0.24,0.236669,1,1155184
80222161,0.25,0.247334,1,1155237
80223621,0.26,0.257467,1,1155237
80225081,0.25,0.251493,1,1155281
80226541,0.26,0.258299,1,1155281
80228001,0.25,0.25166,1,1155327
80229461,0.26,0.258332,1,1155327
80230921,0.27,0.267666,1,1155377
80232381,0.28,0.277533,1,1155377
80233841,0.25,0.255507,1,1155413
80235301,0.26,0.259101,1,1155413
80236761,0.25,0.25182,1,1155451
80238221,0.26,0.258364,1,1155451
80239681,0.27,0.267673,1,1155475
80241141,0.28,0.277535,1,1155475
80242601,0.27,0.271507,1,1155483
80244061,0.28,0.278301,1,1155483
80245521,0.35,0.33566,1,1155513
80246981,0.36,0.355132,1,1155513
80248441,0.35,0.351026,1,1155515
80249901,0.36,0.358205,1,1155515
80251361,0.35,0.351641,1,1155553
80252821,0.36,0.358328,1,1155553
80254281,0.36,0.359666,1,1155553
80255741,0.41,0.399933,1,1155617
80257201,0.42,0.415987,1,1155617
80258661,0.45,0.443197,1,1155671
80260121,0.46,0.456639,1,1155671
80261581,0.47,0.467328,1,1155715
80263041,0.48,0.477466,1,1155715
80264501,0.47,0.471493,1,1155761
80265961,0.48,0.478299,1,1155761
80267421,0.51,0.50366,1,1155812
80268881,0.52,0.516732,1,1155812
80270341,0.57,0.559346,1,1155847
80271801,0.58,0.575869,1,1155847
80273261,0.59,0.587174,1,1155885
80274721,0.6,0.597435,1,1155885
80276181,0.59,0.591487,1,1155910
80277641,0.6,0.598297,1,1155910
80279101,0.59,0.591659,1,1155918
80280561,0.6,0.598332,1,1155918
80282021,0.59,0.591666,1,1155952
80283481,0.6,0.598333,1,1155952
80284941,0.59,0.591667,1,1155954
80286401,0.6,0.598333,1,1155954
80287861,0.61,0.607667,1,1155992
80289321,0.62,0.617533,1,1155992
80290781,0.61,0.611507,1,1156058
80292241,0.62,0.618301,1,1156058
80293701,0.61,0.61166,1,1156114
80295161,0.62,0.618332,1,1156114
80296621,0.59,0.595666,1,1156159
80298081,0.6,0.599133,1,1156159
80299541,0.59,0.591827,1,1156205
80301001,0.6,0.598365,1,1156205
80302461,0.61,0.607673,1,1156258
80303921,0.62,0.617535,1,1156258
80305381,0.63,0.627507,1,1156296
80306841,0.64,0.637501,1,1156296
80308301,0.67,0.6635,1,1156335
80309761,0.68,0.6767,1,1156335
80311221,0.69,0.68734,1,1156360
80312681,0.7,0.697468,1,1156360
80314141,0.69,0.691494,1,1156368
80315601,0.7,0.698299,1,1156368
80317061,0.71,0.70766,1,1156402
80318521,0.72,0.717532,1,1156402
80319981,0.71,0.711506,1,1156404
80321441,0.72,0.718301,1,1156404
80322901,0.73,0.72766,1,1156443
80324361,0.74,0.737532,1,1156443
80325821,0.77,0.763506,2,1156509
80327281,0.78,0.776701,2,1156509
80328741,0.79,0.78734,2,1156565
80330201,0.8,0.797468,2,1156565
80331661,0.8,0.799494,2,1156565
80333121,0.85,0.839899,2,1156609
80334581,0.86,0.85598,2,1156609
80336041,0.85,0.851196,2,1156655
80337501,0.86,0.858239,2,1156655
80338961,0.91,0.899648,2,1156709
80340421,0.92,0.91593,2,1156709
80341881,0.89,0.895186,2,1156748
80343341,0.9,0.899037,2,1156748
80344801,0.89,0.891807,2,1156789
80346261,0.9,0.898361,2,1156789
80347721,0.93,0.923672,2,1156815
80349181,0.94,0.936734,2,1156815
80350641,0.93,0.931347,2,1156823
80352101,0.94,0.938269,2,1156823
80353561,0.93,0.931654,2,1156858
80355021,0.94,0.938331,2,1156858
80356481,0.93,0.931666,2,1156860
80357941,0.94,0.938333,2,1156860
80359401,0.93,0.931667,2,1156900
80360861,0.94,0.938333,2,1156900
80362321,0.93,0.931667,2,1156968
80363781,0.94,0.938333,2,1156968
80385681,0.94,0.94,2,1157283
80387141,0.95,0.948,2,1157283
80499561,0.86,0.86,2,1158672
80501021,0.87,0.868,2,1158672
80502481,0.86,0.8616,2,1158712
80503941,0.87,0.86832,2,1158712
80505401,0.77,0.789664,2,1158741
80506861,0.78,0.781933,2,1158741
80508321,0.63,0.660387,1,1158779
80509781,0.64,0.644077,1,1158779
80511241,0.61,0.616815,1,1158805
80512701,0.62,0.619363,1,1158805
80514161,0.53,0.547873,1,1158828
80515621,0.54,0.541575,1,1158828
80517081,0.55,0.548315,1,1158863
80518541,0.56,0.557663,1,1158863
80520001,0.39,0.423533,1,1158938
80521461,0.4,0.404707,1,1158938
80522921,0.31,0.328941,1,1158961
80524381,0.32,0.321788,1,1158961
80525841,0.25,0.264358,1,1158992
80527301,0.26,0.260872,1,1158992
80528761,0.23,0.236174,1,1159023
80530221,0.24,0.239235,1,1159023
80531681,0.21,0.215847,1,1159037
80533141,0.22,0.219169,1,1159037
80534601,0.11,0.131834,1,1159095
80536061,0.12,0.122367,1,1159095
80537521,0.15,0.144473,1,1159120
80538981,0.16,0.156895,1,1159120
80540441,0.19,0.183379,1,1159142
80541901,0.2,0.196676,1,1159142
80543361,0.17,0.175335,1,1159177
80544821,0.18,0.179067,1,1159177
80546281,0.17,0.171813,1,1159201
80547741,0.18,0.178363,1,1159201
80549201,0.15,0.155673,1,1159232
80550661,0.16,0.159135,1,1159232
80552121,0.17,0.167827,1,1159257
80553581,0.18,0.177565,1,1159257
80555041,0.15,0.155513,1,1159276
80556501,0.16,0.159103,1,1159276
80557961,0.13,0.135821,1,1159312
80559421,0.14,0.139164,1,1159312
80560881,0.19,0.179833,1,1159379
80562341,0.2,0.195967,1,1159379
80563801,0.21,0.207193,1,1159398
80565261,0.22,0.217439,1,1159398
80566721,0.23,0.227488,1,1159426
80568181,0.24,0.237498,1,1159426
80569641,0.27,0.2635,1,1159456
80571101,0.28,0.2767,1,1159456
80572561,0.25,0.25534,1,1159469
80574021,0.26,0.259068,1,1159469
80575481,0.29,0.283814,1,1159522
80576941,0.3,0.296763,1,1159522
80578401,0.3,0.299353,1,1159522
80579861,0.31,0.307871,1,1159549
80581321,0.32,0.317574,1,1159549
80582781,0.31,0.311515,1,1159573
80584241,0.32,0.318303,1,1159573
80585701,0.35,0.343661,1,1159607
80587161,0.36,0.356732,1,1159607
80588621,0.39,0.383346,1,1159631
80590081,0.4,0.396669,1,1159631
80591541,0.39,0.391334,1,1159661
80593001,0.4,0.398267,1,1159661
80594461,0.39,0.391653,1,1159687
80595921,0.4,0.398331,1,1159687
80597381,0.39,0.391666,1,1159705
80598841,0.4,0.398333,1,1159705
80600301,0.41,0.407667,1,1159740
80601761,0.42,0.417533,1,1159740
80603221,0.45,0.443507,1,1159810
80604681,0.46,0.456701,1,1159810
80606141,0.45,0.45134,1,1159830
80607601,0.46,0.458268,1,1159830
80609061,0.45,0.451654,1,1159859
80610521,0.46,0.458331,1,1159859
80611981,0.45,0.451666,1,1159891
80613441,0.46,0.458333,1,1159891
80614901,0.45,0.451667,1,1159903
80616361,0.46,0.458333,1,1159903
80617821,0.45,0.451667,1,1159958
80619281,0.46,0.458333,1,1159958
80620741,0.43,0.435667,1,1159985
80622201,0.44,0.439133,1,1159985
80623661,0.43,0.431827,1,1160009
80625121,0.44,0.438365,1,1160009
80626581,0.47,0.463673,1,1160045
80628041,0.48,0.476735,1,1160045
80629501,0.43,0.439347,1,1160071
80630961,0.44,0.439869,1,1160071
80632421,0.43,0.431974,1,1160101
80633881,0.44,0.438395,1,1160101
80635341,0.45,0.447679,1,1160127
80636801,0.46,0.457536,1,1160127
80638261,0.45,0.451507,1,1160145
80639721,0.46,0.458301,1,1160145
80641181,0.45,0.45166,1,1160181
80642641,0.46,0.458332,1,1160181
80644101,0.53,0.515666,1,1160253
80645561,0.54,0.535133,1,1160253
80647021,0.53,0.531027,1,1160273
80648481,0.54,0.538205,1,1160273
80649941,0.55,0.547641,1,1160302
80651401,0.56,0.557528,1,1160302
80652861,0.57,0.567506,1,1160334
80654321,0.58,0.577501,1,1160334
80655781,0.57,0.5715,1,1160346
80657241,0.58,0.5783,1,1160346
80658701,0.57,0.57166,1,1160401
80660161,0.58,0.578332,1,1160401
80661621,0.59,0.587666,1,1160427
80663081,0.6,0.597533,1,1160427
80664541,0.63,0.623507,1,1160451
80666001,0.64,0.636701,1,1160451
80667461,0.64,0.63934,1,1160451
80668921,0.73,0.711868,1,1160489
80670381,0.74,0.734374,1,1160489
80671841,0.75,0.746875,1,1160513
80673301,0.76,0.757375,2,1160513
80674761,0.79,0.783475,2,1160543
80676221,0.8,0.796695,2,1160543
80677681,0.81,0.807339,2,1160570
80679141,0.82,0.817468,2,1160570
80680601,0.81,0.811494,2,1160588
80682061,0.82,0.818299,2,1160588
80683521,0.81,0.81166,2,1160624
80684981,0.82,0.818332,2,1160624
80686441,0.81,0.811666,2,1160700
80687901,0.82,0.818333,2,1160700
80689361,0.83,0.827667,2,1160720
80690821,0.84,0.837533,2,1160720
80692281,0.83,0.831507,2,1160750
80693741,0.84,0.838301,2,1160750
80695201,0.85,0.84766,2,1160783
80696661,0.86,0.857532,2,1160783
80698121,0.85,0.851506,2,1160795
80699581,0.86,0.858301,2,1160795
80701041,0.87,0.86766,2,1160850
80702501,0.88,0.877532,2,1160850
80703961,0.89,0.887506,2,1160877
80705421,0.9,0.897501,2,1160877
80706881,0.93,0.9235,2,1160903
80708341,0.94,0.9367,2,1160903
80709801,0.93,0.93134,2,1160905
80711261,0.94,0.938268,2,1160905
80712721,0.93,0.931654,2,1160947
80714181,0.94,0.938331,2,1160947
80715641,0.93,0.931666,2,1160972
80717101,0.94,0.938333,2,1160972
80845581,0.92,0.92,2,1162373
80847041,0.93,0.928,2,1162373
80870401,0.89,0.89,2,1162630
80871861,0.9,0.898,2,1162630
80873321,0.93,0.9236,2,1162663
80874781,0.94,0.93672,2,1162663
80876241,0.81,0.835344,2,1162694
80877701,0.82,0.823069,2,1162694
80879161,0.79,0.796614,2,1162738
80880621,0.8,0.799323,2,1162738
80882081,0.77,0.775865,2,1162764
80883541,0.78,0.779173,2,1162764
80885001,0.75,0.755835,2,1162798
80886461,0.76,0.759167,2,1162798
80887921,0.71,0.719833,1,1162823
80889381,0.72,0.719967,1,1162823
80890841,0.73,0.727993,1,1162849
80892301,0.74,0.737599,1,1162849
80893761,0.75,0.74752,1,1162873
80895221,0.76,0.757504,2,1162873
80896681,0.71,0.719501,1,1162895
80898141,0.72,0.7199,1,1162895
80899601,0.73,0.72798,1,1162926
80901061,0.74,0.737596,1,1162926
80902521,0.79,0.779519,2,1162933
80903981,0.8,0.795904,2,1162933
80905441,0.77,0.775181,2,1162951
80906901,0.78,0.779036,2,1162951
80908361,0.73,0.739807,1,1162987
80909821,0.74,0.739961,1,1162987
80911281,0.69,0.699992,1,1163039
80912741,0.7,0.699998,1,1163039
80914201,0.73,0.724,1,1163065
80915661,0.74,0.7368,1,1163065
80917121,0.69,0.69936,1,1163096
80918581,0.7,0.699872,1,1163096
80920041,0.65,0.659974,1,1163131
80921501,0.66,0.659995,1,1163131
80922961,0.65,0.651999,1,1163156
80924421,0.66,0.6584,1,1163156
80925881,0.65,0.65168,1,1163199
80927341,0.66,0.658336,1,1163199
80928801,0.67,0.667667,1,1163224
80930261,0.68,0.677533,1,1163224
80931721,0.65,0.655507,1,1163257
80933181,0.66,0.659101,1,1163257
80934641,0.67,0.66782,1,1163280
80936101,0.68,0.677564,1,1163280
80937561,0.65,0.655513,1,1163307
80939021,0.66,0.659103,1,1163307
80940481,0.67,0.667821,1,1163332
80941941,0.68,0.677564,1,1163332
80943401,0.69,0.687513,1,1163352
80944861,0.7,0.697503,1,1163352
80946321,0.73,0.723501,1,1163384
80947781,0.74,0.7367,1,1163384
80949241,0.74,0.73934,1,1163384
80950701,0.75,0.747868,1,1163394
80952161,0.76,0.757574,2,1163394
80953621,0.77,0.767515,2,1163411
80955081,0.78,0.777503,2,1163411
80956541,0.77,0.771501,2,1163445
80958001,0.78,0.7783,2,1163445
80959461,0.83,0.81966,2,1163495
80960921,0.84,0.835932,2,1163495
80962381,0.81,0.815186,2,1163523
80963841,0.82,0.819037,2,1163523
80965301,0.83,0.827807,2,1163552
80966761,0.84,0.837562,2,1163552
80968221,0.81,0.815512,2,1163585
80969681,0.82,0.819102,2,1163585
80971141,0.87,0.85982,2,1163610
80972601,0.88,0.875964,2,1163610
80974061,0.87,0.871193,2,1163653
80975521,0.88,0.878239,2,1163653
80976981,0.89,0.887648,2,1163679
80978441,0.9,0.89753,2,1163679
80979901,0.91,0.907506,2,1163711
80981361,0.92,0.917501,2,1163711
80982821,0.91,0.9115,2,1163735
80984281,0.92,0.9183,2,1163735
80985741,0.91,0.91166,2,1163761
80987201,0.92,0.918332,2,1163761
80988661,0.87,0.879666,2,1163787
80990121,0.88,0.879933,2,1163787
80991581,0.85,0.855987,2,1163808
80993041,0.86,0.859197,2,1163808
80994501,0.87,0.867839,2,1163842
80995961,0.88,0.877568,2,1163842
80997421,0.87,0.871514,2,1163852
80998881,0.88,0.878303,2,1163852
81000341,0.87,0.871661,2,1163870
81001801,0.88,0.878332,2,1163870
81003261,0.89,0.887666,2,1163904
81004721,0.9,0.897533,2,1163904
81006181,0.89,0.891507,2,1163957
81007641,0.9,0.898301,2,1163957
81009101,0.87,0.87566,2,1163984
81010561,0.88,0.879132,2,1163984
81012021,0.87,0.871826,2,1164014
81013481,0.88,0.878365,2,1164014
81014941,0.89,0.887673,2,1164046
81016401,0.9,0.897535,2,1164046
81017861,0.85,0.859507,2,1164074
81019321,0.86,0.859901,2,1164074
81020781,0.83,0.83598,2,1164117
81022241,0.84,0.839196,2,1164117
81023701,0.87,0.863839,2,1164144
81025161,0.88,0.876768,2,1164144
81026621,0.85,0.855354,2,1164177
81028081,0.86,0.859071,2,1164177
81029541,0.85,0.851814,2,1164201
81031001,0.86,0.858363,2,1164201
81032461,0.85,0.851673,2,1164227
81033921,0.86,0.858335,2,1164227
81035381,0.85,0.851667,2,1164251
81036841,0.86,0.858333,2,1164251
81038301,0.85,0.851667,2,1164271
81039761,0.86,0.858333,2,1164271
81041221,0.89,0.883667,2,1164306
81042681,0.9,0.896733,2,1164306
81044141,0.89,0.891347,2,1164316
81045601,0.9,0.898269,2,1164316
81047061,0.91,0.907654,2,1164334
81048521,0.92,0.917531,2,1164334
81049981,0.92,0.919506,2,1164334
81051441,0.93,0.927901,2,1164369
81052901,0.94,0.93758,2,1164369
81187221,0.88,0.88,2,1165723
81188681,0.89,0.888,2,1165723
81190141,0.89,0.8896,2,1165752
81191601,0.9,0.89792,2,1165752
81193061,0.77,0.795584,2,1165776
81194521,0.78,0.783117,2,1165776
81195981,0.83,0.820623,2,1165789
81197441,0.84,0.836125,2,1165789
81198901,0.71,0.735225,1,1165823
81200361,0.72,0.723045,1,1165823
81201821,0.65,0.664609,1,1165850
81203281,0.66,0.660922,1,1165850
81204741,0.57,0.588184,1,1165879
81206201,0.58,0.581637,1,1165879
81207661,0.47,0.492327,1,1165918
81209121,0.48,0.482465,1,1165918
81210581,0.43,0.440493,1,1165953
81212041,0.44,0.440099,1,1165953
81213501,0.35,0.36802,1,1165979
81214961,0.36,0.361604,1,1165979
81216421,0.35,0.352321,1,1166009
81217881,0.36,0.358464,1,1166009
81219341,0.35,0.351693,1,1166040
81220801,0.36,0.358339,1,1166040
81222261,0.27,0.287668,1,1166063
81223721,0.28,0.281534,1,1166063
81225181,0.25,0.256307,1,1166096
81226641,0.26,0.259261,1,1166096
81228101,0.31,0.299852,1,1166114
81229561,0.32,0.31597,1,1166114
81231021,0.29,0.295194,1,1166134
81232481,0.3,0.299039,1,1166134
81233941,0.29,0.291808,1,1166157
81235401,0.3,0.298362,1,1166157
81236861,0.25,0.259672,1,1166192
81238321,0.26,0.259934,1,1166192
81239781,0.25,0.251987,1,1166217
81241241,0.26,0.258397,1,1166217
81242701,0.25,0.251679,1,1166235
81244161,0.26,0.258336,1,1166235
81245621,0.23,0.235667,1,1166251
81247081,0.24,0.239133,1,1166251
81248541,0.25,0.247827,1,1166279
81250001,0.26,0.257565,1,1166279
81251461,0.21,0.219513,1,1166303
81252921,0.22,0.219903,1,1166303
81254381,0.27,0.259981,1,1166328
81255841,0.28,0.275996,1,1166328
81257301,0.29,0.287199,1,1166362
81258761,0.3,0.29744,1,1166362
81260221,0.3,0.299488,1,1166362
81261681,0.37,0.355898,1,1166395
81263141,0.38,0.37518,1,1166395
81264601,0.39,0.387036,1,1166417
81266061,0.4,0.397407,1,1166417
81267521,0.39,0.391481,1,1166447
81268981,0.4,0.398296,1,1166447
81270441,0.41,0.407659,1,1166478
81271901,0.42,0.417532,1,1166478
81273361,0.43,0.427506,1,1166497
81274821,0.44,0.437501,1,1166497
81276281,0.47,0.4635,1,1166529
81277741,0.48,0.4767,1,1166529
81279201,0.49,0.48734,1,1166550
81280661,0.5,0.497468,1,1166550
81282121,0.51,0.507494,1,1166569
81283581,0.52,0.517499,1,1166569
81285041,0.49,0.4955,1,1166592
81286501,0.5,0.4991,1,1166592
81287961,0.51,0.50782,1,1166625
81289421,0.52,0.517564,1,1166625
81290881,0.53,0.527513,1,1166650
81292341,0.54,0.537503,1,1166650
81293801,0.49,0.499501,1,1166668
81295261,0.5,0.4999,1,1166668
81296721,0.51,0.50798,1,1166683
81298181,0.52,0.517596,1,1166683
81299641,0.55,0.543519,1,1166712
81301101,0.56,0.556704,1,1166712
81302561,0.55,0.551341,1,1166734
81304021,0.56,0.558268,1,1166734
81305481,0.65,0.631654,1,1166762
81306941,0.66,0.654331,1,1166762
81308401,0.65,0.650866,1,1166797
81309861,0.66,0.658173,1,1166797
81311321,0.65,0.651635,1,1166799
81312781,0.66,0.658327,1,1166799
81314241,0.71,0.699665,1,1166835
81315701,0.72,0.715933,1,1166835
81317161,0.69,0.695187,1,1166858
81318621,0.7,0.699037,1,1166858
81320081,0.71,0.707807,1,1166888
81321541,0.72,0.717562,1,1166888
81323001,0.73,0.727512,1,1166920
81324461,0.74,0.737502,1,1166920
81325921,0.69,0.6995,1,1166940
81327381,0.7,0.6999,1,1166940
81328841,0.75,0.73998,1,1166974
81330301,0.76,0.755996,2,1166974
81331761,0.75,0.751199,2,1166996
81333221,0.76,0.75824,2,1166996
81334681,0.75,0.751648,2,1167016
81336141,0.76,0.75833,2,1167016
81337601,0.75,0.751666,2,1167038
81339061,0.76,0.758333,2,1167038
81340521,0.75,0.751667,2,1167072
81341981,0.76,0.758333,2,1167072
81343441,0.77,0.767667,2,1167098
81344901,0.78,0.777533,2,1167098
81346361,0.77,0.771507,2,1167114
81347821,0.78,0.778301,2,1167114
81349281,0.77,0.77166,2,1167130
81350741,0.78,0.778332,2,1167130
81352201,0.79,0.787666,2,1167161
81353661,0.8,0.797533,2,1167161
81355121,0.83,0.823507,2,1167183
81356581,0.84,0.836701,2,1167183
81358041,0.85,0.84734,2,1167216
81359501,0.86,0.857468,2,1167216
81360961,0.87,0.867494,2,1167251
81362421,0.88,0.877499,2,1167251
81363881,0.87,0.8715,2,1167253
81365341,0.88,0.8783,2,1167253
81366801,0.89,0.88766,2,1167292
81368261,0.9,0.897532,2,1167292
81369721,0.9,0.899506,2,1167292
81371181,0.95,0.939901,2,1167314
81374101,0.93,0.93,2,1167345
81375561,0.94,0.938,2,1167345
81377021,0.91,0.9156,2,1167378
81378481,0.92,0.91912,2,1167378
81379941,0.91,0.911824,2,1167396
81381401,0.92,0.918365,2,1167396
81382861,0.95,0.943673,2,1167433
81385781,0.95,0.95,2,1167455
81388701,0.95,0.95,2,1167475
81414981,0.95,0.95,2,1167716
81417901,0.95,0.95,2,1167718
81549301,0.85,0.85,2,1169436
81593101,0.77,0.786,2,1169472
81594561,0.77,0.7732,2,1169507
81596021,0.75,0.75464,2,1169528
81597481,0.71,0.718928,1,1169555
81598941,0.61,0.631786,1,1169599
81600401,0.55,0.566357,1,1169613
81601861,0.41,0.441271,1,1169624
81603321,0.33,0.352254,1,1169673
81604781,0.29,0.302451,1,1169691
81606241,0.29,0.29249,1,1169706
81607701,0.31,0.306498,1,1169723
81609161,0.23,0.2453,1,1169737
81610621,0.29,0.28106,1,1169745
81612081,0.27,0.272212,1,1169757
81613541,0.29,0.286442,1,1169801
81615001,0.13,0.161288,1,1169839
81616461,0.17,0.168258,1,1169867
81617921,0.17,0.169652,1,1169899
81619381,0.07,0.0899303,1,1169966
81620841,0.08,0.0819861,1,1169966
81622301,0.07,0.0723972,1,1170011
81623761,0.08,0.0784794,1,1170011
81625221,0.09,0.0876959,1,1170061
81626681,0.1,0.0975392,1,1170061
81628141,0.07,0.0755078,1,1170110
81629601,0.08,0.0791016,1,1170110
81631061,0.09,0.0878203,1,1170141
81632521,0.1,0.0975641,1,1170141
81633981,0.11,0.107513,1,1170169
81635441,0.12,0.117503,1,1170169
81636901,0.07,0.0795005,1,1170191
81638361,0.08,0.0799001,1,1170191
81639821,0.07,0.07198,1,1170266
81641281,0.08,0.078396,1,1170266
81642741,0.11,0.103679,1,1170328
81644201,0.12,0.116736,1,1170328
81645661,0.17,0.159347,1,1170391
81647121,0.18,0.175869,1,1170391
81648581,0.21,0.203174,1,1170436
81650041,0.22,0.216635,1,1170436
81651501,0.23,0.227327,1,1170487
81652961,0.24,0.237465,1,1170487
81654421,0.23,0.231493,1,1170535
81655881,0.24,0.238299,1,1170535
81657341,0.27,0.26366,1,1170567
81658801,0.28,0.276732,1,1170567
81660261,0.29,0.287346,1,1170596
81661721,0.3,0.297469,1,1170596
81663181,0.33,0.323494,1,1170616
81664641,0.34,0.336699,1,1170616
81666101,0.39,0.37934,1,1170691
81667561,0.4,0.395868,1,1170691
81669021,0.41,0.407174,1,1170755
81670481,0.42,0.417435,1,1170755
81671941,0.42,0.419487,1,1170755
81673401,0.47,0.459897,1,1170821
81674861,0.48,0.475979,1,1170821
81676321,0.51,0.503196,1,1170868
81677781,0.52,0.516639,1,1170868
81679241,0.51,0.511328,1,1170920
81680701,0.52,0.518266,1,1170920
81682161,0.51,0.511653,1,1170968
81683621,0.52,0.518331,1,1170968
81685081,0.53,0.527666,1,1171002
81686541,0.54,0.537533,1,1171002
81688001,0.53,0.531507,1,1171032
81689461,0.54,0.538301,1,1171032
81690921,0.59,0.57966,1,1171054
81692381,0.6,0.595932,1,1171054
81693841,0.63,0.623186,1,1171132
81695301,0.64,0.636637,1,1171132
81696761,0.67,0.663327,1,1171197
81698221,0.68,0.676666,1,1171197
81699681,0.69,0.687333,1,1171265
81701141,0.7,0.697467,1,1171265
81702601,0.67,0.675493,1,1171314
81704061,0.68,0.679099,1,1171314
81705521,0.69,0.68782,1,1171366
81706981,0.7,0.697564,1,1171366
81708441,0.71,0.707513,1,1171414
81709901,0.72,0.717503,1,1171414
81711361,0.73,0.727501,1,1171449
81712821,0.74,0.7375,1,1171449
81714281,0.75,0.7475,1,1171479
81715741,0.76,0.7575,2,1171479
81717201,0.73,0.7355,1,1171504
81718661,0.74,0.7391,1,1171504
81720121,0.81,0.79582,2,1171584
81721581,0.82,0.815164,2,1171584
81723041,0.75,0.763033,2,1171651
81724501,0.76,0.760607,2,1171651
81725961,0.81,0.800121,2,1171720
81727421,0.82,0.816024,2,1171720
81728881,0.81,0.811205,2,1171768
81730341,0.82,0.818241,2,1171768
81731801,0.82,0.819648,2,1171768
81733261,0.83,0.82793,2,1171821
81734721,0.84,0.837586,2,1171821
81736181,0.87,0.863517,2,1171870
81737641,0.88,0.876703,2,1171870
81739101,0.87,0.871341,2,1171906
81740561,0.88,0.878268,2,1171906
81742021,0.85,0.855654,2,1171937
81743481,0.86,0.859131,2,1171937
81744941,0.87,0.867826,2,1171961
81746401,0.88,0.877565,2,1171961
81747861,0.81,0.823513,2,1172045
81749321,0.82,0.820703,2,1172045
81750781,0.81,0.812141,2,1172109
81752241,0.82,0.818428,2,1172109
81753701,0.85,0.843686,2,1172181
81755161,0.86,0.856737,2,1172181
81756621,0.89,0.883347,2,1172229
81758081,0.9,0.896669,2,1172229
81759541,0.89,0.891334,2,1172231
81761001,0.9,0.898267,2,1172231
81762461,0.91,0.907653,2,1172284
81763921,0.92,0.917531,2,1172284
81765381,0.95,0.943506,2,1172335
81768301,0.95,0.95,2,1172371
81858821,0.93,0.93,2,1173785
81860281,0.94,0.938,2,1173785
81867581,0.75,0.75,2,1173929
81869041,0.76,0.758,2,1173929
81870501,0.59,0.6236,1,1173990
81871961,0.6,0.60472,1,1173990
81873421,0.43,0.464944,1,1174061
81874881,0.44,0.444989,1,1174061
81876341,0.35,0.368998,1,1174117
81877801,0.36,0.3618,1,1174117
81879261,0.29,0.30436,1,1174149
81880721,0.3,0.300872,1,1174149
81882181,0.37,0.356174,1,1174176
81883641,0.38,0.375235,1,1174176
81885101,0.33,0.339047,1,1174211
81886561,0.34,0.339809,1,1174211
81888021,0.25,0.267962,1,1174234
81889481,0.26,0.261592,1,1174234
81890941,0.13,0.156318,1,1174259
81892401,0.14,0.143264,1,1174259
81893861,0.19,0.180653,1,1174289
81895321,0.2,0.196131,1,1174289
81896781,0.17,0.175226,1,1174318
81898241,0.18,0.179045,1,1174318
81899701,0.21,0.203809,1,1174388
81901161,0.22,0.216762,1,1174388
81902621,0.23,0.227352,1,1174441
81904081,0.24,0.23747,1,1174441
81905541,0.31,0.295494,1,1174504
81907001,0.32,0.315099,1,1174504
81908461,0.33,0.32702,1,1174556
81909921,0.34,0.337404,1,1174556
81911381,0.35,0.347481,1,1174585
81912841,0.36,0.357496,1,1174585
81914301,0.35,0.351499,1,1174616
81915761,0.36,0.3583,1,1174616
81917221,0.43,0.41566,1,1174649
81918681,0.44,0.435132,1,1174649
81920141,0.41,0.415026,1,1174668
81921601,0.42,0.419005,1,1174668
81923061,0.45,0.443801,1,1174687
81924521,0.46,0.45676,1,1174687
81925981,0.46,0.459352,1,1174687
81927441,0.51,0.49987,1,1174720
81928901,0.52,0.515974,1,1174720
81930361,0.51,0.511195,1,1174748
81931821,0.52,0.518239,1,1174748
81933281,0.53,0.527648,1,1174820
81934741,0.54,0.53753,1,1174820
81936201,0.53,0.531506,1,1174874
81937661,0.54,0.538301,1,1174874
81939121,0.57,0.56366,1,1174941
81940581,0.58,0.576732,1,1174941
81942041,0.61,0.603346,1,1174994
81943501,0.62,0.616669,1,1174994
81944961,0.65,0.643334,1,1175024
81946421,0.66,0.656667,1,1175024
81947881,0.67,0.667333,1,1175055
81949341,0.68,0.677467,1,1175055
81950801,0.65,0.655493,1,1175092
81952261,0.66,0.659099,1,1175092
81953721,0.65,0.65182,1,1175110
81955181,0.66,0.658364,1,1175110
81956641,0.67,0.667673,1,1175131
81958101,0.68,0.677535,1,1175131
81959561,0.69,0.687507,1,1175166
81961021,0.7,0.697501,1,1175166
81962481,0.71,0.7075,1,1175194
81963941,0.72,0.7175,1,1175194
81965401,0.73,0.7275,1,1175267
81966861,0.74,0.7375,1,1175267
81968321,0.75,0.7475,1,1175321
81969781,0.76,0.7575,2,1175321
81971241,0.75,0.7515,2,1175390
81972701,0.76,0.7583,2,1175390
81974161,0.75,0.75166,2,1175445
81975621,0.76,0.758332,2,1175445
81977081,0.79,0.783666,2,1175477
81978541,0.8,0.796733,2,1175477
81980001,0.83,0.823347,2,1175509
81981461,0.84,0.836669,2,1175509
81982921,0.85,0.847334,2,1175545
81984381,0.86,0.857467,2,1175545
81985841,0.85,0.851493,2,1175563
81987301,0.86,0.858299,2,1175563
81988761,0.85,0.85166,2,1175585
81990221,0.86,0.858332,2,1175585
81991681,0.87,0.867666,2,1175621
81993141,0.88,0.877533,2,1175621
81994601,0.88,0.879507,2,1175621
81996061,0.87,0.871901,2,1175650
81997521,0.88,0.87838,2,1175650
81998981,0.93,0.919676,2,1175724
82000441,0.94,0.935935,2,1175724
82013581,0.94,0.94,2,1175971
82015041,0.95,0.948,2,1175971
82016501,0.93,0.9336,2,1176008
82017961,0.94,0.93872,2,1176008
82019421,0.93,0.931744,2,1176026
82020881,0.94,0.938349,2,1176026
82022341,0.93,0.93167,2,1176048
82023801,0.94,0.938334,2,1176048
82025261,0.95,0.947667,2,1176085
82028181,0.95,0.95,2,1176087
82031101,0.95,0.95,2,1176115
82034021,0.93,0.93,2,1176192
82035481,0.94,0.938,2,1176192
82140601,0.94,0.94,2,1177600
82142061,0.95,0.948,2,1177600
82143521,0.89,0.9016,2,1177664
82144981,0.9,0.90032,2,1177664
82146441,0.9,0.900064,2,1177664
82147901,0.83,0.844013,2,1177724
82149361,0.84,0.840803,2,1177724
82150821,0.73,0.752161,2,1177798
82152281,0.74,0.742432,1,1177798
82153741,0.65,0.668486,1,1177827
82155201,0.66,0.661697,1,1177827
82156661,0.59,0.604339,1,1177869
82158121,0.6,0.600868,1,1177869
82159581,0.59,0.592174,1,1177904
82161041,0.6,0.598435,1,1177904
82162501,0.51,0.527687,1,1177938
82163961,0.52,0.521537,1,1177938
82165421,0.55,0.544307,1,1177980
82166881,0.56,0.556861,1,1177980
82168341,0.41,0.439372,1,1178002
82169801,0.42,0.423874,1,1178002
82171261,0.45,0.444775,1,1178018
82172721,0.46,0.456955,1,1178018
82174181,0.43,0.435391,1,1178040
82175641,0.44,0.439078,1,1178040
82177101,0.39,0.399816,1,1178071
82178561,0.4,0.399963,1,1178071
82180021,0.35,0.359993,1,1178129
82181481,0.36,0.359999,1,1178129
82182941,0.35,0.352,1,1178131
82184401,0.36,0.3584,1,1178131
82185861,0.35,0.35168,1,1178187
82187321,0.36,0.358336,1,1178187
82188781,0.33,0.335667,1,1178256
82190241,0.34,0.339133,1,1178256
82191701,0.37,0.363827,1,1178281
82193161,0.38,0.376765,1,1178281
82194621,0.37,0.371353,1,1178320
82196081,0.38,0.378271,1,1178320
82197541,0.35,0.355654,1,1178355
82199001,0.36,0.359131,1,1178355
82200461,0.39,0.383826,1,1178385
82201921,0.4,0.396765,1,1178385
82203381,0.43,0.423353,1,1178429
82204841,0.44,0.436671,1,1178429
82206301,0.41,0.415334,1,1178444
82207761,0.42,0.419067,1,1178444
82209221,0.49,0.475813,1,1178462
82210681,0.5,0.495163,1,1178462
82212141,0.51,0.507033,1,1178483
82213601,0.52,0.517407,1,1178483
82215061,0.53,0.527481,1,1178512
82216521,0.54,0.537496,1,1178512
82217981,0.53,0.531499,1,1178568
82219441,0.54,0.5383,1,1178568
82220901,0.53,0.53166,1,1178570
82222361,0.54,0.538332,1,1178570
82223821,0.54,0.539666,1,1178570
82225281,0.57,0.563933,1,1178626
82226741,0.58,0.576787,1,1178626
82228201,0.57,0.571357,1,1178694
82229661,0.58,0.578271,1,1178694
82231121,0.65,0.635654,1,1178721
82232581,0.66,0.655131,1,1178721
82234041,0.65,0.651026,1,1178760
82235501,0.66,0.658205,1,1178760
82236961,0.67,0.667641,1,1178794
82238421,0.68,0.677528,1,1178794
82239881,0.67,0.671506,1,1178826
82241341,0.68,0.678301,1,1178826
82242801,0.73,0.71966,1,1178872
82244261,0.74,0.735932,1,1178872
82245721,0.73,0.731186,1,1178886
82247181,0.74,0.738237,1,1178886
82248641,0.79,0.779647,2,1178908
82250101,0.8,0.795929,2,1178908
82251561,0.79,0.791186,2,1178930
82253021,0.8,0.798237,2,1178930
82254481,0.83,0.823647,2,1178960
82255941,0.84,0.83673,2,1178960
82257401,0.83,0.831346,2,1179016
82258861,0.84,0.838269,2,1179016
82260321,0.83,0.831654,2,1179018
82261781,0.84,0.838331,2,1179018
82263241,0.81,0.815666,2,1179075
82264701,0.82,0.819133,2,1179075
82266161,0.81,0.811827,2,1179143
82267621,0.82,0.818365,2,1179143
82269081,0.85,0.843673,2,1179174
82270541,0.86,0.856735,2,1179174
82272001,0.87,0.867347,2,1179213
82273461,0.88,0.877469,2,1179213
82274921,0.91,0.903494,2,1179248
82276381,0.92,0.916699,2,1179248
82277841,0.93,0.92734,2,1179280
82279301,0.94,0.937468,2,1179280
82280761,0.93,0.931494,2,1179329
82282221,0.94,0.938299,2,1179329
82283681,0.93,0.93166,2,1179343
82285141,0.94,0.938332,2,1179343
82286601,0.91,0.915666,2,1179368
82288061,0.92,0.919133,2,1179368
82289521,0.93,0.927827,2,1179390
82290981,0.94,0.937565,2,1179390
82476401,0.83,0.83,2,1181617
82477861,0.84,0.838,2,1181617
82479321,0.75,0.7676,2,1181655
82480781,0.76,0.76152,2,1181655
82482241,0.76,0.760304,2,1181655
82483701,0.71,0.720061,1,1181685
82485161,0.72,0.720012,1,1181685
82486621,0.63,0.648002,1,1181726
82488081,0.64,0.6416,1,1181726
82489541,0.57,0.58432,1,1181749
82491001,0.58,0.580864,1,1181749
82492461,0.49,0.508173,1,1181782
82493921,0.5,0.501635,1,1181782
82495381,0.41,0.428327,1,1181822
82496841,0.42,0.421665,1,1181822
82498301,0.35,0.364333,1,1181848
82499761,0.36,0.360867,1,1181848
82501221,0.33,0.336173,1,1181873
82502681,0.34,0.339235,1,1181873
82504141,0.29,0.299847,1,1181897
82505601,0.3,0.299969,1,1181897
82507061,0.25,0.259994,1,1181936
82508521,0.26,0.259999,1,1181936
82509981,0.21,0.22,1,1181979
82511441,0.22,0.22,1,1181979
82512901,0.19,0.196,1,1182018
82514361,0.2,0.1992,1,1182018
82515821,0.19,0.19184,1,1182054
82517281,0.2,0.198368,1,1182054
82518741,0.15,0.159674,1,1182079
82520201,0.16,0.159935,1,1182079
82521661,0.15,0.151987,1,1182113
82523121,0.16,0.158397,1,1182113
82524581,0.15,0.151679,1,1182115
82526041,0.16,0.158336,1,1182115
82527501,0.17,0.167667,1,1182142
82528961,0.18,0.177533,1,1182142
82530421,0.15,0.155507,1,1182179
82531881,0.16,0.159101,1,1182179
82533341,0.15,0.15182,1,1182199
82534801,0.16,0.158364,1,1182199
82536261,0.13,0.135673,1,1182228
82537721,0.14,0.139135,1,1182228
82539181,0.17,0.163827,1,1182264
82540641,0.18,0.176765,1,1182264
82542101,0.15,0.155353,1,1182287
82543561,0.16,0.159071,1,1182287
82545021,0.15,0.151814,1,1182311
82546481,0.16,0.158363,1,1182311
82547941,0.11,0.119673,1,1182333
82549401,0.12,0.119935,1,1182333
82550861,0.19,0.175987,1,1182370
82552321,0.2,0.195197,1,1182370
82553781,0.23,0.223039,1,1182411
82555241,0.24,0.236608,1,1182411
82556701,0.25,0.247322,1,1182449
82558161,0.26,0.257464,1,1182449
82559621,0.27,0.267493,1,1182485
82561081,0.28,0.277499,1,1182485
82562541,0.31,0.3035,1,1182508
82564001,0.32,0.3167,1,1182508
82565461,0.31,0.31134,1,1182542
82566921,0.32,0.318268,1,1182542
82568381,0.31,0.311654,1,1182544
82569841,0.32,0.318331,1,1182544
82571301,0.33,0.327666,1,1182572
82572761,0.34,0.337533,1,1182572
82574221,0.34,0.339507,1,1182572
82575681,0.37,0.363901,1,1182608
82577141,0.38,0.37678,1,1182608
82578601,0.39,0.387356,1,1182628
82580061,0.4,0.397471,1,1182628
82581521,0.39,0.391494,1,1182656
82582981,0.4,0.398299,1,1182656
82584441,0.39,0.39166,1,1182694
82585901,0.4,0.398332,1,1182694
82587361,0.39,0.391666,1,1182716
82588821,0.4,0.398333,1,1182716
82590281,0.39,0.391667,1,1182740
82591741,0.4,0.398333,1,1182740
82593201,0.39,0.391667,1,1182760
82594661,0.4,0.398333,1,1182760
82596121,0.43,0.423667,1,1182801
82597581,0.44,0.436733,1,1182801
82599041,0.51,0.495347,1,1182844
82600501,0.52,0.515069,1,1182844
82601961,0.55,0.543014,1,1182883
82603421,0.56,0.556603,1,1182883
82604881,0.57,0.567321,1,1182920
82606341,0.58,0.577464,1,1182920
82607801,0.55,0.555493,1,1182945
82609261,0.56,0.559099,1,1182945
82610721,0.55,0.55182,1,1182979
82612181,0.56,0.558364,1,1182979
82613641,0.55,0.551673,1,1182981
82615101,0.56,0.558335,1,1182981
82616561,0.53,0.535667,1,1183010
82618021,0.54,0.539133,1,1183010
82619481,0.55,0.547827,1,1183047
82620941,0.56,0.557565,1,1183047
82622401,0.53,0.535513,1,1183068
82623861,0.54,0.539103,1,1183068
82625321,0.53,0.531821,1,1183096
82626781,0.54,0.538364,1,1183096
82628241,0.53,0.531673,1,1183134
82629701,0.54,0.538335,1,1183134
82631161,0.57,0.563667,1,1183156
82632621,0.58,0.576733,1,1183156
82634081,0.57,0.571347,1,1183180
82635541,0.58,0.578269,1,1183180
82637001,0.57,0.571654,1,1183200
82638461,0.58,0.578331,1,1183200
82639921,0.63,0.619666,1,1183243
82641381,0.64,0.635933,1,1183243
82642841,0.65,0.647187,1,1183290
82644301,0.66,0.657437,1,1183290
82645761,0.71,0.699487,1,1183331
82647221,0.72,0.715898,1,1183331
82648681,0.71,0.711179,1,1183369
82650141,0.72,0.718236,1,1183369
82651601,0.71,0.711647,1,1183393
82653061,0.72,0.718329,1,1183393
82654521,0.73,0.727666,1,1183427
82655981,0.74,0.737533,1,1183427
82657441,0.73,0.731507,1,1183429
82658901,0.74,0.738301,1,1183429
82660361,0.77,0.76366,2,1183457
82661821,0.78,0.776732,2,1183457
82663281,0.77,0.771346,2,1183495
82664741,0.78,0.778269,2,1183495
82666201,0.78,0.779654,2,1183495
82667661,0.79,0.787931,2,1183515
82669121,0.8,0.797586,2,1183515
82670581,0.83,0.823517,2,1183543
82672041,0.84,0.836703,2,1183543
82673501,0.85,0.847341,2,1183581
82674961,0.86,0.857468,2,1183581
82676421,0.85,0.851494,2,1183605
82677881,0.86,0.858299,2,1183605
82679341,0.85,0.85166,2,1183629
82680801,0.86,0.858332,2,1183629
82682261,0.85,0.851666,2,1183649
82683721,0.86,0.858333,2,1183649
82685181,0.87,0.867667,2,1183695
82686641,0.88,0.877533,2,1183695
82688101,0.87,0.871507,2,1183743
82689561,0.88,0.878301,2,1183743
82691021,0.89,0.88766,2,1183787
82692481,0.9,0.897532,2,1183787
82693941,0.89,0.891506,2,1183825
82695401,0.9,0.898301,2,1183825
82696861,0.91,0.90766,2,1183849
82698321,0.92,0.917532,2,1183849
82699781,0.95,0.943506,2,1183884
82702701,0.95,0.95,2,1183886
82705621,0.95,0.95,2,1183916
82737741,0.93,0.93,2,1184253
82739201,0.94,0.938,2,1184253
82864761,0.87,0.87,2,1185672
82866221,0.73,0.758,2,1185715
82867681,0.71,0.7196,1,1185774
82869141,0.63,0.64792,1,1185812
82870601,0.53,0.553584,1,1185846
82872061,0.49,0.502717,1,1185871
82873521,0.33,0.364543,1,1185913
82874981,0.33,0.336909,1,1185930
82876441,0.25,0.267382,1,1185942
82877901,0.27,0.269476,1,1185949
82879361,0.27,0.269895,1,1185967
82880821,0.33,0.317979,1,1185987
82882281,0.27,0.279596,1,1186023
82883741,0.21,0.223919,1,1186061
82885201,0.17,0.180784,1,1186136
82886661,0.18,0.180157,1,1186136
82888121,0.09,0.108031,1,1186230
82889581,0.1,0.101606,1,1186230
82891041,0.11,0.108321,1,1186293
82892501,0.12,0.117664,1,1186293
82893961,0.13,0.127533,1,1186350
82895421,0.14,0.137507,1,1186350
82896881,0.13,0.131501,1,1186375
82898341,0.14,0.1383,1,1186375
82899801,0.17,0.16366,1,1186401
82901261,0.18,0.176732,1,1186401
82902721,0.19,0.187346,1,1186457
82904181,0.2,0.197469,1,1186457
82905641,0.2,0.199494,1,1186457
82907101,0.25,0.239899,1,1186565
82908561,0.26,0.25598,1,1186565
82910021,0.25,0.251196,1,1186655
82911481,0.26,0.258239,1,1186655
82912941,0.37,0.347648,1,1186719
82914401,0.38,0.37353,1,1186719
82915861,0.41,0.402706,1,1186777
82917321,0.42,0.416541,1,1186777
82918781,0.43,0.427308,1,1186802
82920241,0.44,0.437462,1,1186802
82921701,0.43,0.431492,1,1186830
82923161,0.44,0.438298,1,1186830
82924621,0.41,0.41566,1,1186887
82926081,0.42,0.419132,1,1186887
82927541,0.41,0.411826,1,1186889
82929001,0.42,0.418365,1,1186889
82930461,0.43,0.427673,1,1186999
82931921,0.44,0.437535,1,1186999
82933381,0.47,0.463507,1,1187089
82934841,0.48,0.476701,1,1187089
82936301,0.49,0.48734,1,1187159
82937761,0.5,0.497468,1,1187159
82939221,0.51,0.507494,1,1187219
82940681,0.52,0.517499,1,1187219
82942141,0.51,0.5115,1,1187245
82943601,0.52,0.5183,1,1187245
82945061,0.53,0.52766,1,1187273
82946521,0.54,0.537532,1,1187273
82947981,0.53,0.531506,1,1187329
82949441,0.54,0.538301,1,1187329
82950901,0.53,0.53166,1,1187331
82952361,0.54,0.538332,1,1187331
82953821,0.61,0.595666,1,1187442
82955281,0.62,0.615133,1,1187442
82956741,0.62,0.619027,1,1187442
82958201,0.63,0.627805,1,1187534
82959661,0.64,0.637561,1,1187534
82961121,0.65,0.647512,1,1187605
82962581,0.66,0.657502,1,1187605
82964041,0.73,0.7155,1,1187666
82965501,0.74,0.7351,1,1187666
82966961,0.73,0.73102,1,1187692
82968421,0.74,0.738204,1,1187692
82969881,0.73,0.731641,1,1187721
82971341,0.74,0.738328,1,1187721
82972801,0.73,0.731666,1,1187777
82974261,0.74,0.738333,1,1187777
82975721,0.73,0.731667,1,1187779
82977181,0.74,0.738333,1,1187779
82978641,0.83,0.811667,2,1187894
82980101,0.84,0.834333,2,1187894
82981561,0.85,0.846867,2,1187986
82983021,0.86,0.857373,2,1187986
82984481,0.89,0.883475,2,1188058
82985941,0.9,0.896695,2,1188058
82987401,0.89,0.891339,2,1188123
82988861,0.9,0.898268,2,1188123
82990321,0.91,0.907654,2,1188149
82991781,0.92,0.917531,2,1188149
82993241,0.93,0.927506,2,1188178
82994701,0.94,0.937501,2,1188178
82996161,0.95,0.9475,2,1188234
82999081,0.95,0.95,2,1188236
83075001,0.94,0.94,2,1189673
83076461,0.95,0.948,2,1189673
83080841,0.82,0.82,2,1189798
83082301,0.83,0.828,2,1189798
83083761,0.73,0.7496,1,1189891
83085221,0.74,0.74192,1,1189891
83086681,0.61,0.636384,1,1189953
83088141,0.62,0.623277,1,1189953
83089601,0.67,0.660655,1,1189982
83091061,0.68,0.676131,1,1189982
83092521,0.59,0.607226,1,1190022
83093981,0.6,0.601445,1,1190022
83095441,0.61,0.608289,1,1190051
83096901,0.62,0.617658,1,1190051
83098361,0.59,0.595532,1,1190081
83099821,0.6,0.599106,1,1190081
83101281,0.55,0.559821,1,1190148
83102741,0.56,0.559964,1,1190148
83104201,0.57,0.567993,1,1190176
83105661,0.58,0.577599,1,1190176
83107121,0.63,0.61952,1,1190260
83108581,0.64,0.635904,1,1190260
83110041,0.67,0.663181,1,1190348
83111501,0.68,0.676636,1,1190348
83112961,0.69,0.687327,1,1190404
83114421,0.7,0.697465,1,1190404
83115881,0.65,0.659493,1,1190436
83117341,0.66,0.659899,1,1190436
83118801,0.67,0.66798,1,1190472
83120261,0.68,0.677596,1,1190472
83121721,0.71,0.703519,1,1190502
83123181,0.72,0.716704,1,1190502
83124641,0.72,0.719341,1,1190502
83126101,0.75,0.743868,1,1190531
83127561,0.76,0.756774,2,1190531
83129021,0.75,0.751355,2,1190596
83130481,0.76,0.758271,2,1190596
83131941,0.81,0.799654,2,1190625
83133401,0.82,0.815931,2,1190625
83134861,0.87,0.859186,2,1190712
83136321,0.88,0.875837,2,1190712
83137781,0.89,0.887167,2,1190802
83139241,0.9,0.897433,2,1190802
83140701,0.91,0.907487,2,1190859
83142161,0.92,0.917497,2,1190859
83143621,0.91,0.911499,2,1190889
83145081,0.92,0.9183,2,1190889
83146541,0.93,0.92766,2,1190926
83148001,0.94,0.937532,2,1190926
83149461,0.95,0.947506,2,1190958
83152381,0.95,0.95,2,1190960
83263341,0.92,0.92,2,1192782
83264801,0.93,0.928,2,1192782
83272101,0.83,0.83,2,1192882
83273561,0.84,0.838,2,1192882
83275021,0.71,0.7356,1,1192909
83276481,0.72,0.72312,1,1192909
83277941,0.69,0.696624,1,1192948
83279401,0.7,0.699325,1,1192948
83280861,0.65,0.659865,1,1192972
83282321,0.66,0.659973,1,1192972
83283781,0.59,0.603995,1,1193000
83285241,0.6,0.600799,1,1193000
83286701,0.35,0.40016,1,1193078
83288161,0.36,0.368032,1,1193078
83289621,0.03,0.0976064,1,1193184
83291081,0.04,0.0515213,1,1193184
83292541,0.03,0.0343043,1,1193228
83294001,0.04,0.0388609,1,1193228
83295461,0.05,0.0477722,1,1193256
83296921,0.06,0.0575544,1,1193256
83298381,0.01,0.0195109,1,1193291
83299841,0.02,0.0199022,1,1193291
83301301,0.01,0.0119804,1,1193318
83302761,0.02,0.0183961,1,1193318
83304221,0.05,0.0436792,1,1193345
83305681,0.06,0.0567358,1,1193345
83307141,0.05,0.0513472,1,1193366
83308601,0.06,0.0582694,1,1193366
83310061,0.01,0.0196539,1,1193404
83311521,0.02,0.0199308,1,1193404
83312981,0.05,0.0439862,1,1193426
83314441,0.06,0.0567972,1,1193426
83315901,0.01,0.0193594,1,1193451
83317361,0.02,0.0198719,1,1193451
83318821,0.02,0.0199744,1,1193451
83320281,0.03,0.0279949,1,1193517
83321741,0.04,0.037599,1,1193517
83323201,0.07,0.0635198,1,1193607
83324661,0.08,0.076704,1,1193607
83326121,0.03,0.0393408,1,1193651
83327581,0.04,0.0398682,1,1193651
83329041,0.07,0.0639736,1,1193680
83330501,0.08,0.0767947,1,1193680
83331961,0.01,0.0233589,1,1193713
83333421,0.02,0.0206718,1,1193713
83334881,0.07,0.0601344,1,1193740
83336341,0.08,0.0760269,1,1193740
83337801,0.01,0.0232054,1,1193769
83339261,0.02,0.0206411,1,1193769
83340721,0.03,0.0281282,1,1193790
83342181,0.04,0.0376256,1,1193790
83343641,0.03,0.0315251,1,1193826
83345101,0.04,0.038305,1,1193826
83346561,0.03,0.031661,1,1193850
83348021,0.04,0.0383322,1,1193850
83349481,0.01,0.0156664,1,1193873
83350941,0.02,0.0191333,1,1193873
83352401,0.17,0.139827,1,1193939
83353861,0.18,0.171965,1,1193939
83355321,0.13,0.138393,1,1194031
83356781,0.14,0.139679,1,1194031
83358241,0.09,0.0999357,1,1194073
83359701,0.1,0.0999871,1,1194073
83361161,0.11,0.107997,1,1194104
83362621,0.12,0.117599,1,1194104
83364081,0.11,0.11152,1,1194134
83365541,0.12,0.118304,1,1194134
83367001,0.07,0.0796608,1,1194164
83368461,0.08,0.0799322,1,1194164
83369921,0.03,0.0399864,1,1194190
83371381,0.04,0.0399973,1,1194190
83372841,0.05,0.0479995,1,1194212
83374301,0.06,0.0575999,1,1194212
83375761,0.13,0.11552,1,1194248
83377221,0.14,0.135104,1,1194248
83378681,0.13,0.131021,1,1194272
83380141,0.14,0.138204,1,1194272
83381601,0.15,0.147641,1,1194294
83383061,0.16,0.157528,1,1194294
83384521,0.15,0.151506,1,1194368
83385981,0.16,0.158301,1,1194368
83387441,0.16,0.15966,1,1194368
83388901,0.19,0.183932,1,1194458
83390361,0.2,0.196786,1,1194458
83391821,0.23,0.223357,1,1194498
83393281,0.24,0.236671,1,1194498
83394741,0.25,0.247334,1,1194530
83396201,0.26,0.257467,1,1194530
83397661,0.27,0.267493,1,1194560
83399121,0.28,0.277499,1,1194560
83400581,0.27,0.2715,1,1194588
83402041,0.28,0.2783,1,1194588
83403501,0.27,0.27166,1,1194612
83404961,0.28,0.278332,1,1194612
83406421,0.29,0.287666,1,1194635
83407881,0.3,0.297533,1,1194635
83409341,0.25,0.259507,1,1194675
83410801,0.26,0.259901,1,1194675
83412261,0.25,0.25198,1,1194699
83413721,0.26,0.258396,1,1194699
83415181,0.27,0.267679,1,1194722
83416641,0.28,0.277536,1,1194722
83418101,0.27,0.271507,1,1194796
83419561,0.28,0.278301,1,1194796
83421021,0.27,0.27166,1,1194798
83422481,0.28,0.278332,1,1194798
83423941,0.37,0.351666,1,1194889
83425401,0.38,0.374333,1,1194889
83426861,0.37,0.370867,1,1194931
83428321,0.38,0.378173,1,1194931
83429781,0.39,0.387635,1,1194964
83431241,0.4,0.397527,1,1194964
83432701,0.37,0.375505,1,1194995
83434161,0.38,0.379101,1,1194995
83435621,0.37,0.37182,1,1195023
83437081,0.38,0.378364,1,1195023
83438541,0.37,0.371673,1,1195047
83440001,0.38,0.378335,1,1195047
83441461,0.37,0.371667,1,1195071
83442921,0.38,0.378333,1,1195071
83444381,0.37,0.371667,1,1195109
83445841,0.38,0.378333,1,1195109
83447301,0.39,0.387667,1,1195133
83448761,0.4,0.397533,1,1195133
83450221,0.43,0.423507,1,1195157
83451681,0.44,0.436701,1,1195157
83453141,0.45,0.44734,1,1195231
83454601,0.46,0.457468,1,1195231
83456061,0.45,0.451494,1,1195233
83457521,0.46,0.458299,1,1195233
83458981,0.51,0.49966,1,1195329
83460441,0.52,0.515932,1,1195329
83461901,0.52,0.519186,1,1195329
83463361,0.59,0.575837,1,1195371
83464821,0.6,0.595167,1,1195371
83466281,0.59,0.591033,1,1195405
83467741,0.6,0.598207,1,1195405
83469201,0.61,0.607641,1,1195435
83470661,0.62,0.617528,1,1195435
83472121,0.61,0.611506,1,1195463
83473581,0.62,0.618301,1,1195463
83475041,0.65,0.64366,1,1195487
83476501,0.66,0.656732,1,1195487
83477961,0.65,0.651346,1,1195511
83479421,0.66,0.658269,1,1195511
83480881,0.65,0.651654,1,1195549
83482341,0.66,0.658331,1,1195549
83483801,0.63,0.635666,1,1195574
83485261,0.64,0.639133,1,1195574
83486721,0.67,0.663827,1,1195600
83488181,0.68,0.676765,1,1195600
83489641,0.65,0.655353,1,1195675
83491101,0.66,0.659071,1,1195675
83492561,0.65,0.651814,1,1195677
83494021,0.66,0.658363,1,1195677
83495481,0.75,0.731673,1,1195776
83496941,0.76,0.754334,2,1195776
83498401,0.75,0.750867,2,1195821
83499861,0.76,0.758173,2,1195821
83501321,0.77,0.767635,2,1195855
83502781,0.78,0.777527,2,1195855
83504241,0.75,0.755505,2,1195886
83505701,0.76,0.759101,2,1195886
83507161,0.75,0.75182,2,1195914
83508621,0.76,0.758364,2,1195914
83510081,0.79,0.783673,2,1195940
83511541,0.8,0.796735,2,1195940
83513001,0.79,0.791347,2,1195964
83514461,0.8,0.798269,2,1195964
83515921,0.79,0.791654,2,1196002
83517381,0.8,0.798331,2,1196002
83518841,0.79,0.791666,2,1196026
83520301,0.8,0.798333,2,1196026
83521761,0.83,0.823667,2,1196054
83523221,0.84,0.836733,2,1196054
83524681,0.87,0.863347,2,1196128
83526141,0.88,0.876669,2,1196128
83527601,0.87,0.871334,2,1196130
83529061,0.88,0.878267,2,1196130
83530521,0.91,0.903653,2,1196234
83531981,0.92,0.916731,2,1196234
83533441,0.91,0.911346,2,1196279
83534901,0.92,0.918269,2,1196279
83536361,0.95,0.943654,2,1196314
83708641,0.86,0.86,2,1198466
83710101,0.75,0.772,2,1198510
83711561,0.57,0.6104,1,1198598
83713021,0.49,0.51408,1,1198632
83714481,0.39,0.414816,1,1198703
83715941,0.27,0.298963,1,1198750
83717401,0.27,0.275793,1,1198782
83718861,0.29,0.287159,1,1198815
83720321,0.17,0.193432,1,1198836
83721781,0.37,0.334686,1,1198860
83723241,0.23,0.250937,1,1198870
83724701,0.21,0.218187,1,1198877
83726161,0.27,0.259637,1,1198894
83727621,0.13,0.155928,1,1198968
83729081,0.14,0.143185,1,1198968
83730541,0.17,0.164637,1,1199077
83732001,0.18,0.176927,1,1199077
83733461,0.21,0.203385,1,1199184
83734921,0.22,0.216677,1,1199184
83736381,0.25,0.243335,1,1199250
83737841,0.26,0.256667,1,1199250
83739301,0.29,0.283333,1,1199299
83740761,0.3,0.296667,1,1199299
83742221,0.31,0.307333,1,1199308
83743681,0.32,0.317467,1,1199308
83745141,0.33,0.327493,1,1199395
83746601,0.34,0.337499,1,1199395
83748061,0.41,0.3955,1,1199506
83749521,0.42,0.4151,1,1199506
83750981,0.43,0.42702,1,1199615
83752441,0.44,0.437404,1,1199615
83753901,0.45,0.447481,1,1199683
83755361,0.46,0.457496,1,1199683
83756821,0.49,0.483499,1,1199734
83758281,0.5,0.4967,1,1199734
83759741,0.53,0.52334,1,1199744
83761201,0.54,0.536668,1,1199744
83762661,0.59,0.579334,1,1199832
83764121,0.6,0.595867,1,1199832
83765581,0.6,0.599173,1,1199832
83767041,0.63,0.623835,1,1199947
83768501,0.64,0.636767,1,1199947
83769961,0.69,0.679353,1,1200057
83771421,0.7,0.695871,1,1200057
83772881,0.77,0.755174,2,1200126
83774341,0.78,0.775035,2,1200126
83775801,0.77,0.771007,2,1200179
83777261,0.78,0.778201,2,1200179
83778721,0.73,0.73964,1,1200191
83780181,0.74,0.739928,1,1200191
83781641,0.81,0.795986,2,1200282
83783101,0.82,0.815197,2,1200282
83784561,0.81,0.811039,2,1200284
83786021,0.82,0.818208,2,1200284
83787481,0.87,0.859642,2,1200400
83788941,0.88,0.875928,2,1200400
83790401,0.83,0.839186,2,1200513
83791861,0.84,0.839837,2,1200513
83793321,0.87,0.863967,2,1200586
83794781,0.88,0.876793,2,1200586
83796241,0.93,0.919359,2,1200639
83797701,0.94,0.935872,2,1200639
83799161,0.93,0.931174,2,1200649
83800621,0.94,0.938235,2,1200649
83807921,0.91,0.91,2,1200865
83809381,0.92,0.918,2,1200865
83810841,0.92,0.9196,2,1200865
83880921,0.78,0.78,2,1202479
83882381,0.79,0.788,2,1202479
83883841,0.79,0.7896,2,1202537
83885301,0.8,0.79792,2,1202537
83886761,0.69,0.711584,1,1202568
83888221,0.7,0.702317,1,1202568
83889681,0.39,0.452463,1,1202641
83891141,0.4,0.410493,1,1202641
83892601,0.25,0.282099,1,1202676
83894061,0.26,0.26442,1,1202676
83895521,0.27,0.268884,1,1202754
83896981,0.28,0.277777,1,1202754
83898441,0.07,0.111555,1,1202868
83899901,0.08,0.0863111,1,1202868
83901361,0.13,0.121262,1,1202904
83902821,0.14,0.136252,1,1202904
83904281,0.07,0.0832505,1,1202944
83905741,0.08,0.0806501,1,1202944
83907201,0.08,0.08013,1,1202944
83908661,0.09,0.088026,1,1202998
83910121,0.1,0.0976052,1,1202998
83911581,0.03,0.043521,1,1203024
83913041,0.04,0.0407042,1,1203024
83914501,0.05,0.0481408,1,1203082
83915961,0.06,0.0576282,1,1203082
83917421,0.03,0.0355256,1,1203110
83918881,0.04,0.0391051,1,1203110
83920341,0.05,0.047821,1,1203189
83921801,0.06,0.0575642,1,1203189
83923261,0.01,0.0195128,1,1203293
83924721,0.02,0.0199026,1,1203293
83926181,0.01,0.0119805,1,1203332
83927641,0.02,0.0183961,1,1203332
83929101,0.01,0.0116792,1,1203369
83930561,0.02,0.0183358,1,1203369
83932021,0.03,0.0276672,1,1203423
83933481,0.04,0.0375334,1,1203423
83934941,0.07,0.0635067,1,1203446
83936401,0.08,0.0767013,1,1203446
83937861,0.05,0.0553403,1,1203505
83939321,0.06,0.0590681,1,1203505
83940781,0.05,0.0518136,1,1203532
83942241,0.06,0.0583627,1,1203532
83943701,0.11,0.0996725,1,1203612
83945161,0.12,0.115935,1,1203612
83946621,0.11,0.111187,1,1203714
83948081,0.12,0.118237,1,1203714
83949541,0.07,0.0796475,1,1203753
83951001,0.08,0.0799295,1,1203753
83952461,0.09,0.0879859,1,1203790
83953921,0.1,0.0975972,1,1203790
83955381,0.13,0.123519,1,1203845
83956841,0.14,0.136704,1,1203845
83958301,0.14,0.139341,1,1203845
83959761,0.17,0.163868,1,1203870
83961221,0.18,0.176774,1,1203870
83962681,0.19,0.187355,1,1203928
83964141,0.2,0.197471,1,1203928
83965601,0.17,0.175494,1,1203955
83967061,0.18,0.179099,1,1203955
83968521,0.17,0.17182,1,1204038
83969981,0.18,0.178364,1,1204038
83971441,0.17,0.171673,1,1204140
83972901,0.18,0.178335,1,1204140
83974361,0.23,0.219667,1,1204177
83975821,0.24,0.235933,1,1204177
83977281,0.27,0.263187,1,1204215
83978741,0.28,0.276637,1,1204215
83980201,0.29,0.287327,1,1204272
83981661,0.3,0.297465,1,1204272
83983121,0.29,0.291493,1,1204274
83984581,0.3,0.298299,1,1204274
83986041,0.29,0.29166,1,1204300
83987501,0.3,0.298332,1,1204300
83988961,0.29,0.291666,1,1204359
83990421,0.3,0.298333,1,1204359
83991881,0.31,0.307667,1,1204385
83993341,0.32,0.317533,1,1204385
83994801,0.33,0.327507,1,1204468
83996261,0.34,0.337501,1,1204468
83997721,0.49,0.4595,1,1204570
83999181,0.5,0.4919,1,1204570
84000641,0.53,0.52238,1,1204610
84002101,0.54,0.536476,1,1204610
84003561,0.51,0.515295,1,1204650
84005021,0.52,0.519059,1,1204650
84006481,0.53,0.527812,1,1204708
84007941,0.54,0.537562,1,1204708
84009401,0.53,0.531512,1,1204710
84010861,0.54,0.538302,1,1204710
84012321,0.55,0.54766,1,1204736
84013781,0.56,0.557532,1,1204736
84015241,0.56,0.559506,1,1204736
84016701,0.55,0.551901,1,1204795
84018161,0.56,0.55838,1,1204795
84019621,0.53,0.535676,1,1204822
84021081,0.54,0.539135,1,1204822
84022541,0.57,0.563827,1,1204906
84024001,0.58,0.576765,1,1204906
84025461,0.59,0.587353,1,1205016
84026921,0.6,0.597471,1,1205016
84028381,0.61,0.607494,1,1205058
84029841,0.62,0.617499,1,1205058
84031301,0.59,0.5955,1,1205097
84032761,0.6,0.5991,1,1205097
84034221,0.61,0.60782,1,1205156
84035681,0.62,0.617564,1,1205156
84037141,0.61,0.611513,1,1205158
84038601,0.62,0.618303,1,1205158
84040061,0.63,0.627661,1,1205185
84041521,0.64,0.637532,1,1205185
84042981,0.65,0.647506,1,1205243
84044441,0.66,0.657501,1,1205243
84045901,0.65,0.6515,1,1205269
84047361,0.66,0.6583,1,1205269
84048821,0.65,0.65166,1,1205355
84050281,0.66,0.658332,1,1205355
84051741,0.73,0.715666,1,1205466
84053201,0.74,0.735133,1,1205466
84054661,0.71,0.715027,1,1205509
84056121,0.72,0.719005,1,1205509
84057581,0.73,0.727801,1,1205547
84059041,0.74,0.73756,1,1205547
84060501,0.71,0.715512,1,1205607
84061961,0.72,0.719102,1,1205607
84063421,0.71,0.71182,1,1205609
84064881,0.72,0.718364,1,1205609
84066341,0.75,0.743673,1,1205637
84067801,0.76,0.756735,2,1205637
84069261,0.83,0.815347,2,1205696
84070721,0.84,0.835069,2,1205696
84072181,0.84,0.839014,2,1205696
84073641,0.85,0.847803,2,1205722
84075101,0.86,0.857561,2,1205722
84076561,0.87,0.867512,2,1205808
84078021,0.88,0.877502,2,1205808
84079481,0.91,0.903501,2,1205923
84080941,0.92,0.9167,2,1205923
84082401,0.91,0.91134,2,1205965
84083861,0.92,0.918268,2,1205965
84088241,0.95,0.95,2,1206063
84091161,0.95,0.95,2,1206065
84094081,0.95,0.95,2,1206095
84205041,0.95,0.95,2,1207909
84213801,0.92,0.92,2,1208050
84215261,0.93,0.928,2,1208050
84216721,0.93,0.9296,2,1208078
84218181,0.94,0.93792,2,1208078
84222561,0.83,0.83,2,1208150
84224021,0.84,0.838,2,1208150
84225481,0.89,0.8796,2,1208191
84226941,0.9,0.89592,2,1208191
84228401,0.93,0.923184,2,1208312
84229861,0.94,0.936637,2,1208312
84231321,0.91,0.915327,2,1208349
84232781,0.92,0.919065,2,1208349
84234241,0.95,0.943813,2,1208379
84237161,0.89,0.89,2,1208388
84238621,0.9,0.898,2,1208388
84243001,0.95,0.95,2,1208474
84371481,0.93,0.93,2,1210344
84372941,0.94,0.938,2,1210344
84374401,0.9,0.9076,2,1210367
84375861,0.91,0.90952,2,1210367
84380241,0.91,0.91,2,1210423
84381701,0.92,0.918,2,1210423
84383161,0.89,0.8956,2,1210453
84384621,0.9,0.89912,2,1210453
84386081,0.71,0.747824,1,1210497
84387541,0.72,0.725565,1,1210497
84389001,0.67,0.681113,1,1210525
84390461,0.68,0.680223,1,1210525
84391921,0.55,0.576045,1,1210565
84393381,0.56,0.563209,1,1210565
84394841,0.31,0.360642,1,1210677
84396301,0.32,0.328128,1,1210677
84397761,0.17,0.201626,1,1210729
84399221,0.18,0.184325,1,1210729
84400681,0.17,0.172865,1,1210763
84402141,0.18,0.178573,1,1210763
84403601,0.09,0.107715,1,1210796
84405061,0.1,0.101543,1,1210796
84406521,0.05,0.0603086,1,1210814
84407981,0.06,0.0600617,1,1210814
84409441,0.09,0.0840123,1,1210836
84410901,0.1,0.0968025,1,1210836
84412361,0.1,0.0993605,1,1210836
84413821,0.03,0.0438721,1,1210864
84415281,0.04,0.0407744,1,1210864
84416741,0.07,0.0641549,1,1210890
84418201,0.08,0.076831,1,1210890
84419661,0.09,0.0873662,1,1210919
84421121,0.1,0.0974732,1,1210919
84422581,0.03,0.0434946,1,1210954
84424041,0.04,0.0406989,1,1210954
84425501,0.07,0.0641398,1,1210980
84426961,0.08,0.076828,1,1210980
84428421,0.07,0.0713656,1,1211014
84429881,0.08,0.0782731,1,1211014
84431341,0.09,0.0876546,1,1211114
84432801,0.1,0.0975309,1,1211114
84434261,0.09,0.0915062,1,1211159
84435721,0.1,0.0983012,1,1211159
84437181,0.15,0.13966,1,1211193
84438641,0.16,0.155932,1,1211193
84440101,0.19,0.183186,1,1211222
84441561,0.2,0.196637,1,1211222
84443021,0.21,0.207327,1,1211238
84444481,0.22,0.217465,1,1211238
84445941,0.19,0.195493,1,1211262
84447401,0.2,0.199099,1,1211262
84448861,0.21,0.20782,1,1211286
84450321,0.22,0.217564,1,1211286
84451781,0.23,0.227513,1,1211314
84453241,0.24,0.237503,1,1211314
84454701,0.23,0.231501,1,1211344
84456161,0.24,0.2383,1,1211344
84457621,0.25,0.24766,1,1211376
84459081,0.26,0.257532,1,1211376
84460541,0.25,0.251506,1,1211404
84462001,0.26,0.258301,1,1211404
84463461,0.23,0.23566,1,1211438
84464921,0.24,0.239132,1,1211438
84466381,0.25,0.247826,1,1211539
84467841,0.26,0.257565,1,1211539
84469301,0.29,0.283513,1,1211584
84470761,0.3,0.296703,1,1211584
84472221,0.27,0.275341,1,1211621
84473681,0.28,0.279068,1,1211621
84475141,0.29,0.287814,1,1211652
84476601,0.3,0.297563,1,1211652
84478061,0.27,0.275513,1,1211669
84479521,0.28,0.279103,1,1211669
84480981,0.29,0.287821,1,1211692
84482441,0.3,0.297564,1,1211692
84483901,0.29,0.291513,1,1211717
84485361,0.3,0.298303,1,1211717
84486821,0.3,0.299661,1,1211717
84488281,0.31,0.307932,1,1211746
84489741,0.32,0.317586,1,1211746
84491201,0.31,0.311517,1,1211776
84492661,0.32,0.318303,1,1211776
84494121,0.33,0.327661,1,1211809
84495581,0.34,0.337532,1,1211809
84497041,0.33,0.331506,1,1211837
84498501,0.34,0.338301,1,1211837
84499961,0.35,0.34766,1,1211870
84501421,0.36,0.357532,1,1211870
84502881,0.41,0.399506,1,1211972
84504341,0.42,0.415901,1,1211972
84505801,0.45,0.44318,1,1212019
84507261,0.46,0.456636,1,1212019
84508721,0.45,0.451327,1,1212055
84510181,0.46,0.458265,1,1212055
84511641,0.43,0.435653,1,1212087
84513101,0.44,0.439131,1,1212087
84514561,0.43,0.431826,1,1212103
84516021,0.44,0.438365,1,1212103
84517481,0.43,0.431673,1,1212127
84518941,0.44,0.438335,1,1212127
84520401,0.45,0.447667,1,1212152
84521861,0.46,0.457533,1,1212152
84523321,0.45,0.451507,1,1212154
84524781,0.46,0.458301,1,1212154
84526241,0.47,0.46766,1,1212183
84527701,0.48,0.477532,1,1212183
84529161,0.53,0.519506,1,1212213
84530621,0.54,0.535901,1,1212213
84532081,0.55,0.54718,1,1212247
84533541,0.56,0.557436,1,1212247
84535001,0.57,0.567487,1,1212275
84536461,0.58,0.577497,1,1212275
84537921,0.61,0.603499,1,1212309
84539381,0.62,0.6167,1,1212309
84540841,0.69,0.67534,1,1212414
84542301,0.7,0.695068,1,1212414
84543761,0.69,0.691014,1,1212463
84545221,0.7,0.698203,1,1212463
84546681,0.71,0.707641,1,1212499
84548141,0.72,0.717528,1,1212499
84549601,0.73,0.727506,1,1212530
84551061,0.74,0.737501,1,1212530
84552521,0.73,0.7315,1,1212546
84553981,0.74,0.7383,1,1212546
84555441,0.75,0.74766,1,1212570
84556901,0.76,0.757532,2,1212570
84558361,0.75,0.751506,2,1212596
84559821,0.76,0.758301,2,1212596
84561281,0.75,0.75166,2,1212598
84562741,0.76,0.758332,2,1212598
84564201,0.77,0.767666,2,1212628
84565661,0.78,0.777533,2,1212628
84567121,0.78,0.779507,2,1212628
84568581,0.83,0.819901,2,1212661
84570041,0.84,0.83598,2,1212661
84571501,0.81,0.815196,2,1212696
84572961,0.82,0.819039,2,1212696
84574421,0.85,0.843808,2,1212725
84575881,0.86,0.856762,2,1212725
84577341,0.85,0.851352,2,1212761
84578801,0.86,0.85827,2,1212761
84580261,0.87,0.867654,2,1212870
84581721,0.88,0.877531,2,1212870
84583181,0.85,0.855506,2,1212919
84584641,0.86,0.859101,2,1212919
84586101,0.89,0.88382,2,1212956
84587561,0.9,0.896764,2,1212956
84589021,0.91,0.907353,2,1212988
84590481,0.92,0.917471,2,1212988
84591941,0.91,0.911494,2,1213004
84593401,0.92,0.918299,2,1213004
84594861,0.93,0.92766,2,1213029
84596321,0.94,0.937532,2,1213029
84597781,0.95,0.947506,2,1213055
84600701,0.95,0.95,2,1213057
84603621,0.93,0.93,2,1213088
84605081,0.94,0.938,2,1213088
84606541,0.91,0.9156,2,1213123
84608001,0.92,0.91912,2,1213123
84609461,0.93,0.927824,2,1213157
84610921,0.94,0.937565,2,1213157
84764221,0.94,0.94,2,1215027
84765681,0.95,0.948,2,1215027
84767141,0.89,0.9016,2,1215055
84768601,0.9,0.90032,2,1215055
84770061,0.93,0.924064,2,1215093
84771521,0.94,0.936813,2,1215093
84787581,0.95,0.95,2,1215346
84790501,0.91,0.91,2,1215367
84791961,0.92,0.918,2,1215367
84796341,0.87,0.87,2,1215439
84797801,0.88,0.878,2,1215439
84799261,0.79,0.8076,2,1215466
84800721,0.8,0.80152,2,1215466
84802181,0.79,0.792304,2,1215485
84803641,0.8,0.798461,2,1215485
84805101,0.77,0.775692,2,1215496
84806561,0.78,0.779138,2,1215496
84808021,0.77,0.771828,2,1215525
84809481,0.78,0.778366,2,1215525
84810941,0.77,0.771673,2,1215562
84812401,0.78,0.778335,2,1215562
84813861,0.85,0.835667,2,1215588
84815321,0.86,0.855133,2,1215588
84816781,0.77,0.787027,2,1215606
84818241,0.78,0.781405,2,1215606
84819701,0.79,0.788281,2,1215623
84821161,0.8,0.797656,2,1215623
84822621,0.8,0.799531,2,1215623
84824081,0.75,0.759906,2,1215716
84825541,0.76,0.759981,2,1215716
84827001,0.79,0.783996,2,1215766
84828461,0.8,0.796799,2,1215766
84829921,0.79,0.79136,2,1215814
84831381,0.8,0.798272,2,1215814
84832841,0.77,0.775654,2,1215833
84834301,0.78,0.779131,2,1215833
84835761,0.85,0.835826,2,1215870
84837221,0.86,0.855165,2,1215870
84838681,0.83,0.835033,2,1215903
84840141,0.84,0.839007,2,1215903
84841601,0.81,0.815801,2,1215926
84843061,0.82,0.81916,2,1215926
84844521,0.83,0.827832,2,1215945
84845981,0.84,0.837566,2,1215945
84847441,0.83,0.831513,2,1215955
84848901,0.84,0.838303,2,1215955
84850361,0.81,0.815661,2,1215984
84851821,0.82,0.819132,2,1215984
84853281,0.83,0.827826,2,1216021
84854741,0.84,0.837565,2,1216021
84856201,0.81,0.815513,2,1216051
84857661,0.82,0.819103,2,1216051
84859121,0.81,0.811821,2,1216065
84860581,0.82,0.818364,2,1216065
84862041,0.87,0.859673,2,1216083
84863501,0.88,0.875935,2,1216083
84864961,0.87,0.871187,2,1216085
84866421,0.88,0.878237,2,1216085
84867881,0.93,0.919647,2,1216175
84869341,0.94,0.93593,2,1216175
85051841,0.95,0.95,2,1218279
85053301,0.85,0.87,2,1218319
85054761,0.57,0.63,1,1218357
85056221,0.51,0.534,1,1218381
85057681,0.37,0.4028,1,1218435
85059141,0.19,0.23256,1,1218455
85060601,0.11,0.134512,1,1218470
85062061,0,0.0269024,1,1218496
85063521,0,0.00538048,1,1218537
85064981,0.07,0.0570761,1,1218555
85066441,0,0.0114152,1,1218573
85067901,0.11,0.090283,1,1218587
85069361,0.07,0.0740566,1,1218607
85070821,0.03,0.0388113,1,1218701
85072281,0.04,0.0397623,1,1218701
85073741,0.11,0.0959525,1,1218782
85075201,0.12,0.11519,1,1218782
85076661,0.15,0.143038,1,1218827
85078121,0.16,0.156608,1,1218827
85079581,0.09,0.103322,1,1218885
85081041,0.1,0.100664,1,1218885
85082501,0.09,0.0921329,1,1218917
85083961,0.1,0.0984266,1,1218917
85085421,0.01,0.0276853,1,1218979
85086881,0.02,0.0215371,1,1218979
85088341,0.01,0.0123074,1,1219013
85089801,0.02,0.0184615,1,1219013
85091261,0.05,0.0436923,1,1219123
85092721,0.06,0.0567385,1,1219123
85094181,0.15,0.131348,1,1219208
85095641,0.16,0.15427,1,1219208
85097101,0.13,0.134854,1,1219255
85098561,0.14,0.138971,1,1219255
85100021,0.21,0.195794,1,1219310
85101481,0.22,0.215159,1,1219310
85102941,0.23,0.227032,1,1219342
85104401,0.24,0.237406,1,1219342
85105861,0.09,0.119481,1,1219400
85107321,0.1,0.103896,1,1219400
85108781,0.05,0.0607792,1,1219434
85110241,0.06,0.0601559,1,1219434
85111701,0.07,0.0680312,1,1219546
85113161,0.08,0.0776062,1,1219546
85114621,0.08,0.0795212,1,1219546
85116081,0.11,0.103904,1,1219636
85117541,0.12,0.116781,1,1219636
85119001,0.15,0.143356,1,1219682
85120461,0.16,0.156671,1,1219682
85121921,0.15,0.151334,1,1219741
85123381,0.16,0.158267,1,1219741
85124841,0.17,0.167653,1,1219774
85126301,0.18,0.177531,1,1219774
85127761,0.19,0.187506,1,1219825
85129221,0.2,0.197501,1,1219825
85130681,0.19,0.1915,1,1219857
85132141,0.2,0.1983,1,1219857
85133601,0.05,0.07966,1,1219970
85135061,0.06,0.063932,1,1219970
85136521,0.05,0.0527864,1,1219972
85137981,0.06,0.0585573,1,1219972
85139441,0.09,0.0837115,1,1220063
85140901,0.1,0.0967423,1,1220063
85142361,0.13,0.123348,1,1220111
85143821,0.14,0.13667,1,1220111
85145281,0.13,0.131334,1,1220170
85146741,0.14,0.138267,1,1220170
85148201,0.13,0.131653,1,1220204
85149661,0.14,0.138331,1,1220204
85151121,0.21,0.195666,1,1220256
85152581,0.22,0.215133,1,1220256
85154041,0.23,0.227027,1,1220288
85155501,0.24,0.237405,1,1220288
85156961,0.19,0.199481,1,1220394
85158421,0.2,0.199896,1,1220394
85159881,0.19,0.191979,1,1220396
85161341,0.2,0.198396,1,1220396
85162801,0.23,0.223679,1,1220489
85164261,0.24,0.236736,1,1220489
85165721,0.24,0.239347,1,1220489
85167181,0.27,0.263869,1,1220539
85168641,0.28,0.276774,1,1220539
85170101,0.33,0.319355,1,1220598
85171561,0.34,0.335871,1,1220598
85173021,0.35,0.347174,1,1220632
85174481,0.36,0.357435,1,1220632
85175941,0.35,0.351487,1,1220688
85177401,0.36,0.358297,1,1220688
85178861,0.33,0.335659,1,1220721
85180321,0.34,0.339132,1,1220721
85181781,0.35,0.347826,1,1220825
85183241,0.36,0.357565,1,1220825
85184701,0.35,0.351513,1,1220827
85186161,0.36,0.358303,1,1220827
85187621,0.33,0.335661,1,1220922
85189081,0.34,0.339132,1,1220922
85190541,0.37,0.363826,1,1220973
85192001,0.38,0.376765,1,1220973
85193461,0.47,0.451353,1,1221035
85194921,0.48,0.474271,1,1221035
85196381,0.49,0.486854,1,1221070
85197841,0.5,0.497371,1,1221070
85199301,0.53,0.523474,1,1221126
85200761,0.54,0.536695,1,1221126
85202221,0.57,0.563339,1,1221158
85203681,0.58,0.576668,1,1221158
85205141,0.57,0.571334,1,1221263
85206601,0.58,0.578267,1,1221263
85208061,0.57,0.571653,1,1221265
85209521,0.58,0.578331,1,1221265
85210981,0.57,0.571666,1,1221359
85212441,0.58,0.578333,1,1221359
85213901,0.61,0.603667,1,1221412
85215361,0.62,0.616733,1,1221412
85216821,0.62,0.619347,1,1221412
85218281,0.69,0.675869,1,1221479
85219741,0.7,0.695174,1,1221479
85221201,0.73,0.723035,1,1221515
85222661,0.74,0.736607,1,1221515
85224121,0.69,0.699321,1,1221573
85225581,0.7,0.699864,1,1221573
85227041,0.73,0.723973,1,1221607
85228501,0.74,0.736795,1,1221607
85229961,0.75,0.747359,1,1221712
85231421,0.76,0.757472,2,1221712
85232881,0.75,0.751494,2,1221714
85234341,0.76,0.758299,2,1221714
85235801,0.77,0.76766,2,1221808
85237261,0.78,0.777532,2,1221808
85238721,0.79,0.787506,2,1221863
85240181,0.8,0.797501,2,1221863
85241641,0.79,0.7915,2,1221865
85243101,0.8,0.7983,2,1221865
85244561,0.85,0.83966,2,1221935
85246021,0.86,0.855932,2,1221935
85247481,0.85,0.851186,2,1221973
85248941,0.86,0.858237,2,1221973
85250401,0.87,0.867647,2,1222029
85251861,0.88,0.877529,2,1222029
85253321,0.91,0.903506,2,1222065
85254781,0.92,0.916701,2,1222065
85364281,0.94,0.94,2,1223958
85365741,0.95,0.948,2,1223958
85375961,0.87,0.87,2,1224244
85377421,0.88,0.878,2,1224244
85378881,0.75,0.7756,2,1224277
85380341,0.76,0.76312,2,1224277
85381801,0.75,0.752624,2,1224305
85383261,0.76,0.758525,2,1224305
85384721,0.57,0.607705,1,1224358
85386181,0.58,0.585541,1,1224358
85387641,0.53,0.541108,1,1224395
85389101,0.54,0.540222,1,1224395
85390561,0.43,0.452044,1,1224417
85392021,0.44,0.442409,1,1224417
85393481,0.44,0.440482,1,1224417
85394941,0.47,0.464096,1,1224438
85396401,0.48,0.476819,1,1224438
85397861,0.33,0.359364,1,1224533
85399321,0.34,0.343873,1,1224533
85400781,0.35,0.348775,1,1224589
85402241,0.36,0.357755,1,1224589
85403701,0.35,0.351551,1,1224626
85405161,0.36,0.35831,1,1224626
85406621,0.21,0.239662,1,1224709
85408081,0.22,0.223932,1,1224709
85409541,0.19,0.196786,1,1224736
85411001,0.2,0.199357,1,1224736
85412461,0.23,0.223871,1,1224764
85413921,0.24,0.236774,1,1224764
85415381,0.23,0.231355,1,1224808
85416841,0.24,0.238271,1,1224808
85418301,0.21,0.215654,1,1224843
85419761,0.22,0.219131,1,1224843
85421221,0.15,0.163826,1,1224860
85422681,0.16,0.160765,1,1224860
85424141,0.15,0.152153,1,1224882
85425601,0.16,0.158431,1,1224882
85427061,0.21,0.199686,1,1224970
85428521,0.22,0.215937,1,1224970
85429981,0.35,0.323187,1,1225027
85431441,0.36,0.352637,1,1225027
85432901,0.31,0.318528,1,1225064
85434361,0.32,0.319706,1,1225064
85435821,0.37,0.359941,1,1225140
85437281,0.38,0.375988,1,1225140
85438741,0.41,0.403198,1,1225166
85440201,0.42,0.41664,1,1225166
85441661,0.41,0.411328,1,1225196
85443121,0.42,0.418266,1,1225196
85444581,0.41,0.411653,1,1225240
85446041,0.42,0.418331,1,1225240
85447501,0.41,0.411666,1,1225274
85448961,0.42,0.418333,1,1225274
85450421,0.41,0.411667,1,1225288
85451881,0.42,0.418333,1,1225288
85453341,0.41,0.411667,1,1225310
85454801,0.42,0.418333,1,1225310
85456261,0.47,0.459667,1,1225401
85457721,0.48,0.475933,1,1225401
85459181,0.48,0.479187,1,1225401
85460641,0.55,0.535837,1,1225465
85462101,0.56,0.555167,1,1225465
85463561,0.55,0.551033,1,1225500
85465021,0.56,0.558207,1,1225500
85466481,0.59,0.583641,1,1225579
85467941,0.6,0.596728,1,1225579
85469401,0.63,0.623346,1,1225607
85470861,0.64,0.636669,1,1225607
85472321,0.67,0.663334,1,1225637
85473781,0.68,0.676667,1,1225637
85475241,0.67,0.671333,1,1225681
85476701,0.68,0.678267,1,1225681
85478161,0.69,0.687653,1,1225715
85479621,0.7,0.697531,1,1225715
85481081,0.69,0.691506,1,1225729
85482541,0.7,0.698301,1,1225729
85484001,0.69,0.69166,1,1225751
85485461,0.7,0.698332,1,1225751
85486921,0.75,0.739666,1,1225845
85488381,0.76,0.755933,2,1225845
85489841,0.75,0.751187,2,1225847
85491301,0.76,0.758237,2,1225847
85492761,0.77,0.767647,2,1225914
85494221,0.78,0.77753,2,1225914
85495681,0.77,0.771506,2,1225949
85497141,0.78,0.778301,2,1225949
85498601,0.81,0.80366,2,1226030
85500061,0.82,0.816732,2,1226030
85501521,0.83,0.827346,2,1226060
85502981,0.84,0.837469,2,1226060
85504441,0.83,0.831494,2,1226092
85505901,0.84,0.838299,2,1226092
85507361,0.85,0.84766,2,1226136
85508821,0.86,0.857532,2,1226136
85510281,0.91,0.899506,2,1226171
85511741,0.92,0.915901,2,1226171
85513201,0.91,0.91118,2,1226185
85514661,0.92,0.918236,2,1226185
85516121,0.91,0.911647,2,1226207
85517581,0.92,0.918329,2,1226207
85519041,0.93,0.927666,2,1226304
85520501,0.94,0.937533,2,1226304
85521961,0.93,0.931507,2,1226306
85523421,0.94,0.938301,2,1226306
85524881,0.94,0.93966,2,1226306
85526341,0.91,0.915932,2,1226374
85527801,0.92,0.919186,2,1226374
85529261,0.95,0.943837,2,1226409
85543861,0.95,0.95,2,1226638
85552621,0.95,0.95,2,1226772
85555541,0.95,0.95,2,1226774
85656281,0.93,0.93,2,1228228
85657741,0.94,0.938,2,1228228
85659201,0.85,0.8676,2,1228270
85660661,0.86,0.86152,2,1228270
85662121,0.7,0.732304,1,1228303
85663581,0.71,0.714461,1,1228303
85665041,0.67,0.678892,1,1228333
85666501,0.68,0.679778,1,1228333
85667961,0.39,0.447956,1,1228410
85669421,0.4,0.409591,1,1228410
85670881,0.4,0.401918,1,1228410
85672341,0.29,0.312384,1,1228439
85673801,0.3,0.302477,1,1228439
85675261,0.19,0.212495,1,1228476
85676721,0.2,0.202499,1,1228476
85678181,0.21,0.2085,1,1228517
85679641,0.22,0.2177,1,1228517
85681101,0.05,0.08354,1,1228553
85682561,0.06,0.064708,1,1228553
85684021,0.03,0.0369416,1,1228581
85685481,0.04,0.0393883,1,1228581
85686941,0.07,0.0638777,1,1228603
85688401,0.08,0.0767755,1,1228603
85689861,0.01,0.0233551,1,1228668
85691321,0.02,0.020671,1,1228668
85692781,0.01,0.0121342,1,1228696
85694241,0.02,0.0184268,1,1228696
85695701,0.01,0.0116854,1,1228734
85697161,0.02,0.0183371,1,1228734
85698621,0.01,0.0116674,1,1228761
85700081,0.02,0.0183335,1,1228761
85701541,0,0.0036667,1,1228788
85703001,0,0.000733339,1,1228788
85704461,0,0.000146668,1,1228851
85705921,0,2.93336e-05,1,1228851
85707381,0.07,0.0560059,1,1228874
85708841,0.08,0.0752012,1,1228874
85710301,0.05,0.0550402,1,1228906
85711761,0.06,0.059008,1,1228906
85713221,0.11,0.0998016,1,1228948
85714681,0.12,0.11596,1,1228948
85716141,0.13,0.127192,1,1228976
85717601,0.14,0.137438,1,1228976
85719061,0.15,0.147488,1,1229003
85720521,0.16,0.157498,1,1229003
85721981,0.07,0.0874995,1,1229027
85723441,0.08,0.0814999,1,1229027
85724901,0.05,0.0563,1,1229089
85726361,0.06,0.05926,1,1229089
85727821,0.05,0.051852,1,1229117
85729281,0.06,0.0583704,1,1229117
85730741,0.03,0.0356741,1,1229155
85732201,0.04,0.0391348,1,1229155
85733661,0.05,0.047827,1,1229182
85735121,0.06,0.0575654,1,1229182
85736581,0.03,0.0355131,1,1229209
85738041,0.04,0.0391026,1,1229209
85739501,0.07,0.0638205,1,1229272
85740961,0.08,0.0767641,1,1229272
85742421,0.05,0.0553528,1,1229298
85743881,0.06,0.0590706,1,1229298
85745341,0.06,0.0598141,1,1229298
85746801,0.11,0.0999628,1,1229329
85748261,0.12,0.115993,1,1229329
85749721,0.13,0.127199,1,1229374
85751181,0.14,0.13744,1,1229374
85752641,0.13,0.131488,1,1229403
85754101,0.14,0.138298,1,1229403
85755561,0.17,0.16366,1,1229431
85757021,0.18,0.176732,1,1229431
85758481,0.17,0.171346,1,1229451
85759941,0.18,0.178269,1,1229451
85761401,0.07,0.0916539,1,1229512
85762861,0.08,0.0823308,1,1229512
85764321,0.07,0.0724662,1,1229540
85765781,0.08,0.0784932,1,1229540
85767241,0.07,0.0716986,1,1229577
85768701,0.08,0.0783397,1,1229577
85770161,0.07,0.0716679,1,1229605
85771621,0.08,0.0783336,1,1229605
85773081,0.07,0.0716667,1,1229631
85774541,0.08,0.0783333,1,1229631
85776001,0.11,0.103667,1,1229696
85777461,0.12,0.116733,1,1229696
85778921,0.13,0.127347,1,1229721
85780381,0.14,0.137469,1,1229721
85781841,0.13,0.131494,1,1229723
85783301,0.14,0.138299,1,1229723
85784761,0.17,0.16366,1,1229756
85786221,0.18,0.176732,1,1229756
85787681,0.17,0.171346,1,1229802
85789141,0.18,0.178269,1,1229802
85790601,0.19,0.187654,1,1229831
85792061,0.2,0.197531,1,1229831
85793521,0.21,0.207506,1,1229861
85794981,0.22,0.217501,1,1229861
85796441,0.27,0.2595,1,1229881
85797901,0.28,0.2759,1,1229881
85799361,0.29,0.28718,1,1229937
85800821,0.3,0.297436,1,1229937
85802281,0.29,0.291487,1,1229965
85803741,0.3,0.298297,1,1229965
85805201,0.27,0.275659,1,1230002
85806661,0.28,0.279132,1,1230002
85808121,0.27,0.271826,1,1230030
85809581,0.28,0.278365,1,1230030
85811041,0.27,0.271673,1,1230056
85812501,0.28,0.278335,1,1230056
85813961,0.29,0.287667,1,1230123
85815421,0.3,0.297533,1,1230123
85816881,0.33,0.323507,1,1230149
85818341,0.34,0.336701,1,1230149
85819801,0.33,0.33134,1,1230151
85821261,0.34,0.338268,1,1230151
85822721,0.33,0.331654,1,1230186
85824181,0.34,0.338331,1,1230186
85825641,0.34,0.339666,1,1230186
85827101,0.35,0.347933,1,1230232
85828561,0.36,0.357587,1,1230232
85830021,0.37,0.367517,1,1230262
85831481,0.38,0.377503,1,1230262
85832941,0.41,0.403501,1,1230293
85834401,0.42,0.4167,1,1230293
85835861,0.39,0.39534,1,1230316
85837321,0.4,0.399068,1,1230316
85838781,0.41,0.407814,1,1230373
85840241,0.42,0.417563,1,1230373
85841701,0.41,0.411513,1,1230401
85843161,0.42,0.418303,1,1230401
85844621,0.41,0.41166,1,1230437
85846081,0.42,0.418332,1,1230437
85847541,0.41,0.411666,1,1230465
85849001,0.42,0.418333,1,1230465
85850461,0.41,0.411667,1,1230491
85851921,0.42,0.418333,1,1230491
85853381,0.39,0.395667,1,1230559
85854841,0.4,0.399133,1,1230559
85856301,0.35,0.359827,1,1230587
85857761,0.36,0.359965,1,1230587
85859221,0.35,0.351993,1,1230589
85860681,0.36,0.358399,1,1230589
85862141,0.33,0.33568,1,1230624
85863601,0.34,0.339136,1,1230624
85865061,0.35,0.347827,1,1230670
85866521,0.36,0.357565,1,1230670
85867981,0.33,0.335513,1,1230701
85869441,0.34,0.339103,1,1230701
85870901,0.33,0.331821,1,1230734
85872361,0.34,0.338364,1,1230734
85873821,0.33,0.331673,1,1230756
85875281,0.34,0.338335,1,1230756
85876741,0.41,0.395667,1,1230814
85878201,0.42,0.415133,1,1230814
85879661,0.45,0.443027,1,1230842
85881121,0.46,0.456605,1,1230842
85882581,0.49,0.483321,1,1230878
85884041,0.5,0.496664,1,1230878
85885501,0.51,0.507333,1,1230906
85886961,0.52,0.517467,1,1230906
85888421,0.51,0.511493,1,1230932
85889881,0.52,0.518299,1,1230932
85891341,0.53,0.52766,1,1230999
85892801,0.54,0.537532,1,1230999
85894261,0.53,0.531506,1,1231025
85895721,0.54,0.538301,1,1231025
85897181,0.53,0.53166,1,1231027
85898641,0.54,0.538332,1,1231027
85900101,0.57,0.563666,1,1231061
85901561,0.58,0.576733,1,1231061
85903021,0.61,0.603347,1,1231108
85904481,0.62,0.616669,1,1231108
85905941,0.65,0.643334,1,1231138
85907401,0.66,0.656667,1,1231138
85908861,0.66,0.659333,1,1231138
85910321,0.69,0.683867,1,1231171
85911781,0.7,0.696773,1,1231171
85913241,0.69,0.691355,1,1231193
85914701,0.7,0.698271,1,1231193
85916161,0.75,0.739654,1,1231255
85917621,0.76,0.755931,2,1231255
85919081,0.77,0.767186,2,1231285
85920541,0.78,0.777437,2,1231285
85922001,0.77,0.771487,2,1231323
85923461,0.78,0.778297,2,1231323
85924921,0.79,0.787659,2,1231352
85926381,0.8,0.797532,2,1231352
85927841,0.79,0.791506,2,1231378
85929301,0.8,0.798301,2,1231378
85930761,0.81,0.80766,2,1231446
85932221,0.82,0.817532,2,1231446
85933681,0.81,0.811506,2,1231472
85935141,0.82,0.818301,2,1231472
85936601,0.81,0.81166,2,1231474
85938061,0.82,0.818332,2,1231474
85939521,0.85,0.843666,2,1231510
85940981,0.86,0.856733,2,1231510
85942441,0.89,0.883347,2,1231559
85943901,0.9,0.896669,2,1231559
85945361,0.93,0.923334,2,1231591
85946821,0.94,0.936667,2,1231591
85948281,0.93,0.931333,2,1231593
85949741,0.94,0.938267,2,1231593
85951201,0.93,0.931653,2,1231627
85952661,0.94,0.938331,2,1231627
85954121,0.95,0.947666,2,1231649
85957041,0.95,0.95,2,1231714
86146841,0.89,0.89,2,1233913
86148301,0.9,0.898,2,1233913
86149761,0.95,0.9396,2,1233953
86152681,0.93,0.93,2,1233985
86154141,0.94,0.938,2,1233985
86155601,0.95,0.9476,2,1234001
86158521,0.87,0.87,2,1234025
86159981,0.88,0.878,2,1234025
86161441,0.85,0.8556,2,1234067
86162901,0.86,0.85912,2,1234067
86164361,0.81,0.819824,2,1234099
86165821,0.82,0.819965,2,1234099
86167281,0.85,0.843993,2,1234125
86168741,0.86,0.856799,2,1234125
86170201,0.73,0.75536,2,1234154
86171661,0.74,0.743072,1,1234154
86173121,0.79,0.780614,2,1234173
86127861,0.71,0.724123,1,1234191
86174581,0.61,0.632825,1,1234244
86176041,0.71,0.694565,1,1234282
86177501,0.63,0.642913,1,1234338
86178961,0.55,0.568583,1,1234385
86180421,0.47,0.489717,1,1234423
86181881,0.47,0.473943,1,1234454
86183341,0.35,0.374789,1,1234490
86184801,0.33,0.338958,1,1234530
86186261,0.25,0.267792,1,1234560
86187721,0.19,0.205558,1,1234589
86189181,0.21,0.209112,1,1234611
86190641,0.21,0.209822,1,1234612
86192101,0.25,0.241964,1,1234633
86193561,0.21,0.216393,1,1234647
86195021,0.23,0.227279,1,1234738
86196481,0.24,0.237456,1,1234738
86197941,0.27,0.263491,1,1234833
86199401,0.28,0.276698,1,1234833
86200861,0.35,0.33534,1,1234898
86202321,0.36,0.355068,1,1234898
86203781,0.37,0.367014,1,1234967
86205241,0.38,0.377403,1,1234967
86206701,0.37,0.371481,1,1235019
86208161,0.38,0.378296,1,1235019
86209621,0.41,0.403659,1,1235043
86211081,0.42,0.416732,1,1235043
86212541,0.47,0.459346,1,1235078
86214001,0.48,0.475869,1,1235078
86215461,0.55,0.535174,1,1235171
86216921,0.56,0.555035,1,1235171
86218381,0.57,0.567007,1,1235268
86219841,0.58,0.577401,1,1235268
86221301,0.59,0.58748,1,1235337
86222761,0.6,0.597496,1,1235337
86224221,0.61,0.607499,1,1235407
86225681,0.62,0.6175,1,1235407
86227141,0.61,0.6115,1,1235459
86228601,0.62,0.6183,1,1235459
86230061,0.61,0.61166,1,1235485
86231521,0.62,0.618332,1,1235485
86232981,0.67,0.659666,1,1235523
86234441,0.68,0.675933,1,1235523
86235901,0.68,0.679187,1,1235523
86237361,0.67,0.671837,1,1235620
86238821,0.68,0.678367,1,1235620
86240281,0.73,0.719674,1,1235718
86241741,0.74,0.735935,1,1235718
86243201,0.77,0.763187,2,1235788
86244661,0.78,0.776637,2,1235788
86246121,0.81,0.803328,2,1235859
86247581,0.82,0.816665,2,1235859
86249041,0.81,0.811333,2,1235911
86250501,0.82,0.818267,2,1235911
86251961,0.83,0.827653,2,1235937
86253421,0.84,0.837531,2,1235937
86254881,0.81,0.815506,2,1235978
86256341,0.82,0.819101,2,1235978
86257801,0.81,0.81182,2,1236074
86259261,0.82,0.818364,2,1236074
86260721,0.91,0.891673,2,1236175
86262181,0.92,0.914335,2,1236175
86263641,0.91,0.910867,2,1236247
86265101,0.92,0.918173,2,1236247
86266561,0.93,0.927635,2,1236320
86268021,0.94,0.937527,2,1236320
86269481,0.93,0.931505,2,1236372
86270941,0.94,0.938301,2,1236372
86272401,0.91,0.91566,2,1236399
86273861,0.92,0.919132,2,1236399
86275321,0.91,0.911826,2,1236439
86276781,0.92,0.918365,2,1236439
86278241,0.91,0.911673,2,1236535
86279701,0.92,0.918335,2,1236535
86354161,0.88,0.88,2,1238115
86355621,0.89,0.888,2,1238115
86357081,0.95,0.9376,2,1238153
86377521,0.93,0.93,2,1238581
86378981,0.94,0.938,2,1238581
86425701,0.95,0.95,2,1239495
86470961,0.95,0.95,2,1240245
86476801,0.95,0.95,2,1240377
86479721,0.83,0.83,2,1240453
86481181,0.84,0.838,2,1240453
86482641,0.81,0.8156,2,1240498
86484101,0.82,0.81912,2,1240498
86485561,0.79,0.795824,2,1240535
86487021,0.8,0.799165,2,1240535
86488481,0.67,0.695833,1,1240616
86489941,0.68,0.683167,1,1240616
86491401,0.69,0.688633,1,1240652
86492861,0.7,0.697727,1,1240652
86494321,0.71,0.707545,1,1240684
86495781,0.72,0.717509,1,1240684
86497241,0.71,0.711502,1,1240716
86498701,0.72,0.7183,1,1240716
86500161,0.72,0.71966,1,1240716
86501621,0.71,0.711932,1,1240751
86503081,0.72,0.718386,1,1240751
86504541,0.79,0.775677,2,1240845
86506001,0.8,0.795135,2,1240845
86507461,0.79,0.791027,2,1240915
86508921,0.8,0.798205,2,1240915
86510381,0.85,0.839641,2,1240959
86511841,0.86,0.855928,2,1240959
86513301,0.81,0.819186,2,1240995
86514761,0.82,0.819837,2,1240995
86516221,0.89,0.875967,2,1241070
86517681,0.9,0.895193,2,1241070
86519141,0.91,0.907039,2,1241107
86520601,0.92,0.917408,2,1241107
86522061,0.93,0.927482,2,1241140
86523521,0.94,0.937496,2,1241140
86530821,0.95,0.95,2,1241208
86533741,0.92,0.92,2,1241306
86535201,0.93,0.928,2,1241306
86638861,0.92,0.92,2,1242998
86640321,0.93,0.928,2,1242998
86641781,0.92,0.9216,2,1243033
86643241,0.93,0.92832,2,1243033
86644701,0.95,0.945664,2,1243068
86647621,0.88,0.88,2,1243104
86649081,0.89,0.888,2,1243104
86650541,0.87,0.8736,2,1243135
86652001,0.88,0.87872,2,1243135
86653461,0.77,0.791744,2,1243175
86654921,0.78,0.782349,2,1243175
86656381,0.65,0.67647,1,1243213
86657841,0.66,0.663294,1,1243213
86659301,0.39,0.444659,1,1243304
86660761,0.4,0.408932,1,1243304
86662221,0.33,0.345786,1,1243336
86663681,0.34,0.341157,1,1243336
86665141,0.05,0.108231,1,1243388
86666601,0.06,0.0696463,1,1243388
86668061,0.09,0.0859293,1,1243427
86669521,0.1,0.0971859,1,1243427
86670981,0.01,0.0274372,1,1243479
86672441,0.02,0.0214874,1,1243479
86673901,0.01,0.0122975,1,1243508
86675361,0.02,0.0184595,1,1243508
86676821,0.05,0.0436919,1,1243539
86678281,0.06,0.0567384,1,1243539
86679741,0.01,0.0193477,1,1243571
86681201,0.02,0.0198695,1,1243571
86682661,0.07,0.0599739,1,1243601
86684121,0.08,0.0759948,1,1243601
86685581,0.05,0.055199,1,1243635
86687041,0.06,0.0590398,1,1243635
86688501,0.01,0.019808,1,1243667
86689961,0.02,0.0199616,1,1243667
86691421,0.15,0.123992,1,1243745
86692881,0.16,0.152798,1,1243745
86694341,0.16,0.15856,1,1243745
86695801,0.15,0.151712,1,1243774
86697261,0.16,0.158342,1,1243774
86698721,0.17,0.167668,1,1243812
86700181,0.18,0.177534,1,1243812
86701641,0.11,0.123507,1,1243853
86703101,0.12,0.120701,1,1243853
86704561,0.09,0.0961403,1,1243901
86706021,0.1,0.0992281,1,1243901
86707481,0.07,0.0758456,1,1243930
86708941,0.08,0.0791691,1,1243930
86710401,0.05,0.0558338,1,1243963
86711861,0.06,0.0591668,1,1243963
86713321,0.05,0.0518334,1,1243993
86714781,0.06,0.0583667,1,1243993
86716241,0.05,0.0516733,1,1244026
86717701,0.06,0.0583347,1,1244026
86719161,0.03,0.0356669,1,1244059
86720621,0.04,0.0391334,1,1244059
86722081,0.05,0.0478267,1,1244089
86723541,0.06,0.0575653,1,1244089
86725001,0.07,0.0675131,1,1244174
86726461,0.08,0.0775026,1,1244174
86727921,0.09,0.0875005,1,1244202
86729381,0.1,0.0975001,1,1244202
86730841,0.13,0.1235,1,1244241
86732301,0.14,0.1367,1,1244241
86733761,0.13,0.13134,1,1244279
86735221,0.14,0.138268,1,1244279
86736681,0.17,0.163654,1,1244326
86738141,0.18,0.176731,1,1244326
86739601,0.17,0.171346,1,1244354
86741061,0.18,0.178269,1,1244354
86742521,0.19,0.187654,1,1244386
86743981,0.2,0.197531,1,1244386
86745441,0.19,0.191506,1,1244416
86746901,0.2,0.198301,1,1244416
86748361,0.21,0.20766,1,1244449
86749821,0.22,0.217532,1,1244449
86751281,0.23,0.227506,1,1244481
86752741,0.24,0.237501,1,1244481
86754201,0.27,0.2635,1,1244512
86755661,0.28,0.2767,1,1244512
86757121,0.29,0.28734,1,1244598
86758581,0.3,0.297468,1,1244598
86760041,0.29,0.291494,1,1244627
86761501,0.3,0.298299,1,1244627
86762961,0.3,0.29966,1,1244627
86764421,0.29,0.291932,1,1244668
86765881,0.3,0.298386,1,1244668
86767341,0.33,0.323677,1,1244706
86768801,0.34,0.336735,1,1244706
86770261,0.33,0.331347,1,1244755
86771721,0.34,0.338269,1,1244755
86773181,0.33,0.331654,1,1244783
86774641,0.34,0.338331,1,1244783
86776101,0.33,0.331666,1,1244816
86777561,0.34,0.338333,1,1244816
86779021,0.33,0.331667,1,1244846
86780481,0.34,0.338333,1,1244846
86781941,0.35,0.347667,1,1244880
86783401,0.36,0.357533,1,1244880
86784861,0.39,0.383507,1,1244913
86786321,0.4,0.396701,1,1244913
86787781,0.41,0.40734,1,1244946
86789241,0.42,0.417468,1,1244946
86790701,0.45,0.443494,1,1245033
86792161,0.46,0.456699,1,1245033
86793621,0.47,0.46734,1,1245062
86795081,0.48,0.477468,1,1245062
86796541,0.47,0.471494,1,1245064
86798001,0.48,0.478299,1,1245064
86799461,0.47,0.47166,1,1245104
86800921,0.48,0.478332,1,1245104
86802381,0.49,0.487666,1,1245144
86803841,0.5,0.497533,1,1245144
86805301,0.47,0.475507,1,1245193
86806761,0.48,0.479101,1,1245193
86808221,0.47,0.47182,1,1245221
86809681,0.48,0.478364,1,1245221
86811141,0.47,0.471673,1,1245254
86812601,0.48,0.478335,1,1245254
86814061,0.47,0.471667,1,1245284
86815521,0.48,0.478333,1,1245284
86816981,0.49,0.487667,1,1245319
86818441,0.5,0.497533,1,1245319
86819901,0.53,0.523507,1,1245354
86821361,0.54,0.536701,1,1245354
86822821,0.57,0.56334,1,1245388
86824281,0.58,0.576668,1,1245388
86825741,0.59,0.587334,1,1245477
86827201,0.6,0.597467,1,1245477
86828661,0.61,0.607493,1,1245507
86830121,0.62,0.617499,1,1245507
86831581,0.61,0.6115,1,1245509
86833041,0.62,0.6183,1,1245509
86834501,0.63,0.62766,1,1245549
86835961,0.64,0.637532,1,1245549
86837421,0.64,0.639506,1,1245549
86838881,0.71,0.695901,1,1245590
86840341,0.72,0.71518,1,1245590
86841801,0.73,0.727036,1,1245638
86843261,0.74,0.737407,1,1245638
86844721,0.75,0.747481,1,1245666
86846181,0.76,0.757496,2,1245666
86847641,0.77,0.767499,2,1245699
86849101,0.78,0.7775,2,1245699
86850561,0.77,0.7715,2,1245729
86852021,0.78,0.7783,2,1245729
86853481,0.77,0.77166,2,1245765
86854941,0.78,0.778332,2,1245765
86856401,0.79,0.787666,2,1245802
86857861,0.8,0.797533,2,1245802
86859321,0.81,0.807507,2,1245838
86860781,0.82,0.817501,2,1245838
86862241,0.81,0.8115,2,1245928
86863701,0.82,0.8183,2,1245928
86865161,0.87,0.85966,2,1245959
86866621,0.88,0.875932,2,1245959
86868081,0.87,0.871186,2,1245961
86869541,0.88,0.878237,2,1245961
86871001,0.87,0.871647,2,1246002
86872461,0.88,0.878329,2,1246002
86873921,0.89,0.887666,2,1246046
86875381,0.9,0.897533,2,1246046
86876841,0.91,0.907507,2,1246095
86878301,0.92,0.917501,2,1246095
86879761,0.93,0.9275,2,1246124
86881221,0.94,0.9375,2,1246124
86882681,0.95,0.9475,2,1246158
86885601,0.95,0.95,2,1246188
86888521,0.95,0.95,2,1246224
86894361,0.95,0.95,2,1246299
87017001,0.93,0.93,2,1247893
87018461,0.94,0.938,2,1247893
87034521,0.91,0.91,2,1248104
87035981,0.92,0.918,2,1248104
87046201,0.87,0.87,2,1248335
87047661,0.83,0.838,2,1248377
87049121,0.77,0.7836,2,1248414
87050581,0.75,0.75672,2,1248449
87052041,0.75,0.751344,2,1248484
87053501,0.63,0.654269,1,1248534
87054961,0.63,0.634854,1,1248578
87056421,0.63,0.630971,1,1248609
87057881,0.57,0.582194,1,1248639
87059341,0.53,0.540439,1,1248657
87060801,0.63,0.612088,1,1248671
87062261,0.57,0.578418,1,1248690
87063721,0.51,0.523683,1,1248839
87065181,0.52,0.520737,1,1248839
87066641,0.57,0.560147,1,1248907
87068101,0.58,0.576029,1,1248907
87069561,0.61,0.603206,1,1248986
87071021,0.62,0.616641,1,1248986
87072481,0.63,0.627328,1,1249061
87073941,0.64,0.637466,1,1249061
87075401,0.61,0.615493,1,1249104
87076861,0.62,0.619099,1,1249104
87078321,0.65,0.64382,1,1249139
87079781,0.66,0.656764,1,1249139
87081241,0.66,0.659353,1,1249139
87082701,0.69,0.683871,1,1249286
87084161,0.7,0.696774,1,1249286
87085621,0.77,0.755355,2,1249357
87087081,0.78,0.775071,2,1249357
87088541,0.79,0.787014,2,1249438
87090001,0.8,0.797403,2,1249438
87091461,0.83,0.823481,2,1249514
87092921,0.84,0.836696,2,1249514
87094381,0.85,0.847339,2,1249556
87095841,0.86,0.857468,2,1249556
87097301,0.87,0.867494,2,1249593
87098761,0.88,0.877499,2,1249593
87100221,0.93,0.9195,2,1249741
87101681,0.94,0.9359,2,1249741
87179061,0.85,0.85,2,1251650
87180521,0.86,0.858,2,1251650
87181981,0.71,0.7396,1,1251690
87183441,0.72,0.72392,1,1251690
87184901,0.59,0.616784,1,1251729
87186361,0.6,0.603357,1,1251729
87187821,0.41,0.448671,1,1251810
87189281,0.42,0.425734,1,1251810
87190741,0.23,0.269147,1,1251888
87192201,0.24,0.245829,1,1251888
87193661,0.05,0.0891659,1,1251940
87195121,0.06,0.0658332,1,1251940
87196581,0.17,0.149167,1,1251983
87198041,0.18,0.173833,1,1251983
87199501,0.11,0.122767,1,1252114
87200961,0.12,0.120553,1,1252114
87202421,0.11,0.112111,1,1252146
87203881,0.12,0.118422,1,1252146
87205341,0.13,0.127684,1,1252179
87206801,0.14,0.137537,1,1252179
87208261,0.15,0.147507,1,1252251
87209721,0.16,0.157501,1,1252251
87211181,0.23,0.2155,1,1252320
87212641,0.24,0.2351,1,1252320
87214101,0.24,0.23902,1,1252320
87215561,0.13,0.151804,1,1252363
87217021,0.14,0.142361,1,1252363
87218481,0.21,0.196472,1,1252412
87219941,0.22,0.215294,1,1252412
87221401,0.21,0.211059,1,1252540
87222861,0.22,0.218212,1,1252540
87224321,0.21,0.211642,1,1252572
87225781,0.22,0.218328,1,1252572
87227241,0.21,0.211666,1,1252606
87228701,0.22,0.218333,1,1252606
87230161,0.21,0.211667,1,1252679
87231621,0.22,0.218333,1,1252679
87233081,0.25,0.243667,1,1252752
87234541,0.26,0.256733,1,1252752
87236001,0.25,0.251347,1,1252754
87237461,0.26,0.258269,1,1252754
87238921,0.25,0.251654,1,1252791
87240381,0.26,0.258331,1,1252791
87241841,0.29,0.283666,1,1252844
87243301,0.3,0.296733,1,1252844
87244761,0.29,0.291347,1,1252972
87246221,0.3,0.298269,1,1252972
87247681,0.31,0.307654,1,1253004
87249141,0.32,0.317531,1,1253004
87250601,0.31,0.311506,1,1253038
87252061,0.32,0.318301,1,1253038
87253521,0.29,0.29566,1,1253111
87254981,0.3,0.299132,1,1253111
87256441,0.31,0.307826,1,1253186
87257901,0.32,0.317565,1,1253186
87259361,0.31,0.311513,1,1253188
87260821,0.32,0.318303,1,1253188
87262281,0.32,0.319661,1,1253188
87263741,0.35,0.343932,1,1253225
87265201,0.36,0.356786,1,1253225
87266661,0.39,0.383357,1,1253280
87268121,0.4,0.396671,1,1253280
87269581,0.49,0.471334,1,1253408
87271041,0.5,0.494267,1,1253408
87272501,0.53,0.522853,1,1253441
87273961,0.54,0.536571,1,1253441
87275421,0.55,0.547314,1,1253475
87276881,0.56,0.557463,1,1253475
87278341,0.55,0.551493,1,1253547
87279801,0.56,0.558298,1,1253547
87281261,0.55,0.55166,1,1253623
87282721,0.56,0.558332,1,1253623
87284181,0.55,0.551666,1,1253625
87285641,0.56,0.558333,1,1253625
87287101,0.59,0.583667,1,1253663
87288561,0.6,0.596733,1,1253663
87290021,0.63,0.623347,1,1253720
87291481,0.64,0.636669,1,1253720
87292941,0.69,0.679334,1,1253853
87294401,0.7,0.695867,1,1253853
87295861,0.71,0.707173,1,1253888
87297321,0.72,0.717435,1,1253888
87298781,0.71,0.711487,1,1253923
87300241,0.72,0.718297,1,1253923
87301701,0.73,0.727659,1,1253995
87303161,0.74,0.737532,1,1253995
87304621,0.75,0.747506,1,1254071
87306081,0.76,0.757501,2,1254071
87307541,0.75,0.7515,2,1254073
87309001,0.76,0.7583,2,1254073
87310461,0.75,0.75166,2,1254113
87311921,0.76,0.758332,2,1254113
87313381,0.83,0.815666,2,1254172
87314841,0.84,0.835133,2,1254172
87316301,0.84,0.839027,2,1254172
87317761,0.95,0.927805,2,1254308
87424341,0.87,0.87,2,1256195
87425801,0.88,0.878,2,1256195
87427261,0.83,0.8396,2,1256227
87428721,0.84,0.83992,2,1256227
87430181,0.84,0.839984,2,1256227
87431641,0.83,0.831997,2,1256266
87433101,0.84,0.838399,2,1256266
87434561,0.75,0.76768,2,1256337
87436021,0.76,0.761536,2,1256337
87437481,0.59,0.624307,1,1256425
87438941,0.6,0.604861,1,1256425
87440401,0.59,0.592972,1,1256457
87441861,0.6,0.598594,1,1256457
87443321,0.47,0.495719,1,1256485
87444781,0.48,0.483144,1,1256485
87446241,0.39,0.408629,1,1256536
87447701,0.4,0.401726,1,1256536
87449161,0.31,0.328345,1,1256562
87450621,0.32,0.321669,1,1256562
87452081,0.19,0.216334,1,1256659
87453541,0.2,0.203267,1,1256659
87455001,0.17,0.176653,1,1256689
87456461,0.18,0.179331,1,1256689
87457921,0.17,0.171866,1,1256691
87459381,0.18,0.178373,1,1256691
87460841,0.17,0.171675,1,1256729
87462301,0.18,0.178335,1,1256729
87463761,0.07,0.091667,1,1256796
87465221,0.08,0.0823334,1,1256796
87466681,0.03,0.0404667,1,1256876
87468141,0.04,0.0400933,1,1256876
87469601,0.13,0.112019,1,1256908
87471061,0.14,0.134404,1,1256908
87472521,0.09,0.0988807,1,1256930
87473981,0.1,0.0997761,1,1256930
87475441,0.07,0.0759552,1,1256977
87476901,0.08,0.079191,1,1256977
87478361,0.11,0.103838,1,1256999
87479821,0.12,0.116768,1,1256999
87481281,0.09,0.0953535,1,1257090
87482741,0.1,0.0990707,1,1257090
87484201,0.07,0.0758141,1,1257119
87485661,0.08,0.0791628,1,1257119
87487121,0.07,0.0718326,1,1257121
87488581,0.08,0.0783665,1,1257121
87490041,0.11,0.103673,1,1257159
87491501,0.12,0.116735,1,1257159
87492961,0.12,0.119347,1,1257159
87494421,0.19,0.175869,1,1257221
87495881,0.2,0.195174,1,1257221
87497341,0.27,0.255035,1,1257299
87498801,0.28,0.275007,1,1257299
87500261,0.25,0.255001,1,1257336
87501721,0.26,0.259,1,1257336
87503181,0.25,0.2518,1,1257356
87504641,0.26,0.25836,1,1257356
87506101,0.27,0.267672,1,1257402
87507561,0.28,0.277534,1,1257402
87509021,0.29,0.287507,1,1257426
87510481,0.3,0.297501,1,1257426
87511941,0.31,0.3075,1,1257516
87513401,0.32,0.3175,1,1257516
87514861,0.33,0.3275,1,1257544
87516321,0.34,0.3375,1,1257544
87517781,0.33,0.3315,1,1257546
87519241,0.34,0.3383,1,1257546
87520701,0.35,0.34766,1,1257586
87522161,0.36,0.357532,1,1257586
87523621,0.37,0.367506,1,1257651
87525081,0.38,0.377501,1,1257651
87526541,0.43,0.4195,1,1257733
87528001,0.44,0.4359,1,1257733
87529461,0.45,0.44718,1,1257769
87530921,0.46,0.457436,1,1257769
87532381,0.45,0.451487,1,1257789
87533841,0.46,0.458297,1,1257789
87535301,0.49,0.483659,1,1257836
87536761,0.5,0.496732,1,1257836
87538221,0.47,0.475346,1,1257861
87539681,0.48,0.479069,1,1257861
87541141,0.49,0.487814,1,1257952
87542601,0.5,0.497563,1,1257952
87544061,0.51,0.507513,1,1257981
87545521,0.52,0.517503,1,1257981
87546981,0.51,0.5115,1,1257983
87548441,0.52,0.5183,1,1257983
87549901,0.49,0.49566,1,1258024
87551361,0.5,0.499132,1,1258024
87552821,0.57,0.555826,1,1258090
87554281,0.58,0.575165,1,1258090
87555741,0.58,0.579033,1,1258090
87557201,0.67,0.651807,1,1258175
87558661,0.68,0.674361,1,1258175
87560121,0.69,0.686872,1,1258212
87561581,0.7,0.697374,1,1258212
87563041,0.71,0.707475,1,1258232
87564501,0.72,0.717495,1,1258232
87565961,0.77,0.759499,2,1258281
87567421,0.78,0.7759,2,1258281
87568881,0.77,0.77118,2,1258305
87570341,0.78,0.778236,2,1258305
87571801,0.79,0.787647,2,1258397
87573261,0.8,0.797529,2,1258397
87574721,0.79,0.791506,2,1258427
87576181,0.8,0.798301,2,1258427
87577641,0.79,0.79166,2,1258429
87579101,0.8,0.798332,2,1258429
87580561,0.81,0.807666,2,1258469
87582021,0.82,0.817533,2,1258469
87583481,0.85,0.843507,2,1258539
87584941,0.86,0.856701,2,1258539
87586401,0.85,0.85134,2,1258541
87587861,0.86,0.858268,2,1258541
87589321,0.89,0.883654,2,1258630
87590781,0.9,0.896731,2,1258630
87592241,0.89,0.891346,2,1258668
87593701,0.9,0.898269,2,1258668
87595161,0.91,0.907654,2,1258689
87596621,0.92,0.917531,2,1258689
87598081,0.89,0.895506,2,1258741
87599541,0.9,0.899101,2,1258741
87601001,0.89,0.89182,2,1258765
87602461,0.9,0.898364,2,1258765
87603921,0.93,0.923673,2,1258858
87605381,0.94,0.936735,2,1258858
87606841,0.93,0.931347,2,1258888
87608301,0.94,0.938269,2,1258888
87609761,0.93,0.931654,2,1258890
87611221,0.94,0.938331,2,1258890
87612681,0.91,0.915666,2,1258931
87614141,0.92,0.919133,2,1258931
87615601,0.87,0.879827,2,1259003
87617061,0.88,0.879965,2,1259003
87618521,0.87,0.871993,2,1259005
87619981,0.88,0.878399,2,1259005
87768901,0.85,0.85,2,1261156
87770361,0.86,0.858,2,1261156
87771821,0.67,0.7076,1,1261188
87773281,0.68,0.68552,1,1261188
87774741,0.25,0.337104,1,1261277
87776201,0.26,0.275421,1,1261277
87777661,0.09,0.127084,1,1261316
87779121,0.1,0.105417,1,1261316
87780581,0.03,0.0450834,1,1261350
87782041,0.04,0.0410167,1,1261350
87783501,0.03,0.0322033,1,1261383
87784961,0.04,0.0384407,1,1261383
87786421,0,0.00768813,1,1261421
87787881,0,0.00153763,1,1261421
87789341,0,0.000307525,1,1261453
87790801,0,6.15051e-05,1,1261453
87792261,0.03,0.0240123,1,1261489
87793721,0.04,0.0368025,1,1261489
87795181,0.07,0.0633605,1,1261532
87796641,0.08,0.0766721,1,1261532
87798101,0.05,0.0553344,1,1261562
87799561,0.06,0.0590669,1,1261562
87801021,0.01,0.0198134,1,1261591
87802481,0.02,0.0199627,1,1261591
87803941,0.01,0.0119925,1,1261619
87805401,0.02,0.0183985,1,1261619
87806861,0.03,0.0276797,1,1261642
87808321,0.04,0.0375359,1,1261642
87809781,0.05,0.0475072,1,1261710
87811241,0.06,0.0575014,1,1261710
87812701,0.01,0.0195003,1,1261741
87814161,0.02,0.0199001,1,1261741
87815621,0.01,0.01198,1,1261772
87817081,0.02,0.018396,1,1261772
87818541,0.01,0.0116792,1,1261805
87820001,0.02,0.0183358,1,1261805
87821461,0,0.00366717,1,1261842
87822921,0,0.000733434,1,1261842
87824381,0,0.000146687,1,1261874
87825841,0,2.93373e-05,1,1261874
87827301,0.01,0.00800587,1,1261911
87828761,0.02,0.0176012,1,1261911
87830221,0.11,0.0915202,1,1261956
87831681,0.12,0.114304,1,1261956
87833141,0.09,0.0948608,1,1261985
87834601,0.1,0.0989722,1,1261985
87836061,0.09,0.0917944,1,1262012
87837521,0.1,0.0983589,1,1262012
87838981,0.09,0.0916718,1,1262040
87840441,0.1,0.0983344,1,1262040
87841901,0.13,0.123667,1,1262064
87843361,0.14,0.136733,1,1262064
87844821,0.14,0.139347,1,1262064
87846281,0.13,0.131869,1,1262133
87847741,0.14,0.138374,1,1262133
87849201,0.11,0.115675,1,1262162
87850661,0.12,0.119135,1,1262162
87852121,0.11,0.111827,1,1262193
87853581,0.12,0.118365,1,1262193
87855041,0.01,0.0316731,1,1262226
87856501,0.02,0.0223346,1,1262226
87857961,0,0.00446692,1,1262263
87859421,0,0.000893385,1,1262263
87860881,0.01,0.00817868,1,1262295
87862341,0.02,0.0176357,1,1262295
87863801,0.01,0.0115271,1,1262332
87865261,0.02,0.0183054,1,1262332
87866721,0.05,0.0436611,1,1262382
87868181,0.06,0.0567322,1,1262382
87869641,0.07,0.0673464,1,1262410
87871101,0.08,0.0774693,1,1262410
87872561,0.11,0.103494,1,1262437
87874021,0.12,0.116699,1,1262437
87875481,0.11,0.11134,1,1262465
87876941,0.12,0.118268,1,1262465
87878401,0.17,0.159654,1,1262491
87879861,0.18,0.175931,1,1262491
87881321,0.17,0.171186,1,1262493
87882781,0.18,0.178237,1,1262493
87884241,0.15,0.155647,1,1262561
87885701,0.16,0.159129,1,1262561
87887161,0.15,0.151826,1,1262589
87888621,0.16,0.158365,1,1262589
87890081,0.17,0.167673,1,1262620
87891541,0.18,0.177535,1,1262620
87893001,0.11,0.123507,1,1262648
87894461,0.12,0.120701,1,1262648
87895921,0.05,0.0641403,1,1262685
87897381,0.06,0.0608281,1,1262685
87898841,0.01,0.0201656,1,1262717
87900301,0.02,0.0200331,1,1262717
87901761,0.01,0.0120066,1,1262754
87903221,0.02,0.0184013,1,1262754
87904681,0.03,0.0276803,1,1262806
87906141,0.04,0.0375361,1,1262806
87907601,0.01,0.0155072,1,1262835
87909061,0.02,0.0191014,1,1262835
87910521,0.01,0.0118203,1,1262864
87911981,0.02,0.0183641,1,1262864
87913441,0.01,0.0116728,1,1262892
87914901,0.02,0.0183346,1,1262892
87916361,0.03,0.0276669,1,1262921
87917821,0.04,0.0375334,1,1262921
87919281,0.03,0.0315067,1,1262923
87920741,0.04,0.0383013,1,1262923
87922201,0.11,0.0956603,1,1262990
87923661,0.12,0.115132,1,1262990
87925121,0.12,0.119026,1,1262990
87926581,0.15,0.143805,1,1263018
87928041,0.16,0.156761,1,1263018
87929501,0.17,0.167352,1,1263050
87930961,0.18,0.17747,1,1263050
87932421,0.15,0.155494,1,1263075
87933881,0.16,0.159099,1,1263075
87935341,0.15,0.15182,1,1263109
87936801,0.16,0.158364,1,1263109
87938261,0.11,0.119673,1,1263139
87939721,0.12,0.119935,1,1263139
87941181,0.01,0.0319869,1,1263176
87942641,0.02,0.0223974,1,1263176
87944101,0.03,0.0284795,1,1263229
87945561,0.04,0.0376959,1,1263229
87947021,0.03,0.0315392,1,1263257
87948481,0.04,0.0383078,1,1263257
87949941,0.03,0.0316616,1,1263286
87951401,0.04,0.0383323,1,1263286
87952861,0.05,0.0476665,1,1263314
87954321,0.06,0.0575333,1,1263314
87955781,0.05,0.0515067,1,1263344
87957241,0.06,0.0583013,1,1263344
87958701,0.05,0.0516603,1,1263346
87960161,0.06,0.0583321,1,1263346
87961621,0.07,0.0676664,1,1263417
87963081,0.08,0.0775333,1,1263417
87964541,0.09,0.0875067,1,1263446
87966001,0.1,0.0975013,1,1263446
87967461,0.07,0.0755003,1,1263479
87968921,0.08,0.0791001,1,1263479
87970381,0.09,0.08782,1,1263503
87971841,0.1,0.097564,1,1263503
87973301,0.11,0.107513,1,1263537
87974761,0.12,0.117503,1,1263537
87976221,0.13,0.127501,1,1263565
87977681,0.14,0.1375,1,1263565
87979141,0.09,0.0995,1,1263597
87980601,0.1,0.0999,1,1263597
87982061,0.05,0.05998,1,1263651
87983521,0.06,0.059996,1,1263651
87984981,0.05,0.0519992,1,1263679
87986441,0.06,0.0583998,1,1263679
87987901,0.07,0.06768,1,1263708
87989361,0.08,0.077536,1,1263708
87990821,0.11,0.103507,1,1263737
87992281,0.12,0.116701,1,1263737
87993741,0.11,0.11134,1,1263767
87995201,0.12,0.118268,1,1263767
87996661,0.11,0.111654,1,1263769
87998121,0.12,0.118331,1,1263769
87999581,0.11,0.111666,1,1263841
88001041,0.12,0.118333,1,1263841
88002501,0.15,0.143667,1,1263871
88003961,0.16,0.156733,1,1263871
88005421,0.16,0.159347,1,1263871
88006881,0.21,0.199869,1,1263903
88008341,0.22,0.215974,1,1263903
88009801,0.27,0.259195,1,1263928
88011261,0.28,0.275839,1,1263928
88012721,0.25,0.255168,1,1263963
88014181,0.26,0.259034,1,1263963
88015641,0.27,0.267807,1,1263992
88017101,0.28,0.277561,1,1263992
88018561,0.31,0.303512,1,1264022
88020021,0.32,0.316702,1,1264022
88021481,0.31,0.31134,1,1264074
88022941,0.32,0.318268,1,1264074
88024401,0.31,0.311654,1,1264102
88025861,0.32,0.318331,1,1264102
88027321,0.33,0.327666,1,1264132
88028781,0.34,0.337533,1,1264132
88030241,0.37,0.363507,1,1264163
88031701,0.38,0.376701,1,1264163
88033161,0.37,0.37134,1,1264193
88034621,0.38,0.378268,1,1264193
88036081,0.37,0.371654,1,1264195
88037541,0.38,0.378331,1,1264195
88039001,0.41,0.403666,1,1264267
88040461,0.42,0.416733,1,1264267
88041921,0.41,0.411347,1,1264299
88043381,0.42,0.418269,1,1264299
88044841,0.41,0.411654,1,1264301
88046301,0.42,0.418331,1,1264301
88047761,0.43,0.427666,1,1264335
88049221,0.44,0.437533,1,1264335
88050681,0.45,0.447507,1,1264363
88052141,0.46,0.457501,1,1264363
88053601,0.45,0.4515,1,1264397
88055061,0.46,0.4583,1,1264397
88056521,0.45,0.45166,1,1264427
88057981,0.46,0.458332,1,1264427
88059441,0.47,0.467666,1,1264459
88060901,0.48,0.477533,1,1264459
88062361,0.49,0.487507,1,1264511
88063821,0.5,0.497501,1,1264511
88065281,0.53,0.5235,1,1264539
88066741,0.54,0.5367,1,1264539
88068201,0.51,0.51534,1,1264570
88069661,0.52,0.519068,1,1264570
88071121,0.55,0.543814,1,1264603
88072581,0.56,0.556763,1,1264603
88074041,0.55,0.551353,1,1264633
88075501,0.56,0.55827,1,1264633
88076961,0.55,0.551654,1,1264635
88078421,0.56,0.558331,1,1264635
88079881,0.51,0.519666,1,1264709
88081341,0.52,0.519933,1,1264709
88082801,0.51,0.511987,1,1264741
88084261,0.52,0.518397,1,1264741
88085721,0.51,0.511679,1,1264743
88087181,0.52,0.518336,1,1264743
88088641,0.57,0.559667,1,1264778
88090101,0.58,0.575933,1,1264778
88091561,0.58,0.579187,1,1264778
88093021,0.61,0.603837,1,1264807
88094481,0.62,0.616767,1,1264807
88095941,0.63,0.627354,1,1264841
88097401,0.64,0.637471,1,1264841
88098861,0.63,0.631494,1,1264871
88100321,0.64,0.638299,1,1264871
88101781,0.69,0.67966,1,1264904
88103241,0.7,0.695932,1,1264904
88104701,0.67,0.675186,1,1264957
88106161,0.68,0.679037,1,1264957
88107621,0.67,0.671807,1,1264987
88109081,0.68,0.678362,1,1264987
88110541,0.69,0.687672,1,1265017
88112001,0.7,0.697534,1,1265017
88113461,0.67,0.675507,1,1265052
88114921,0.68,0.679101,1,1265052
88116381,0.69,0.68782,1,1265082
88117841,0.7,0.697564,1,1265082
88119301,0.69,0.691513,1,1265084
88120761,0.7,0.698303,1,1265084
88122221,0.73,0.723661,1,1265156
88123681,0.74,0.736732,1,1265156
88125141,0.73,0.731346,1,1265188
88126601,0.74,0.738269,1,1265188
88128061,0.73,0.731654,1,1265190
88129521,0.74,0.738331,1,1265190
88130981,0.69,0.699666,1,1265228
88132441,0.7,0.699933,1,1265228
88133901,0.69,0.691987,1,1265258
88135361,0.7,0.698397,1,1265258
88136821,0.73,0.723679,1,1265293
88138281,0.74,0.736736,1,1265293
88139741,0.77,0.763347,2,1265323
88141201,0.78,0.776669,2,1265323
88142661,0.77,0.771334,2,1265359
88144121,0.78,0.778267,2,1265359
88145581,0.79,0.787653,2,1265411
88147041,0.8,0.797531,2,1265411
88148501,0.81,0.807506,2,1265441
88149961,0.82,0.817501,2,1265441
88151421,0.85,0.8435,2,1265472
88152881,0.86,0.8567,2,1265472
88154341,0.87,0.86734,2,1265506
88155801,0.88,0.877468,2,1265506
88157261,0.85,0.855494,2,1265537
88158721,0.86,0.859099,2,1265537
88160181,0.85,0.85182,2,1265539
88161641,0.86,0.858364,2,1265539
88163101,0.89,0.883673,2,1265613
88164561,0.9,0.896735,2,1265613
88166021,0.91,0.907347,2,1265645
88167481,0.92,0.917469,2,1265645
88168941,0.91,0.911494,2,1265647
88170401,0.92,0.918299,2,1265647
88171861,0.91,0.91166,2,1265683
88173321,0.92,0.918332,2,1265683
88174781,0.93,0.927666,2,1265713
88176241,0.94,0.937533,2,1265713
88326621,0.95,0.95,2,1267371
88332461,0.93,0.93,2,1267448
88333921,0.94,0.938,2,1267448
88335381,0.85,0.8676,2,1267480
88336841,0.86,0.86152,2,1267480
88338301,0.83,0.836304,2,1267518
88339761,0.84,0.839261,2,1267518
88341221,0.79,0.799852,2,1267547
88342681,0.8,0.79997,2,1267547
88344141,0.69,0.711994,1,1267580
88345601,0.7,0.702399,1,1267580
88347061,0.63,0.64448,1,1267608
88348521,0.64,0.640896,1,1267608
88349981,0.65,0.648179,1,1267626
88351441,0.66,0.657636,1,1267626
88352901,0.51,0.539527,1,1267658
88354361,0.52,0.523905,1,1267658
88355821,0.39,0.416781,1,1267687
88357281,0.4,0.403356,1,1267687
88358741,0.21,0.248671,1,1267727
88360201,0.22,0.225734,1,1267727
88361661,0.23,0.229147,1,1267754
88363121,0.24,0.237829,1,1267754
88364581,0.24,0.239566,1,1267754
88366041,0.21,0.215913,1,1267783
88367501,0.22,0.219183,1,1267783
88368961,0.11,0.131837,1,1267817
88370421,0.12,0.122367,1,1267817
88371881,0.05,0.0644735,1,1267849
88373341,0.06,0.0608947,1,1267849
88374801,0.03,0.0361789,1,1267885
88376261,0.04,0.0392358,1,1267885
88377721,0.03,0.0318472,1,1267915
88379181,0.04,0.0383694,1,1267915
88380641,0.05,0.0476739,1,1267943
88382101,0.06,0.0575348,1,1267943
88383561,0.03,0.035507,1,1267980
88385021,0.04,0.0391014,1,1267980
88386481,0.05,0.0478203,1,1268007
88387941,0.06,0.0575641,1,1268007
88389401,0.05,0.0515128,1,1268035
88390861,0.06,0.0583026,1,1268035
88392321,0.01,0.0196605,1,1268060
88393781,0.02,0.0199321,1,1268060
88395241,0.05,0.0439864,1,1268079
88396701,0.06,0.0567973,1,1268079
88398161,0.03,0.0353595,1,1268104
88399621,0.04,0.0390719,1,1268104
88401081,0.09,0.0798144,1,1268127
88402541,0.1,0.0959629,1,1268127
88404001,0.11,0.107193,1,1268158
88405461,0.12,0.117439,1,1268158
88406921,0.11,0.111488,1,1268186
88408381,0.12,0.118298,1,1268186
88409841,0.11,0.11166,1,1268188
88411301,0.12,0.118332,1,1268188
88412761,0.05,0.0636664,1,1268215
88414221,0.06,0.0607333,1,1268215
88415681,0.17,0.148147,1,1268244
88417141,0.18,0.173629,1,1268244
88418601,0.13,0.138726,1,1268273
88420061,0.14,0.139745,1,1268273
88421521,0.03,0.051949,1,1268308
88422981,0.04,0.0423898,1,1268308
88424441,0.05,0.048478,1,1268338
88425901,0.06,0.0576956,1,1268338
88427361,0.01,0.0195391,1,1268367
88428821,0.02,0.0199078,1,1268367
88430281,0.01,0.0119816,1,1268403
88431741,0.02,0.0183963,1,1268403
88433201,0.03,0.0276793,1,1268431
88434661,0.04,0.0375359,1,1268431
88436121,0.07,0.0635072,1,1268459
88437581,0.08,0.0767014,1,1268459
88439041,0.03,0.0393403,1,1268482
88440501,0.04,0.0398681,1,1268482
88441961,0.09,0.0799736,1,1268503
88443421,0.1,0.0959947,1,1268503
88444881,0.09,0.0911989,1,1268527
88446341,0.1,0.0982398,1,1268527
88447801,0.05,0.059648,1,1268553
88449261,0.06,0.0599296,1,1268553
88450721,0.07,0.0679859,1,1268585
88452181,0.08,0.0775972,1,1268585
88453641,0.07,0.0715194,1,1268613
88455101,0.08,0.0783039,1,1268613
88456561,0.07,0.0716608,1,1268615
88458021,0.08,0.0783322,1,1268615
88459481,0.09,0.0876664,1,1268639
88460941,0.1,0.0975333,1,1268639
88462401,0.1,0.0995067,1,1268639
88463861,0.09,0.0919013,1,1268674
88465321,0.1,0.0983803,1,1268674
88466781,0.07,0.0756761,1,1268701
88468241,0.08,0.0791352,1,1268701
88469701,0.07,0.071827,1,1268731
88471161,0.08,0.0783654,1,1268731
88472621,0.09,0.0876731,1,1268762
88474081,0.1,0.0975346,1,1268762
88475541,0.01,0.0275069,1,1268789
88477001,0.02,0.0215014,1,1268789
88478461,0.03,0.0283003,1,1268825
88479921,0.04,0.0376601,1,1268825
88481381,0.04,0.039532,1,1268854
88482841,0.05,0.0479064,1,1268854
88484301,0.05,0.0495813,1,1268884
88485761,0.06,0.0579163,1,1268884
88487221,0.03,0.0355833,1,1268905
88488681,0.04,0.0391167,1,1268905
88490141,0.01,0.0158233,1,1268929
88491601,0.02,0.0191647,1,1268929
88493061,0.01,0.0118329,1,1268953
88494521,0.02,0.0183666,1,1268953
88495981,0.03,0.0276733,1,1268977
88497441,0.04,0.0375347,1,1268977
88498901,0.07,0.0635069,1,1269010
88500361,0.08,0.0767014,1,1269010
88501821,0.09,0.0873403,1,1269038
88503281,0.1,0.0974681,1,1269038
88504741,0.09,0.0914936,1,1269040
88506201,0.1,0.0982987,1,1269040
88507661,0.07,0.0756597,1,1269065
88509121,0.08,0.0791319,1,1269065
88510581,0.07,0.0718264,1,1269099
88512041,0.08,0.0783653,1,1269099
88513501,0.09,0.0876731,1,1269125
88514961,0.1,0.0975346,1,1269125
88516421,0.13,0.123507,1,1269155
88517881,0.14,0.136701,1,1269155
88519341,0.13,0.13134,1,1269187
88520801,0.14,0.138268,1,1269187
88522261,0.13,0.131654,1,1269210
88523721,0.14,0.138331,1,1269210
88525181,0.07,0.0836661,1,1269247
88526641,0.08,0.0807332,1,1269247
88528101,0.07,0.0721466,1,1269276
88529561,0.08,0.0784293,1,1269276
88531021,0.13,0.119686,1,1269307
88532481,0.14,0.135937,1,1269307
88533941,0.13,0.131187,1,1269327
88535401,0.14,0.138237,1,1269327
88536861,0.15,0.147647,1,1269350
88538321,0.16,0.157529,1,1269350
88539781,0.15,0.151506,1,1269374
88541241,0.16,0.158301,1,1269374
88542701,0.15,0.15166,1,1269399
88544161,0.16,0.158332,1,1269399
88545621,0.19,0.183666,1,1269434
88547081,0.2,0.196733,1,1269434
88548541,0.21,0.207347,1,1269463
88550001,0.22,0.217469,1,1269463
88551461,0.21,0.211494,1,1269465
88552921,0.22,0.218299,1,1269465
88554381,0.21,0.21166,1,1269489
88555841,0.22,0.218332,1,1269489
88557301,0.21,0.211666,1,1269523
88558761,0.22,0.218333,1,1269523
88560221,0.25,0.243667,1,1269550
88561681,0.26,0.256733,1,1269550
88563141,0.26,0.259347,1,1269550
88564601,0.31,0.299869,1,1269582
88566061,0.32,0.315974,1,1269582
88567521,0.31,0.311195,1,1269614
88568981,0.32,0.318239,1,1269614
88570441,0.29,0.295648,1,1269637
88571901,0.3,0.29913,1,1269637
88573361,0.29,0.291826,1,1269671
88574821,0.3,0.298365,1,1269671
88576281,0.25,0.259673,1,1269700
88577741,0.26,0.259935,1,1269700
88579201,0.27,0.267987,1,1269734
88580661,0.28,0.277597,1,1269734
88582121,0.29,0.287519,1,1269754
88583581,0.3,0.297504,1,1269754
88585041,0.29,0.291501,1,1269778
88586501,0.3,0.2983,1,1269778
88587961,0.31,0.30766,1,1269802
88589421,0.32,0.317532,1,1269802
88590881,0.33,0.327506,1,1269827
88592341,0.34,0.337501,1,1269827
88593801,0.31,0.3155,1,1269864
88595261,0.32,0.3191,1,1269864
88596721,0.31,0.31182,1,1269894
88598181,0.32,0.318364,1,1269894
88599641,0.31,0.311673,1,1269896
88601101,0.32,0.318335,1,1269896
88602561,0.31,0.311667,1,1269920
88604021,0.32,0.318333,1,1269920
88605481,0.33,0.327667,1,1269954
88606941,0.34,0.337533,1,1269954
88608401,0.37,0.363507,1,1269983
88609861,0.38,0.376701,1,1269983
88611321,0.37,0.37134,1,1269985
88612781,0.38,0.378268,1,1269985
88614241,0.45,0.435654,1,1270019
88615701,0.46,0.455131,1,1270019
88617161,0.45,0.451026,1,1270051
88618621,0.46,0.458205,1,1270051
88620081,0.47,0.467641,1,1270073
88621541,0.48,0.477528,1,1270073
88623001,0.47,0.471506,1,1270107
88624461,0.48,0.478301,1,1270107
88625921,0.47,0.47166,1,1270134
88627381,0.48,0.478332,1,1270134
88628841,0.51,0.503666,1,1270169
88630301,0.52,0.516733,1,1270169
88631761,0.49,0.495347,1,1270190
88633221,0.5,0.499069,1,1270190
88634681,0.53,0.523814,1,1270214
88636141,0.54,0.536763,1,1270214
88637601,0.53,0.531353,1,1270239
88639061,0.54,0.538271,1,1270239
88640521,0.53,0.531654,1,1270265
88641981,0.54,0.538331,1,1270265
88643441,0.53,0.531666,1,1270301
88644901,0.54,0.538333,1,1270301
88646361,0.53,0.531667,1,1270331
88647821,0.54,0.538333,1,1270331
88649281,0.53,0.531667,1,1270333
88650741,0.54,0.538333,1,1270333
88652201,0.57,0.563667,1,1270357
88653661,0.58,0.576733,1,1270357
88655121,0.55,0.555347,1,1270392
88656581,0.56,0.559069,1,1270392
88658041,0.53,0.535814,1,1270423
88659501,0.54,0.539163,1,1270423
88660961,0.53,0.531833,1,1270425
88662421,0.54,0.538367,1,1270425
88663881,0.57,0.563673,1,1270463
88665341,0.58,0.576735,1,1270463
88666801,0.58,0.579347,1,1270463
88668261,0.61,0.603869,1,1270495
88669721,0.62,0.616774,1,1270495
88671181,0.59,0.595355,1,1270518
88672641,0.6,0.599071,1,1270518
88674101,0.59,0.591814,1,1270552
88675561,0.6,0.598363,1,1270552
88677021,0.63,0.623673,1,1270579
88678481,0.64,0.636735,1,1270579
88679941,0.65,0.647347,1,1270616
88681401,0.66,0.657469,1,1270616
88682861,0.67,0.667494,1,1270636
88684321,0.68,0.677499,1,1270636
88685781,0.63,0.6395,1,1270662
88687241,0.64,0.6399,1,1270662
88688701,0.69,0.67998,1,1270687
88690161,0.7,0.695996,1,1270687
88691621,0.71,0.707199,1,1270713
88693081,0.72,0.71744,1,1270713
88694541,0.71,0.711488,1,1270749
88696001,0.72,0.718298,1,1270749
88697461,0.71,0.71166,1,1270779
88698921,0.72,0.718332,1,1270779
88700381,0.71,0.711666,1,1270781
88701841,0.72,0.718333,1,1270781
88703301,0.71,0.711667,1,1270807
88704761,0.72,0.718333,1,1270807
88706221,0.71,0.711667,1,1270841
88707681,0.72,0.718333,1,1270841
88709141,0.71,0.711667,1,1270871
88710601,0.72,0.718333,1,1270871
88712061,0.71,0.711667,1,1270873
88713521,0.72,0.718333,1,1270873
88714981,0.71,0.711667,1,1270913
88716441,0.72,0.718333,1,1270913
88717901,0.71,0.711667,1,1270946
88719361,0.72,0.718333,1,1270946
88720821,0.73,0.727667,1,1270968
88722281,0.74,0.737533,1,1270968
88723741,0.73,0.731507,1,1271002
88725201,0.74,0.738301,1,1271002
88726661,0.77,0.76366,2,1271031
88728121,0.78,0.776732,2,1271031
88729581,0.79,0.787346,2,1271069
88731041,0.8,0.797469,2,1271069
88732501,0.81,0.807494,2,1271090
88733961,0.82,0.817499,2,1271090
88735421,0.81,0.8115,2,1271114
88736881,0.82,0.8183,2,1271114
88738341,0.81,0.81166,2,1271142
88739801,0.82,0.818332,2,1271142
88741261,0.87,0.859666,2,1271169
88742721,0.88,0.875933,2,1271169
88744181,0.89,0.887187,2,1271205
88745641,0.9,0.897437,2,1271205
88747101,0.89,0.891488,2,1271235
88748561,0.9,0.898297,2,1271235
88750021,0.89,0.89166,2,1271237
88751481,0.9,0.898332,2,1271237
88752941,0.89,0.891666,2,1271263
88754401,0.9,0.898333,2,1271263
88755861,0.91,0.907667,2,1271297
88757321,0.92,0.917533,2,1271297
88758781,0.91,0.911507,2,1271327
88760241,0.92,0.918301,2,1271327
88761701,0.91,0.91166,2,1271329
88763161,0.92,0.918332,2,1271329
88764621,0.91,0.911666,2,1271369
88766081,0.92,0.918333,2,1271369
88767541,0.95,0.943667,2,1271402
88948581,0.88,0.88,2,1273111
88950041,0.85,0.856,2,1273143
88951501,0.83,0.8352,2,1273175
88952961,0.73,0.75104,2,1273221
88954421,0.73,0.734208,1,1273240
88955881,0.65,0.666842,1,1273267
88957341,0.57,0.589368,1,1273298
88958801,0.45,0.477874,1,1273333
88960261,0.37,0.391575,1,1273351
88961721,0.37,0.374315,1,1273369
88963181,0.29,0.306863,1,1273401
88964641,0.19,0.213373,1,1273431
88966101,0,0.0426745,1,1273477
88967561,0.09,0.0805349,1,1273490
88969021,0.05,0.056107,1,1273505
88970481,0.05,0.0512214,1,1273521
88971941,0,0.0102443,1,1273536
88973401,0.03,0.0260489,1,1273606
88974861,0.04,0.0372098,1,1273606
88976321,0.03,0.031442,1,1273678
88977781,0.04,0.0382884,1,1273678
88979241,0.03,0.0316577,1,1273720
88980701,0.04,0.0383315,1,1273720
88982161,0.03,0.0316663,1,1273776
88983621,0.04,0.0383333,1,1273776
88985081,0.07,0.0636667,1,1273808
88986541,0.08,0.0767333,1,1273808
88988001,0.05,0.0553467,1,1273861
88989461,0.06,0.0590693,1,1273861
88990921,0.09,0.0838139,1,1273915
88992381,0.1,0.0967628,1,1273915
88993841,0.11,0.107353,1,1273944
88995301,0.12,0.117471,1,1273944
88996761,0.12,0.119494,1,1273944
88998221,0.07,0.0798988,1,1274028
88999681,0.08,0.0799798,1,1274028
89001141,0.05,0.055996,1,1274100
89002601,0.06,0.0591992,1,1274100
89004061,0.05,0.0518398,1,1274142
89005521,0.06,0.058368,1,1274142
89006981,0.03,0.0356736,1,1274198
89008441,0.04,0.0391347,1,1274198
89009901,0.03,0.0318269,1,1274232
89011361,0.04,0.0383654,1,1274232
89012821,0.03,0.0316731,1,1274284
89014281,0.04,0.0383346,1,1274284
89015741,0.05,0.0476669,1,1274340
89017201,0.06,0.0575334,1,1274340
89018661,0.07,0.0675067,1,1274370
89020121,0.08,0.0775013,1,1274370
89021581,0.07,0.0715003,1,1274372
89023041,0.08,0.0783001,1,1274372
89024501,0.01,0.02366,1,1274453
89025961,0.02,0.020732,1,1274453
89027421,0.05,0.0441464,1,1274524
89028881,0.06,0.0568293,1,1274524
89030341,0.13,0.115366,1,1274566
89031801,0.14,0.135073,1,1274566
89033261,0.07,0.0830146,1,1274621
89034721,0.08,0.0806029,1,1274621
89036181,0.09,0.0881206,1,1274655
89037641,0.1,0.0976241,1,1274655
89039101,0.07,0.0755248,1,1274707
89040561,0.08,0.079105,1,1274707
89042021,0.09,0.087821,1,1274764
89043481,0.1,0.0975642,1,1274764
89044941,0.09,0.0915128,1,1274795
89046401,0.1,0.0983026,1,1274795
89047861,0.09,0.0916605,1,1274797
89049321,0.1,0.0983321,1,1274797
89050781,0.13,0.123666,1,1274875
89052241,0.14,0.136733,1,1274875
89053701,0.14,0.139347,1,1274875
89055161,0.21,0.195869,1,1274948
89056621,0.22,0.215174,1,1274948
89058081,0.19,0.195035,1,1274994
89059541,0.2,0.199007,1,1274994
89061001,0.19,0.191801,1,1275046
89062461,0.2,0.19836,1,1275046
89063921,0.25,0.239672,1,1275081
89065381,0.26,0.255934,1,1275081
89066841,0.29,0.283187,1,1275132
89068301,0.3,0.296637,1,1275132
89069761,0.33,0.323327,1,1275190
89071221,0.34,0.336665,1,1275190
89072681,0.35,0.347333,1,1275221
89074141,0.36,0.357467,1,1275221
89075601,0.35,0.351493,1,1275223
89077061,0.36,0.358299,1,1275223
89078521,0.39,0.38366,1,1275303
89079981,0.4,0.396732,1,1275303
89081441,0.35,0.359346,1,1275379
89082901,0.36,0.359869,1,1275379
89084361,0.37,0.367974,1,1275424
89085821,0.38,0.377595,1,1275424
89087281,0.41,0.403519,1,1275476
89088741,0.42,0.416704,1,1275476
89090201,0.41,0.411341,1,1275514
89091661,0.42,0.418268,1,1275514
89093121,0.39,0.395654,1,1275567
89094581,0.4,0.399131,1,1275567
89096041,0.43,0.423826,1,1275627
89097501,0.44,0.436765,1,1275627
89098961,0.51,0.495353,1,1275659
89100421,0.52,0.515071,1,1275659
89101881,0.51,0.511014,1,1275661
89103341,0.52,0.518203,1,1275661
89104801,0.57,0.559641,1,1275743
89106261,0.58,0.575928,1,1275743
89107721,0.57,0.571186,1,1275817
89109181,0.58,0.578237,1,1275817
89110641,0.59,0.587647,1,1275863
89112101,0.6,0.597529,1,1275863
89113561,0.6,0.599506,1,1275863
89115021,0.69,0.671901,1,1275917
89116481,0.7,0.69438,1,1275917
89117941,0.69,0.690876,1,1275955
89119401,0.7,0.698175,1,1275955
89120861,0.69,0.691635,1,1276007
89122321,0.7,0.698327,1,1276007
89123781,0.71,0.707665,1,1276069
89125241,0.72,0.717533,1,1276069
89126701,0.67,0.679507,1,1276105
89128161,0.68,0.679901,1,1276105
89129621,0.67,0.67198,1,1276107
89131081,0.68,0.678396,1,1276107
89132541,0.67,0.671679,1,1276192
89134001,0.68,0.678336,1,1276192
89135461,0.69,0.687667,1,1276266
89136921,0.7,0.697533,1,1276266
89138381,0.71,0.707507,1,1276313
89139841,0.72,0.717501,1,1276313
89141301,0.71,0.7115,1,1276315
89142761,0.72,0.7183,1,1276315
89144221,0.81,0.79166,2,1276373
89145681,0.82,0.814332,2,1276373
89147141,0.83,0.826866,2,1276411
89148601,0.84,0.837373,2,1276411
89150061,0.83,0.831475,2,1276463
89151521,0.84,0.838295,2,1276463
89152981,0.89,0.879659,2,1276526
89154441,0.9,0.895932,2,1276526
89155901,0.89,0.891186,2,1276560
89157361,0.9,0.898237,2,1276560
89158821,0.89,0.891647,2,1276562
89160281,0.9,0.898329,2,1276562
89161741,0.91,0.907666,2,1276647
89163201,0.92,0.917533,2,1276647
89164661,0.93,0.927507,2,1276722
89166121,0.94,0.937501,2,1276722
89167581,0.93,0.9315,2,1276770
89169041,0.94,0.9383,2,1276770
89170501,0.93,0.93166,2,1276772
89171961,0.94,0.938332,2,1276772
89173421,0.94,0.939666,2,1276772
89296061,0.91,0.91,2,1278742
89297521,0.92,0.918,2,1278742
89298981,0.86,0.8716,2,1278770
89300441,0.87,0.87032,2,1278770
89304821,0.95,0.95,2,1278850
89309201,0.83,0.83,2,1278899
89310661,0.84,0.838,2,1278899
89312121,0.81,0.8156,2,1278941
89313581,0.82,0.81912,2,1278941
89315041,0.77,0.779824,2,1278980
89316501,0.78,0.779965,2,1278980
89317961,0.71,0.723993,1,1279016
89319421,0.72,0.720799,1,1279016
89320881,0.71,0.71216,1,1279102
89322341,0.72,0.718432,1,1279102
89323801,0.65,0.663686,1,1279137
89325261,0.66,0.660737,1,1279137
89326721,0.65,0.652147,1,1279190
89328181,0.66,0.658429,1,1279190
89329641,0.71,0.699686,1,1279214
89331101,0.72,0.715937,1,1279214
89332561,0.71,0.711187,1,1279240
89334021,0.72,0.718237,1,1279240
89335481,0.71,0.711647,1,1279288
89336941,0.72,0.71833,1,1279288
89338401,0.75,0.743666,1,1279320
89339861,0.76,0.756733,2,1279320
89341321,0.67,0.687347,1,1279361
89342781,0.68,0.681469,1,1279361
89344241,0.73,0.720294,1,1279402
89345701,0.74,0.736059,1,1279402
89347161,0.71,0.715212,1,1279439
89348621,0.72,0.719042,1,1279439
89350081,0.75,0.743808,1,1279472
89351541,0.76,0.756762,2,1279472
89353001,0.75,0.751352,2,1279558
89354461,0.76,0.75827,2,1279558
89355921,0.79,0.783654,2,1279590
89357381,0.8,0.796731,2,1279590
89358841,0.77,0.775346,2,1279643
89360301,0.78,0.779069,2,1279643
89361761,0.75,0.755814,2,1279670
89363221,0.76,0.759163,2,1279670
89364681,0.79,0.783833,2,1279696
89366141,0.8,0.796767,2,1279696
89367601,0.81,0.807353,2,1279744
89369061,0.82,0.817471,2,1279744
89370521,0.81,0.811494,2,1279778
89371981,0.82,0.818299,2,1279778
89373441,0.79,0.79566,2,1279815
89374901,0.8,0.799132,2,1279815
89376361,0.8,0.799826,2,1279815
89377821,0.85,0.839965,2,1279859
89379281,0.86,0.855993,2,1279859
89380741,0.89,0.883199,2,1279895
89382201,0.9,0.89664,2,1279895
89383661,0.91,0.907328,2,1279930
89385121,0.92,0.917466,2,1279930
89507761,0.94,0.94,2,1281630
89509221,0.95,0.948,2,1281630
89630401,0.92,0.92,2,1283211
89631861,0.93,0.928,2,1283211
89642081,0.85,0.85,2,1283359
89643541,0.86,0.858,2,1283359
89645001,0.79,0.8036,2,1283397
89646461,0.8,0.80072,2,1283397
89647921,0.75,0.760144,2,1283426
89649381,0.76,0.760029,2,1283426
89650841,0.61,0.640006,1,1283478
89652301,0.62,0.624001,1,1283478
89653761,0.49,0.5168,1,1283515
89655221,0.5,0.50336,1,1283515
89656681,0.41,0.428672,1,1283553
89658141,0.42,0.421734,1,1283553
89659601,0.29,0.316347,1,1283597
89661061,0.3,0.303269,1,1283597
89662521,0.19,0.212654,1,1283634
89663981,0.2,0.202531,1,1283634
89665441,0.11,0.128506,1,1283657
89666901,0.12,0.121701,1,1283657
89668361,0.03,0.0483402,1,1283690
89669821,0.04,0.041668,1,1283690
89671281,0.05,0.0483336,1,1283715
89672741,0.06,0.0576667,1,1283715
89674201,0.05,0.0515333,1,1283758
89675661,0.06,0.0583067,1,1283758
89677121,0.01,0.0196613,1,1283799
89678581,0.02,0.0199323,1,1283799
89680041,0.01,0.0119865,1,1283822
89681501,0.02,0.0183973,1,1283822
89682961,0.03,0.0276795,1,1283857
89684421,0.04,0.0375359,1,1283857
89685881,0.09,0.0795072,1,1283884
89687341,0.1,0.0959014,1,1283884
89688801,0.1,0.0991803,1,1283884
89690261,0.11,0.107836,1,1283929
89691721,0.12,0.117567,1,1283929
89693181,0.11,0.111513,1,1283960
89694641,0.12,0.118303,1,1283960
89696101,0.07,0.0796605,1,1283994
89697561,0.08,0.0799321,1,1283994
89699021,0.11,0.103986,1,1284032
89700481,0.12,0.116797,1,1284032
89701941,0.15,0.143359,1,1284064
89703401,0.16,0.156672,1,1284064
89704861,0.11,0.119334,1,1284083
89706321,0.12,0.119867,1,1284083
89707781,0.13,0.127973,1,1284112
89709241,0.14,0.137595,1,1284112
89710701,0.01,0.0355189,1,1284138
89712161,0.02,0.0231038,1,1284138
89713621,0.09,0.0766208,1,1284181
89715081,0.1,0.0953242,1,1284181
89716541,0.11,0.107065,1,1284220
89718001,0.12,0.117413,1,1284220
89719461,0.07,0.0794826,1,1284243
89720921,0.08,0.0798965,1,1284243
89722381,0.01,0.0239793,1,1284279
89723841,0.02,0.0207959,1,1284279
89725301,0.09,0.0761592,1,1284309
89726761,0.1,0.0952318,1,1284309
89728221,0.09,0.0910464,1,1284311
89729681,0.1,0.0982093,1,1284311
89731141,0.13,0.123642,1,1284356
89732601,0.14,0.136728,1,1284356
89734061,0.11,0.115346,1,1284387
89735521,0.12,0.119069,1,1284387
89736981,0.13,0.127814,1,1284419
89738441,0.14,0.137563,1,1284419
89739901,0.13,0.131513,1,1284459
89741361,0.14,0.138303,1,1284459
89742821,0.13,0.131661,1,1284493
89744281,0.14,0.138332,1,1284493
89745741,0.15,0.147666,1,1284510
89747201,0.16,0.157533,1,1284510
89748661,0.19,0.183507,1,1284540
89750121,0.2,0.196701,1,1284540
89751581,0.19,0.19134,1,1284560
89753041,0.2,0.198268,1,1284560
89754501,0.15,0.159654,1,1284607
89755961,0.16,0.159931,1,1284607
89757421,0.19,0.183986,1,1284647
89758881,0.2,0.196797,1,1284647
89760341,0.21,0.207359,1,1284668
89761801,0.22,0.217472,1,1284668
89763261,0.21,0.211494,1,1284701
89764721,0.22,0.218299,1,1284701
89766181,0.17,0.17966,1,1284735
89767641,0.18,0.179932,1,1284735
89769101,0.17,0.171986,1,1284737
89770561,0.18,0.178397,1,1284737
89772021,0.21,0.203679,1,1284784
89773481,0.22,0.216736,1,1284784
89774941,0.22,0.219347,1,1284784
89776401,0.25,0.243869,1,1284814
89777861,0.26,0.256774,1,1284814
89779321,0.23,0.235355,1,1284847
89780781,0.24,0.239071,1,1284847
89782241,0.23,0.231814,1,1284887
89783701,0.24,0.238363,1,1284887
89785161,0.27,0.263673,1,1284921
89786621,0.28,0.276735,1,1284921
89788081,0.27,0.271347,1,1284939
89789541,0.28,0.278269,1,1284939
89791001,0.29,0.287654,1,1284971
89792461,0.3,0.297531,1,1284971
89793921,0.31,0.307506,1,1284991
89795381,0.32,0.317501,1,1284991
89796841,0.29,0.2955,1,1285036
89798301,0.3,0.2991,1,1285036
89799761,0.29,0.29182,1,1285078
89801221,0.3,0.298364,1,1285078
89802681,0.29,0.291673,1,1285100
89804141,0.3,0.298335,1,1285100
89805601,0.29,0.291667,1,1285133
89807061,0.3,0.298333,1,1285133
89808521,0.33,0.323667,1,1285165
89809981,0.34,0.336733,1,1285165
89811441,0.33,0.331347,1,1285167
89812901,0.34,0.338269,1,1285167
89814361,0.37,0.363654,1,1285216
89815821,0.38,0.376731,1,1285216
89817281,0.37,0.371346,1,1285247
89818741,0.38,0.378269,1,1285247
89820201,0.37,0.371654,1,1285279
89821661,0.38,0.378331,1,1285279
89823121,0.39,0.387666,1,1285319
89824581,0.4,0.397533,1,1285319
89826041,0.41,0.407507,1,1285355
89827501,0.42,0.417501,1,1285355
89828961,0.41,0.4115,1,1285373
89830421,0.42,0.4183,1,1285373
89831881,0.43,0.42766,1,1285406
89833341,0.44,0.437532,1,1285406
89834801,0.41,0.415506,1,1285427
89836261,0.42,0.419101,1,1285427
89837721,0.43,0.42782,1,1285471
89839181,0.44,0.437564,1,1285471
89840641,0.47,0.463513,1,1285513
89842101,0.48,0.476703,1,1285513
89843561,0.49,0.487341,1,1285535
89845021,0.5,0.497468,1,1285535
89846481,0.47,0.475494,1,1285568
89847941,0.48,0.479099,1,1285568
89849401,0.47,0.47182,1,1285602
89850861,0.48,0.478364,1,1285602
89852321,0.47,0.471673,1,1285604
89853781,0.48,0.478335,1,1285604
89855241,0.47,0.471667,1,1285655
89856701,0.48,0.478333,1,1285655
89858161,0.53,0.519667,1,1285686
89859621,0.54,0.535933,1,1285686
89861081,0.53,0.531187,1,1285718
89862541,0.54,0.538237,1,1285718
89864001,0.54,0.539647,1,1285718
89865461,0.55,0.547929,1,1285759
89866921,0.56,0.557586,1,1285759
89868381,0.57,0.567517,1,1285796
89869841,0.58,0.577503,1,1285796
89871301,0.57,0.571501,1,1285814
89872761,0.58,0.5783,1,1285814
89874221,0.59,0.58766,1,1285848
89875681,0.6,0.597532,1,1285848
89877141,0.63,0.623506,1,1285868
89878601,0.64,0.636701,1,1285868
89880061,0.63,0.63134,1,1285913
89881521,0.64,0.638268,1,1285913
89882981,0.63,0.631654,1,1285957
89884441,0.64,0.638331,1,1285957
89885901,0.65,0.647666,1,1285980
89887361,0.66,0.657533,1,1285980
89888821,0.65,0.651507,1,1286012
89890281,0.66,0.658301,1,1286012
89891741,0.65,0.65166,1,1286046
89893201,0.66,0.658332,1,1286046
89894661,0.65,0.651666,1,1286048
89896121,0.66,0.658333,1,1286048
89897581,0.71,0.699667,1,1286099
89899041,0.72,0.715933,1,1286099
89900501,0.73,0.727187,1,1286133
89901961,0.74,0.737437,1,1286133
89903421,0.75,0.747487,1,1286165
89904881,0.76,0.757497,2,1286165
89906341,0.75,0.751499,2,1286167
89907801,0.76,0.7583,2,1286167
89909261,0.79,0.78366,2,1286208
89910721,0.8,0.796732,2,1286208
89912181,0.79,0.791346,2,1286246
89913641,0.8,0.798269,2,1286246
89915101,0.79,0.791654,2,1286264
89916561,0.8,0.798331,2,1286264
89918021,0.81,0.807666,2,1286299
89919481,0.82,0.817533,2,1286299
89920941,0.81,0.811507,2,1286321
89922401,0.82,0.818301,2,1286321
89923861,0.83,0.82766,2,1286366
89925321,0.84,0.837532,2,1286366
89926781,0.87,0.863506,2,1286410
89928241,0.88,0.876701,2,1286410
89929701,0.89,0.88734,2,1286434
89931161,0.9,0.897468,2,1286434
89932621,0.89,0.891494,2,1286466
89934081,0.9,0.898299,2,1286466
89935541,0.91,0.90766,2,1286500
89937001,0.92,0.917532,2,1286500
89938461,0.91,0.911506,2,1286502
89939921,0.92,0.918301,2,1286502
89944301,0.95,0.95,2,1286591
89947221,0.95,0.95,2,1286624
89950141,0.95,0.95,2,1286626
90122421,0.92,0.92,2,1288467
90123881,0.93,0.928,2,1288467
90125341,0.88,0.8896,2,1288498
90126801,0.89,0.88992,2,1288498
90128261,0.84,0.849984,2,1288532
90129721,0.85,0.849997,2,1288532
90131181,0.77,0.785999,2,1288562
90132641,0.78,0.7812,2,1288562
90134101,0.69,0.70824,1,1288582
90135561,0.7,0.701648,1,1288582
90137021,0.59,0.61233,1,1288617
90138481,0.6,0.602466,1,1288617
90139941,0.45,0.480493,1,1288649
90141401,0.46,0.464099,1,1288649
90142861,0.43,0.43682,1,1288675
90144321,0.44,0.439364,1,1288675
90145781,0.44,0.439873,1,1288675
90147241,0.39,0.399975,1,1288688
90148701,0.4,0.399995,1,1288688
90150161,0.29,0.311999,1,1288714
90151621,0.3,0.3024,1,1288714
90153081,0.13,0.16448,1,1288753
90154541,0.14,0.144896,1,1288753
90156001,0.09,0.100979,1,1288784
90157461,0.1,0.100196,1,1288784
90158921,0.07,0.0760392,1,1288821
90160381,0.08,0.0792078,1,1288821
90161841,0.05,0.0558416,1,1288856
90163301,0.06,0.0591683,1,1288856
90164761,0.05,0.0518337,1,1288887
90166221,0.06,0.0583667,1,1288887
90167681,0.03,0.0356733,1,1288907
90169141,0.04,0.0391347,1,1288907
90170601,0.01,0.0158269,1,1288940
90172061,0.02,0.0191654,1,1288940
90173521,0,0.00383308,1,1288965
90174981,0,0.000766615,1,1288965
90176441,0.03,0.0241533,1,1288996
90177901,0.04,0.0368307,1,1288996
90179361,0.05,0.0473661,1,1289022
90180821,0.06,0.0574732,1,1289022
90182281,0.05,0.0514946,1,1289038
90183741,0.06,0.0582989,1,1289038
90185201,0.01,0.0196598,1,1289068
90186661,0.02,0.019932,1,1289068
90188121,0.05,0.0439864,1,1289093
90189581,0.06,0.0567973,1,1289093
90191041,0.03,0.0353595,1,1289118
90192501,0.04,0.0390719,1,1289118
90193961,0.03,0.0318144,1,1289128
90195421,0.04,0.0383629,1,1289128
90196881,0.11,0.0956726,1,1289149
90198341,0.12,0.115135,1,1289149
90199801,0.05,0.0630269,1,1289180
90201261,0.06,0.0606054,1,1289180
90202721,0.05,0.0521211,1,1289209
90204181,0.06,0.0584242,1,1289209
90205641,0.03,0.0356848,1,1289245
90207101,0.04,0.039137,1,1289245
90208561,0.03,0.0318274,1,1289279
90210021,0.04,0.0383655,1,1289279
90211481,0.01,0.0156731,1,1289310
90212941,0.02,0.0191346,1,1289310
90214401,0.09,0.0758269,1,1289329
90215861,0.1,0.0951654,1,1289329
90217321,0.05,0.0590331,1,1289361
90218781,0.06,0.0598066,1,1289361
90220241,0.05,0.0519613,1,1289386
90221701,0.06,0.0583923,1,1289386
90223161,0.07,0.0676785,1,1289418
90224621,0.08,0.0775357,1,1289418
90226081,0.03,0.0395071,1,1289445
90227541,0.04,0.0399014,1,1289445
90229001,0.07,0.0639803,1,1289461
90230461,0.08,0.0767961,1,1289461
90231921,0.03,0.0393592,1,1289489
90233381,0.04,0.0398718,1,1289489
90234841,0.03,0.0319744,1,1289516
90236301,0.04,0.0383949,1,1289516
90237761,0.05,0.047679,1,1289540
90239221,0.06,0.0575358,1,1289540
90240681,0.01,0.0195072,1,1289550
90242141,0.02,0.0199014,1,1289550
90243601,0.03,0.0279803,1,1289575
90245061,0.04,0.0375961,1,1289575
90246521,0.04,0.0395192,1,1289575
90247981,0.11,0.0959038,1,1289603
90249441,0.12,0.115181,1,1289603
90250901,0.13,0.127036,1,1289632
90252361,0.14,0.137407,1,1289632
90253821,0.07,0.0834814,1,1289667
90255281,0.08,0.0806963,1,1289667
90256741,0.01,0.0241393,1,1289701
90258201,0.02,0.0208279,1,1289701
90259661,0.05,0.0441656,1,1289731
90261121,0.06,0.0568331,1,1289731
90262581,0.05,0.0513666,1,1289754
90264041,0.06,0.0582733,1,1289754
90265501,0.07,0.0676547,1,1289784
90266961,0.08,0.0775309,1,1289784
90268421,0.03,0.0395062,1,1289809
90269881,0.04,0.0399012,1,1289809
90271341,0.03,0.0319802,1,1289842
90272801,0.04,0.038396,1,1289842
90274261,0.03,0.0316792,1,1289867
90275721,0.04,0.0383358,1,1289867
90277181,0.03,0.0316672,1,1289885
90278641,0.04,0.0383334,1,1289885
90280101,0.03,0.0316667,1,1289911
90281561,0.04,0.0383333,1,1289911
90283021,0.03,0.0316667,1,1289938
90284481,0.04,0.0383333,1,1289938
90285941,0.05,0.0476667,1,1289963
90287401,0.06,0.0575333,1,1289963
90288861,0.05,0.0515067,1,1289971
90290321,0.06,0.0583013,1,1289971
90291781,0.09,0.0836603,1,1289997
90293241,0.1,0.0967321,1,1289997
90294701,0.09,0.0913464,1,1289999
90296161,0.1,0.0982693,1,1289999
90297621,0.13,0.123654,1,1290030
90299081,0.14,0.136731,1,1290030
90300541,0.15,0.147346,1,1290060
90302001,0.16,0.157469,1,1290060
90303461,0.17,0.167494,1,1290092
90304921,0.18,0.177499,1,1290092
90306381,0.15,0.1555,1,1290123
90307841,0.16,0.1591,1,1290123
90309301,0.11,0.11982,1,1290155
90310761,0.12,0.119964,1,1290155
90312221,0.05,0.0639928,1,1290178
90313681,0.06,0.0607986,1,1290178
90315141,0.05,0.0521597,1,1290209
90316601,0.06,0.0584319,1,1290209
90318061,0.03,0.0356864,1,1290232
90319521,0.04,0.0391373,1,1290232
90320981,0.03,0.0318275,1,1290265
90322441,0.04,0.0383655,1,1290265
90323901,0.01,0.0156731,1,1290290
90325361,0.02,0.0191346,1,1290290
90326821,0.03,0.0278269,1,1290308
90328281,0.04,0.0375654,1,1290308
90329741,0.05,0.0475131,1,1290334
90331201,0.06,0.0575026,1,1290334
90332661,0.03,0.0355005,1,1290361
90334121,0.04,0.0391001,1,1290361
90335581,0.03,0.03182,1,1290387
90337041,0.04,0.038364,1,1290387
90338501,0.03,0.0316728,1,1290395
90339961,0.04,0.0383346,1,1290395
90341421,0.07,0.0636669,1,1290423
90342881,0.08,0.0767334,1,1290423
90344341,0.07,0.0713467,1,1290425
90345801,0.08,0.0782693,1,1290425
90347261,0.13,0.119654,1,1290458
90348721,0.14,0.135931,1,1290458
90350181,0.14,0.139186,1,1290458
90351641,0.15,0.147837,1,1290489
90353101,0.16,0.157567,1,1290489
90354561,0.17,0.167513,1,1290522
90356021,0.18,0.177503,1,1290522
90357481,0.19,0.187501,1,1290552
90358941,0.2,0.1975,1,1290552
90360401,0.21,0.2075,1,1290582
90361861,0.22,0.2175,1,1290582
90363321,0.21,0.2115,1,1290602
90364781,0.22,0.2183,1,1290602
90366241,0.19,0.19566,1,1290633
90367701,0.2,0.199132,1,1290633
90369161,0.19,0.191826,1,1290655
90370621,0.2,0.198365,1,1290655
90372081,0.17,0.175673,1,1290688
90373541,0.18,0.179135,1,1290688
90375001,0.19,0.187827,1,1290712
90376461,0.2,0.197565,1,1290712
90377921,0.21,0.207513,1,1290731
90379381,0.22,0.217503,1,1290731
90380841,0.25,0.243501,1,1290758
90382301,0.26,0.2567,1,1290758
90383761,0.27,0.26734,1,1290784
90385221,0.28,0.277468,1,1290784
90386681,0.27,0.271494,1,1290810
90388141,0.28,0.278299,1,1290810
90389601,0.27,0.27166,1,1290818
90391061,0.28,0.278332,1,1290818
90392521,0.27,0.271666,1,1290848
90393981,0.28,0.278333,1,1290848
90395441,0.27,0.271667,1,1290850
90396901,0.28,0.278333,1,1290850
90398361,0.25,0.255667,1,1290886
90399821,0.26,0.259133,1,1290886
90401281,0.25,0.251827,1,1290917
90402741,0.26,0.258365,1,1290917
90404201,0.29,0.283673,1,1290951
90405661,0.3,0.296735,1,1290951
90407121,0.29,0.291347,1,1290982
90408581,0.3,0.298269,1,1290982
90410041,0.31,0.307654,1,1291013
90411501,0.32,0.317531,1,1291013
90412961,0.33,0.327506,1,1291033
90414421,0.34,0.337501,1,1291033
90415881,0.33,0.3315,1,1291063
90417341,0.34,0.3383,1,1291063
90418801,0.33,0.33166,1,1291085
90420261,0.34,0.338332,1,1291085
90421721,0.37,0.363666,1,1291117
90423181,0.38,0.376733,1,1291117
90424641,0.39,0.387347,1,1291142
90426101,0.4,0.397469,1,1291142
90427561,0.41,0.407494,1,1291162
90429021,0.42,0.417499,1,1291162
90430481,0.43,0.4275,1,1291191
90431941,0.44,0.4375,1,1291191
90433401,0.47,0.4635,1,1291218
90434861,0.48,0.4767,1,1291218
90436321,0.49,0.48734,1,1291244
90437781,0.5,0.497468,1,1291244
90439241,0.49,0.491494,1,1291252
90440701,0.5,0.498299,1,1291252
90442161,0.49,0.49166,1,1291282
90443621,0.5,0.498332,1,1291282
90445081,0.49,0.491666,1,1291284
90446541,0.5,0.498333,1,1291284
90448001,0.47,0.475667,1,1291319
90449461,0.48,0.479133,1,1291319
90450921,0.47,0.471827,1,1291350
90452381,0.48,0.478365,1,1291350
90453841,0.45,0.455673,1,1291386
90455301,0.46,0.459135,1,1291386
90456761,0.46,0.459827,1,1291386
90458221,0.49,0.483965,1,1291417
90459681,0.5,0.496793,1,1291417
90461141,0.49,0.491359,1,1291449
90462601,0.5,0.498272,1,1291449
90464061,0.51,0.507654,1,1291470
90465521,0.52,0.517531,1,1291470
90466981,0.53,0.527506,1,1291500
90468441,0.54,0.537501,1,1291500
90469901,0.53,0.5315,1,1291522
90471361,0.54,0.5383,1,1291522
90472821,0.57,0.56366,1,1291556
90474281,0.58,0.576732,1,1291556
90475741,0.57,0.571346,1,1291582
90477201,0.58,0.578269,1,1291582
90478661,0.59,0.587654,1,1291603
90480121,0.6,0.597531,1,1291603
90481581,0.59,0.591506,1,1291633
90483041,0.6,0.598301,1,1291633
90484501,0.61,0.60766,1,1291662
90485961,0.62,0.617532,1,1291662
90487421,0.59,0.595506,1,1291689
90488881,0.6,0.599101,1,1291689
90490341,0.59,0.59182,1,1291697
90491801,0.6,0.598364,1,1291697
90493261,0.61,0.607673,1,1291727
90494721,0.62,0.617535,1,1291727
90496181,0.61,0.611507,1,1291729
90497641,0.62,0.618301,1,1291729
90499101,0.61,0.61166,1,1291763
90500561,0.62,0.618332,1,1291763
90502021,0.63,0.627666,1,1291794
90503481,0.64,0.637533,1,1291794
90504941,0.65,0.647507,1,1291829
90506401,0.66,0.657501,1,1291829
90507861,0.65,0.6515,1,1291831
90509321,0.66,0.6583,1,1291831
90510781,0.71,0.69966,1,1291863
90512241,0.72,0.715932,1,1291863
90513701,0.73,0.727186,1,1291895
90515161,0.74,0.737437,1,1291895
90516621,0.79,0.779487,2,1291917
90518081,0.8,0.795897,2,1291917
90519541,0.77,0.77518,2,1291948
90521001,0.78,0.779036,2,1291948
90522461,0.77,0.771807,2,1291970
90523921,0.78,0.778361,2,1291970
90525381,0.79,0.787672,2,1292006
90526841,0.8,0.797534,2,1292006
90528301,0.79,0.791507,2,1292032
90529761,0.8,0.798301,2,1292032
90531221,0.79,0.79166,2,1292054
90532681,0.8,0.798332,2,1292054
90534141,0.83,0.823666,2,1292084
90535601,0.84,0.836733,2,1292084
90537061,0.81,0.815347,2,1292114
90538521,0.82,0.819069,2,1292114
90539981,0.81,0.811814,2,1292140
90541441,0.82,0.818363,2,1292140
90542901,0.81,0.811673,2,1292148
90544361,0.82,0.818334,2,1292148
90545821,0.81,0.811667,2,1292179
90547281,0.82,0.818333,2,1292179
90548741,0.81,0.811667,2,1292181
90550201,0.82,0.818333,2,1292181
90551661,0.81,0.811667,2,1292215
90553121,0.82,0.818333,2,1292215
90554581,0.81,0.811667,2,1292247
90556041,0.82,0.818333,2,1292247
90557501,0.85,0.843667,2,1292283
90558961,0.86,0.856733,2,1292283
90560421,0.85,0.851347,2,1292285
90561881,0.86,0.858269,2,1292285
90563341,0.93,0.915654,2,1292320
90564801,0.94,0.935131,2,1292320
90566261,0.94,0.939026,2,1292320
90567721,0.93,0.931805,2,1292353
90569181,0.94,0.938361,2,1292353
90770661,0.94,0.94,2,1294231
90773581,0.93,0.93,2,1294327
90775041,0.91,0.914,2,1294355
90776501,0.91,0.9108,2,1294376
90777961,0.95,0.94216,2,1294413
90779421,0.81,0.836432,2,1294447
90780881,0.81,0.815286,2,1294481
90782341,0.83,0.827057,2,1294498
90783801,0.77,0.781411,2,1294533
90785261,0.65,0.676282,1,1294566
90786721,0.63,0.639256,1,1294595
90788181,0.57,0.583851,1,1294609
90789641,0.65,0.63677,1,1294624
90791101,0.53,0.551354,1,1294640
90792561,0.67,0.646271,1,1294655
90794021,0.55,0.569254,1,1294668
90795481,0.53,0.537851,1,1294709
90796941,0.55,0.54757,1,1294728
90798401,0.55,0.549514,1,1294748
90799861,0.53,0.533903,1,1294821
90801321,0.54,0.538781,1,1294821
90802781,0.45,0.467756,1,1294881
90804241,0.46,0.461551,1,1294881
90805701,0.37,0.38831,1,1294942
90807161,0.38,0.381662,1,1294942
90808621,0.49,0.468332,1,1294992
90810081,0.5,0.493666,1,1294992
90811541,0.47,0.474733,1,1295047
90813001,0.48,0.478947,1,1295047
90814461,0.49,0.487789,1,1295077
90815921,0.5,0.497558,1,1295077
90817381,0.55,0.539512,1,1295109
90818841,0.56,0.555902,1,1295109
90820301,0.55,0.55118,1,1295156
90821761,0.56,0.558236,1,1295156
90823221,0.59,0.583647,1,1295196
90824681,0.6,0.596729,1,1295196
90826141,0.59,0.591346,1,1295269
90827601,0.6,0.598269,1,1295269
90829061,0.55,0.559654,1,1295325
90830521,0.56,0.559931,1,1295325
90831981,0.61,0.599986,1,1295382
90833441,0.62,0.615997,1,1295382
90834901,0.61,0.611199,1,1295438
90836361,0.62,0.61824,1,1295438
90837821,0.61,0.611648,1,1295492
90839281,0.62,0.61833,1,1295492
90840741,0.63,0.627666,1,1295523
90842201,0.64,0.637533,1,1295523
90843661,0.65,0.647507,1,1295558
90845121,0.66,0.657501,1,1295558
90846581,0.69,0.6835,1,1295605
90848041,0.7,0.6967,1,1295605
90849501,0.69,0.69134,1,1295647
90850961,0.7,0.698268,1,1295647
90852421,0.7,0.699654,1,1295647
90853881,0.71,0.707931,1,1295720
90855341,0.72,0.717586,1,1295720
90856801,0.75,0.743517,1,1295774
90858261,0.76,0.756703,2,1295774
90859721,0.81,0.799341,2,1295834
90861181,0.82,0.815868,2,1295834
90862641,0.93,0.907174,2,1295890
90864101,0.94,0.933435,2,1295890
90988201,0.91,0.91,2,1297971
90989661,0.92,0.918,2,1297971
90991121,0.87,0.8796,2,1298022
90992581,0.88,0.87992,2,1298022
90994041,0.65,0.695984,1,1298090
90995501,0.66,0.667197,1,1298090
90996961,0.53,0.557439,1,1298141
90998421,0.54,0.543488,1,1298141
90999881,0.41,0.436698,1,1298176
91001341,0.42,0.42334,1,1298176
91002801,0.27,0.300668,1,1298212
91004261,0.28,0.284134,1,1298212
91005721,0.05,0.0968267,1,1298280
91007181,0.06,0.0673653,1,1298280
91008641,0.05,0.0534731,1,1298322
91010101,0.06,0.0586946,1,1298322
91011561,0.07,0.0677389,1,1298370
91013021,0.08,0.0775478,1,1298370
91014481,0.01,0.0235096,1,1298396
91015941,0.02,0.0207019,1,1298396
91017401,0.09,0.0761404,1,1298438
91018861,0.1,0.0952281,1,1298438
91020321,0.05,0.0590456,1,1298486
91021781,0.06,0.0598091,1,1298486
91023241,0.05,0.0519618,1,1298543
91024701,0.06,0.0583924,1,1298543
91026161,0.03,0.0356785,1,1298588
91027621,0.04,0.0391357,1,1298588
91029081,0.01,0.0158271,1,1298617
91030541,0.02,0.0191654,1,1298617
91032001,0.03,0.0278331,1,1298646
91033461,0.04,0.0375666,1,1298646
91034921,0.11,0.0955133,1,1298703
91036381,0.12,0.115103,1,1298703
91037841,0.12,0.119021,1,1298703
91039301,0.03,0.0478041,1,1298745
91040761,0.04,0.0415608,1,1298745
91042221,0.07,0.0643122,1,1298794
91043681,0.08,0.0768624,1,1298794
91045141,0.05,0.0553725,1,1298817
91046601,0.06,0.0590745,1,1298817
91048061,0,0.0118149,1,1298863
91049521,0,0.00236298,1,1298863
91050981,0.13,0.104473,1,1298909
91052441,0.14,0.132895,1,1298909
91053901,0.09,0.0985789,1,1298966
91055361,0.1,0.0997158,1,1298966
91056821,0.05,0.0599432,1,1299010
91058281,0.06,0.0599886,1,1299010
91059741,0.09,0.0839977,1,1299038
91061201,0.1,0.0967995,1,1299038
91062661,0.03,0.0433599,1,1299068
91064121,0.04,0.040672,1,1299068
91065581,0.01,0.0161344,1,1299129
91067041,0.02,0.0192269,1,1299129
91068501,0.01,0.0118454,1,1299131
91069961,0.02,0.0183691,1,1299131
91071421,0.03,0.0276738,1,1299168
91072881,0.04,0.0375348,1,1299168
91074341,0.01,0.015507,1,1299219
91075801,0.02,0.0191014,1,1299219
91077261,0.01,0.0118203,1,1299241
91078721,0.02,0.0183641,1,1299241
91080181,0.01,0.0116728,1,1299285
91081641,0.02,0.0183346,1,1299285
91083101,0.07,0.0596669,1,1299337
91084561,0.08,0.0759334,1,1299337
91086021,0.07,0.0711867,1,1299392
91087481,0.08,0.0782373,1,1299392
91088941,0.07,0.0716475,1,1299434
91090401,0.08,0.0783295,1,1299434
91091861,0.07,0.0716659,1,1299464
91093321,0.08,0.0783332,1,1299464
91094781,0.09,0.0876666,1,1299491
91096241,0.1,0.0975333,1,1299491
91097701,0.11,0.107507,1,1299551
91099161,0.12,0.117501,1,1299551
91100621,0.11,0.1115,1,1299553
91102081,0.12,0.1183,1,1299553
91103541,0.13,0.12766,1,1299591
91105001,0.14,0.137532,1,1299591
91106461,0.14,0.139506,1,1299591
91107921,0.09,0.0999013,1,1299641
91109381,0.1,0.0999803,1,1299641
91110841,0.11,0.107996,1,1299663
91112301,0.12,0.117599,1,1299663
91113761,0.01,0.0315198,1,1299707
91115221,0.02,0.022304,1,1299707
91116681,0.05,0.0444608,1,1299762
91118141,0.06,0.0568922,1,1299762
91119601,0.09,0.0833784,1,1299817
91121061,0.1,0.0966757,1,1299817
91122521,0.15,0.139335,1,1299859
91123981,0.16,0.155867,1,1299859
91125441,0.15,0.151173,1,1299889
91126901,0.16,0.158235,1,1299889
91128361,0.17,0.167647,1,1299917
91129821,0.18,0.177529,1,1299917
91131281,0.23,0.219506,1,1299978
91132741,0.24,0.235901,1,1299978
91134201,0.23,0.23118,1,1299980
91135661,0.24,0.238236,1,1299980
91137121,0.21,0.215647,1,1300019
91138581,0.22,0.219129,1,1300019
91140041,0.19,0.195826,1,1300066
91141501,0.2,0.199165,1,1300066
91142961,0.21,0.207833,1,1300089
91144421,0.22,0.217567,1,1300089
91145881,0.23,0.227513,1,1300128
91147341,0.24,0.237503,1,1300128
91148801,0.21,0.215501,1,1300185
91150261,0.22,0.2191,1,1300185
91151721,0.25,0.24382,1,1300242
91153181,0.26,0.256764,1,1300242
91154641,0.25,0.251353,1,1300287
91156101,0.26,0.258271,1,1300287
91157561,0.25,0.251654,1,1300317
91159021,0.26,0.258331,1,1300317
91160481,0.27,0.267666,1,1300346
91161941,0.28,0.277533,1,1300346
91163401,0.27,0.271507,1,1300410
91164861,0.28,0.278301,1,1300410
91166321,0.27,0.27166,1,1300412
91167781,0.28,0.278332,1,1300412
91169241,0.27,0.271666,1,1300450
91170701,0.28,0.278333,1,1300450
91172161,0.29,0.287667,1,1300496
91173621,0.3,0.297533,1,1300496
91175081,0.3,0.299507,1,1300496
91176541,0.33,0.323901,1,1300520
91178001,0.34,0.33678,1,1300520
91179461,0.37,0.363356,1,1300560
91180921,0.38,0.376671,1,1300560
91182381,0.41,0.403334,1,1300616
91183841,0.42,0.416667,1,1300616
91185301,0.45,0.443333,1,1300675
91186761,0.46,0.456667,1,1300675
91188221,0.43,0.435333,1,1300720
91189681,0.44,0.439067,1,1300720
91191141,0.45,0.447813,1,1300750
91192601,0.46,0.457563,1,1300750
91194061,0.49,0.483513,1,1300780
91195521,0.5,0.496703,1,1300780
91196981,0.51,0.50734,1,1300844
91198441,0.52,0.517468,1,1300844
91199901,0.51,0.511494,1,1300846
91201361,0.52,0.518299,1,1300846
91202821,0.51,0.51166,1,1300884
91204281,0.52,0.518332,1,1300884
91205741,0.51,0.511666,1,1300931
91207201,0.52,0.518333,1,1300931
91208661,0.51,0.511667,1,1300933
91210121,0.52,0.518333,1,1300933
91211581,0.55,0.543667,1,1300958
91213041,0.56,0.556733,1,1300958
91214501,0.55,0.551347,1,1301000
91215961,0.56,0.558269,1,1301000
91217421,0.51,0.519654,1,1301058
91218881,0.52,0.519931,1,1301058
91220341,0.55,0.543986,1,1301119
91221801,0.56,0.556797,1,1301119
91223261,0.59,0.583359,1,1301163
91224721,0.6,0.596672,1,1301163
91226181,0.57,0.575334,1,1301194
91227641,0.58,0.579067,1,1301194
91229101,0.57,0.571813,1,1301226
91230561,0.58,0.578363,1,1301226
91232021,0.61,0.603673,1,1301291
91233481,0.62,0.616735,1,1301291
91234941,0.61,0.611347,1,1301293
91236401,0.62,0.618269,1,1301293
91237861,0.61,0.611654,1,1301331
91239321,0.62,0.618331,1,1301331
91240781,0.61,0.611666,1,1301378
91242241,0.62,0.618333,1,1301378
91243701,0.61,0.611667,1,1301380
91245161,0.62,0.618333,1,1301380
91246621,0.63,0.627667,1,1301407
91248081,0.64,0.637533,1,1301407
91249541,0.64,0.639507,1,1301407
91251001,0.69,0.679901,1,1301449
91252461,0.7,0.69598,1,1301449
91253921,0.75,0.739196,1,1301505
91255381,0.76,0.755839,2,1301505
91256841,0.77,0.767168,2,1301568
91258301,0.78,0.777434,2,1301568
91259761,0.85,0.835487,2,1301614
91261221,0.86,0.855097,2,1301614
91262681,0.85,0.851019,2,1301644
91264141,0.86,0.858204,2,1301644
91265601,0.87,0.867641,2,1301676
91267061,0.88,0.877528,2,1301676
91268521,0.93,0.919506,2,1301743
91269981,0.94,0.935901,2,1301743
91271441,0.93,0.93118,2,1301745
91272901,0.94,0.938236,2,1301745
91274361,0.93,0.931647,2,1301783
91275821,0.94,0.938329,2,1301783
91286041,0.95,0.95,2,1301904
91432041,0.93,0.93,2,1303800
91433501,0.94,0.938,2,1303800
91437881,0.89,0.89,2,1303875
91439341,0.9,0.898,2,1303875
91440801,0.9,0.8996,2,1303905
91442261,0.91,0.90792,2,1303905
91443721,0.81,0.829584,2,1303941
91445181,0.82,0.821917,2,1303941
91446641,0.75,0.764383,2,1303979
91448101,0.76,0.760877,2,1303979
91449561,0.59,0.624175,1,1304017
91451021,0.6,0.604835,1,1304017
91452481,0.41,0.448967,1,1304065
91453941,0.42,0.425793,1,1304065
91455401,0.29,0.317159,1,1304131
91456861,0.3,0.303432,1,1304131
91458321,0.17,0.196686,1,1304173
91459781,0.18,0.183337,1,1304173
91461241,0.11,0.124667,1,1304190
91462701,0.12,0.120933,1,1304190
91464161,0.13,0.128187,1,1304216
91465621,0.14,0.137637,1,1304216
91467081,0.05,0.0675275,1,1304246
91468541,0.06,0.0615055,1,1304246
91470001,0.03,0.0363011,1,1304273
91471461,0.04,0.0392602,1,1304273
91472921,0.01,0.015852,1,1304289
91474381,0.02,0.0191704,1,1304289
91475841,0.03,0.0278341,1,1304342
91477301,0.04,0.0375668,1,1304342
91478761,0.05,0.0475134,1,1304371
91480221,0.06,0.0575027,1,1304371
91481681,0.09,0.0835005,1,1304402
91483141,0.1,0.0967001,1,1304402
91484601,0.09,0.09134,1,1304437
91486061,0.1,0.098268,1,1304437
91487521,0.1,0.0996536,1,1304437
91488981,0.11,0.107931,1,1304467
91490441,0.12,0.117586,1,1304467
91491901,0.17,0.159517,1,1304506
91493361,0.18,0.175903,1,1304506
91494821,0.15,0.155181,1,1304566
91496281,0.16,0.159036,1,1304566
91497741,0.19,0.183807,1,1304602
91499201,0.2,0.196761,1,1304602
91500661,0.21,0.207352,1,1304616
91502121,0.22,0.21747,1,1304616
91503581,0.23,0.227494,1,1304643
91505041,0.24,0.237499,1,1304643
91506501,0.23,0.2315,1,1304669
91507961,0.24,0.2383,1,1304669
91509421,0.21,0.21566,1,1304695
91510881,0.22,0.219132,1,1304695
91512341,0.19,0.195826,1,1304710
91513801,0.2,0.199165,1,1304710
91515261,0.15,0.159833,1,1304764
91516721,0.16,0.159967,1,1304764
91518181,0.19,0.183993,1,1304794
91519641,0.2,0.196799,1,1304794
91521101,0.21,0.20736,1,1304827
91522561,0.22,0.217472,1,1304827
91524021,0.25,0.243494,1,1304862
91525481,0.26,0.256699,1,1304862
91526941,0.25,0.25134,1,1304864
91528401,0.26,0.258268,1,1304864
91529861,0.25,0.251654,1,1304894
91531321,0.26,0.258331,1,1304894
91532781,0.21,0.219666,1,1304936
91534241,0.22,0.219933,1,1304936
91535701,0.23,0.227987,1,1304995
91537161,0.24,0.237597,1,1304995
91538621,0.31,0.295519,1,1305033
91540081,0.32,0.315104,1,1305033
91541541,0.33,0.327021,1,1305048
91543001,0.34,0.337404,1,1305048
91544461,0.35,0.347481,1,1305076
91545921,0.36,0.357496,1,1305076
91547381,0.35,0.351499,1,1305102
91548841,0.36,0.3583,1,1305102
91550301,0.37,0.36766,1,1305127
91551761,0.38,0.377532,1,1305127
91553221,0.37,0.371506,1,1305141
91554681,0.38,0.378301,1,1305141
91556141,0.39,0.38766,1,1305193
91557601,0.4,0.397532,1,1305193
91559061,0.45,0.439506,1,1305225
91560521,0.46,0.455901,1,1305225
91561981,0.45,0.45118,1,1305259
91563441,0.46,0.458236,1,1305259
91564901,0.43,0.435647,1,1305296
91566361,0.44,0.439129,1,1305296
91567821,0.43,0.431826,1,1305298
91569281,0.44,0.438365,1,1305298
91570741,0.47,0.463673,1,1305328
91572201,0.48,0.476735,1,1305328
91573661,0.48,0.479347,1,1305328
91575121,0.49,0.487869,1,1305368
91576581,0.5,0.497574,1,1305368
91578041,0.53,0.523515,1,1305428
91579501,0.54,0.536703,1,1305428
91580961,0.55,0.547341,1,1305470
91582421,0.56,0.557468,1,1305470
91583881,0.55,0.551494,1,1305486
91585341,0.56,0.558299,1,1305486
91586801,0.57,0.56766,1,1305515
91588261,0.58,0.577532,1,1305515
91589721,0.57,0.571506,1,1305541
91591181,0.58,0.578301,1,1305541
91592641,0.57,0.57166,1,1305567
91594101,0.58,0.578332,1,1305567
91595561,0.57,0.571666,1,1305581
91597021,0.58,0.578333,1,1305581
91598481,0.61,0.603667,1,1305634
91599941,0.62,0.616733,1,1305634
91601401,0.61,0.611347,1,1305669
91602861,0.62,0.618269,1,1305669
91604321,0.63,0.627654,1,1305703
91605781,0.64,0.637531,1,1305703
91607241,0.69,0.679506,1,1305739
91608701,0.7,0.695901,1,1305739
91610161,0.69,0.69118,1,1305741
91611621,0.7,0.698236,1,1305741
91613081,0.69,0.691647,1,1305773
91614541,0.7,0.698329,1,1305773
91616001,0.69,0.691666,1,1305813
91617461,0.7,0.698333,1,1305813
91618921,0.71,0.707667,1,1305875
91620381,0.72,0.717533,1,1305875
91621841,0.75,0.743507,1,1305918
91623301,0.76,0.756701,2,1305918
91624761,0.75,0.75134,2,1305934
91626221,0.76,0.758268,2,1305934
91627681,0.71,0.719654,1,1305964
91629141,0.72,0.719931,1,1305964
91630601,0.71,0.711986,1,1305990
91632061,0.72,0.718397,1,1305990
91633521,0.71,0.711679,1,1306016
91634981,0.72,0.718336,1,1306016
91636441,0.71,0.711667,1,1306030
91637901,0.72,0.718333,1,1306030
91639361,0.71,0.711667,1,1306085
91640821,0.72,0.718333,1,1306085
91642281,0.71,0.711667,1,1306120
91643741,0.72,0.718333,1,1306120
91645201,0.71,0.711667,1,1306155
91646661,0.72,0.718333,1,1306155
91648121,0.69,0.695667,1,1306194
91649581,0.7,0.699133,1,1306194
91651041,0.69,0.691827,1,1306196
91652501,0.7,0.698365,1,1306196
91653961,0.69,0.691673,1,1306228
91655421,0.7,0.698335,1,1306228
91656881,0.73,0.723667,1,1306268
91658341,0.74,0.736733,1,1306268
91659801,0.77,0.763347,2,1306331
91661261,0.78,0.776669,2,1306331
91662721,0.78,0.779334,2,1306331
91664181,0.83,0.819867,2,1306376
91665641,0.84,0.835973,2,1306376
91667101,0.83,0.831195,2,1306392
91668561,0.84,0.838239,2,1306392
91670021,0.83,0.831648,2,1306420
91671481,0.84,0.83833,2,1306420
91672941,0.83,0.831666,2,1306446
91674401,0.84,0.838333,2,1306446
91675861,0.85,0.847667,2,1306472
91677321,0.86,0.857533,2,1306472
91678781,0.85,0.851507,2,1306486
91680241,0.86,0.858301,2,1306486
91681701,0.89,0.88366,2,1306541
91683161,0.9,0.896732,2,1306541
91684621,0.87,0.875346,2,1306576
91686081,0.88,0.879069,2,1306576
91687541,0.89,0.887814,2,1306611
91689001,0.9,0.897563,2,1306611
91690461,0.89,0.891513,2,1306649
91691921,0.9,0.898303,2,1306649
91693381,0.89,0.891661,2,1306651
91694841,0.9,0.898332,2,1306651
91843761,0.94,0.94,2,1308330
91845221,0.95,0.948,2,1308330
91846681,0.95,0.9496,2,1308330
91851061,0.95,0.95,2,1308364
91852521,0.82,0.82,2,1308437
91853981,0.73,0.748,1,1308452
91855441,0.73,0.7336,1,1308510
91856901,0.63,0.65072,1,1308540
91858361,0.63,0.634144,1,1308569
91859821,0.57,0.582829,1,1308586
91861281,0.59,0.588566,1,1308633
91862741,0.51,0.525713,1,1308706
91864201,0.53,0.529143,1,1308739
91865661,0.47,0.481829,1,1308775
91867121,0.43,0.440366,1,1308801
91868581,0.41,0.416073,1,1308821
91870041,0.47,0.459215,1,1308827
91871501,0.43,0.435843,1,1308832
91872961,0.41,0.415169,1,1308849
91874421,0.39,0.395034,1,1308909
91875881,0.4,0.399007,1,1308909
91877341,0.43,0.423801,1,1308992
91878801,0.44,0.43676,1,1308992
91880261,0.43,0.431352,1,1309035
91881721,0.44,0.43827,1,1309035
91883181,0.51,0.495654,1,1309152
91884641,0.52,0.515131,1,1309152
91886101,0.59,0.575026,1,1309219
91887561,0.6,0.595005,1,1309219
91889021,0.57,0.575001,1,1309262
91890481,0.58,0.579,1,1309262
91891941,0.61,0.6038,1,1309274
91893401,0.62,0.61676,1,1309274
91894861,0.63,0.627352,1,1309349
91896321,0.64,0.63747,1,1309349
91897781,0.67,0.663494,1,1309434
91899241,0.68,0.676699,1,1309434
91900701,0.69,0.68734,1,1309477
91902161,0.7,0.697468,1,1309477
91903621,0.69,0.691494,1,1309598
91905081,0.7,0.698299,1,1309598
91906541,0.75,0.73966,1,1309669
91908001,0.76,0.755932,2,1309669
91909461,0.75,0.751186,2,1309711
91910921,0.76,0.758237,2,1309711
91912381,0.75,0.751647,2,1309725
91913841,0.76,0.758329,2,1309725
91915301,0.81,0.799666,2,1309801
91916761,0.82,0.815933,2,1309801
91918221,0.82,0.819187,2,1309801
91919681,0.85,0.843837,2,1309888
91921141,0.86,0.856767,2,1309888
91922601,0.85,0.851353,2,1309932
91924061,0.86,0.858271,2,1309932
91925521,0.87,0.867654,2,1310053
91926981,0.88,0.877531,2,1310053
91928441,0.85,0.855506,2,1310127
91929901,0.86,0.859101,2,1310127
91931361,0.91,0.89982,2,1310169
91932821,0.92,0.915964,2,1310169
91934281,0.91,0.911193,2,1310183
91935741,0.92,0.918239,2,1310183
91937201,0.91,0.911648,2,1310262
91938661,0.92,0.91833,2,1310262
91940121,0.91,0.911666,2,1310264
91941581,0.92,0.918333,2,1310264
91943041,0.93,0.927667,2,1310352
91944501,0.94,0.937533,2,1310352
91945961,0.95,0.947507,2,1310396
92048161,0.91,0.91,2,1312417
92049621,0.92,0.918,2,1312417
92054001,0.71,0.71,1,1312554
92055461,0.72,0.718,1,1312554
92056921,0.63,0.6476,1,1312581
92058381,0.64,0.64152,1,1312581
92059841,0.47,0.504304,1,1312632
92061301,0.48,0.484861,1,1312632
92062761,0.33,0.360972,1,1312681
92064221,0.34,0.344194,1,1312681
92065681,0.25,0.268839,1,1312725
92067141,0.26,0.261768,1,1312725
92068601,0.11,0.140354,1,1312766
92070061,0.12,0.124071,1,1312766
92071521,0.11,0.112814,1,1312811
92072981,0.12,0.118563,1,1312811
92074441,0.05,0.0637126,1,1312888
92075901,0.06,0.0607425,1,1312888
92077361,0.06,0.0601485,1,1312888
92078821,0.03,0.0360297,1,1312953
92080281,0.04,0.0392059,1,1312953
92081741,0.09,0.0798412,1,1313011
92083201,0.1,0.0959682,1,1313011
92084661,0.11,0.107194,1,1313034
92086121,0.12,0.117439,1,1313034
92087581,0.11,0.111488,1,1313077
92089041,0.12,0.118298,1,1313077
92090501,0.09,0.0956595,1,1313119
92091961,0.1,0.0991319,1,1313119
92093421,0.17,0.155826,1,1313159
92094881,0.18,0.175165,1,1313159
92096341,0.17,0.171033,1,1313193
92097801,0.18,0.178207,1,1313193
92099261,0.19,0.187641,1,1313238
92100721,0.2,0.197528,1,1313238
92102181,0.07,0.0955056,1,1313312
92103641,0.08,0.0831011,1,1313312
92105101,0.13,0.12062,1,1313375
92106561,0.14,0.136124,1,1313375
92108021,0.17,0.163225,1,1313436
92109481,0.18,0.176645,1,1313436
92110941,0.17,0.171329,1,1313460
92112401,0.18,0.178266,1,1313460
92113861,0.15,0.155653,1,1313503
92115321,0.16,0.159131,1,1313503
92116781,0.15,0.151826,1,1313544
92118241,0.16,0.158365,1,1313544
92119701,0.15,0.151673,1,1313588
92121161,0.16,0.158335,1,1313588
92122621,0.15,0.151667,1,1313622
92124081,0.16,0.158333,1,1313622
92125541,0.17,0.167667,1,1313668
92127001,0.18,0.177533,1,1313668
92128461,0.19,0.187507,1,1313736
92129921,0.2,0.197501,1,1313736
92131381,0.21,0.2075,1,1313802
92132841,0.22,0.2175,1,1313802
92134301,0.22,0.2195,1,1313802
92135761,0.25,0.2439,1,1313865
92137221,0.26,0.25678,1,1313865
92138681,0.25,0.251356,1,1313889
92140141,0.26,0.258271,1,1313889
92141601,0.27,0.267654,1,1313931
92143061,0.28,0.277531,1,1313931
92144521,0.27,0.271506,1,1313972
92145981,0.28,0.278301,1,1313972
92147441,0.31,0.30366,1,1314016
92148901,0.32,0.316732,1,1314016
92150361,0.31,0.311346,1,1314050
92151821,0.32,0.318269,1,1314050
92153281,0.31,0.311654,1,1314097
92154741,0.32,0.318331,1,1314097
92156201,0.29,0.295666,1,1314166
92157661,0.3,0.299133,1,1314166
92159121,0.33,0.323827,1,1314233
92160581,0.34,0.336765,1,1314233
92162041,0.33,0.331353,1,1314235
92163501,0.34,0.338271,1,1314235
92164961,0.37,0.363654,1,1314299
92166421,0.38,0.376731,1,1314299
92167881,0.37,0.371346,1,1314323
92169341,0.38,0.378269,1,1314323
92170801,0.45,0.435654,1,1314366
92172261,0.46,0.455131,1,1314366
92173721,0.43,0.435026,1,1314407
92175181,0.44,0.439005,1,1314407
92176641,0.43,0.431801,1,1314453
92178101,0.44,0.43836,1,1314453
92179561,0.43,0.431672,1,1314487
92181021,0.44,0.438334,1,1314487
92182481,0.47,0.463667,1,1314534
92183941,0.48,0.476733,1,1314534
92185401,0.49,0.487347,1,1314602
92186861,0.5,0.497469,1,1314602
92188321,0.59,0.571494,1,1314671
92189781,0.6,0.594299,1,1314671
92191241,0.59,0.59086,1,1314673
92192701,0.6,0.598172,1,1314673
92194161,0.59,0.591634,1,1314739
92195621,0.6,0.598327,1,1314739
92197081,0.6,0.599665,1,1314739
92198541,0.63,0.623933,1,1314763
92200001,0.64,0.636787,1,1314763
92201461,0.63,0.631357,1,1314810
92202921,0.64,0.638271,1,1314810
92204381,0.63,0.631654,1,1314850
92205841,0.64,0.638331,1,1314850
92207301,0.65,0.647666,1,1314896
92208761,0.66,0.657533,1,1314896
92210221,0.69,0.683507,1,1314930
92211681,0.7,0.696701,1,1314930
92213141,0.73,0.72334,1,1314979
92214601,0.74,0.736668,1,1314979
92216061,0.77,0.763334,2,1315048
92217521,0.78,0.776667,2,1315048
92218981,0.81,0.803333,2,1315122
92220441,0.82,0.816667,2,1315122
92221901,0.81,0.811333,2,1315124
92223361,0.82,0.818267,2,1315124
92224821,0.83,0.827653,2,1315190
92226281,0.84,0.837531,2,1315190
92227741,0.85,0.847506,2,1315215
92229201,0.86,0.857501,2,1315215
92230661,0.87,0.8675,2,1315262
92232121,0.88,0.8775,2,1315262
92233581,0.91,0.9035,2,1315302
92235041,0.92,0.9167,2,1315302
92236501,0.95,0.94334,2,1315349
92239421,0.95,0.95,2,1315385
92248181,0.95,0.95,2,1315583
92251101,0.95,0.95,2,1315585
92382501,0.94,0.94,2,1317548
92383961,0.95,0.948,2,1317548
92391261,0.93,0.93,2,1317666
92392721,0.94,0.938,2,1317666
92394181,0.73,0.7716,2,1317717
92395641,0.74,0.74632,1,1317717
92397101,0.65,0.669264,1,1317752
92398561,0.66,0.661853,1,1317752
92400021,0.66,0.660371,1,1317752
92401481,0.61,0.620074,1,1317787
92402941,0.62,0.620015,1,1317787
92404401,0.49,0.516003,1,1317818
92405861,0.5,0.503201,1,1317818
92407321,0.25,0.30064,1,1317888
92408781,0.26,0.268128,1,1317888
92410241,0.15,0.173626,1,1317955
92411701,0.16,0.162725,1,1317955
92413161,0.07,0.088545,1,1317986
92414621,0.08,0.081709,1,1317986
92416081,0.07,0.0723418,1,1318026
92417541,0.08,0.0784684,1,1318026
92419001,0.03,0.0396937,1,1318073
92420461,0.04,0.0399387,1,1318073
92421921,0.05,0.0479877,1,1318102
92423381,0.06,0.0575976,1,1318102
92424841,0.01,0.0195195,1,1318134
92426301,0.02,0.0199039,1,1318134
92427761,0.09,0.0759808,1,1318174
92429221,0.1,0.0951962,1,1318174
92430681,0.03,0.0430392,1,1318205
92432141,0.04,0.0406078,1,1318205
92433601,0.03,0.0321216,1,1318207
92435061,0.04,0.0384243,1,1318207
92436521,0.05,0.0476849,1,1318239
92437981,0.06,0.057537,1,1318239
92439441,0.05,0.0515074,1,1318264
92440901,0.06,0.0583015,1,1318264
92442361,0.11,0.0996603,1,1318322
92443821,0.12,0.115932,1,1318322
92445281,0.11,0.111186,1,1318384
92446741,0.12,0.118237,1,1318384
92448201,0.11,0.111647,1,1318411
92449661,0.12,0.118329,1,1318411
92451121,0.11,0.111666,1,1318451
92452581,0.12,0.118333,1,1318451
92454041,0.05,0.0636666,1,1318496
92455501,0.06,0.0607333,1,1318496
92456961,0.01,0.0201467,1,1318526
92458421,0.02,0.0200293,1,1318526
92459881,0.03,0.0280059,1,1318556
92461341,0.04,0.0376012,1,1318556
92462801,0.05,0.0475202,1,1318600
92464261,0.06,0.057504,1,1318600
92465721,0.03,0.0355008,1,1318628
92467181,0.04,0.0391002,1,1318628
92468641,0.03,0.03182,1,1318630
92470101,0.04,0.038364,1,1318630
92471561,0.09,0.0796728,1,1318663
92473021,0.1,0.0959346,1,1318663
92474481,0.1,0.0991869,1,1318663
92475941,0.11,0.107837,1,1318688
92477401,0.12,0.117567,1,1318688
92478861,0.09,0.0955135,1,1318749
92480321,0.1,0.0991027,1,1318749
92481781,0.13,0.123821,1,1318811
92483241,0.14,0.136764,1,1318811
92484701,0.19,0.179353,1,1318838
92486161,0.2,0.195871,1,1318838
92487621,0.23,0.223174,1,1318878
92489081,0.24,0.236635,1,1318878
92490541,0.23,0.231327,1,1318920
92492001,0.24,0.238265,1,1318920
92493461,0.19,0.199653,1,1318948
92494921,0.2,0.199931,1,1318948
92496381,0.17,0.175986,1,1318979
92497841,0.18,0.179197,1,1318979
92499301,0.17,0.171839,1,1319024
92500761,0.18,0.178368,1,1319024
92502221,0.19,0.187674,1,1319051
92503681,0.2,0.197535,1,1319051
92505141,0.19,0.191507,1,1319053
92506601,0.2,0.198301,1,1319053
92508061,0.21,0.20766,1,1319089
92509521,0.22,0.217532,1,1319089
92510981,0.23,0.227506,1,1319114
92512441,0.24,0.237501,1,1319114
92513901,0.29,0.2795,1,1319174
92515361,0.3,0.2959,1,1319174
92516821,0.27,0.27518,1,1319238
92518281,0.28,0.279036,1,1319238
92519741,0.33,0.319807,1,1319268
92521201,0.34,0.335961,1,1319268
92522661,0.33,0.331192,1,1319310
92524121,0.34,0.338238,1,1319310
92525581,0.33,0.331648,1,1319352
92527041,0.34,0.33833,1,1319352
92528501,0.33,0.331666,1,1319378
92529961,0.34,0.338333,1,1319378
92531421,0.33,0.331667,1,1319408
92532881,0.34,0.338333,1,1319408
92534341,0.33,0.331667,1,1319453
92535801,0.34,0.338333,1,1319453
92537261,0.33,0.331667,1,1319481
92538721,0.34,0.338333,1,1319481
92540181,0.33,0.331667,1,1319483
92541641,0.34,0.338333,1,1319483
92543101,0.35,0.347667,1,1319520
92544561,0.36,0.357533,1,1319520
92546021,0.35,0.351507,1,1319546
92547481,0.36,0.358301,1,1319546
92548941,0.36,0.35966,1,1319546
92550401,0.45,0.431932,1,1319609
92551861,0.46,0.454386,1,1319609
92553321,0.47,0.466877,1,1319672
92554781,0.48,0.477375,1,1319672
92556241,0.45,0.455475,1,1319705
92557701,0.46,0.459095,1,1319705
92559161,0.49,0.483819,1,1319747
92560621,0.5,0.496764,1,1319747
92562081,0.51,0.507353,1,1319789
92563541,0.52,0.517471,1,1319789
92565001,0.55,0.543494,1,1319815
92566461,0.56,0.556699,1,1319815
92567921,0.55,0.55134,1,1319845
92569381,0.56,0.558268,1,1319845
92570841,0.59,0.583654,1,1319890
92572301,0.6,0.596731,1,1319890
92573761,0.59,0.591346,1,1319918
92575221,0.6,0.598269,1,1319918
92576681,0.59,0.591654,1,1319920
92578141,0.6,0.598331,1,1319920
92579601,0.59,0.591666,1,1319958
92581061,0.6,0.598333,1,1319958
92582521,0.59,0.591667,1,1319984
92583981,0.6,0.598333,1,1319984
92585441,0.59,0.591667,1,1319986
92586901,0.6,0.598333,1,1319986
92588361,0.59,0.591667,1,1320053
92589821,0.6,0.598333,1,1320053
92591281,0.67,0.655667,1,1320117
92592741,0.68,0.675133,1,1320117
92594201,0.67,0.671027,1,1320149
92595661,0.68,0.678205,1,1320149
92597121,0.65,0.655641,1,1320193
92598581,0.66,0.659128,1,1320193
92600041,0.69,0.683826,1,1320236
92601501,0.7,0.696765,1,1320236
92602961,0.69,0.691353,1,1320264
92604421,0.7,0.698271,1,1320264
92605881,0.69,0.691654,1,1320294
92607341,0.7,0.698331,1,1320294
92608801,0.71,0.707666,1,1320341
92610261,0.72,0.717533,1,1320341
92611721,0.73,0.727507,1,1320369
92613181,0.74,0.737501,1,1320369
92614641,0.73,0.7315,1,1320371
92616101,0.74,0.7383,1,1320371
92617561,0.73,0.73166,1,1320409
92619021,0.74,0.738332,1,1320409
92620481,0.73,0.731666,1,1320435
92621941,0.74,0.738333,1,1320435
92623401,0.73,0.731667,1,1320437
92624861,0.74,0.738333,1,1320437
92626321,0.77,0.763667,2,1320504
92627781,0.78,0.776733,2,1320504
92629241,0.78,0.779347,2,1320504
92630701,0.85,0.835869,2,1320572
92632161,0.86,0.855174,2,1320572
92633621,0.85,0.851035,2,1320604
92635081,0.86,0.858207,2,1320604
92636541,0.85,0.851641,2,1320647
92638001,0.86,0.858328,2,1320647
92639461,0.89,0.883666,2,1320692
92640921,0.9,0.896733,2,1320692
92642381,0.93,0.923347,2,1320720
92643841,0.94,0.936669,2,1320720
92645301,0.95,0.947334,2,1320750
92802981,0.94,0.94,2,1322642
92804441,0.95,0.948,2,1322642
92805901,0.87,0.8856,2,1322677
92807361,0.88,0.88112,2,1322677
92808821,0.91,0.904224,2,1322705
92810281,0.92,0.916845,2,1322705
92811741,0.79,0.815369,2,1322754
92813201,0.8,0.803074,2,1322754
92814661,0.69,0.712615,1,1322791
92816121,0.7,0.702523,1,1322791
92817581,0.59,0.612505,1,1322820
92819041,0.6,0.602501,1,1322820
92820501,0.45,0.4805,1,1322838
92821961,0.46,0.4641,1,1322838
92823421,0.35,0.37282,1,1322876
92824881,0.36,0.362564,1,1322876
92826341,0.23,0.256513,1,1322911
92827801,0.24,0.243303,1,1322911
92829261,0.17,0.184661,1,1322962
92830721,0.18,0.180932,1,1322962
92832181,0.11,0.124186,1,1322995
92833641,0.12,0.120837,1,1322995
92835101,0.11,0.112167,1,1323021
92836561,0.12,0.118433,1,1323021
92838021,0.13,0.127687,1,1323045
92839481,0.14,0.137537,1,1323045
92840941,0.05,0.0675075,1,1323074
92842401,0.06,0.0615015,1,1323074
92843861,0.15,0.1323,1,1323113
92845321,0.16,0.15446,1,1323113
92846781,0.09,0.102892,1,1323142
92848241,0.1,0.100578,1,1323142
92849701,0.13,0.124116,1,1323171
92851161,0.14,0.136823,1,1323171
92852621,0.15,0.147365,1,1323214
92854081,0.16,0.157473,1,1323214
92855541,0.23,0.215495,1,1323246
92857001,0.24,0.235099,1,1323246
92858461,0.11,0.13502,1,1323270
92859921,0.12,0.123004,1,1323270
92861381,0.13,0.128601,1,1323281
92862841,0.14,0.13772,1,1323281
92864301,0.15,0.147544,1,1323314
92865761,0.16,0.157509,1,1323314
92867221,0.13,0.135502,1,1323343
92868681,0.14,0.1391,1,1323343
92870141,0.21,0.19582,1,1323391
92871601,0.22,0.215164,1,1323391
92873061,0.19,0.195033,1,1323421
92874521,0.2,0.199007,1,1323421
92875981,0.25,0.239801,1,1323447
92877441,0.26,0.25596,1,1323447
92878901,0.23,0.235192,1,1323472
92880361,0.24,0.239038,1,1323472
92881821,0.23,0.231808,1,1323497
92883281,0.24,0.238362,1,1323497
92884741,0.24,0.239672,1,1323497
92886201,0.27,0.263934,1,1323541
92887661,0.28,0.276787,1,1323541
92889121,0.29,0.287357,1,1323567
92890581,0.3,0.297471,1,1323567
92892041,0.27,0.275494,1,1323598
92893501,0.28,0.279099,1,1323598
92894961,0.29,0.28782,1,1323642
92896421,0.3,0.297564,1,1323642
92897881,0.31,0.307513,1,1323678
92899341,0.32,0.317503,1,1323678
92900801,0.31,0.311501,1,1323696
92902261,0.32,0.3183,1,1323696
92903721,0.31,0.31166,1,1323708
92905181,0.32,0.318332,1,1323708
92906641,0.31,0.311666,1,1323742
92908101,0.32,0.318333,1,1323742
92909561,0.31,0.311667,1,1323770
92911021,0.32,0.318333,1,1323770
92912481,0.35,0.343667,1,1323822
92913941,0.36,0.356733,1,1323822
92915401,0.33,0.335347,1,1323851
92916861,0.34,0.339069,1,1323851
92918321,0.31,0.315814,1,1323880
92919781,0.32,0.319163,1,1323880
92921241,0.31,0.311833,1,1323904
92922701,0.32,0.318367,1,1323904
92924161,0.29,0.295673,1,1323929
92925621,0.3,0.299135,1,1323929
92927081,0.29,0.291827,1,1323931
92928541,0.3,0.298365,1,1323931
92930001,0.27,0.275673,1,1323976
92931461,0.28,0.279135,1,1323976
92932921,0.29,0.287827,1,1324003
92934381,0.3,0.297565,1,1324003
92935841,0.33,0.323513,1,1324033
92937301,0.34,0.336703,1,1324033
92938761,0.35,0.347341,1,1324078
92940221,0.36,0.357468,1,1324078
92941681,0.35,0.351494,1,1324115
92943141,0.36,0.358299,1,1324115
92944601,0.35,0.35166,1,1324133
92946061,0.36,0.358332,1,1324133
92947521,0.37,0.367666,1,1324145
92948981,0.38,0.377533,1,1324145
92950441,0.37,0.371507,1,1324179
92951901,0.38,0.378301,1,1324179
92953361,0.37,0.37166,1,1324207
92954821,0.38,0.378332,1,1324207
92956281,0.41,0.403666,1,1324261
92957741,0.42,0.416733,1,1324261
92959201,0.43,0.427347,1,1324289
92960661,0.44,0.437469,1,1324289
92962121,0.45,0.447494,1,1324317
92963581,0.46,0.457499,1,1324317
92965041,0.47,0.4675,1,1324341
92966501,0.48,0.4775,1,1324341
92967961,0.49,0.4875,1,1324365
92969421,0.5,0.4975,1,1324365
92970881,0.49,0.4915,1,1324367
92972341,0.5,0.4983,1,1324367
92973801,0.51,0.50766,1,1324411
92975261,0.52,0.517532,1,1324411
92976721,0.52,0.519506,1,1324411
92978181,0.55,0.543901,1,1324439
92979641,0.56,0.55678,1,1324439
92981101,0.63,0.615356,1,1324471
92982561,0.64,0.635071,1,1324471
92984021,0.63,0.631014,1,1324517
92985481,0.64,0.638203,1,1324517
92986941,0.67,0.663641,1,1324554
92988401,0.68,0.676728,1,1324554
92989861,0.67,0.671346,1,1324572
92991321,0.68,0.678269,1,1324572
92992781,0.69,0.687654,1,1324585
92994241,0.7,0.697531,1,1324585
92995701,0.73,0.723506,1,1324619
92997161,0.74,0.736701,1,1324619
92998621,0.73,0.73134,1,1324647
93000081,0.74,0.738268,1,1324647
93001541,0.77,0.763654,2,1324703
93003001,0.78,0.776731,2,1324703
93004461,0.79,0.787346,2,1324732
93005921,0.8,0.797469,2,1324732
93007381,0.81,0.807494,2,1324761
93008841,0.82,0.817499,2,1324761
93010301,0.79,0.7955,2,1324786
93011761,0.8,0.7991,2,1324786
93013221,0.81,0.80782,2,1324811
93014681,0.82,0.817564,2,1324811
93016141,0.81,0.811513,2,1324813
93017601,0.82,0.818303,2,1324813
93019061,0.83,0.827661,2,1324858
93020521,0.84,0.837532,2,1324858
93021981,0.81,0.815506,2,1324887
93023441,0.82,0.819101,2,1324887
93024901,0.83,0.82782,2,1324923
93026361,0.84,0.837564,2,1324923
93027821,0.87,0.863513,2,1324969
93029281,0.88,0.876703,2,1324969
93030741,0.89,0.887341,2,1325008
93032201,0.9,0.897468,2,1325008
93033661,0.91,0.907494,2,1325026
93035121,0.92,0.917499,2,1325026
93036581,0.93,0.9275,2,1325040
93038041,0.94,0.9375,2,1325040
93045341,0.95,0.95,2,1325162
93048261,0.95,0.95,2,1325192
93051181,0.95,0.95,2,1325222
93254121,0.87,0.87,2,1327360
93257041,0.88,0.88,2,1327448
93258501,0.75,0.776,2,1327479
93259961,0.71,0.7232,1,1327507
93261421,0.73,0.72864,1,1327543
93262881,0.47,0.521728,1,1327582
93264341,0.31,0.352346,1,1327622
93265801,0.17,0.206469,1,1327656
93267261,0.01,0.0492938,1,1327683
93268721,0,0.00985876,1,1327746
93270181,0.05,0.0419718,1,1327760
93271641,0,0.00839435,1,1327769
93273101,0.13,0.105679,1,1327785
93274561,0.03,0.0451358,1,1327797
93276021,0.05,0.0490272,1,1327858
93277481,0.06,0.0578054,1,1327858
93278941,0.03,0.0355611,1,1327937
93280401,0.04,0.0391122,1,1327937
93281861,0.01,0.0158224,1,1328000
93283321,0.02,0.0191645,1,1328000
93284781,0.05,0.0438329,1,1328058
93286241,0.06,0.0567666,1,1328058
93287701,0.09,0.0833533,1,1328104
93289161,0.1,0.0966707,1,1328104
93290621,0.03,0.0433341,1,1328183
93292081,0.04,0.0406668,1,1328183
93293541,0.05,0.0481334,1,1328212
93295001,0.06,0.0576267,1,1328212
93296461,0.06,0.0595253,1,1328212
93297921,0.07,0.0679051,1,1328281
93299381,0.08,0.077581,1,1328281
93300841,0.05,0.0555162,1,1328359
93302301,0.06,0.0591032,1,1328359
93303761,0.19,0.163821,1,1328421
93305221,0.2,0.192764,1,1328421
93306681,0.19,0.190553,1,1328481
93308141,0.2,0.198111,1,1328481
93309601,0.19,0.191622,1,1328529
93311061,0.2,0.198324,1,1328529
93312521,0.03,0.0636649,1,1328605
93313981,0.04,0.044733,1,1328605
93315441,0.05,0.0489466,1,1328635
93316901,0.06,0.0577893,1,1328635
93318361,0.05,0.0515579,1,1328637
93319821,0.06,0.0583116,1,1328637
93321281,0.01,0.0196623,1,1328706
93322741,0.02,0.0199325,1,1328706
93324201,0.01,0.0119865,1,1328783
93325661,0.02,0.0183973,1,1328783
93327121,0.03,0.0276795,1,1328852
93328581,0.04,0.0375359,1,1328852
93330041,0.13,0.111507,1,1328912
93331501,0.14,0.134301,1,1328912
93332961,0.15,0.14686,1,1328960
93334421,0.16,0.157372,1,1328960
93335881,0.13,0.135474,1,1329028
93337341,0.14,0.139095,1,1329028
93338801,0.07,0.083819,1,1329059
93340261,0.08,0.0807638,1,1329059
93341721,0.07,0.0721528,1,1329061
93343181,0.08,0.0784306,1,1329061
93344641,0.01,0.0236861,1,1329128
93346101,0.02,0.0207372,1,1329128
93347561,0.02,0.0201474,1,1329128
93349021,0.01,0.0120295,1,1329205
93350481,0.02,0.0184059,1,1329205
93351941,0.03,0.0276812,1,1329275
93353401,0.04,0.0375362,1,1329275
93354861,0.13,0.111507,1,1329340
93356321,0.14,0.134301,1,1329340
93357781,0.19,0.17886,1,1329389
93359241,0.2,0.195772,1,1329389
93360701,0.15,0.159154,1,1329456
93362161,0.16,0.159831,1,1329456
93363621,0.17,0.167966,1,1329484
93365081,0.18,0.177593,1,1329484
93366541,0.17,0.171519,1,1329486
93368001,0.18,0.178304,1,1329486
93369461,0.07,0.0916607,1,1329550
93370921,0.08,0.0823321,1,1329550
93372381,0.03,0.0404664,1,1329626
93373841,0.04,0.0400933,1,1329626
93375301,0.03,0.0320187,1,1329697
93376761,0.04,0.0384037,1,1329697
93378221,0.03,0.0316807,1,1329767
93379681,0.04,0.0383361,1,1329767
93381141,0.09,0.0796672,1,1329819
93382601,0.1,0.0959334,1,1329819
93384061,0.11,0.107187,1,1329884
93385521,0.12,0.117437,1,1329884
93386981,0.13,0.127487,1,1329913
93388441,0.14,0.137497,1,1329913
93389901,0.13,0.1315,1,1329915
93391361,0.14,0.1383,1,1329915
93392821,0.19,0.17966,1,1329974
93394281,0.2,0.195932,1,1329974
93395741,0.19,0.191186,1,1330048
93397201,0.2,0.198237,1,1330048
93398661,0.09,0.111647,1,1330119
93400121,0.1,0.102329,1,1330119
93401581,0.1,0.100466,1,1330119
93403041,0.11,0.108093,1,1330189
93404501,0.12,0.117619,1,1330189
93405961,0.19,0.175524,1,1330244
93407421,0.2,0.195105,1,1330244
93408881,0.21,0.207021,1,1330310
93410341,0.22,0.217404,1,1330310
93411801,0.21,0.211481,1,1330340
93413261,0.22,0.218296,1,1330340
93414721,0.21,0.211659,1,1330342
93416181,0.22,0.218332,1,1330342
93417641,0.29,0.275666,1,1330404
93419101,0.3,0.295133,1,1330404
93420561,0.35,0.339027,1,1330478
93422021,0.36,0.355805,1,1330478
93423481,0.35,0.351161,1,1330544
93424941,0.36,0.358232,1,1330544
93426401,0.35,0.351646,1,1330546
93427861,0.36,0.358329,1,1330546
93429321,0.35,0.351666,1,1330616
93430781,0.36,0.358333,1,1330616
93432241,0.39,0.383667,1,1330675
93433701,0.4,0.396733,1,1330675
93435161,0.45,0.439347,1,1330742
93436621,0.46,0.455869,1,1330742
93438081,0.45,0.451174,1,1330772
93439541,0.46,0.458235,1,1330772
93441001,0.45,0.451647,1,1330774
93442461,0.46,0.458329,1,1330774
93443921,0.51,0.499666,1,1330840
93445381,0.52,0.515933,1,1330840
93446841,0.49,0.495187,1,1330917
93448301,0.5,0.499037,1,1330917
93449761,0.49,0.491807,1,1330983
93451221,0.5,0.498361,1,1330983
93452681,0.49,0.491672,1,1330985
93454141,0.5,0.498334,1,1330985
93455601,0.5,0.499667,1,1330985
93457061,0.51,0.507933,1,1331055
93458521,0.52,0.517587,1,1331055
93459981,0.53,0.527517,1,1331116
93461441,0.54,0.537503,1,1331116
93462901,0.63,0.611501,1,1331186
93464361,0.64,0.6343,1,1331186
93465821,0.63,0.63086,1,1331216
93467281,0.64,0.638172,1,1331216
93468741,0.63,0.631634,1,1331218
93470201,0.64,0.638327,1,1331218
93471661,0.63,0.631665,1,1331287
93473121,0.64,0.638333,1,1331287
93474581,0.67,0.663667,1,1331363
93476041,0.68,0.676733,1,1331363
93477501,0.71,0.703347,1,1331429
93478961,0.72,0.716669,1,1331429
93480421,0.71,0.711334,1,1331431
93481881,0.72,0.718267,1,1331431
93483341,0.73,0.727653,1,1331501
93484801,0.74,0.737531,1,1331501
93486261,0.73,0.731506,1,1331563
93487721,0.74,0.738301,1,1331563
93489181,0.73,0.73166,1,1331638
93490641,0.74,0.738332,1,1331638
93492101,0.75,0.747666,1,1331668
93493561,0.76,0.757533,2,1331668
93495021,0.75,0.751507,2,1331670
93496481,0.76,0.758301,2,1331670
93497941,0.75,0.75166,2,1331739
93499401,0.76,0.758332,2,1331739
93500861,0.81,0.799666,2,1331817
93502321,0.82,0.815933,2,1331817
93503781,0.85,0.843187,2,1331885
93505241,0.86,0.856637,2,1331885
93506701,0.85,0.851327,2,1331887
93508161,0.86,0.858266,2,1331887
93509621,0.83,0.835653,2,1331958
93511081,0.84,0.839131,2,1331958
93512541,0.85,0.847826,2,1332020
93514001,0.86,0.857565,2,1332020
93515461,0.86,0.859513,2,1332020
93516921,0.95,0.931903,2,1332095
93519841,0.93,0.93,2,1332126
93521301,0.94,0.938,2,1332126
93522761,0.93,0.9316,2,1332128
93524221,0.94,0.93832,2,1332128
93626421,0.94,0.94,2,1333865
93627881,0.95,0.948,2,1333865
93638101,0.91,0.91,2,1334023
93639561,0.92,0.918,2,1334023
93641021,0.92,0.9196,2,1334023
93645401,0.83,0.83,2,1334092
93646861,0.84,0.838,2,1334092
93648321,0.63,0.6716,1,1334164
93649781,0.64,0.64632,1,1334164
93651241,0.35,0.409264,1,1334265
93652701,0.36,0.369853,1,1334265
93654161,0.29,0.305971,1,1334302
93655621,0.3,0.301194,1,1334302
93657081,0.09,0.132239,1,1334345
93658541,0.1,0.106448,1,1334345
93660001,0.11,0.10929,1,1334390
93661461,0.12,0.117858,1,1334390
93662921,0.07,0.0795716,1,1334429
93664381,0.08,0.0799143,1,1334429
93665841,0.05,0.0559829,1,1334464
93667301,0.06,0.0591966,1,1334464
93668761,0.01,0.0198393,1,1334493
93670221,0.02,0.0199679,1,1334493
93671681,0.01,0.0119936,1,1334495
93673141,0.02,0.0183987,1,1334495
93674601,0.03,0.0276797,1,1334527
93676061,0.04,0.0375359,1,1334527
93677521,0.01,0.0155072,1,1334559
93678981,0.02,0.0191014,1,1334559
93680441,0.07,0.0598203,1,1334617
93681901,0.08,0.0759641,1,1334617
93683361,0.11,0.103193,1,1334704
93684821,0.12,0.116639,1,1334704
93686281,0.11,0.111328,1,1334738
93687741,0.12,0.118266,1,1334738
93689201,0.13,0.127653,1,1334771
93690661,0.14,0.137531,1,1334771
93692121,0.11,0.115506,1,1334817
93693581,0.12,0.119101,1,1334817
93695041,0.11,0.11182,1,1334854
93696501,0.12,0.118364,1,1334854
93697961,0.07,0.0796728,1,1334888
93699421,0.08,0.0799346,1,1334888
93700881,0,0.0159869,1,1334915
93702341,0,0.00319738,1,1334915
93703801,0.01,0.00863948,1,1334917
93705261,0.02,0.0177279,1,1334917
93706721,0.09,0.0755456,1,1334950
93708181,0.1,0.0951091,1,1334950
93709641,0.1,0.0990218,1,1334950
93711101,0.15,0.139804,1,1334981
93712561,0.16,0.155961,1,1334981
93714021,0.11,0.119192,1,1335042
93715481,0.12,0.119838,1,1335042
93716941,0.19,0.175968,1,1335131
93718401,0.2,0.195194,1,1335131
93719861,0.21,0.207039,1,1335165
93721321,0.22,0.217408,1,1335165
93722781,0.21,0.211482,1,1335199
93724241,0.22,0.218296,1,1335199
93725701,0.25,0.243659,1,1335244
93727161,0.26,0.256732,1,1335244
93728621,0.25,0.251346,1,1335281
93730081,0.26,0.258269,1,1335281
93731541,0.27,0.267654,1,1335313
93733001,0.28,0.277531,1,1335313
93734461,0.25,0.255506,1,1335337
93735921,0.26,0.259101,1,1335337
93737381,0.25,0.25182,1,1335339
93738841,0.26,0.258364,1,1335339
93740301,0.25,0.251673,1,1335376
93741761,0.26,0.258335,1,1335376
93743221,0.25,0.251667,1,1335409
93744681,0.26,0.258333,1,1335409
93746141,0.29,0.283667,1,1335468
93747601,0.3,0.296733,1,1335468
93749061,0.25,0.259347,1,1335561
93750521,0.26,0.259869,1,1335561
93751981,0.23,0.235974,1,1335596
93753441,0.24,0.239195,1,1335596
93754901,0.25,0.247839,1,1335630
93756361,0.26,0.257568,1,1335630
93757821,0.23,0.235514,1,1335677
93759281,0.24,0.239103,1,1335677
93760741,0.29,0.279821,1,1335714
93762201,0.3,0.295964,1,1335714
93763661,0.29,0.291193,1,1335747
93765121,0.3,0.298239,1,1335747
93766581,0.31,0.307648,1,1335770
93768041,0.32,0.31753,1,1335770
93769501,0.31,0.311506,1,1335772
93770961,0.32,0.318301,1,1335772
93772421,0.29,0.29566,1,1335809
93773881,0.3,0.299132,1,1335809
93775341,0.27,0.275826,1,1335842
93776801,0.28,0.279165,1,1335842
93778261,0.28,0.279833,1,1335842
93779721,0.35,0.335967,1,1335903
93781181,0.36,0.355193,1,1335903
93782641,0.37,0.367039,1,1335994
93784101,0.38,0.377408,1,1335994
93785561,0.41,0.403482,1,1336028
93787021,0.42,0.416696,1,1336028
93788481,0.39,0.395339,1,1336063
93789941,0.4,0.399068,1,1336063
93791401,0.39,0.391814,1,1336109
93792861,0.4,0.398363,1,1336109
93794321,0.41,0.407673,1,1336149
93795781,0.42,0.417535,1,1336149
93797241,0.43,0.427507,1,1336182
93798701,0.44,0.437501,1,1336182
93800161,0.45,0.4475,1,1336206
93801621,0.46,0.4575,1,1336206
93803081,0.45,0.4515,1,1336208
93804541,0.46,0.4583,1,1336208
93806001,0.47,0.46766,1,1336244
93807461,0.48,0.477532,1,1336244
93808921,0.49,0.487506,1,1336276
93810381,0.5,0.497501,1,1336276
93811841,0.49,0.4915,1,1336278
93813301,0.5,0.4983,1,1336278
93814761,0.53,0.52366,1,1336342
93816221,0.54,0.536732,1,1336342
93817681,0.61,0.595346,1,1336434
93819141,0.62,0.615069,1,1336434
93820601,0.65,0.643014,1,1336470
93822061,0.66,0.656603,1,1336470
93823521,0.67,0.667321,1,1336504
93824981,0.68,0.677464,1,1336504
93826441,0.69,0.687493,1,1336550
93827901,0.7,0.697499,1,1336550
93829361,0.71,0.7075,1,1336591
93830821,0.72,0.7175,1,1336591
93832281,0.73,0.7275,1,1336625
93833741,0.74,0.7375,1,1336625
93835201,0.73,0.7315,1,1336650
93836661,0.74,0.7383,1,1336650
93838121,0.73,0.73166,1,1336652
93839581,0.74,0.738332,1,1336652
93841041,0.71,0.715666,1,1336689
93842501,0.72,0.719133,1,1336689
93843961,0.75,0.743827,1,1336722
93845421,0.76,0.756765,2,1336722
93846881,0.75,0.751353,2,1336724
93848341,0.76,0.758271,2,1336724
93849801,0.81,0.799654,2,1336790
93851261,0.82,0.815931,2,1336790
93852721,0.82,0.819186,2,1336790
93854181,0.87,0.859837,2,1336886
93855641,0.88,0.875967,2,1336886
93857101,0.91,0.903194,2,1336924
93858561,0.92,0.916639,2,1336924
93860021,0.95,0.943328,2,1336959
93868781,0.95,0.95,2,1337083
93871701,0.92,0.92,2,1337108
93873161,0.93,0.928,2,1337108
93874621,0.93,0.9296,2,1337110
93876081,0.94,0.93792,2,1337110
93877541,0.95,0.947584,2,1337146
94020621,0.82,0.82,2,1339015
94022081,0.83,0.828,2,1339015
94023541,0.89,0.8776,2,1339048
94025001,0.9,0.89552,2,1339048
94026461,0.75,0.779104,2,1339083
94027921,0.76,0.763821,2,1339083
94029381,0.69,0.704764,1,1339111
94030841,0.7,0.700953,1,1339111
94032301,0.65,0.660191,1,1339124
94033761,0.66,0.660038,1,1339124
94035221,0.41,0.460008,1,1339181
94036681,0.42,0.428002,1,1339181
94038141,0.33,0.3496,1,1339260
94039601,0.34,0.34192,1,1339260
94041061,0.27,0.284384,1,1339308
94042521,0.28,0.280877,1,1339308
94043981,0.23,0.240175,1,1339342
94045441,0.24,0.240035,1,1339342
94046901,0.11,0.136007,1,1339367
94048361,0.12,0.123201,1,1339367
94049821,0.05,0.0646403,1,1339387
94051281,0.06,0.0609281,1,1339387
94052741,0.05,0.0521856,1,1339420
94054201,0.06,0.0584371,1,1339420
94055661,0.09,0.0836874,1,1339452
94057121,0.1,0.0967375,1,1339452
94058581,0.15,0.139347,1,1339484
94060041,0.16,0.155869,1,1339484
94061501,0.11,0.119174,1,1339513
94062961,0.12,0.119835,1,1339513
94064421,0.13,0.127967,1,1339541
94065881,0.14,0.137593,1,1339541
94067341,0.15,0.147519,1,1339566
94068801,0.16,0.157504,1,1339566
94070261,0.15,0.151501,1,1339577
94071721,0.16,0.1583,1,1339577
94073181,0.17,0.16766,1,1339622
94074641,0.18,0.177532,1,1339622
94076101,0.21,0.203506,1,1339697
94077561,0.22,0.216701,1,1339697
94079021,0.19,0.19534,1,1339742
94080481,0.2,0.199068,1,1339742
94081941,0.15,0.159814,1,1339774
94083401,0.16,0.159963,1,1339774
94084861,0.19,0.183993,1,1339793
94086321,0.2,0.196799,1,1339793
94087781,0.17,0.17536,1,1339810
94089241,0.18,0.179072,1,1339810
94090701,0.18,0.179814,1,1339810
94092161,0.23,0.219963,1,1339843
94093621,0.24,0.235993,1,1339843
94095081,0.15,0.167199,1,1339877
94096541,0.16,0.16144,1,1339877
94098001,0.17,0.168288,1,1339912
94099461,0.18,0.177658,1,1339912
94100921,0.15,0.155532,1,1339939
94102381,0.16,0.159106,1,1339939
94103841,0.17,0.167821,1,1339968
94105301,0.18,0.177564,1,1339968
94106761,0.17,0.171513,1,1339994
94108221,0.18,0.178303,1,1339994
94109681,0.19,0.187661,1,1340005
94111141,0.2,0.197532,1,1340005
94112601,0.19,0.191506,1,1340051
94114061,0.2,0.198301,1,1340051
94115521,0.23,0.22366,1,1340128
94116981,0.24,0.236732,1,1340128
94118441,0.23,0.231346,1,1340172
94119901,0.24,0.238269,1,1340172
94121361,0.25,0.247654,1,1340202
94122821,0.26,0.257531,1,1340202
94124281,0.25,0.251506,1,1340223
94125741,0.26,0.258301,1,1340223
94127201,0.25,0.25166,1,1340239
94128661,0.26,0.258332,1,1340239
94130121,0.25,0.251666,1,1340241
94131581,0.26,0.258333,1,1340241
94133041,0.27,0.267667,1,1340276
94134501,0.28,0.277533,1,1340276
94135961,0.29,0.287507,1,1340306
94137421,0.3,0.297501,1,1340306
94138881,0.33,0.3235,1,1340342
94140341,0.34,0.3367,1,1340342
94141801,0.39,0.37934,1,1340368
94143261,0.4,0.395868,1,1340368
94144721,0.43,0.423174,1,1340398
94146181,0.44,0.436635,1,1340398
94147641,0.43,0.431327,1,1340424
94149101,0.44,0.438265,1,1340424
94150561,0.43,0.431653,1,1340436
94152021,0.44,0.438331,1,1340436
94153481,0.47,0.463666,1,1340482
94154941,0.48,0.476733,1,1340482
94156401,0.53,0.519347,1,1340561
94157861,0.54,0.535869,1,1340561
94159321,0.53,0.531174,1,1340605
94160781,0.54,0.538235,1,1340605
94162241,0.55,0.547647,1,1340636
94163701,0.56,0.557529,1,1340636
94165161,0.57,0.567506,1,1340657
94166621,0.58,0.577501,1,1340657
94168081,0.57,0.5715,1,1340673
94169541,0.58,0.5783,1,1340673
94171001,0.57,0.57166,1,1340675
94172461,0.58,0.578332,1,1340675
94173921,0.59,0.587666,1,1340711
94175381,0.6,0.597533,1,1340711
94176841,0.6,0.599507,1,1340711
94178301,0.63,0.623901,1,1340742
94179761,0.64,0.63678,1,1340742
94181221,0.61,0.615356,1,1340780
94182681,0.62,0.619071,1,1340780
94184141,0.67,0.659814,1,1340809
94185601,0.68,0.675963,1,1340809
94187061,0.67,0.671193,1,1340841
94188521,0.68,0.678239,1,1340841
94189981,0.67,0.671648,1,1340867
94191441,0.68,0.67833,1,1340867
94192901,0.67,0.671666,1,1340879
94194361,0.68,0.678333,1,1340879
94195821,0.67,0.671667,1,1340927
94197281,0.68,0.678333,1,1340927
94198741,0.71,0.703667,1,1341009
94200201,0.72,0.716733,1,1341009
94201661,0.73,0.727347,1,1341053
94203121,0.74,0.737469,1,1341053
94204581,0.73,0.731494,1,1341085
94206041,0.74,0.738299,1,1341085
94207501,0.75,0.74766,1,1341107
94208961,0.76,0.757532,2,1341107
94210421,0.75,0.751506,2,1341123
94211881,0.76,0.758301,2,1341123
94213341,0.75,0.75166,2,1341125
94214801,0.76,0.758332,2,1341125
94216261,0.79,0.783666,2,1341162
94217721,0.8,0.796733,2,1341162
94219181,0.79,0.791347,2,1341194
94220641,0.8,0.798269,2,1341194
94222101,0.79,0.791654,2,1341231
94223561,0.8,0.798331,2,1341231
94225021,0.79,0.791666,2,1341263
94226481,0.8,0.798333,2,1341263
94227941,0.81,0.807667,2,1341295
94229401,0.82,0.817533,2,1341295
94230861,0.85,0.843507,2,1341321
94232321,0.86,0.856701,2,1341321
94233781,0.85,0.85134,2,1341333
94235241,0.86,0.858268,2,1341333
94236701,0.89,0.883654,2,1341381
94238161,0.9,0.896731,2,1341381
94239621,0.89,0.891346,2,1341465
94241081,0.9,0.898269,2,1341465
94257141,0.95,0.95,2,1341622
94262981,0.95,0.95,2,1341691
94273201,0.93,0.93,2,1341784
94274661,0.94,0.938,2,1341784
94276121,0.93,0.9316,2,1341796
94277581,0.94,0.93832,2,1341796
94279041,0.93,0.931664,2,1341846
94280501,0.94,0.938333,2,1341846
94400221,0.89,0.89,2,1343362
94401681,0.81,0.826,2,1343432
94403141,0.83,0.8292,2,1343479
94404601,0.75,0.76584,2,1343509
94406061,0.63,0.657168,1,1343539
94407521,0.47,0.507434,1,1343591
94408981,0.51,0.509487,1,1343605
94410441,0.43,0.445897,1,1343616
94411901,0.47,0.465179,1,1343622
94413361,0.43,0.437036,1,1343634
94414821,0.33,0.351407,1,1343671
94416281,0.37,0.366281,1,1343696
94417741,0.25,0.273256,1,1343732
94419201,0.01,0.0626513,1,1343828
94420661,0.02,0.0285303,1,1343828
94422121,0.07,0.061706,1,1343941
94423581,0.08,0.0763412,1,1343941
94425041,0.09,0.0872682,1,1343991
94426501,0.1,0.0974536,1,1343991
94427961,0.01,0.0274907,1,1344051
94429421,0.02,0.0214981,1,1344051
94430881,0.03,0.0282996,1,1344066
94432341,0.04,0.0376599,1,1344066
94433801,0.05,0.047532,1,1344108
94435261,0.06,0.0575064,1,1344108
94436721,0.07,0.0675013,1,1344165
94438181,0.08,0.0775003,1,1344165
94439641,0.08,0.0795001,1,1344165
94441101,0.11,0.1039,1,1344250
94442561,0.12,0.11678,1,1344250
94444021,0.11,0.111356,1,1344366
94445481,0.12,0.118271,1,1344366
94446941,0.19,0.175654,1,1344417
94448401,0.2,0.195131,1,1344417
94449861,0.23,0.223026,1,1344473
94451321,0.24,0.236605,1,1344473
94452781,0.23,0.231321,1,1344489
94454241,0.24,0.238264,1,1344489
94455701,0.25,0.247653,1,1344532
94457161,0.26,0.257531,1,1344532
94458621,0.29,0.283506,1,1344590
94460081,0.3,0.296701,1,1344590
94461541,0.29,0.29134,1,1344676
94463001,0.3,0.298268,1,1344676
94464461,0.25,0.259654,1,1344792
94465921,0.26,0.259931,1,1344792
94467381,0.19,0.203986,1,1344847
94468841,0.2,0.200797,1,1344847
94470301,0.25,0.240159,1,1344905
94471761,0.26,0.256032,1,1344905
94473221,0.27,0.267206,1,1344921
94474681,0.28,0.277441,1,1344921
94476141,0.27,0.271488,1,1344965
94477601,0.28,0.278298,1,1344965
94479061,0.33,0.31966,1,1345025
94480521,0.34,0.335932,1,1345025
94481981,0.37,0.363186,1,1345111
94483441,0.38,0.376637,1,1345111
94484901,0.38,0.379327,1,1345111
94486361,0.45,0.435865,1,1345225
94487821,0.46,0.455173,1,1345225
94489281,0.51,0.499035,1,1345277
94490741,0.52,0.515807,1,1345277
94492201,0.59,0.575161,1,1345338
94493661,0.6,0.595032,1,1345338
94495121,0.61,0.607006,1,1345355
94496581,0.62,0.617401,1,1345355
94498041,0.63,0.62748,1,1345399
94499501,0.64,0.637496,1,1345399
94500961,0.63,0.631499,1,1345462
94502421,0.64,0.6383,1,1345462
94503881,0.61,0.61566,1,1345550
94505341,0.62,0.619132,1,1345550
94506801,0.61,0.611826,1,1345552
94508261,0.62,0.618365,1,1345552
94509721,0.59,0.595673,1,1345669
94511181,0.6,0.599135,1,1345669
94512641,0.57,0.575827,1,1345724
94514101,0.58,0.579165,1,1345724
94515561,0.63,0.619833,1,1345789
94517021,0.64,0.635967,1,1345789
94518481,0.63,0.631193,1,1345807
94519941,0.64,0.638239,1,1345807
94521401,0.65,0.647648,1,1345852
94522861,0.66,0.65753,1,1345852
94524321,0.65,0.651506,1,1345915
94525781,0.66,0.658301,1,1345915
94527241,0.65,0.65166,1,1346002
94528701,0.66,0.658332,1,1346002
94530161,0.65,0.651666,1,1346004
94531621,0.66,0.658333,1,1346004
94533081,0.69,0.683667,1,1346120
94534541,0.7,0.696733,1,1346120
94536001,0.7,0.699347,1,1346120
94537461,0.73,0.723869,1,1346174
94538921,0.74,0.736774,1,1346174
94540381,0.85,0.827355,2,1346242
94541841,0.86,0.853471,2,1346242
94543301,0.85,0.850694,2,1346260
94544761,0.86,0.858139,2,1346260
94546221,0.95,0.931628,2,1346306
94638201,0.93,0.93,2,1348124
94639661,0.94,0.938,2,1348124
94641121,0.91,0.9156,2,1348153
94642581,0.92,0.91912,2,1348153
94644041,0.92,0.919824,2,1348153
94645501,0.95,0.943965,2,1348179
94648421,0.85,0.85,2,1348213
94649881,0.86,0.858,2,1348213
94651341,0.77,0.7876,2,1348270
94652801,0.78,0.78152,2,1348270
94654261,0.67,0.692304,1,1348370
94655721,0.68,0.682461,1,1348370
94657181,0.67,0.672492,1,1348401
94658641,0.68,0.678498,1,1348401
94660101,0.53,0.5597,1,1348475
94661561,0.54,0.54394,1,1348475
94663021,0.39,0.420788,1,1348528
94664481,0.4,0.404158,1,1348528
94665941,0.31,0.328832,1,1348593
94667401,0.32,0.321766,1,1348593
94668861,0.27,0.280353,1,1348620
94670321,0.28,0.280071,1,1348620
94671781,0.27,0.272014,1,1348647
94673241,0.28,0.278403,1,1348647
94674701,0.23,0.239681,1,1348676
94676161,0.24,0.239936,1,1348676
94677621,0.17,0.183987,1,1348729
94679081,0.18,0.180797,1,1348729
94680541,0.13,0.140159,1,1348824
94682001,0.14,0.140032,1,1348824
94683461,0.11,0.116006,1,1348855
94684921,0.12,0.119201,1,1348855
94686381,0.11,0.11184,1,1348922
94687841,0.12,0.118368,1,1348922
94689301,0.11,0.111674,1,1348968
94690761,0.12,0.118335,1,1348968
94692221,0.15,0.143667,1,1349029
94693681,0.16,0.156733,1,1349029
94695141,0.15,0.151347,1,1349054
94696601,0.16,0.158269,1,1349054
94698061,0.13,0.135654,1,1349081
94699521,0.14,0.139131,1,1349081
94700981,0.19,0.179826,1,1349108
94702441,0.2,0.195965,1,1349108
94703901,0.2,0.199193,1,1349108
94705361,0.25,0.239839,1,1349158
94706821,0.26,0.255968,1,1349158
94708281,0.27,0.267194,1,1349251
94709741,0.28,0.277439,1,1349251
94711201,0.29,0.287488,1,1349281
94712661,0.3,0.297498,1,1349281
94714121,0.33,0.3235,1,1349348
94715581,0.34,0.3367,1,1349348
94717041,0.33,0.33134,1,1349394
94718501,0.34,0.338268,1,1349394
94719961,0.33,0.331654,1,1349457
94721421,0.34,0.338331,1,1349457
94722881,0.35,0.347666,1,1349482
94724341,0.36,0.357533,1,1349482
94725801,0.35,0.351507,1,1349508
94727261,0.36,0.358301,1,1349508
94728721,0.35,0.35166,1,1349538
94730181,0.36,0.358332,1,1349538
94731641,0.35,0.351666,1,1349540
94733101,0.36,0.358333,1,1349540
94734561,0.31,0.319667,1,1349592
94736021,0.32,0.319933,1,1349592
94737481,0.31,0.311987,1,1349686
94738941,0.32,0.318397,1,1349686
94740401,0.29,0.295679,1,1349717
94741861,0.3,0.299136,1,1349717
94743321,0.39,0.371827,1,1349786
94744781,0.4,0.394365,1,1349786
94746241,0.45,0.438873,1,1349832
94747701,0.46,0.455775,1,1349832
94749161,0.43,0.435155,1,1349895
94750621,0.44,0.439031,1,1349895
94752081,0.43,0.431806,1,1349921
94753541,0.44,0.438361,1,1349921
94755001,0.45,0.447672,1,1349947
94756461,0.46,0.457534,1,1349947
94757921,0.45,0.451507,1,1349977
94759381,0.46,0.458301,1,1349977
94760841,0.45,0.45166,1,1349979
94762301,0.46,0.458332,1,1349979
94763761,0.46,0.459666,1,1349979
94765221,0.49,0.483933,1,1350029
94766681,0.5,0.496787,1,1350029
94768141,0.63,0.603357,1,1350123
94769601,0.64,0.632671,1,1350123
94771061,0.63,0.630534,1,1350153
94772521,0.64,0.638107,1,1350153
94773981,0.69,0.679621,1,1350227
94775441,0.7,0.695924,1,1350227
94776901,0.73,0.723185,1,1350276
94778361,0.74,0.736637,1,1350276
94779821,0.75,0.747327,1,1350338
94781281,0.76,0.757465,2,1350338
94782741,0.75,0.751493,2,1350364
94784201,0.76,0.758299,2,1350364
94785661,0.77,0.76766,2,1350391
94787121,0.78,0.777532,2,1350391
94788581,0.77,0.771506,2,1350421
94790041,0.78,0.778301,2,1350421
94791501,0.77,0.77166,2,1350423
94792961,0.78,0.778332,2,1350423
94794421,0.77,0.771666,2,1350474
94795881,0.78,0.778333,2,1350474
94797341,0.79,0.787667,2,1350575
94798801,0.8,0.797533,2,1350575
94800261,0.81,0.807507,2,1350605
94801721,0.82,0.817501,2,1350605
94803181,0.83,0.8275,2,1350682
94804641,0.84,0.8375,2,1350682
94806101,0.83,0.8315,2,1350733
94807561,0.84,0.8383,2,1350733
94809021,0.87,0.86366,2,1350796
94810481,0.88,0.876732,2,1350796
94811941,0.89,0.887346,2,1350822
94813401,0.9,0.897469,2,1350822
94814861,0.89,0.891494,2,1350850
94816321,0.9,0.898299,2,1350850
94817781,0.91,0.90766,2,1350880
94819241,0.92,0.917532,2,1350880
94820701,0.91,0.911506,2,1350882
94822161,0.92,0.918301,2,1350882
94823621,0.93,0.92766,2,1350933
94825081,0.94,0.937532,2,1350933
94952101,0.92,0.92,2,1352866
94953561,0.93,0.928,2,1352866
94955021,0.91,0.9136,2,1352929
94956481,0.92,0.91872,2,1352929
94957941,0.77,0.799744,2,1352972
94959401,0.78,0.783949,2,1352972
94960861,0.85,0.83679,2,1353000
94962321,0.86,0.855358,2,1353000
94963781,0.73,0.755072,2,1353032
94965241,0.74,0.743014,1,1353032
94966701,0.74,0.740603,1,1353032
94968161,0.55,0.588121,1,1353104
94969621,0.56,0.565624,1,1353104
94971081,0.35,0.393125,1,1353158
94972541,0.36,0.366625,1,1353158
94974001,0.35,0.353325,1,1353200
94975461,0.36,0.358665,1,1353200
94976921,0.13,0.175733,1,1353241
94978381,0.14,0.147147,1,1353241
94979841,0.09,0.101429,1,1353273
94981301,0.1,0.100286,1,1353273
94982761,0.07,0.0760572,1,1353299
94984221,0.08,0.0792114,1,1353299
94985681,0.05,0.0558423,1,1353340
94987141,0.06,0.0591685,1,1353340
94988601,0.03,0.0358337,1,1353397
94990061,0.04,0.0391667,1,1353397
94991521,0.07,0.0638333,1,1353432
94992981,0.08,0.0767667,1,1353432
94994441,0.03,0.0393533,1,1353463
94995901,0.04,0.0398707,1,1353463
94997361,0.07,0.0639741,1,1353489
94998821,0.08,0.0767948,1,1353489
95000281,0.07,0.071359,1,1353491
95001741,0.08,0.0782718,1,1353491
95003201,0.05,0.0556544,1,1353553
95004661,0.06,0.0591309,1,1353553
95006121,0.07,0.0678262,1,1353597
95007581,0.08,0.0775652,1,1353597
95009041,0.11,0.103513,1,1353639
95010501,0.12,0.116703,1,1353639
95011961,0.15,0.143341,1,1353669
95013421,0.16,0.156668,1,1353669
95014881,0.17,0.167334,1,1353699
95016341,0.18,0.177467,1,1353699
95017801,0.15,0.155493,1,1353724
95019261,0.16,0.159099,1,1353724
95020721,0.17,0.16782,1,1353764
95022181,0.18,0.177564,1,1353764
95023641,0.13,0.139513,1,1353820
95025101,0.14,0.139903,1,1353820
95026561,0.11,0.115981,1,1353857
95028021,0.12,0.119196,1,1353857
95029481,0.17,0.159839,1,1353886
95030941,0.18,0.175968,1,1353886
95032401,0.09,0.107194,1,1353914
95033861,0.1,0.101439,1,1353914
95035321,0.09,0.0922877,1,1353916
95036781,0.1,0.0984575,1,1353916
95038241,0.09,0.0916915,1,1353977
95039701,0.1,0.0983383,1,1353977
95041161,0.1,0.0996677,1,1353977
95042621,0.19,0.171934,1,1354022
95044081,0.2,0.194387,1,1354022
95045541,0.25,0.238877,1,1354066
95047001,0.26,0.255775,1,1354066
95048461,0.33,0.315155,1,1354098
95049921,0.34,0.335031,1,1354098
95051381,0.35,0.347006,1,1354129
95052841,0.36,0.357401,1,1354129
95054301,0.35,0.35148,1,1354153
95055761,0.36,0.358296,1,1354153
95057221,0.33,0.335659,1,1354194
95058681,0.34,0.339132,1,1354194
95060141,0.33,0.331826,1,1354248
95061601,0.34,0.338365,1,1354248
95063061,0.35,0.347673,1,1354284
95064521,0.36,0.357535,1,1354284
95065981,0.35,0.351507,1,1354316
95067441,0.36,0.358301,1,1354316
95068901,0.35,0.35166,1,1354340
95070361,0.36,0.358332,1,1354340
95071821,0.35,0.351666,1,1354342
95073281,0.36,0.358333,1,1354342
95074741,0.39,0.383667,1,1354403
95076201,0.4,0.396733,1,1354403
95077661,0.41,0.407347,1,1354452
95079121,0.42,0.417469,1,1354452
95080581,0.41,0.411494,1,1354499
95082041,0.42,0.418299,1,1354499
95083501,0.39,0.39566,1,1354535
95084961,0.4,0.399132,1,1354535
95086421,0.39,0.391826,1,1354567
95087881,0.4,0.398365,1,1354567
95089341,0.43,0.423673,1,1354591
95090801,0.44,0.436735,1,1354591
95092261,0.45,0.447347,1,1354631
95093721,0.46,0.457469,1,1354631
95095181,0.49,0.483494,1,1354685
95096641,0.5,0.496699,1,1354685
95098101,0.53,0.52334,1,1354722
95099561,0.54,0.536668,1,1354722
95101021,0.53,0.531334,1,1354754
95102481,0.54,0.538267,1,1354754
95103941,0.53,0.531653,1,1354778
95105401,0.54,0.538331,1,1354778
95106861,0.53,0.531666,1,1354780
95108321,0.54,0.538333,1,1354780
95109781,0.59,0.579667,1,1354843
95111241,0.6,0.595933,1,1354843
95112701,0.59,0.591187,1,1354893
95114161,0.6,0.598237,1,1354893
95115621,0.57,0.575647,1,1354940
95117081,0.58,0.57913,1,1354940
95118541,0.58,0.579826,1,1354940
95120001,0.63,0.619965,1,1354975
95121461,0.64,0.635993,1,1354975
95122921,0.65,0.647199,1,1355007
95124381,0.66,0.65744,1,1355007
95125841,0.67,0.667488,1,1355033
95127301,0.68,0.677498,1,1355033
95128761,0.67,0.6715,1,1355074
95130221,0.68,0.6783,1,1355074
95131681,0.69,0.68766,1,1355130
95133141,0.7,0.697532,1,1355130
95134601,0.69,0.691506,1,1355169
95136061,0.7,0.698301,1,1355169
95137521,0.69,0.69166,1,1355201
95138981,0.7,0.698332,1,1355201
95140441,0.69,0.691666,1,1355225
95141901,0.7,0.698333,1,1355225
95143361,0.69,0.691667,1,1355227
95144821,0.7,0.698333,1,1355227
95146281,0.71,0.707667,1,1355293
95147741,0.72,0.717533,1,1355293
95149201,0.73,0.727507,1,1355343
95150661,0.74,0.737501,1,1355343
95152121,0.73,0.7315,1,1355389
95153581,0.74,0.7383,1,1355389
95155041,0.73,0.73166,1,1355391
95156501,0.74,0.738332,1,1355391
95157961,0.67,0.683666,1,1355428
95159421,0.68,0.680733,1,1355428
95160881,0.69,0.688147,1,1355461
95162341,0.7,0.697629,1,1355461
95163801,0.73,0.723526,1,1355488
95165261,0.74,0.736705,1,1355488
95166721,0.81,0.795341,2,1355529
95168181,0.82,0.815068,2,1355529
95169641,0.89,0.875014,2,1355586
95171101,0.9,0.895003,2,1355586
95172561,0.87,0.875001,2,1355625
95174021,0.88,0.879,2,1355625
95175481,0.87,0.8718,2,1355657
95176941,0.88,0.87836,2,1355657
95178401,0.87,0.871672,2,1355681
95179861,0.88,0.878334,2,1355681
95181321,0.87,0.871667,2,1355683
95182781,0.88,0.878333,2,1355683
95184241,0.89,0.887667,2,1355750
95185701,0.9,0.897533,2,1355750
95187161,0.87,0.875507,2,1355801
95188621,0.88,0.879101,2,1355801
95190081,0.89,0.88782,2,1355847
95191541,0.9,0.897564,2,1355847
95193001,0.89,0.891513,2,1355849
95194461,0.9,0.898303,2,1355849
95195921,0.9,0.899661,2,1355849
95197381,0.91,0.907932,2,1355883
95198841,0.92,0.917586,2,1355883
95200301,0.95,0.943517,2,1355917
95203221,0.95,0.95,2,1355946
95333161,0.93,0.93,2,1357566
95334621,0.94,0.938,2,1357566
95350681,0.92,0.92,2,1357797
95352141,0.93,0.928,2,1357797
95356521,0.93,0.93,2,1357844
95357981,0.94,0.938,2,1357844
95359441,0.92,0.9236,2,1357872
95360901,0.93,0.92872,2,1357872
95362361,0.83,0.849744,2,1357907
95363821,0.84,0.841949,2,1357907
95365281,0.84,0.84039,2,1357907
95366741,0.77,0.784078,2,1357937
95368201,0.78,0.780816,2,1357937
95369661,0.69,0.708163,1,1357975
95371121,0.7,0.701633,1,1357975
95372581,0.61,0.628327,1,1358011
95374041,0.62,0.621665,1,1358011
95375501,0.37,0.420333,1,1358055
95376961,0.38,0.388067,1,1358055
95378421,0.25,0.277613,1,1358093
95379881,0.26,0.263523,1,1358093
95381341,0.19,0.204705,1,1358128
95382801,0.2,0.200941,1,1358128
95384261,0.13,0.144188,1,1358161
95385721,0.14,0.140838,1,1358161
95387181,0.13,0.132168,1,1358190
95388641,0.14,0.138434,1,1358190
95390101,0.13,0.131687,1,1358233
95391561,0.14,0.138337,1,1358233
95393021,0.07,0.0836675,1,1358272
95394481,0.08,0.0807335,1,1358272
95395941,0.01,0.0241467,1,1358294
95397401,0.02,0.0208293,1,1358294
95398861,0.01,0.0121659,1,1358312
95400321,0.02,0.0184332,1,1358312
95401781,0.03,0.0276866,1,1358340
95403241,0.04,0.0375373,1,1358340
95404701,0.01,0.0155075,1,1358370
95406161,0.02,0.0191015,1,1358370
95407621,0.05,0.0438203,1,1358396
95409081,0.06,0.0567641,1,1358396
95410541,0,0.0113528,1,1358430
95412001,0,0.00227056,1,1358430
95413461,0.07,0.0564541,1,1358462
95414921,0.08,0.0752908,1,1358462
95416381,0.03,0.0390582,1,1358494
95417841,0.04,0.0398116,1,1358494
95419301,0.05,0.0479623,1,1358526
95420761,0.06,0.0575925,1,1358526
95422221,0.03,0.0355185,1,1358558
95423681,0.04,0.0391037,1,1358558
95425141,0.07,0.0638207,1,1358588
95426601,0.08,0.0767641,1,1358588
95428061,0.05,0.0553528,1,1358617
95429521,0.06,0.0590706,1,1358617
95430981,0.03,0.0358141,1,1358660
95432441,0.04,0.0391628,1,1358660
95433901,0.11,0.0958326,1,1358696
95435361,0.12,0.115167,1,1358696
95436821,0.09,0.0950333,1,1358715
95438281,0.1,0.0990067,1,1358715
95439741,0.09,0.0918013,1,1358733
95441201,0.1,0.0983603,1,1358733
95442661,0.11,0.107672,1,1358762
95444121,0.12,0.117534,1,1358762
95445581,0.05,0.0635069,1,1358791
95447041,0.06,0.0607014,1,1358791
95448501,0.07,0.0681403,1,1358819
95449961,0.08,0.0776281,1,1358819
95451421,0.03,0.0395256,1,1358851
95452881,0.04,0.0399051,1,1358851
95454341,0.04,0.039981,1,1358851
95455801,0.09,0.0799962,1,1358886
95457261,0.1,0.0959992,1,1358886
95458721,0.01,0.0271998,1,1358916
95460181,0.02,0.02144,1,1358916
95461641,0.09,0.076288,1,1358949
95463101,0.1,0.0952576,1,1358949
95464561,0.03,0.0430515,1,1358980
95466021,0.04,0.0406103,1,1358980
95467481,0.07,0.0641221,1,1359012
95468941,0.08,0.0768244,1,1359012
95470401,0.07,0.0713649,1,1359040
95471861,0.08,0.078273,1,1359040
95473321,0.09,0.0876546,1,1359082
95474781,0.1,0.0975309,1,1359082
95476241,0.09,0.0915062,1,1359122
95477701,0.1,0.0983012,1,1359122
95479161,0.09,0.0916602,1,1359140
95480621,0.1,0.098332,1,1359140
95482081,0.11,0.107666,1,1359158
95483541,0.12,0.117533,1,1359158
95485001,0.13,0.127507,1,1359188
95486461,0.14,0.137501,1,1359188
95487921,0.15,0.1475,1,1359214
95489381,0.16,0.1575,1,1359214
95490841,0.19,0.1835,1,1359243
95492301,0.2,0.1967,1,1359243
95493761,0.19,0.19134,1,1359273
95495221,0.2,0.198268,1,1359273
95496681,0.19,0.191654,1,1359275
95498141,0.2,0.198331,1,1359275
95499601,0.17,0.175666,1,1359312
95501061,0.18,0.179133,1,1359312
95502521,0.15,0.155827,1,1359338
95503981,0.16,0.159165,1,1359338
95505441,0.21,0.199833,1,1359375
95506901,0.22,0.215967,1,1359375
95508361,0.19,0.195193,1,1359403
95509821,0.2,0.199039,1,1359403
95511281,0.21,0.207808,1,1359437
95512741,0.22,0.217562,1,1359437
95514201,0.27,0.259512,1,1359465
95515661,0.28,0.275902,1,1359465
95517121,0.27,0.27118,1,1359508
95518581,0.28,0.278236,1,1359508
95520041,0.27,0.271647,1,1359548
95521501,0.28,0.278329,1,1359548
95522961,0.27,0.271666,1,1359566
95524421,0.28,0.278333,1,1359566
95525881,0.31,0.303667,1,1359585
95527341,0.32,0.316733,1,1359585
95528801,0.31,0.311347,1,1359616
95530261,0.32,0.318269,1,1359616
95531721,0.29,0.295654,1,1359643
95533181,0.3,0.299131,1,1359643
95534641,0.27,0.275826,1,1359674
95536101,0.28,0.279165,1,1359674
95537561,0.31,0.303833,1,1359704
95539021,0.32,0.316767,1,1359704
95540481,0.31,0.311353,1,1359706
95541941,0.32,0.318271,1,1359706
95543401,0.31,0.311654,1,1359742
95544861,0.32,0.318331,1,1359742
95546321,0.32,0.319666,1,1359742
95547781,0.35,0.343933,1,1359767
95549241,0.36,0.356787,1,1359767
95550701,0.35,0.351357,1,1359807
95552161,0.36,0.358271,1,1359807
95553621,0.37,0.367654,1,1359834
95555081,0.38,0.377531,1,1359834
95556541,0.41,0.403506,1,1359869
95558001,0.42,0.416701,1,1359869
95559461,0.43,0.42734,1,1359900
95560921,0.44,0.437468,1,1359900
95562381,0.51,0.495494,1,1359943
95563841,0.52,0.515099,1,1359943
95565301,0.51,0.51102,1,1359983
95566761,0.52,0.518204,1,1359983
95568221,0.51,0.511641,1,1360001
95569681,0.52,0.518328,1,1360001
95571141,0.53,0.527666,1,1360022
95572601,0.54,0.537533,1,1360022
95574061,0.51,0.515507,1,1360053
95575521,0.52,0.519101,1,1360053
95576981,0.51,0.51182,1,1360079
95578441,0.52,0.518364,1,1360079
95579901,0.53,0.527673,1,1360109
95581361,0.54,0.537535,1,1360109
95582821,0.51,0.515507,1,1360141
95584281,0.52,0.519101,1,1360141
95585741,0.51,0.51182,1,1360143
95587201,0.52,0.518364,1,1360143
95588661,0.53,0.527673,1,1360179
95590121,0.54,0.537535,1,1360179
95591581,0.53,0.531507,1,1360205
95593041,0.54,0.538301,1,1360205
95594501,0.53,0.53166,1,1360245
95595961,0.54,0.538332,1,1360245
95597421,0.55,0.547666,1,1360273
95598881,0.56,0.557533,1,1360273
95600341,0.53,0.535507,1,1360310
95601801,0.54,0.539101,1,1360310
95603261,0.53,0.53182,1,1360342
95604721,0.54,0.538364,1,1360342
95606181,0.57,0.563673,1,1360389
95607641,0.58,0.576735,1,1360389
95609101,0.57,0.571347,1,1360429
95610561,0.58,0.578269,1,1360429
95612021,0.57,0.571654,1,1360447
95613481,0.58,0.578331,1,1360447
95614941,0.57,0.571666,1,1360469
95616401,0.58,0.578333,1,1360469
95617861,0.59,0.587667,1,1360499
95619321,0.6,0.597533,1,1360499
95620781,0.59,0.591507,1,1360525
95622241,0.6,0.598301,1,1360525
95623701,0.57,0.57566,1,1360556
95625161,0.58,0.579132,1,1360556
95626621,0.59,0.587826,1,1360587
95628081,0.6,0.597565,1,1360587
95629541,0.59,0.591513,1,1360589
95631001,0.6,0.598303,1,1360589
95632461,0.67,0.655661,1,1360626
95633921,0.68,0.675132,1,1360626
95635381,0.67,0.671026,1,1360652
95636841,0.68,0.678205,1,1360652
95638301,0.68,0.679641,1,1360652
95639761,0.69,0.687928,1,1360692
95641221,0.7,0.697586,1,1360692
95642681,0.67,0.675517,1,1360721
95644141,0.68,0.679103,1,1360721
95645601,0.63,0.639821,1,1360757
95647061,0.64,0.639964,1,1360757
95648521,0.63,0.631993,1,1360789
95649981,0.64,0.638399,1,1360789
95651441,0.71,0.69568,1,1360838
95652901,0.72,0.715136,1,1360838
95654361,0.73,0.727027,1,1360878
95655821,0.74,0.737405,1,1360878
95657281,0.75,0.747481,1,1360896
95658741,0.76,0.757496,2,1360896
95660201,0.75,0.751499,2,1360918
95661661,0.76,0.7583,2,1360918
95663121,0.73,0.73566,1,1360949
95664581,0.74,0.739132,1,1360949
95666041,0.73,0.731826,1,1360975
95667501,0.74,0.738365,1,1360975
95668961,0.73,0.731673,1,1361005
95670421,0.74,0.738335,1,1361005
95671881,0.73,0.731667,1,1361037
95673341,0.74,0.738333,1,1361037
95674801,0.73,0.731667,1,1361039
95676261,0.74,0.738333,1,1361039
95677721,0.83,0.811667,2,1361080
95679181,0.84,0.834333,2,1361080
95680641,0.83,0.830867,2,1361106
95682101,0.84,0.838173,2,1361106
95683561,0.83,0.831635,2,1361108
95685021,0.84,0.838327,2,1361108
95686481,0.83,0.831665,2,1361148
95687941,0.84,0.838333,2,1361148
95689401,0.83,0.831667,2,1361176
95690861,0.84,0.838333,2,1361176
95692321,0.83,0.831667,2,1361210
95693781,0.84,0.838333,2,1361210
95695241,0.85,0.847667,2,1361242
95696701,0.86,0.857533,2,1361242
95698161,0.91,0.899507,2,1361295
95699621,0.92,0.915901,2,1361295
95861681,0.9,0.9,2,1362925
95863141,0.91,0.908,2,1362925
95873361,0.92,0.92,2,1363065
95874821,0.93,0.928,2,1363065
95882121,0.83,0.83,2,1363206
95883581,0.75,0.766,2,1363240
95841241,0.61,0.6412,1,1363265
95885041,0.59,0.60024,1,1363301
95886501,0.61,0.608048,1,1363326
95887961,0.55,0.56161,1,1363356
95889421,0.53,0.536322,1,1363386
95890881,0.55,0.547264,1,1363441
95892341,0.39,0.421453,1,1363468
95893801,0.49,0.476291,1,1363509
95895261,0.41,0.423258,1,1363536
95896721,0.39,0.396652,1,1363570
95898181,0.33,0.34333,1,1363576
95899641,0.37,0.364666,1,1363587
95901101,0.37,0.368933,1,1363607
95902561,0.35,0.353787,1,1363623
95904021,0.35,0.350757,1,1363668
95905481,0.35,0.350151,1,1363698
95906941,0.35,0.35003,1,1363716
95908401,0.37,0.366006,1,1363777
95909861,0.38,0.377201,1,1363777
95911321,0.43,0.41944,1,1363833
95912781,0.44,0.435888,1,1363833
95914241,0.43,0.431178,1,1363908
95915701,0.44,0.438236,1,1363908
95917161,0.49,0.479647,1,1363977
95918621,0.5,0.495929,1,1363977
95920081,0.49,0.491186,1,1364013
95921541,0.5,0.498237,1,1364013
95923001,0.53,0.523647,1,1364046
95924461,0.54,0.536729,1,1364046
95925921,0.51,0.515346,1,1364106
95927381,0.52,0.519069,1,1364106
95928841,0.55,0.543814,1,1364154
95930301,0.56,0.556763,1,1364154
95931761,0.55,0.551353,1,1364217
95933221,0.56,0.55827,1,1364217
95934681,0.59,0.583654,1,1364276
95936141,0.6,0.596731,1,1364276
95937601,0.53,0.543346,1,1364351
95939061,0.54,0.540669,1,1364351
95940521,0.55,0.548134,1,1364423
95941981,0.56,0.557627,1,1364423
95943441,0.57,0.567525,1,1364459
95944901,0.58,0.577505,1,1364459
95946361,0.61,0.603501,1,1364494
95947821,0.62,0.6167,1,1364494
95949281,0.67,0.65934,1,1364553
95950741,0.68,0.675868,1,1364553
95952201,0.67,0.671174,1,1364603
95953661,0.68,0.678235,1,1364603
95955121,0.68,0.679647,1,1364603
95956581,0.71,0.703929,1,1364666
95958041,0.72,0.716786,1,1364666
95959501,0.71,0.711357,1,1364727
95960961,0.72,0.718271,1,1364727
95962421,0.73,0.727654,1,1364799
95963881,0.74,0.737531,1,1364799
95965341,0.75,0.747506,1,1364872
95966801,0.76,0.757501,2,1364872
95968261,0.77,0.7675,2,1364909
95969721,0.78,0.7775,2,1364909
95971181,0.77,0.7715,2,1364946
95972641,0.78,0.7783,2,1364946
95974101,0.81,0.80366,2,1365008
95975561,0.82,0.816732,2,1365008
95977021,0.87,0.859346,2,1365058
95978481,0.88,0.875869,2,1365058
95979941,0.87,0.871174,2,1365122
95981401,0.88,0.878235,2,1365122
95982861,0.89,0.887647,2,1365183
95984321,0.9,0.897529,2,1365183
96111341,0.91,0.91,2,1367541
96112801,0.92,0.918,2,1367541
96114261,0.73,0.7676,2,1367597
96115721,0.74,0.74552,1,1367597
96117181,0.51,0.557104,1,1367632
96118641,0.52,0.527421,1,1367632
96120101,0.19,0.257484,1,1367741
96121561,0.2,0.211497,1,1367741
96123021,0.2,0.202299,1,1367741
96124481,0.07,0.0964599,1,1367773
96125941,0.08,0.083292,1,1367773
96127401,0.07,0.0726584,1,1367809
96128861,0.08,0.0785317,1,1367809
96130321,0.03,0.0397063,1,1367863
96131781,0.04,0.0399413,1,1367863
96133241,0.09,0.0799883,1,1367900
96134701,0.1,0.0959977,1,1367900
96136161,0.03,0.0431995,1,1367977
96137621,0.04,0.0406399,1,1367977
96139081,0.03,0.032128,1,1368007
96140541,0.04,0.0384256,1,1368007
96142001,0.03,0.0316851,1,1368054
96143461,0.04,0.038337,1,1368054
96144921,0.09,0.0796674,1,1368078
96146381,0.1,0.0959335,1,1368078
96147841,0.07,0.0751867,1,1368171
96149301,0.08,0.0790373,1,1368171
96150761,0.07,0.0718075,1,1368173
96152221,0.08,0.0783615,1,1368173
96153681,0.09,0.0876723,1,1368198
96155141,0.1,0.0975345,1,1368198
96156601,0,0.0195069,1,1368234
96158061,0,0.00390138,1,1368234
96159521,0,0.000780276,1,1368286
96160981,0,0.000156055,1,1368286
96162441,0.03,0.0240312,1,1368326
96163901,0.04,0.0368062,1,1368326
96165361,0.01,0.0153612,1,1368400
96166821,0.02,0.0190722,1,1368400
96168281,0.05,0.0438144,1,1368430
96169741,0.06,0.0567629,1,1368430
96171201,0.01,0.0193526,1,1368477
96172661,0.02,0.0198705,1,1368477
96174121,0.01,0.0119741,1,1368504
96175581,0.02,0.0183948,1,1368504
96177041,0.05,0.043679,1,1368596
96178501,0.06,0.0567358,1,1368596
96179961,0.05,0.0513472,1,1368598
96181421,0.06,0.0582694,1,1368598
96182881,0.06,0.0596539,1,1368598
96184341,0.07,0.0679308,1,1368624
96185801,0.08,0.0775862,1,1368624
96187261,0.05,0.0555172,1,1368656
96188721,0.06,0.0591034,1,1368656
96190181,0.03,0.0358207,1,1368708
96191641,0.04,0.0391641,1,1368708
96193101,0.03,0.0318328,1,1368749
96194561,0.04,0.0383666,1,1368749
96196021,0.01,0.0156733,1,1368822
96197481,0.02,0.0191347,1,1368822
96198941,0.05,0.0438269,1,1368854
96200401,0.06,0.0567654,1,1368854
96201861,0.01,0.0193531,1,1368899
96203321,0.02,0.0198706,1,1368899
96204781,0.01,0.0119741,1,1368926
96206241,0.02,0.0183948,1,1368926
96207701,0.11,0.091679,1,1369020
96209161,0.12,0.114336,1,1369020
96210621,0.11,0.110867,1,1369022
96212081,0.12,0.118173,1,1369022
96213541,0.11,0.111635,1,1369048
96215001,0.12,0.118327,1,1369048
96216461,0.15,0.143665,1,1369079
96217921,0.16,0.156733,1,1369079
96219381,0.15,0.151347,1,1369130
96220841,0.16,0.158269,1,1369130
96222301,0.13,0.135654,1,1369171
96223761,0.14,0.139131,1,1369171
96225221,0.13,0.131826,1,1369243
96226681,0.14,0.138365,1,1369243
96228141,0.11,0.115673,1,1369277
96229601,0.12,0.119135,1,1369277
96231061,0.15,0.143827,1,1369320
96232521,0.16,0.156765,1,1369320
96233981,0.09,0.103353,1,1369347
96235441,0.1,0.100671,1,1369347
96236901,0.19,0.172134,1,1369446
96238361,0.2,0.194427,1,1369446
96239821,0.19,0.190885,1,1369448
96241281,0.2,0.198177,1,1369448
96242741,0.21,0.207635,1,1369474
96244201,0.22,0.217527,1,1369474
96245661,0.23,0.227505,1,1369507
96247121,0.24,0.237501,1,1369507
96248581,0.24,0.2395,1,1369507
96250041,0.23,0.2319,1,1369558
96251501,0.24,0.23838,1,1369558
96252961,0.27,0.263676,1,1369598
96254421,0.28,0.276735,1,1369598
96255881,0.29,0.287347,1,1369670
96257341,0.3,0.297469,1,1369670
96258801,0.27,0.275494,1,1369703
96260261,0.28,0.279099,1,1369703
96261721,0.25,0.25582,1,1369748
96263181,0.26,0.259164,1,1369748
96264641,0.25,0.251833,1,1369772
96266101,0.26,0.258367,1,1369772
96267561,0.35,0.331673,1,1369876
96269021,0.36,0.354335,1,1369876
96270481,0.35,0.350867,1,1369878
96271941,0.36,0.358173,1,1369878
96273401,0.33,0.335635,1,1369905
96274861,0.34,0.339127,1,1369905
96276321,0.33,0.331825,1,1369939
96277781,0.34,0.338365,1,1369939
96279241,0.33,0.331673,1,1369941
96280701,0.34,0.338335,1,1369941
96282161,0.35,0.347667,1,1369991
96283621,0.36,0.357533,1,1369991
96285081,0.31,0.319507,1,1370033
96286541,0.32,0.319901,1,1370033
96288001,0.33,0.32798,1,1370106
96289461,0.34,0.337596,1,1370106
96290921,0.35,0.347519,1,1370138
96292381,0.36,0.357504,1,1370138
96293841,0.35,0.351501,1,1370182
96295301,0.36,0.3583,1,1370182
96296761,0.37,0.36766,1,1370206
96298221,0.38,0.377532,1,1370206
96299681,0.43,0.419506,1,1370315
96301141,0.44,0.435901,1,1370315
96302601,0.43,0.43118,1,1370317
96304061,0.44,0.438236,1,1370317
96305521,0.45,0.447647,1,1370343
96306981,0.46,0.457529,1,1370343
96308441,0.45,0.451506,1,1370377
96309901,0.46,0.458301,1,1370377
96311361,0.45,0.45166,1,1370379
96312821,0.46,0.458332,1,1370379
96314281,0.45,0.451666,1,1370430
96315741,0.46,0.458333,1,1370430
96317201,0.46,0.459667,1,1370430
96318661,0.47,0.467933,1,1370470
96320121,0.48,0.477587,1,1370470
96321581,0.51,0.503517,1,1370544
96323041,0.52,0.516703,1,1370544
96324501,0.55,0.543341,1,1370577
96325961,0.56,0.556668,1,1370577
96327421,0.55,0.551334,1,1370621
96328881,0.56,0.558267,1,1370621
96330341,0.57,0.567653,1,1370646
96331801,0.58,0.577531,1,1370646
96333261,0.63,0.619506,1,1370758
96334721,0.64,0.635901,1,1370758
96336181,0.63,0.63118,1,1370760
96337641,0.64,0.638236,1,1370760
96339101,0.65,0.647647,1,1370787
96340561,0.66,0.657529,1,1370787
96342021,0.67,0.667506,1,1370821
96343481,0.68,0.677501,1,1370821
96344941,0.67,0.6715,1,1370823
96346401,0.68,0.6783,1,1370823
96347861,0.71,0.70366,1,1370874
96349321,0.72,0.716732,1,1370874
96350781,0.71,0.711346,1,1370914
96352241,0.72,0.718269,1,1370914
96353701,0.79,0.775654,2,1370990
96355161,0.8,0.795131,2,1370990
96356621,0.81,0.807026,2,1371025
96358081,0.82,0.817405,2,1371025
96359541,0.85,0.843481,2,1371069
96361001,0.86,0.856696,2,1371069
96362461,0.85,0.851339,2,1371095
96363921,0.86,0.858268,2,1371095
96365381,0.89,0.883654,2,1371210
96366841,0.9,0.896731,2,1371210
96368301,0.89,0.891346,2,1371212
96369761,0.9,0.898269,2,1371212
96371221,0.91,0.907654,2,1371240
96372681,0.92,0.917531,2,1371240
96374141,0.95,0.943506,2,1371275
96377061,0.95,0.95,2,1371277
96547881,0.89,0.89,2,1373645
96549341,0.9,0.898,2,1373645
96550801,0.81,0.8276,2,1373668
96552261,0.82,0.82152,2,1373668
96553721,0.71,0.732304,1,1373695
96555181,0.72,0.722461,1,1373695
96556641,0.69,0.696492,1,1373727
96558101,0.7,0.699298,1,1373727
96559561,0.65,0.65986,1,1373769
96561021,0.66,0.659972,1,1373769
96562481,0.59,0.603994,1,1373801
96563941,0.6,0.600799,1,1373801
96565401,0.63,0.62416,1,1373832
96566861,0.64,0.636832,1,1373832
96568321,0.49,0.519366,1,1373882
96569781,0.5,0.503873,1,1373882
96571241,0.45,0.460775,1,1373919
96572701,0.46,0.460155,1,1373919
96574161,0.33,0.356031,1,1373943
96575621,0.34,0.343206,1,1373943
96577081,0.31,0.316641,1,1373960
96578541,0.32,0.319328,1,1373960
96580001,0.25,0.263866,1,1374056
96581461,0.26,0.260773,1,1374056
96582921,0.23,0.236155,1,1374085
96584381,0.24,0.239231,1,1374085
96585841,0.27,0.263846,1,1374111
96587301,0.28,0.276769,1,1374111
96588761,0.25,0.255354,1,1374130
96590221,0.26,0.259071,1,1374130
96591681,0.25,0.251814,1,1374152
96593141,0.26,0.258363,1,1374152
96594601,0.27,0.267673,1,1374183
96596061,0.28,0.277535,1,1374183
96597521,0.31,0.303507,1,1374223
96598981,0.32,0.316701,1,1374223
96600441,0.35,0.34334,1,1374252
96601901,0.36,0.356668,1,1374252
96603361,0.29,0.303334,1,1374285
96604821,0.3,0.300667,1,1374285
96606281,0.33,0.324133,1,1374328
96607741,0.34,0.336827,1,1374328
96609201,0.33,0.331365,1,1374363
96610661,0.34,0.338273,1,1374363
96612121,0.33,0.331655,1,1374381
96613581,0.34,0.338331,1,1374381
96615041,0.33,0.331666,1,1374397
96616501,0.34,0.338333,1,1374397
96617961,0.34,0.339667,1,1374397
96619421,0.37,0.363933,1,1374490
96620881,0.38,0.376787,1,1374490
96622341,0.43,0.419357,1,1374518
96623801,0.44,0.435871,1,1374518
96625261,0.47,0.463174,1,1374546
96626721,0.48,0.476635,1,1374546
96628181,0.47,0.471327,1,1374564
96629641,0.48,0.478265,1,1374564
96631101,0.47,0.471653,1,1374586
96632561,0.48,0.478331,1,1374586
96634021,0.47,0.471666,1,1374618
96635481,0.48,0.478333,1,1374618
96636941,0.47,0.471667,1,1374660
96638401,0.48,0.478333,1,1374660
96639861,0.51,0.503667,1,1374691
96641321,0.52,0.516733,1,1374691
96642781,0.51,0.511347,1,1374721
96644241,0.52,0.518269,1,1374721
96645701,0.59,0.575654,1,1374766
96647161,0.6,0.595131,1,1374766
96648621,0.57,0.575026,1,1374801
96650081,0.58,0.579005,1,1374801
96651541,0.59,0.587801,1,1374819
96653001,0.6,0.59756,1,1374819
96654461,0.59,0.591512,1,1374835
96655921,0.6,0.598302,1,1374835
96657381,0.67,0.65566,1,1374929
96658841,0.68,0.675132,1,1374929
96660301,0.65,0.655026,1,1374960
96661761,0.66,0.659005,1,1374960
96663221,0.69,0.683801,1,1374990
96664681,0.7,0.69676,1,1374990
96666141,0.71,0.707352,1,1375008
96667601,0.72,0.71747,1,1375008
96669061,0.73,0.727494,1,1375030
96670521,0.74,0.737499,1,1375030
96671981,0.73,0.7315,1,1375062
96673441,0.74,0.7383,1,1375062
96674901,0.73,0.73166,1,1375104
96676361,0.74,0.738332,1,1375104
96677821,0.75,0.747666,1,1375137
96679281,0.76,0.757533,2,1375137
96680741,0.77,0.767507,2,1375167
96682201,0.78,0.777501,2,1375167
96683661,0.81,0.8035,2,1375216
96685121,0.82,0.8167,2,1375216
96686581,0.81,0.81134,2,1375250
96688041,0.82,0.818268,2,1375250
96689501,0.83,0.827654,2,1375269
96690961,0.84,0.837531,2,1375269
96692421,0.85,0.847506,2,1375285
96693881,0.86,0.857501,2,1375285
96695341,0.87,0.8675,2,1375383
96696801,0.88,0.8775,2,1375383
96698261,0.88,0.8795,2,1375383
96699721,0.89,0.8879,2,1375413
96701181,0.9,0.89758,2,1375413
96702641,0.87,0.875516,2,1375445
96704101,0.88,0.879103,2,1375445
96705561,0.85,0.855821,2,1375464
96707021,0.86,0.859164,2,1375464
96708481,0.83,0.835833,2,1375487
96709941,0.84,0.839167,2,1375487
96711401,0.83,0.831833,2,1375519
96712861,0.84,0.838367,2,1375519
96714321,0.83,0.831673,2,1375561
96715781,0.84,0.838335,2,1375561
96717241,0.79,0.799667,2,1375595
96718701,0.8,0.799933,2,1375595
96720161,0.85,0.839987,2,1375626
96721621,0.86,0.855997,2,1375626
96723081,0.83,0.835199,2,1375677
96724541,0.84,0.83904,2,1375677
96726001,0.89,0.879808,2,1375711
96727461,0.9,0.895962,2,1375711
96728921,0.89,0.891192,2,1375731
96730381,0.9,0.898238,2,1375731
96731841,0.93,0.923648,2,1375748
96733301,0.94,0.93673,2,1375748
96734761,0.93,0.931346,2,1375847
96736221,0.94,0.938269,2,1375847
96737681,0.93,0.931654,2,1375849
96739141,0.94,0.938331,2,1375849
96740601,0.93,0.931666,2,1375879
96742061,0.94,0.938333,2,1375879
96743521,0.91,0.915667,2,1375910
96744981,0.92,0.919133,2,1375910
96746441,0.91,0.911827,2,1375928
96747901,0.92,0.918365,2,1375928
96749361,0.91,0.911673,2,1375950
96750821,0.92,0.918335,2,1375950
96752281,0.93,0.927667,2,1375982
96753741,0.94,0.937533,2,1375982
96755201,0.95,0.947507,2,1376024
96882221,0.8,0.8,2,1377572
96883681,0.77,0.776,2,1377622
96885141,0.65,0.6752,1,1377656
96886601,0.55,0.57504,1,1377691
96888061,0.59,0.587008,1,1377735
96889521,0.47,0.493402,1,1377807
96890981,0.45,0.45868,1,1377833
96892441,0.39,0.403736,1,1377858
96893901,0.35,0.360747,1,1377882
96895361,0.31,0.320149,1,1377897
96896821,0.31,0.31203,1,1377906
96898281,0.25,0.262406,1,1377917
96899741,0.33,0.316481,1,1377927
96901201,0.27,0.279296,1,1378034
96902661,0.28,0.279859,1,1378034
96904121,0.29,0.287972,1,1378109
96905581,0.3,0.297594,1,1378109
96907041,0.43,0.403519,1,1378185
96908501,0.44,0.432704,1,1378185
96909961,0.39,0.398541,1,1378276
96911421,0.4,0.399708,1,1378276
96912881,0.39,0.391942,1,1378320
96914341,0.4,0.398388,1,1378320
96915801,0.39,0.391678,1,1378342
96917261,0.4,0.398336,1,1378342
96918721,0.39,0.391667,1,1378364
96920181,0.4,0.398333,1,1378364
96921641,0.45,0.439667,1,1378469
96923101,0.46,0.455933,1,1378469
96924561,0.49,0.483187,1,1378545
96926021,0.5,0.496637,1,1378545
96927481,0.63,0.603327,1,1378628
96928941,0.64,0.632665,1,1378628
96930401,0.61,0.614533,1,1378717
96931861,0.62,0.618907,1,1378717
96933321,0.65,0.643781,1,1378761
96934781,0.66,0.656756,1,1378761
96936241,0.67,0.667351,1,1378783
96937701,0.68,0.67747,1,1378783
96939161,0.67,0.671494,1,1378805
96940621,0.68,0.678299,1,1378805
96942081,0.68,0.67966,1,1378805
96943541,0.77,0.751932,2,1378913
96945001,0.78,0.774386,2,1378913
96946461,0.81,0.802877,2,1378991
96947921,0.82,0.816575,2,1378991
96949381,0.81,0.811315,2,1379081
96950841,0.82,0.818263,2,1379081
96952301,0.83,0.827653,2,1379169
96953761,0.84,0.837531,2,1379169
96955221,0.89,0.879506,2,1379215
96956681,0.9,0.895901,2,1379215
96958141,0.91,0.90718,2,1379238
96959601,0.92,0.917436,2,1379238
96961061,0.91,0.911487,2,1379260
96962521,0.92,0.918297,2,1379260
96963981,0.91,0.91166,2,1379372
96965441,0.92,0.918332,2,1379372
96966901,0.87,0.879666,2,1379452
96968361,0.88,0.879933,2,1379452
96969821,0.83,0.839987,2,1379542
96971281,0.84,0.839997,2,1379542
96972741,0.93,0.911999,2,1379631
96974201,0.94,0.9344,2,1379631
97054501,0.95,0.95,2,1381272
97057421,0.89,0.89,2,1381349
97058881,0.9,0.898,2,1381349
97060341,0.85,0.8596,2,1381383
97061801,0.86,0.85992,2,1381383
97063261,0.71,0.739984,1,1381429
97064721,0.72,0.723997,1,1381429
97066181,0.47,0.520799,1,1381527
97067641,0.48,0.48816,1,1381527
97069101,0.21,0.265632,1,1381611
97070561,0.22,0.229126,1,1381611
97072021,0.19,0.197825,1,1381639
97073481,0.2,0.199565,1,1381639
97074941,0.23,0.223913,1,1381678
97076401,0.24,0.236783,1,1381678
97077861,0.09,0.119357,1,1381747
97079321,0.1,0.103871,1,1381747
97080781,0.09,0.0927743,1,1381815
97082241,0.1,0.0985549,1,1381815
97083701,0.03,0.043711,1,1381846
97085161,0.04,0.0407422,1,1381846
97086621,0.05,0.0481484,1,1381885
97088081,0.06,0.0576297,1,1381885
97089541,0.09,0.0835259,1,1381971
97091001,0.1,0.0967052,1,1381971
97092461,0.1,0.099341,1,1381971
97093921,0.07,0.0758682,1,1382042
97095381,0.08,0.0791736,1,1382042
97096841,0.03,0.0398347,1,1382069
97098301,0.04,0.0399669,1,1382069
97099761,0.21,0.175993,1,1382110
97101221,0.22,0.211199,1,1382110
97102681,0.19,0.19424,1,1382172
97104141,0.2,0.198848,1,1382172
97105601,0.15,0.15977,1,1382240
97107061,0.16,0.159954,1,1382240
97108521,0.15,0.151991,1,1382268
97109981,0.16,0.158398,1,1382268
97111441,0.13,0.13568,1,1382308
97112901,0.14,0.139136,1,1382308
97114361,0.19,0.179827,1,1382396
97115821,0.2,0.195965,1,1382396
97117281,0.19,0.191193,1,1382398
97118741,0.2,0.198239,1,1382398
97120201,0.21,0.207648,1,1382467
97121661,0.22,0.21753,1,1382467
97123121,0.23,0.227506,1,1382492
97124581,0.24,0.237501,1,1382492
97126041,0.33,0.3115,1,1382542
97127501,0.34,0.3343,1,1382542
97128961,0.39,0.37886,1,1382603
97130421,0.4,0.395772,1,1382603
97131881,0.41,0.407154,1,1382669
97133341,0.42,0.417431,1,1382669
97134801,0.41,0.411486,1,1382697
97136261,0.42,0.418297,1,1382697
97137721,0.47,0.459659,1,1382736
97139181,0.48,0.475932,1,1382736
97140641,0.49,0.487186,1,1382827
97142101,0.5,0.497437,1,1382827
97143561,0.49,0.491487,1,1382829
97145021,0.5,0.498297,1,1382829
97146481,0.5,0.499659,1,1382829
97147941,0.53,0.523932,1,1382899
97149401,0.54,0.536786,1,1382899
97150861,0.53,0.531357,1,1382925
97152321,0.54,0.538271,1,1382925
97153781,0.53,0.531654,1,1382980
97155241,0.54,0.538331,1,1382980
97156701,0.59,0.579666,1,1383044
97158161,0.6,0.595933,1,1383044
97159621,0.65,0.639187,1,1383111
97161081,0.66,0.655837,1,1383111
97162541,0.65,0.651167,1,1383139
97164001,0.66,0.658233,1,1383139
97165461,0.69,0.683647,1,1383181
97166921,0.7,0.696729,1,1383181
97168381,0.73,0.723346,1,1383273
97169841,0.74,0.736669,1,1383273
97171301,0.73,0.731334,1,1383275
97172761,0.74,0.738267,1,1383275
97174221,0.75,0.747653,1,1383346
97175681,0.76,0.757531,2,1383346
97177141,0.75,0.751506,2,1383372
97178601,0.76,0.758301,2,1383372
97180061,0.73,0.73566,1,1383427
97181521,0.74,0.739132,1,1383427
97182981,0.73,0.731826,1,1383494
97184441,0.74,0.738365,1,1383494
97185901,0.79,0.779673,2,1383564
97187361,0.8,0.795935,2,1383564
97188821,0.79,0.791187,2,1383592
97190281,0.8,0.798237,2,1383592
97191741,0.79,0.791647,2,1383636
97193201,0.8,0.798329,2,1383636
97194661,0.79,0.791666,2,1383730
97196121,0.8,0.798333,2,1383730
97197581,0.79,0.791667,2,1383732
97199041,0.8,0.798333,2,1383732
97200501,0.79,0.791667,2,1383804
97201961,0.8,0.798333,2,1383804
97203421,0.79,0.791667,2,1383830
97204881,0.8,0.798333,2,1383830
97206341,0.8,0.799667,2,1383830
97207801,0.83,0.823933,2,1383884
97209261,0.84,0.836787,2,1383884
97210721,0.87,0.863357,2,1383951
97212181,0.88,0.876671,2,1383951
97213641,0.89,0.887334,2,1384024
97215101,0.9,0.897467,2,1384024
97216561,0.89,0.891493,2,1384052
97218021,0.9,0.898299,2,1384052
97219481,0.91,0.90766,2,1384096
97220941,0.92,0.917532,2,1384096
97222401,0.91,0.911506,2,1384190
97223861,0.92,0.918301,2,1384190
97225321,0.91,0.91166,2,1384192
97226781,0.92,0.918332,2,1384192
97228241,0.95,0.943666,2,1384264
97231161,0.95,0.95,2,1384290
97234081,0.95,0.95,2,1384292
97308541,0.92,0.92,2,1385515
97310001,0.93,0.928,2,1385515
97311461,0.88,0.8896,2,1385619
97312921,0.89,0.88992,2,1385619
97314381,0.92,0.913984,2,1385645
97315841,0.93,0.926797,2,1385645
97317301,0.93,0.929359,2,1385681
97318761,0.94,0.937872,2,1385681
97320221,0.89,0.899574,2,1385715
97321681,0.9,0.899915,2,1385715
97323141,0.93,0.923983,2,1385746
97324601,0.94,0.936797,2,1385746
97326061,0.87,0.883359,2,1385774
97327521,0.88,0.880672,2,1385774
97328981,0.75,0.776134,2,1385849
97330441,0.76,0.763227,2,1385849
97331901,0.76,0.760645,2,1385849
97333361,0.67,0.688129,1,1385903
97334821,0.68,0.681626,1,1385903
97336281,0.73,0.720325,1,1385938
97337741,0.74,0.736065,1,1385938
97339201,0.67,0.683213,1,1385994
97340661,0.68,0.680643,1,1385994
97342121,0.65,0.656129,1,1386088
97343581,0.66,0.659226,1,1386088
97345041,0.67,0.667845,1,1386113
97346501,0.68,0.677569,1,1386113
97347961,0.67,0.671514,1,1386148
97349421,0.68,0.678303,1,1386148
97350881,0.71,0.703661,1,1386180
97352341,0.72,0.716732,1,1386180
97353801,0.71,0.711346,1,1386213
97355261,0.72,0.718269,1,1386213
97356721,0.69,0.695654,1,1386238
97358181,0.7,0.699131,1,1386238
97359641,0.71,0.707826,1,1386307
97361101,0.72,0.717565,1,1386307
97362561,0.71,0.711513,1,1386309
97364021,0.72,0.718303,1,1386309
97365481,0.75,0.743661,1,1386358
97366941,0.76,0.756732,2,1386358
97368401,0.79,0.783346,2,1386396
97369861,0.8,0.796669,2,1386396
97371321,0.81,0.807334,2,1386449
97372781,0.82,0.817467,2,1386449
97374241,0.93,0.907493,2,1386542
97375701,0.94,0.933499,2,1386542
97377161,0.95,0.9467,2,1386568
97545061,0.82,0.82,2,1388919
97546521,0.83,0.828,2,1388919
97547981,0.89,0.8776,2,1388963
97549441,0.9,0.89552,2,1388963
97550901,0.77,0.795104,2,1389004
97552361,0.78,0.783021,2,1389004
97553821,0.69,0.708604,1,1389055
97555281,0.7,0.701721,1,1389055
97556741,0.63,0.644344,1,1389091
97558201,0.64,0.640869,1,1389091
97559661,0.59,0.600174,1,1389126
97561121,0.6,0.600035,1,1389126
97562581,0.57,0.576007,1,1389158
97564041,0.58,0.579201,1,1389158
97565501,0.39,0.42784,1,1389199
97566961,0.4,0.405568,1,1389199
97568421,0.31,0.329114,1,1389229
97569881,0.32,0.321823,1,1389229
97571341,0.21,0.232365,1,1389261
97572801,0.22,0.222473,1,1389261
97574261,0.07,0.100495,1,1389298
97575721,0.08,0.0840989,1,1389298
97577181,0,0.0168198,1,1389339
97578641,0,0.00336396,1,1389339
97580101,0.03,0.0246728,1,1389388
97581561,0.04,0.0369346,1,1389388
97583021,0.01,0.0153869,1,1389428
97584481,0.02,0.0190774,1,1389428
97585941,0.01,0.0118155,1,1389463
97587401,0.02,0.0183631,1,1389463
97588861,0.07,0.0596726,1,1389510
97590321,0.08,0.0759345,1,1389510
97591781,0.03,0.0391869,1,1389543
97593241,0.04,0.0398374,1,1389543
97594701,0.07,0.0639675,1,1389576
97596161,0.08,0.0767935,1,1389576
97597621,0.05,0.0553587,1,1389607
97599081,0.06,0.0590717,1,1389607
97600541,0.05,0.0518143,1,1389639
97602001,0.06,0.0583629,1,1389639
97603461,0.13,0.115673,1,1389665
97604921,0.14,0.135135,1,1389665
97606381,0.07,0.0830269,1,1389692
97607841,0.08,0.0806054,1,1389692
97609301,0.19,0.168121,1,1389722
97610761,0.2,0.193624,1,1389722
97612221,0.11,0.126725,1,1389760
97613681,0.12,0.121345,1,1389760
97615141,0.05,0.064269,1,1389810
97616601,0.06,0.0608538,1,1389810
97618061,0.03,0.0361708,1,1389849
97619521,0.04,0.0392342,1,1389849
97620981,0.04,0.0398468,1,1389849
97622441,0.01,0.0159694,1,1389884
97623901,0.02,0.0191939,1,1389884
97625361,0.03,0.0278388,1,1389934
97626821,0.04,0.0375678,1,1389934
97628281,0.05,0.0475136,1,1389965
97629741,0.06,0.0575027,1,1389965
97631201,0.03,0.0355005,1,1390000
97632661,0.04,0.0391001,1,1390000
97634121,0.05,0.04782,1,1390030
97635581,0.06,0.057564,1,1390030
97637041,0.07,0.0675128,1,1390062
97638501,0.08,0.0775026,1,1390062
97639961,0.07,0.0715005,1,1390092
97641421,0.08,0.0783001,1,1390092
97642881,0.09,0.08766,1,1390116
97644341,0.1,0.097532,1,1390116
97645801,0.07,0.0755064,1,1390152
97647261,0.08,0.0791013,1,1390152
97648721,0.09,0.0878203,1,1390186
97650181,0.1,0.0975641,1,1390186
97651641,0.07,0.0755128,1,1390233
97653101,0.08,0.0791026,1,1390233
97654561,0.09,0.0878205,1,1390271
97656021,0.1,0.0975641,1,1390271
97657481,0.09,0.0915128,1,1390273
97658941,0.1,0.0983026,1,1390273
97660401,0.09,0.0916605,1,1390306
97661861,0.1,0.0983321,1,1390306
97663321,0.01,0.0276664,1,1390357
97664781,0.02,0.0215333,1,1390357
97666241,0.03,0.0283067,1,1390389
97667701,0.04,0.0376613,1,1390389
97669161,0.01,0.0155323,1,1390423
97670621,0.02,0.0191065,1,1390423
97672081,0.03,0.0278213,1,1390454
97673541,0.04,0.0375643,1,1390454
97675001,0.07,0.0635129,1,1390487
97676461,0.08,0.0767026,1,1390487
97677921,0.09,0.0873405,1,1390517
97679381,0.1,0.0974681,1,1390517
97680841,0.07,0.0754936,1,1390542
97682301,0.08,0.0790987,1,1390542
97683761,0.15,0.13582,1,1390577
97685221,0.16,0.155164,1,1390577
97686681,0.13,0.135033,1,1390612
97688141,0.14,0.139007,1,1390612
97689601,0.15,0.147801,1,1390658
97691061,0.16,0.15756,1,1390658
97692521,0.13,0.135512,1,1390697
97693981,0.14,0.139102,1,1390697
97695441,0.13,0.13182,1,1390699
97696901,0.14,0.138364,1,1390699
97698361,0.13,0.131673,1,1390732
97699821,0.14,0.138335,1,1390732
97701281,0.14,0.139667,1,1390732
97702741,0.13,0.131933,1,1390779
97704201,0.14,0.138387,1,1390779
97705661,0.13,0.131677,1,1390812
97707121,0.14,0.138335,1,1390812
97708581,0.17,0.163667,1,1390845
97710041,0.18,0.176733,1,1390845
97711501,0.17,0.171347,1,1390877
97712961,0.18,0.178269,1,1390877
97714421,0.19,0.187654,1,1390912
97715881,0.2,0.197531,1,1390912
97717341,0.17,0.175506,1,1390943
97718801,0.18,0.179101,1,1390943
97720261,0.19,0.18782,1,1390967
97721721,0.2,0.197564,1,1390967
97723181,0.19,0.191513,1,1391006
97724641,0.2,0.198303,1,1391006
97726101,0.23,0.223661,1,1391040
97727561,0.24,0.236732,1,1391040
97729021,0.27,0.263346,1,1391087
97730481,0.28,0.276669,1,1391087
97731941,0.27,0.271334,1,1391125
97733401,0.28,0.278267,1,1391125
97734861,0.27,0.271653,1,1391127
97736321,0.28,0.278331,1,1391127
97737781,0.29,0.287666,1,1391160
97739241,0.3,0.297533,1,1391160
97740701,0.29,0.291507,1,1391206
97742161,0.3,0.298301,1,1391206
97743621,0.29,0.29166,1,1391239
97745081,0.3,0.298332,1,1391239
97746541,0.29,0.291666,1,1391274
97748001,0.3,0.298333,1,1391274
97749461,0.33,0.323667,1,1391306
97750921,0.34,0.336733,1,1391306
97752381,0.35,0.347347,1,1391342
97753841,0.36,0.357469,1,1391342
97755301,0.39,0.383494,1,1391372
97756761,0.4,0.396699,1,1391372
97758221,0.37,0.37534,1,1391397
97759681,0.38,0.379068,1,1391397
97761141,0.39,0.387814,1,1391436
97762601,0.4,0.397563,1,1391436
97764061,0.45,0.439513,1,1391472
97765521,0.46,0.455902,1,1391472
97766981,0.49,0.483181,1,1391521
97768441,0.5,0.496636,1,1391521
97769901,0.51,0.507327,1,1391559
97771361,0.52,0.517465,1,1391559
97772821,0.51,0.511493,1,1391561
97774281,0.52,0.518299,1,1391561
97775741,0.51,0.51166,1,1391595
97777201,0.52,0.518332,1,1391595
97778661,0.53,0.527666,1,1391641
97780121,0.54,0.537533,1,1391641
97781581,0.54,0.539507,1,1391641
97783041,0.57,0.563901,1,1391674
97784501,0.58,0.57678,1,1391674
97785961,0.59,0.587356,1,1391709
97787421,0.6,0.597471,1,1391709
97788881,0.57,0.575494,1,1391743
97790341,0.58,0.579099,1,1391743
97791801,0.59,0.58782,1,1391780
97793261,0.6,0.597564,1,1391780
97794721,0.55,0.559513,1,1391812
97796181,0.56,0.559903,1,1391812
97797641,0.55,0.551981,1,1391836
97799101,0.56,0.558396,1,1391836
97800561,0.55,0.551679,1,1391876
97802021,0.56,0.558336,1,1391876
97803481,0.53,0.535667,1,1391915
97804941,0.54,0.539133,1,1391915
97806401,0.61,0.595827,1,1391966
97807861,0.62,0.615165,1,1391966
97809321,0.65,0.643033,1,1392005
97810781,0.66,0.656607,1,1392005
97812241,0.65,0.651321,1,1392007
97813701,0.66,0.658264,1,1392007
97815161,0.65,0.651653,1,1392041
97816621,0.66,0.658331,1,1392041
97818081,0.63,0.635666,1,1392088
97819541,0.64,0.639133,1,1392088
97821001,0.63,0.631827,1,1392090
97822461,0.64,0.638365,1,1392090
97823921,0.65,0.647673,1,1392124
97825381,0.66,0.657535,1,1392124
97826841,0.67,0.667507,1,1392160
97828301,0.68,0.677501,1,1392160
97829761,0.71,0.7035,1,1392193
97831221,0.72,0.7167,1,1392193
97832681,0.71,0.71134,1,1392231
97834141,0.72,0.718268,1,1392231
97835601,0.77,0.759654,2,1392261
97837061,0.78,0.775931,2,1392261
97838521,0.79,0.787186,2,1392285
97839981,0.8,0.797437,2,1392285
97841441,0.81,0.807487,2,1392325
97842901,0.82,0.817497,2,1392325
97844361,0.81,0.8115,2,1392363
97845821,0.82,0.8183,2,1392363
97847281,0.85,0.84366,2,1392418
97848741,0.86,0.856732,2,1392418
97850201,0.89,0.883346,2,1392459
97851661,0.9,0.896669,2,1392459
97853121,0.89,0.891334,2,1392461
97854581,0.9,0.898267,2,1392461
97856041,0.91,0.907653,2,1392495
97857501,0.92,0.917531,2,1392495
97858961,0.91,0.911506,2,1392541
97860421,0.92,0.918301,2,1392541
97861881,0.91,0.91166,2,1392543
97863341,0.92,0.918332,2,1392543
97864801,0.91,0.911666,2,1392578
97866261,0.92,0.918333,2,1392578
97867721,0.92,0.919667,2,1392578
97869181,0.91,0.911933,2,1392615
97870641,0.92,0.918387,2,1392615
97872101,0.89,0.895677,2,1392650
97873561,0.9,0.899135,2,1392650
97875021,0.91,0.907827,2,1392688
97876481,0.92,0.917565,2,1392688
97877941,0.93,0.927513,2,1392721
97879401,0.94,0.937503,2,1392721
97880861,0.95,0.947501,2,1392746
98025401,0.94,0.94,2,1394410
98026861,0.95,0.948,2,1394410
98042921,0.92,0.92,2,1394588
98044381,0.93,0.928,2,1394588
98045841,0.91,0.9136,2,1394622
98047301,0.92,0.91872,2,1394622
98048761,0.92,0.919744,2,1394622
98050221,0.87,0.879949,2,1394651
98051681,0.88,0.87999,2,1394651
98053141,0.85,0.855998,2,1394682
98054601,0.86,0.8592,2,1394682
98056061,0.79,0.80384,2,1394715
98057521,0.8,0.800768,2,1394715
98058981,0.75,0.760154,2,1394751
98060441,0.76,0.760031,2,1394751
98061901,0.67,0.688006,1,1394802
98063361,0.68,0.681601,1,1394802
98064821,0.57,0.59232,1,1394838
98066281,0.58,0.582464,1,1394838
98067741,0.51,0.524493,1,1394869
98069201,0.52,0.520899,1,1394869
98070661,0.43,0.44818,1,1394888
98072121,0.44,0.441636,1,1394888
98073581,0.37,0.384327,1,1394918
98075041,0.38,0.380865,1,1394918
98076501,0.35,0.356173,1,1394949
98077961,0.36,0.359235,1,1394949
98079421,0.29,0.303847,1,1394980
98080881,0.3,0.300769,1,1394980
98082341,0.29,0.292154,1,1395013
98083801,0.3,0.298431,1,1395013
98085261,0.25,0.259686,1,1395030
98086721,0.26,0.259937,1,1395030
98088181,0.19,0.203987,1,1395059
98089641,0.2,0.200797,1,1395059
98091101,0.17,0.176159,1,1395089
98092561,0.18,0.179232,1,1395089
98094021,0.09,0.107846,1,1395115
98095481,0.1,0.101569,1,1395115
98096941,0.09,0.0923139,1,1395145
98098401,0.1,0.0984628,1,1395145
98099861,0.11,0.107693,1,1395175
98101321,0.12,0.117539,1,1395175
98102781,0.15,0.143508,1,1395209
98104241,0.16,0.156702,1,1395209
98105701,0.19,0.18334,1,1395256
98107161,0.2,0.196668,1,1395256
98108621,0.21,0.207334,1,1395287
98110081,0.22,0.217467,1,1395287
98111541,0.17,0.179493,1,1395315
98113001,0.18,0.179899,1,1395315
98114461,0.15,0.15598,1,1395330
98115921,0.16,0.159196,1,1395330
98117381,0.17,0.167839,1,1395357
98118841,0.18,0.177568,1,1395357
98120301,0.17,0.171514,1,1395387
98121761,0.18,0.178303,1,1395387
98123221,0.17,0.171661,1,1395415
98124681,0.18,0.178332,1,1395415
98126141,0.19,0.187666,1,1395448
98127601,0.2,0.197533,1,1395448
98129061,0.17,0.175507,1,1395463
98130521,0.18,0.179101,1,1395463
98131981,0.23,0.21982,1,1395489
98133441,0.24,0.235964,1,1395489
98134901,0.21,0.215193,1,1395518
98136361,0.22,0.219039,1,1395518
98137821,0.25,0.243808,1,1395540
98139281,0.26,0.256762,1,1395540
98140741,0.26,0.259352,1,1395540
98142201,0.25,0.25187,1,1395570
98143661,0.26,0.258374,1,1395570
98145121,0.29,0.283675,1,1395601
98146581,0.3,0.296735,1,1395601
98148041,0.35,0.339347,1,1395637
98149501,0.36,0.355869,1,1395637
98150961,0.33,0.335174,1,1395686
98152421,0.34,0.339035,1,1395686
98153881,0.33,0.331807,1,1395718
98155341,0.34,0.338361,1,1395718
98156801,0.35,0.347672,1,1395744
98158261,0.36,0.357534,1,1395744
98159721,0.35,0.351507,1,1395758
98161181,0.36,0.358301,1,1395758
98162641,0.35,0.35166,1,1395786
98164101,0.36,0.358332,1,1395786
98165561,0.37,0.367666,1,1395816
98167021,0.38,0.377533,1,1395816
98168481,0.37,0.371507,1,1395844
98169941,0.38,0.378301,1,1395844
98171401,0.43,0.41966,1,1395878
98172861,0.44,0.435932,1,1395878
98174321,0.43,0.431186,1,1395892
98175781,0.44,0.438237,1,1395892
98177241,0.45,0.447647,1,1395921
98178701,0.46,0.457529,1,1395921
98180161,0.49,0.483506,1,1395949
98181621,0.5,0.496701,1,1395949
98183081,0.49,0.49134,1,1395973
98184541,0.5,0.498268,1,1395973
98186001,0.49,0.491654,1,1395975
98187461,0.5,0.498331,1,1395975
98188921,0.47,0.475666,1,1396004
98190381,0.48,0.479133,1,1396004
98191841,0.47,0.471827,1,1396037
98193301,0.48,0.478365,1,1396037
98194761,0.51,0.503673,1,1396076
98196221,0.52,0.516735,1,1396076
98197681,0.53,0.527347,1,1396124
98199141,0.54,0.537469,1,1396124
98200601,0.59,0.579494,1,1396156
98202061,0.6,0.595899,1,1396156
98203521,0.61,0.60718,1,1396183
98204981,0.62,0.617436,1,1396183
98206441,0.63,0.627487,1,1396197
98207901,0.64,0.637497,1,1396197
98209361,0.63,0.631499,1,1396225
98210821,0.64,0.6383,1,1396225
98212281,0.65,0.64766,1,1396256
98213741,0.66,0.657532,1,1396256
98215201,0.67,0.667506,1,1396284
98216661,0.68,0.677501,1,1396284
98218121,0.65,0.6555,1,1396321
98219581,0.66,0.6591,1,1396321
98221041,0.65,0.65182,1,1396335
98222501,0.66,0.658364,1,1396335
98223961,0.65,0.651673,1,1396365
98225421,0.66,0.658335,1,1396365
98226881,0.67,0.667667,1,1396395
98228341,0.68,0.677533,1,1396395
98229801,0.69,0.687507,1,1396419
98231261,0.7,0.697501,1,1396419
98232721,0.69,0.6915,1,1396421
98234181,0.7,0.6983,1,1396421
98235641,0.69,0.69166,1,1396449
98237101,0.7,0.698332,1,1396449
98238561,0.7,0.699666,1,1396449
98240021,0.71,0.707933,1,1396482
98241481,0.72,0.717587,1,1396482
98242941,0.71,0.711517,1,1396523
98244401,0.72,0.718303,1,1396523
98245861,0.71,0.711661,1,1396572
98247321,0.72,0.718332,1,1396572
98248781,0.75,0.743666,1,1396607
98250241,0.76,0.756733,2,1396607
98251701,0.75,0.751347,2,1396635
98253161,0.76,0.758269,2,1396635
98254621,0.77,0.767654,2,1396650
98256081,0.78,0.777531,2,1396650
98257541,0.77,0.771506,2,1396678
98259001,0.78,0.778301,2,1396678
98260461,0.79,0.78766,2,1396710
98261921,0.8,0.797532,2,1396710
98263381,0.83,0.823506,2,1396739
98264841,0.84,0.836701,2,1396739
98266301,0.83,0.83134,2,1396775
98267761,0.84,0.838268,2,1396775
98269221,0.85,0.847654,2,1396789
98270681,0.86,0.857531,2,1396789
98272141,0.87,0.867506,2,1396819
98273601,0.88,0.877501,2,1396819
98275061,0.85,0.8555,2,1396850
98276521,0.86,0.8591,2,1396850
98277981,0.83,0.83582,2,1396875
98279441,0.84,0.839164,2,1396875
98280901,0.83,0.831833,2,1396877
98282361,0.84,0.838367,2,1396877
98283821,0.83,0.831673,2,1396905
98285281,0.84,0.838335,2,1396905
98286741,0.83,0.831667,2,1396938
98288201,0.84,0.838333,2,1396938
98289661,0.85,0.847667,2,1396979
98291121,0.86,0.857533,2,1396979
98292581,0.87,0.867507,2,1397028
98294041,0.88,0.877501,2,1397028
98295501,0.91,0.9035,2,1397065
98296961,0.92,0.9167,2,1397065
98298421,0.93,0.92734,2,1397093
98299881,0.94,0.937468,2,1397093
98315941,0.95,0.95,2,1397252
98482381,0.92,0.92,2,1398889
98483841,0.93,0.928,2,1398889
98488221,0.9,0.9,2,1398925
98489681,0.91,0.908,2,1398925
98491141,0.86,0.8696,2,1398962
98492601,0.87,0.86992,2,1398962
98494061,0.79,0.805984,2,1398993
98495521,0.8,0.801197,2,1398993
98496981,0.73,0.744239,1,1399018
98498441,0.74,0.740848,1,1399018
98499901,0.65,0.66817,1,1399048
98501361,0.66,0.661634,1,1399048
98502821,0.61,0.620327,1,1399080
98504281,0.62,0.620065,1,1399080
98505741,0.65,0.644013,1,1399108
98507201,0.66,0.656803,1,1399108
98508661,0.59,0.603361,1,1399131
98510121,0.6,0.600672,1,1399131
98511581,0.61,0.608134,1,1399156
98513041,0.62,0.617627,1,1399156
98514501,0.59,0.595525,1,1399188
98515961,0.6,0.599105,1,1399188
98517421,0.53,0.543821,1,1399217
98518881,0.54,0.540764,1,1399217
98520341,0.53,0.532153,1,1399235
98521801,0.54,0.538431,1,1399235
98523261,0.47,0.483686,1,1399264
98524721,0.48,0.480737,1,1399264
98526181,0.41,0.424147,1,1399295
98527641,0.42,0.42083,1,1399295
98529101,0.47,0.460166,1,1399331
98530561,0.48,0.476033,1,1399331
98532021,0.41,0.423207,1,1399361
98533481,0.42,0.420641,1,1399361
98534941,0.41,0.412128,1,1399381
98536401,0.42,0.418426,1,1399381
98537861,0.41,0.411685,1,1399391
98539321,0.42,0.418337,1,1399391
98540781,0.41,0.411667,1,1399426
98542241,0.42,0.418333,1,1399426
98543701,0.45,0.443667,1,1399453
98545161,0.46,0.456733,1,1399453
98546621,0.45,0.451347,1,1399475
98548081,0.46,0.458269,1,1399475
98549541,0.46,0.459654,1,1399475
98551001,0.47,0.467931,1,1399501
98552461,0.48,0.477586,1,1399501
98553921,0.53,0.519517,1,1399531
98555381,0.54,0.535903,1,1399531
98556841,0.55,0.547181,1,1399561
98558301,0.56,0.557436,1,1399561
98559761,0.51,0.519487,1,1399581
98561221,0.52,0.519897,1,1399581
98562681,0.57,0.55998,1,1399607
98564141,0.58,0.575996,1,1399607
98565601,0.47,0.491199,1,1399638
98567061,0.48,0.48224,1,1399638
98568521,0.55,0.536448,1,1399664
98569981,0.56,0.55529,1,1399664
98571441,0.47,0.487058,1,1399682
98572901,0.48,0.481412,1,1399682
98574361,0.51,0.504282,1,1399708
98575821,0.52,0.516856,1,1399708
98577281,0.53,0.527371,1,1399736
98578741,0.54,0.537474,1,1399736
98580201,0.55,0.547495,1,1399775
98581661,0.56,0.557499,1,1399775
98583121,0.55,0.5515,1,1399802
98584581,0.56,0.5583,1,1399802
98586041,0.55,0.55166,1,1399822
98587501,0.56,0.558332,1,1399822
98588961,0.55,0.551666,1,1399832
98590421,0.56,0.558333,1,1399832
98591881,0.57,0.567667,1,1399867
98593341,0.58,0.577533,1,1399867
98594801,0.59,0.587507,1,1399896
98596261,0.6,0.597501,1,1399896
98597721,0.59,0.5915,1,1399918
98599181,0.6,0.5983,1,1399918
98600641,0.59,0.59166,1,1399920
98602101,0.6,0.598332,1,1399920
98603561,0.61,0.607666,1,1399946
98605021,0.62,0.617533,1,1399946
98606481,0.61,0.611507,1,1399979
98607941,0.62,0.618301,1,1399979
98609401,0.59,0.59566,1,1400010
98610861,0.6,0.599132,1,1400010
98612321,0.59,0.591826,1,1400028
98613781,0.6,0.598365,1,1400028
98615241,0.61,0.607673,1,1400057
98616701,0.62,0.617535,1,1400057
98618161,0.65,0.643507,1,1400083
98619621,0.66,0.656701,1,1400083
98621081,0.65,0.65134,1,1400113
98622541,0.66,0.658268,1,1400113
98624001,0.69,0.683654,1,1400127
98625461,0.7,0.696731,1,1400127
98626921,0.71,0.707346,1,1400155
98628381,0.72,0.717469,1,1400155
98629841,0.75,0.743494,1,1400184
98631301,0.76,0.756699,2,1400184
98632761,0.79,0.78334,2,1400224
98634221,0.8,0.796668,2,1400224
98635681,0.81,0.807334,2,1400251
98637141,0.82,0.817467,2,1400251
98638601,0.81,0.811493,2,1400271
98640061,0.82,0.818299,2,1400271
98641521,0.81,0.81166,2,1400281
98642981,0.82,0.818332,2,1400281
98644441,0.83,0.827666,2,1400317
98645901,0.84,0.837533,2,1400317
98647361,0.85,0.847507,2,1400347
98648821,0.86,0.857501,2,1400347
98650281,0.89,0.8835,2,1400369
98651741,0.9,0.8967,2,1400369
98653201,0.89,0.89134,2,1400371
98654661,0.9,0.898268,2,1400371
98656121,0.87,0.875654,2,1400398
98657581,0.88,0.879131,2,1400398
98659041,0.88,0.879826,2,1400398
98660501,0.87,0.871965,2,1400431
98661961,0.88,0.878393,2,1400431
98663421,0.87,0.871679,2,1400461
98664881,0.88,0.878336,2,1400461
98666341,0.89,0.887667,2,1400479
98667801,0.9,0.897533,2,1400479
98669261,0.89,0.891507,2,1400509
98670721,0.9,0.898301,2,1400509
98672181,0.89,0.89166,2,1400537
98673641,0.9,0.898332,2,1400537
98675101,0.91,0.907666,2,1400567
98676561,0.92,0.917533,2,1400567
98678021,0.95,0.943507,2,1400583
98680941,0.95,0.95,2,1400612
98837161,0.92,0.92,2,1401991
98840081,0.83,0.83,2,1402099
98841541,0.87,0.862,2,1402140
98843001,0.77,0.7884,2,1402170
98844461,0.77,0.77368,2,1402203
98845921,0.73,0.738736,1,1402221
98847381,0.77,0.763747,2,1402247
98848841,0.75,0.752749,2,1402267
98850301,0.67,0.68655,1,1402318
98851761,0.67,0.67331,1,1402334
98853221,0.65,0.654662,1,1402359
98854681,0.53,0.554932,1,1402370
98856141,0.51,0.518986,1,1402428
98857601,0.51,0.511797,1,1402436
98859061,0.55,0.542359,1,1402450
98860521,0.55,0.548472,1,1402459
98861981,0.53,0.533694,1,1402467
98863441,0.55,0.546739,1,1402478
98864901,0.53,0.533348,1,1402563
98866361,0.54,0.53867,1,1402563
98867821,0.59,0.579734,1,1402629
98869281,0.6,0.595947,1,1402629
98870741,0.63,0.623189,1,1402678
98872201,0.64,0.636638,1,1402678
98873661,0.63,0.631328,1,1402725
98875121,0.64,0.638266,1,1402725
98876581,0.69,0.679653,1,1402788
98878041,0.7,0.695931,1,1402788
98879501,0.67,0.675186,1,1402817
98880961,0.68,0.679037,1,1402817
98882421,0.71,0.703807,1,1402882
98883881,0.72,0.716762,1,1402882
98885341,0.71,0.711352,1,1402907
98886801,0.72,0.71827,1,1402907
98888261,0.73,0.727654,1,1402926
98889721,0.74,0.737531,1,1402926
98891181,0.77,0.763506,2,1403011
98892641,0.78,0.776701,2,1403011
98894101,0.79,0.78734,2,1403080
98895561,0.8,0.797468,2,1403080
98897021,0.81,0.807494,2,1403131
98898481,0.82,0.817499,2,1403131
98899941,0.79,0.7955,2,1403178
98901401,0.8,0.7991,2,1403178
98902861,0.75,0.75982,2,1403244
98904321,0.76,0.759964,2,1403244
98905781,0.75,0.751993,2,1403272
98907241,0.76,0.758399,2,1403272
98908701,0.81,0.79968,2,1403339
98910161,0.82,0.815936,2,1403339
98911621,0.81,0.811187,2,1403364
98913081,0.82,0.818237,2,1403364
98914541,0.85,0.843647,2,1403384
98916001,0.86,0.85673,2,1403384
98917461,0.86,0.859346,2,1403384
98918921,0.91,0.899869,2,1403471
98920381,0.92,0.915974,2,1403471
98921841,0.93,0.927195,2,1403541
98923301,0.94,0.937439,2,1403541
98924761,0.89,0.899488,2,1403593
98926221,0.9,0.899898,2,1403593
98927681,0.93,0.92398,2,1403639
98929141,0.94,0.936796,2,1403639
98939361,0.95,0.95,2,1403826
98942281,0.95,0.95,2,1403848
99034261,0.95,0.95,2,1405473
99038641,0.85,0.85,2,1405503
99040101,0.86,0.858,2,1405503
99041561,0.69,0.7236,1,1405562
99043021,0.7,0.70472,1,1405562
99044481,0.61,0.628944,1,1405596
99045941,0.62,0.621789,1,1405596
99047401,0.55,0.564358,1,1405650
99048861,0.56,0.560872,1,1405650
99050321,0.51,0.520174,1,1405710
99051781,0.52,0.520035,1,1405710
99053241,0.45,0.464007,1,1405753
99054701,0.46,0.460801,1,1405753
99056161,0.39,0.40416,1,1405774
99057621,0.4,0.400832,1,1405774
99059081,0.37,0.376166,1,1405836
99060541,0.38,0.379233,1,1405836
99062001,0.33,0.339847,1,1405908
99063461,0.34,0.339969,1,1405908
99064921,0.31,0.315994,1,1405942
99066381,0.32,0.319199,1,1405942
99067841,0.31,0.31184,1,1405966
99069301,0.32,0.318368,1,1405966
99070761,0.39,0.375674,1,1406017
99072221,0.4,0.395135,1,1406017
99073681,0.31,0.327027,1,1406047
99075141,0.32,0.321405,1,1406047
99076601,0.37,0.360281,1,1406098
99078061,0.38,0.376056,1,1406098
99079521,0.47,0.451211,1,1406156
99080981,0.48,0.474242,1,1406156
99082441,0.43,0.438848,1,1406196
99083901,0.44,0.43977,1,1406196
99085361,0.45,0.447954,1,1406214
99086821,0.46,0.457591,1,1406214
99088281,0.49,0.483518,1,1406275
99089741,0.5,0.496704,1,1406275
99091201,0.51,0.507341,1,1406345
99092661,0.52,0.517468,1,1406345
99094121,0.57,0.559494,1,1406378
99095581,0.58,0.575899,1,1406378
99097041,0.57,0.57118,1,1406402
99098501,0.58,0.578236,1,1406402
99099961,0.61,0.603647,1,1406457
99101421,0.62,0.616729,1,1406457
99102881,0.62,0.619346,1,1406457
99104341,0.63,0.627869,1,1406483
99105801,0.64,0.637574,1,1406483
99107261,0.65,0.647515,1,1406537
99108721,0.66,0.657503,1,1406537
99110181,0.71,0.699501,1,1406600
99111641,0.72,0.7159,1,1406600
99113101,0.71,0.71118,1,1406638
99114561,0.72,0.718236,1,1406638
99116021,0.73,0.727647,1,1406657
99117481,0.74,0.737529,1,1406657
99118941,0.73,0.731506,1,1406720
99120401,0.74,0.738301,1,1406720
99121861,0.73,0.73166,1,1406791
99123321,0.74,0.738332,1,1406791
99124781,0.77,0.763666,2,1406827
99126241,0.78,0.776733,2,1406827
99127701,0.79,0.787347,2,1406851
99129161,0.8,0.797469,2,1406851
99130621,0.79,0.791494,2,1406908
99132081,0.8,0.798299,2,1406908
99133541,0.79,0.79166,2,1406910
99135001,0.8,0.798332,2,1406910
99136461,0.81,0.807666,2,1406936
99137921,0.82,0.817533,2,1406936
99139381,0.85,0.843507,2,1406991
99140841,0.86,0.856701,2,1406991
99142301,0.85,0.85134,2,1407057
99143761,0.86,0.858268,2,1407057
99145221,0.85,0.851654,2,1407095
99146681,0.86,0.858331,2,1407095
99148141,0.85,0.851666,2,1407115
99149601,0.86,0.858333,2,1407115
99151061,0.85,0.851667,2,1407178
99152521,0.86,0.858333,2,1407178
99153981,0.85,0.851667,2,1407249
99155441,0.86,0.858333,2,1407249
99156901,0.89,0.883667,2,1407287
99158361,0.9,0.896733,2,1407287
99159821,0.91,0.907347,2,1407312
99161281,0.92,0.917469,2,1407312
99162741,0.91,0.911494,2,1407369
99164201,0.92,0.918299,2,1407369
99165661,0.91,0.91166,2,1407371
99167121,0.92,0.918332,2,1407371
99168581,0.95,0.943666,2,1407398
99279541,0.95,0.95,2,1408981
99291221,0.87,0.87,2,1409172
99292681,0.88,0.878,2,1409172
99294141,0.66,0.7036,1,1409208
99295601,0.67,0.67672,1,1409208
99297061,0.59,0.607344,1,1409264
99298521,0.6,0.601469,1,1409264
99299981,0.45,0.480294,1,1409297
99301441,0.46,0.464059,1,1409297
99302901,0.29,0.324812,1,1409331
99304361,0.3,0.304962,1,1409331
99305821,0.13,0.164992,1,1409365
99307281,0.14,0.144998,1,1409365
99308741,0.09,0.101,1,1409398
99310201,0.1,0.1002,1,1409398
99311661,0.01,0.02804,1,1409425
99313121,0.02,0.021608,1,1409425
99314581,0.02,0.0203216,1,1409425
99316041,0.01,0.0120643,1,1409463
99317501,0.02,0.0184129,1,1409463
99318961,0.09,0.0756826,1,1409504
99320421,0.1,0.0951365,1,1409504
99321881,0.03,0.0430273,1,1409540
99323341,0.04,0.0406055,1,1409540
99324801,0.03,0.0321211,1,1409609
99326261,0.04,0.0384242,1,1409609
99327721,0.03,0.0316848,1,1409637
99329181,0.04,0.038337,1,1409637
99330641,0.05,0.0476674,1,1409663
99332101,0.06,0.0575335,1,1409663
99333561,0.03,0.0355067,1,1409715
99335021,0.04,0.0391013,1,1409715
99336481,0.03,0.0318203,1,1409741
99337941,0.04,0.0383641,1,1409741
99339401,0.05,0.0476728,1,1409767
99340861,0.06,0.0575346,1,1409767
99342321,0.03,0.0355069,1,1409793
99343781,0.04,0.0391014,1,1409793
99345241,0.03,0.0318203,1,1409824
99346701,0.04,0.0383641,1,1409824
99348161,0,0.00767281,1,1409847
99349621,0,0.00153456,1,1409847
99351081,0.07,0.0563069,1,1409884
99352541,0.08,0.0752614,1,1409884
99354001,0.03,0.0390523,1,1409929
99355461,0.04,0.0398105,1,1409929
99356921,0.07,0.0639621,1,1409962
99358381,0.08,0.0767924,1,1409962
99359841,0.05,0.0553585,1,1410031
99361301,0.06,0.0590717,1,1410031
99362761,0.05,0.0518143,1,1410059
99364221,0.06,0.0583629,1,1410059
99365681,0.07,0.0676726,1,1410086
99367141,0.08,0.0775345,1,1410086
99368601,0.11,0.103507,1,1410137
99370061,0.12,0.116701,1,1410137
99371521,0.07,0.0793403,1,1410163
99372981,0.08,0.0798681,1,1410163
99374441,0.13,0.119974,1,1410190
99375901,0.14,0.135995,1,1410190
99377361,0.13,0.131199,1,1410215
99378821,0.14,0.13824,1,1410215
99380281,0.09,0.099648,1,1410246
99381741,0.1,0.0999296,1,1410246
99383201,0.07,0.0759859,1,1410268
99384661,0.08,0.0791972,1,1410268
99386121,0.03,0.0398394,1,1410308
99387581,0.04,0.0399679,1,1410308
99389041,0.03,0.0319936,1,1410351
99390501,0.04,0.0383987,1,1410351
99391961,0.04,0.0396797,1,1410351
99393421,0.05,0.0479359,1,1410386
99394881,0.06,0.0575872,1,1410386
99396341,0.03,0.0355174,1,1410454
99397801,0.04,0.0391035,1,1410454
99399261,0.07,0.0638207,1,1410482
99400721,0.08,0.0767641,1,1410482
99402181,0.11,0.103353,1,1410510
99403641,0.12,0.116671,1,1410510
99405101,0.09,0.0953341,1,1410563
99406561,0.1,0.0990668,1,1410563
99408021,0.11,0.107813,1,1410587
99409481,0.12,0.117563,1,1410587
99410941,0.11,0.111513,1,1410617
99412401,0.12,0.118303,1,1410617
99413861,0.15,0.143661,1,1410642
99415321,0.16,0.156732,1,1410642
99416781,0.17,0.167346,1,1410671
99418241,0.18,0.177469,1,1410671
99419701,0.19,0.187494,1,1410692
99421161,0.2,0.197499,1,1410692
99422621,0.19,0.1915,1,1410730
99424081,0.2,0.1983,1,1410730
99425541,0.03,0.06366,1,1410773
99427001,0.04,0.044732,1,1410773
99428461,0.03,0.0329464,1,1410775
99429921,0.04,0.0385893,1,1410775
99431381,0.01,0.0157179,1,1410810
99432841,0.02,0.0191436,1,1410810
99434301,0.05,0.0438287,1,1410877
99435761,0.06,0.0567657,1,1410877
99437221,0.03,0.0353531,1,1410907
99438681,0.04,0.0390706,1,1410907
99440141,0.05,0.0478141,1,1410937
99441601,0.06,0.0575628,1,1410937
99443061,0.07,0.0675126,1,1410989
99444521,0.08,0.0775025,1,1410989
99445981,0.05,0.0555005,1,1411014
99447441,0.06,0.0591001,1,1411014
99448901,0.05,0.05182,1,1411044
99450361,0.06,0.058364,1,1411044
99451821,0.07,0.0676728,1,1411071
99453281,0.08,0.0775346,1,1411071
99454741,0.11,0.103507,1,1411101
99456201,0.12,0.116701,1,1411101
99457661,0.13,0.12734,1,1411123
99459121,0.14,0.137468,1,1411123
99460581,0.15,0.147494,1,1411161
99462041,0.16,0.157499,1,1411161
99463501,0.15,0.1515,1,1411196
99464961,0.16,0.1583,1,1411196
99466421,0.15,0.15166,1,1411198
99467881,0.16,0.158332,1,1411198
99469341,0.16,0.159666,1,1411198
99470801,0.17,0.167933,1,1411232
99472261,0.18,0.177587,1,1411232
99473721,0.21,0.203517,1,1411301
99475181,0.22,0.216703,1,1411301
99476641,0.23,0.227341,1,1411330
99478101,0.24,0.237468,1,1411330
99479561,0.23,0.231494,1,1411361
99481021,0.24,0.238299,1,1411361
99482481,0.29,0.27966,1,1411414
99483941,0.3,0.295932,1,1411414
99485401,0.31,0.307186,1,1411438
99486861,0.32,0.317437,1,1411438
99488321,0.33,0.327487,1,1411468
99489781,0.34,0.337497,1,1411468
99491241,0.35,0.347499,1,1411496
99492701,0.36,0.3575,1,1411496
99494161,0.35,0.3515,1,1411528
99495621,0.36,0.3583,1,1411528
99497081,0.35,0.35166,1,1411551
99498541,0.36,0.358332,1,1411551
99500001,0.33,0.335666,1,1411590
99501461,0.34,0.339133,1,1411590
99502921,0.31,0.315827,1,1411625
99504381,0.32,0.319165,1,1411625
99505841,0.31,0.311833,1,1411627
99507301,0.32,0.318367,1,1411627
99508761,0.31,0.311673,1,1411661
99510221,0.32,0.318335,1,1411661
99511681,0.31,0.311667,1,1411732
99513141,0.32,0.318333,1,1411732
99514601,0.31,0.311667,1,1411762
99516061,0.32,0.318333,1,1411762
99517521,0.33,0.327667,1,1411793
99518981,0.34,0.337533,1,1411793
99520441,0.35,0.347507,1,1411849
99521901,0.36,0.357501,1,1411849
99523361,0.39,0.3835,1,1411874
99524821,0.4,0.3967,1,1411874
99526281,0.41,0.40734,1,1411905
99527741,0.42,0.417468,1,1411905
99529201,0.43,0.427494,1,1411934
99530661,0.44,0.437499,1,1411934
99532121,0.43,0.4315,1,1411966
99533581,0.44,0.4383,1,1411966
99535041,0.43,0.43166,1,1411989
99536501,0.44,0.438332,1,1411989
99537961,0.47,0.463666,1,1412027
99539421,0.48,0.476733,1,1412027
99540881,0.49,0.487347,1,1412061
99542341,0.5,0.497469,1,1412061
99543801,0.49,0.491494,1,1412063
99545261,0.5,0.498299,1,1412063
99546721,0.51,0.50766,1,1412097
99548181,0.52,0.517532,1,1412097
99549641,0.55,0.543506,1,1412168
99551101,0.56,0.556701,1,1412168
99552561,0.56,0.55934,1,1412168
99554021,0.61,0.599868,1,1412198
99555481,0.62,0.615974,1,1412198
99556941,0.65,0.643195,1,1412230
99558401,0.66,0.656639,1,1412230
99559861,0.67,0.667328,1,1412287
99561321,0.68,0.677466,1,1412287
99562781,0.69,0.687493,1,1412314
99564241,0.7,0.697499,1,1412314
99565701,0.73,0.7235,1,1412346
99567161,0.74,0.7367,1,1412346
99568621,0.73,0.73134,1,1412376
99570081,0.74,0.738268,1,1412376
99571541,0.75,0.747654,1,1412408
99573001,0.76,0.757531,2,1412408
99574461,0.73,0.735506,1,1412431
99575921,0.74,0.739101,1,1412431
99577381,0.79,0.77982,2,1412471
99578841,0.8,0.795964,2,1412471
99580301,0.77,0.775193,2,1412506
99581761,0.78,0.779039,2,1412506
99583221,0.77,0.771808,2,1412508
99584681,0.78,0.778362,2,1412508
99586141,0.79,0.787672,2,1412543
99587601,0.8,0.797534,2,1412543
99589061,0.81,0.807507,2,1412616
99590521,0.82,0.817501,2,1412616
99591981,0.81,0.8115,2,1412618
99593441,0.82,0.8183,2,1412618
99594901,0.83,0.82766,2,1412650
99596361,0.84,0.837532,2,1412650
99597821,0.83,0.831506,2,1412684
99599281,0.84,0.838301,2,1412684
99600741,0.83,0.83166,2,1412742
99602201,0.84,0.838332,2,1412742
99603661,0.81,0.815666,2,1412770
99605121,0.82,0.819133,2,1412770
99606581,0.81,0.811827,2,1412804
99608041,0.82,0.818365,2,1412804
99609501,0.81,0.811673,2,1412834
99610961,0.82,0.818335,2,1412834
99612421,0.79,0.795667,2,1412867
99613881,0.8,0.799133,2,1412867
99615341,0.79,0.791827,2,1412889
99616801,0.8,0.798365,2,1412889
99618261,0.85,0.839673,2,1412932
99619721,0.86,0.855935,2,1412932
99621181,0.93,0.915187,2,1412966
99622641,0.94,0.935037,2,1412966
99624101,0.93,0.931007,2,1412968
99625561,0.94,0.938202,2,1412968
99627021,0.93,0.93164,2,1413004
99628481,0.94,0.938328,2,1413004
99635781,0.95,0.95,2,1413113
99796381,0.91,0.91,2,1414940
99797841,0.92,0.918,2,1414940
99799301,0.79,0.8156,2,1414983
99800761,0.8,0.80312,2,1414983
99802221,0.71,0.728624,1,1415019
99803681,0.72,0.721725,1,1415019
99805141,0.71,0.712345,1,1415053
99806601,0.72,0.718469,1,1415053
99808061,0.71,0.711694,1,1415071
99809521,0.72,0.718339,1,1415071
99810981,0.59,0.615668,1,1415116
99812441,0.6,0.603134,1,1415116
99813901,0.51,0.528627,1,1415147
99815361,0.52,0.521725,1,1415147
99816821,0.53,0.528345,1,1415171
99818281,0.54,0.537669,1,1415171
99819741,0.54,0.539534,1,1415171
99821201,0.49,0.499907,1,1415200
99822661,0.5,0.499981,1,1415200
99824121,0.45,0.459996,1,1415229
99825581,0.46,0.459999,1,1415229
99827041,0.47,0.468,1,1415262
99828501,0.48,0.4776,1,1415262
99829961,0.35,0.37552,1,1415289
99831421,0.36,0.363104,1,1415289
99832881,0.37,0.368621,1,1415311
99834341,0.38,0.377724,1,1415311
99835801,0.31,0.323545,1,1415356
99837261,0.32,0.320709,1,1415356
99838721,0.39,0.376142,1,1415391
99840181,0.4,0.395228,1,1415391
99841641,0.37,0.375046,1,1415411
99843101,0.38,0.379009,1,1415411
99844561,0.39,0.387802,1,1415444
99846021,0.4,0.39756,1,1415444
99847481,0.39,0.391512,1,1415476
99848941,0.4,0.398302,1,1415476
99850401,0.47,0.455661,1,1415510
99851861,0.48,0.475132,1,1415510
99853321,0.43,0.439026,1,1415528
99854781,0.44,0.439805,1,1415528
99856241,0.41,0.415961,1,1415567
99857701,0.42,0.419192,1,1415567
99859161,0.39,0.395838,1,1415594
99860621,0.4,0.399168,1,1415594
99862081,0.45,0.439834,1,1415619
99863541,0.46,0.455967,1,1415619
99865001,0.37,0.387193,1,1415645
99866461,0.38,0.381439,1,1415645
99867921,0.41,0.404288,1,1415672
99869381,0.42,0.416858,1,1415672
99870841,0.37,0.379372,1,1415706
99872301,0.38,0.379874,1,1415706
99873761,0.39,0.387975,1,1415727
99875221,0.4,0.397595,1,1415727
99876681,0.41,0.407519,1,1415750
99878141,0.42,0.417504,1,1415750
99879601,0.45,0.443501,1,1415792
99881061,0.46,0.4567,1,1415792
99882521,0.47,0.46734,1,1415831
99883981,0.48,0.477468,1,1415831
99885441,0.49,0.487494,1,1415850
99886901,0.5,0.497499,1,1415850
99888361,0.45,0.4595,1,1415884
99889821,0.46,0.4599,1,1415884
99891281,0.51,0.49998,1,1415916
99892741,0.52,0.515996,1,1415916
99894201,0.55,0.543199,1,1415954
99895661,0.56,0.55664,1,1415954
99897121,0.55,0.551328,1,1415970
99898581,0.56,0.558266,1,1415970
99900041,0.55,0.551653,1,1416008
99901501,0.56,0.558331,1,1416008
99902961,0.55,0.551666,1,1416034
99904421,0.56,0.558333,1,1416034
99905881,0.57,0.567667,1,1416062
99907341,0.58,0.577533,1,1416062
99908801,0.61,0.603507,1,1416084
99910261,0.62,0.616701,1,1416084
99911721,0.62,0.61934,1,1416084
99913181,0.65,0.643868,1,1416113
99914641,0.66,0.656774,1,1416113
99916101,0.67,0.667355,1,1416145
99917561,0.68,0.677471,1,1416145
99919021,0.67,0.671494,1,1416167
99920481,0.68,0.678299,1,1416167
99921941,0.69,0.68766,1,1416191
99923401,0.7,0.697532,1,1416191
99924861,0.73,0.723506,1,1416235
99926321,0.74,0.736701,1,1416235
99927781,0.75,0.74734,1,1416275
99929241,0.76,0.757468,2,1416275
99930701,0.77,0.767494,2,1416295
99932161,0.78,0.777499,2,1416295
99933621,0.77,0.7715,2,1416327
99935081,0.78,0.7783,2,1416327
99936541,0.75,0.75566,2,1416362
99938001,0.76,0.759132,2,1416362
99939461,0.81,0.799826,2,1416402
99940921,0.82,0.815965,2,1416402
99942381,0.81,0.811193,2,1416418
99943841,0.82,0.818239,2,1416418
99945301,0.83,0.827648,2,1416456
99946761,0.84,0.83753,2,1416456
99948221,0.83,0.831506,2,1416482
99949681,0.84,0.838301,2,1416482
99951141,0.85,0.84766,2,1416511
99952601,0.86,0.857532,2,1416511
99954061,0.85,0.851506,2,1416535
99955521,0.86,0.858301,2,1416535
99956981,0.85,0.85166,2,1416537
99958441,0.86,0.858332,2,1416537
99959901,0.85,0.851666,2,1416567
99961361,0.86,0.858333,2,1416567
99962821,0.89,0.883667,2,1416600
99964281,0.9,0.896733,2,1416600
99965741,0.89,0.891347,2,1416622
99967201,0.9,0.898269,2,1416622
99968661,0.87,0.875654,2,1416647
99970121,0.88,0.879131,2,1416647
99971581,0.87,0.871826,2,1416693
99973041,0.88,0.878365,2,1416693
99974501,0.85,0.855673,2,1416734
99975961,0.86,0.859135,2,1416734
99977421,0.83,0.835827,2,1416755
99978881,0.84,0.839165,2,1416755
99980341,0.83,0.831833,2,1416787
99981801,0.84,0.838367,2,1416787
99983261,0.83,0.831673,2,1416821
99984721,0.84,0.838335,2,1416821
99986181,0.85,0.847667,2,1416864
99987641,0.86,0.857533,2,1416864
99989101,0.85,0.851507,2,1416880
99990561,0.86,0.858301,2,1416880
99992021,0.89,0.88366,2,1416919
99993481,0.9,0.896732,2,1416919
99994941,0.93,0.923346,2,1416945
99996401,0.94,0.936669,2,1416945
99997861,0.93,0.931334,2,1416975
99999321,0.94,0.938267,2,1416975
100000781,0.95,0.947653,2,1416999
100003701,0.95,0.95,2,1417001
100196421,0.82,0.82,2,1418965
100197881,0.83,0.828,2,1418965
100199341,0.95,0.9256,2,1418985
100202261,0.83,0.83,2,1419021
100203721,0.84,0.838,2,1419021
100205181,0.87,0.8636,2,1419038
100154081,0.83,0.83672,2,1419056
100206641,0.71,0.735344,1,1419100
100208101,0.65,0.667069,1,1419137
100209561,0.59,0.605414,1,1419175
100211021,0.45,0.481083,1,1419203
100212481,0.47,0.472217,1,1419232
100213941,0.39,0.406443,1,1419267
100215401,0.37,0.377289,1,1419298
100216861,0.29,0.307458,1,1419346
100218321,0.31,0.309492,1,1419372
100219781,0.23,0.245898,1,1419408
100221241,0.25,0.24918,1,1419434
100222701,0.23,0.233836,1,1419454
100224161,0.25,0.246767,1,1419483
100225621,0.25,0.249353,1,1419484
100227081,0.31,0.297871,1,1419502
100228541,0.29,0.291574,1,1419518
100230001,0.19,0.210315,1,1419590
100231461,0.2,0.202063,1,1419590
100232921,0.23,0.224413,1,1419646
100234381,0.24,0.236883,1,1419646
100235841,0.25,0.247377,1,1419707
100237301,0.26,0.257475,1,1419707
100238761,0.31,0.299495,1,1419781
100240221,0.32,0.315899,1,1419781
100241681,0.29,0.29518,1,1419840
100243141,0.3,0.299036,1,1419840
100244601,0.35,0.339807,1,1419886
100246061,0.36,0.355961,1,1419886
100247521,0.41,0.399192,1,1419917
100248981,0.42,0.415838,1,1419917
100250441,0.41,0.411168,1,1419953
100251901,0.42,0.418234,1,1419953
100253361,0.43,0.427647,1,1420021
100254821,0.44,0.437529,1,1420021
100256281,0.49,0.479506,1,1420079
100257741,0.5,0.495901,1,1420079
100259201,0.55,0.53918,1,1420141
100260661,0.56,0.555836,1,1420141
100262121,0.57,0.567167,1,1420218
100263581,0.58,0.577433,1,1420218
100265041,0.61,0.603487,1,1420276
100266501,0.62,0.616697,1,1420276
100267961,0.55,0.563339,1,1420325
100269421,0.56,0.560668,1,1420325
100270881,0.61,0.600134,1,1420359
100272341,0.62,0.616027,1,1420359
100273801,0.63,0.627205,1,1420395
100275261,0.64,0.637441,1,1420395
100276721,0.64,0.639488,1,1420395
100278181,0.63,0.631898,1,1420464
100279641,0.64,0.63838,1,1420464
100281101,0.61,0.615676,1,1420525
100282561,0.62,0.619135,1,1420525
100284021,0.71,0.691827,1,1420590
100285481,0.72,0.714365,1,1420590
100286941,0.67,0.678873,1,1420668
100288401,0.68,0.679775,1,1420668
100289861,0.67,0.671955,1,1420728
100291321,0.68,0.678391,1,1420728
100292781,0.67,0.671678,1,1420774
100294241,0.68,0.678336,1,1420774
100295701,0.69,0.687667,1,1420811
100297161,0.7,0.697533,1,1420811
100298621,0.79,0.771507,2,1420848
100300081,0.8,0.794301,2,1420848
100301541,0.79,0.79086,2,1420916
100303001,0.8,0.798172,2,1420916
100304461,0.81,0.807634,2,1420976
100305921,0.82,0.817527,2,1420976
100307381,0.81,0.811505,2,1421046
100308841,0.82,0.818301,2,1421046
100310301,0.85,0.84366,2,1421122
100311761,0.86,0.856732,2,1421122
100313221,0.85,0.851346,2,1421182
100314681,0.86,0.858269,2,1421182
100316141,0.93,0.915654,2,1421228
100317601,0.94,0.935131,2,1421228
100392061,0.94,0.94,2,1422607
100393521,0.95,0.948,2,1422607
100397901,0.95,0.95,2,1422704
100403741,0.92,0.92,2,1422810
100405201,0.93,0.928,2,1422810
100406661,0.75,0.7856,2,1422879
100408121,0.76,0.76512,2,1422879
100409581,0.77,0.769024,2,1422917
100411041,0.78,0.777805,2,1422917
100412501,0.69,0.707561,1,1422945
100413961,0.7,0.701512,1,1422945
100415421,0.53,0.564302,1,1423012
100416881,0.54,0.54486,1,1423012
100418341,0.43,0.452972,1,1423090
100419801,0.44,0.442594,1,1423090
100421261,0.41,0.416519,1,1423119
100422721,0.42,0.419304,1,1423119
100424181,0.35,0.363861,1,1423180
100425641,0.36,0.360772,1,1423180
100427101,0.37,0.368154,1,1423213
100428561,0.38,0.377631,1,1423213
100430021,0.39,0.387526,1,1423279
100431481,0.4,0.397505,1,1423279
100432941,0.41,0.407501,1,1423338
100434401,0.42,0.4175,1,1423338
100435861,0.41,0.4115,1,1423376
100437321,0.42,0.4183,1,1423376
100438781,0.43,0.42766,1,1423400
100440241,0.44,0.437532,1,1423400
100441701,0.47,0.463506,1,1423459
100443161,0.48,0.476701,1,1423459
100444621,0.48,0.47934,1,1423459
100446081,0.41,0.423868,1,1423532
100447541,0.42,0.420774,1,1423532
100449001,0.51,0.492155,1,1423560
100450461,0.52,0.514431,1,1423560
100451921,0.53,0.526886,1,1423618
100453381,0.54,0.537377,1,1423618
100454841,0.57,0.563475,1,1423652
100456301,0.58,0.576695,1,1423652
100457761,0.57,0.571339,1,1423719
100459221,0.58,0.578268,1,1423719
100460681,0.57,0.571654,1,1423779
100462141,0.58,0.578331,1,1423779
100463601,0.63,0.619666,1,1423817
100465061,0.64,0.635933,1,1423817
100466521,0.63,0.631187,1,1423842
100467981,0.64,0.638237,1,1423842
100469441,0.69,0.679647,1,1423903
100470901,0.7,0.695929,1,1423903
100472361,0.69,0.691186,1,1423905
100473821,0.7,0.698237,1,1423905
100475281,0.69,0.691647,1,1423974
100476741,0.7,0.698329,1,1423974
100478201,0.69,0.691666,1,1424007
100479661,0.7,0.698333,1,1424007
100481121,0.69,0.691667,1,1424066
100482581,0.7,0.698333,1,1424066
100484041,0.69,0.691667,1,1424102
100485501,0.7,0.698333,1,1424102
100486961,0.77,0.755667,2,1424169
100488421,0.78,0.775133,2,1424169
100489881,0.73,0.739027,1,1424229
100491341,0.74,0.739805,1,1424229
100492801,0.77,0.763961,2,1424270
100494261,0.78,0.776792,2,1424270
100495721,0.75,0.755358,2,1424295
100497181,0.76,0.759072,2,1424295
100498641,0.75,0.751814,2,1424359
100500101,0.76,0.758363,2,1424359
100501561,0.75,0.751673,2,1424361
100503021,0.76,0.758334,2,1424361
100504481,0.76,0.759667,2,1424361
100505941,0.79,0.783933,2,1424430
100507401,0.8,0.796787,2,1424430
100508861,0.77,0.775357,2,1424463
100510321,0.78,0.779071,2,1424463
100511781,0.79,0.787814,2,1424522
100513241,0.8,0.797563,2,1424522
100514701,0.81,0.807513,2,1424558
100516161,0.82,0.817502,2,1424558
100517621,0.85,0.8435,2,1424629
100519081,0.86,0.8567,2,1424629
100520541,0.85,0.85134,2,1424687
100522001,0.86,0.858268,2,1424687
100523461,0.89,0.883654,2,1424730
100524921,0.9,0.896731,2,1424730
100526381,0.93,0.923346,2,1424754
100527841,0.94,0.936669,2,1424754
100529301,0.93,0.931334,2,1424818
100530761,0.94,0.938267,2,1424818
100532221,0.93,0.931653,2,1424820
100533681,0.94,0.938331,2,1424820
100640261,0.86,0.86,2,1426462
100641721,0.87,0.868,2,1426462
100643181,0.65,0.6936,1,1426534
100644641,0.66,0.66672,1,1426534
100646101,0.51,0.541344,1,1426605
100647561,0.52,0.524269,1,1426605
100649021,0.43,0.448854,1,1426639
100650481,0.44,0.441771,1,1426639
100651941,0.33,0.352354,1,1426666
100653401,0.34,0.342471,1,1426666
100654861,0.13,0.172494,1,1426729
100656321,0.14,0.146499,1,1426729
100657781,0,0.0292998,1,1426764
100659241,0,0.00585995,1,1426764
100660701,0,0.00117199,1,1426798
100662161,0,0.000234398,1,1426798
100663621,0.09,0.0720469,1,1426845
100665081,0.1,0.0944094,1,1426845
100666541,0.09,0.0908819,1,1426876
100668001,0.1,0.0981764,1,1426876
100669461,0.05,0.0596353,1,1426901
100670921,0.06,0.0599271,1,1426901
100672381,0.03,0.0359854,1,1426930
100673841,0.04,0.0391971,1,1426930
100675301,0.05,0.0478394,1,1426987
100676761,0.06,0.0575679,1,1426987
100678221,0.09,0.0835136,1,1427051
100679681,0.1,0.0967027,1,1427051
100681141,0.07,0.0753405,1,1427081
100682601,0.08,0.0790681,1,1427081
100684061,0.09,0.0878136,1,1427103
100685521,0.1,0.0975627,1,1427103
100686981,0.15,0.139513,1,1427156
100688441,0.16,0.155903,1,1427156
100689901,0.11,0.119181,1,1427185
100691361,0.12,0.119836,1,1427185
100692821,0.01,0.0319672,1,1427219
100694281,0.02,0.0223934,1,1427219
100695741,0.05,0.0444787,1,1427270
100697201,0.06,0.0568957,1,1427270
100698661,0.09,0.0833791,1,1427301
100700121,0.1,0.0966758,1,1427301
100701581,0.09,0.0913352,1,1427324
100703041,0.1,0.098267,1,1427324
100704501,0.13,0.123653,1,1427352
100705961,0.14,0.136731,1,1427352
100707421,0.14,0.139346,1,1427352
100708881,0.13,0.131869,1,1427410
100710341,0.14,0.138374,1,1427410
100711801,0.19,0.179675,1,1427476
100713261,0.2,0.195935,1,1427476
100714721,0.17,0.175187,1,1427505
100716181,0.18,0.179037,1,1427505
100717641,0.23,0.219807,1,1427528
100719101,0.24,0.235961,1,1427528
100720561,0.29,0.279192,1,1427584
100722021,0.3,0.295838,1,1427584
100723481,0.27,0.275168,1,1427611
100724941,0.28,0.279034,1,1427611
100726401,0.19,0.207807,1,1427640
100727861,0.2,0.201561,1,1427640
100729321,0.09,0.112312,1,1427693
100730781,0.1,0.102462,1,1427693
100732241,0.03,0.0444925,1,1427726
100733701,0.04,0.0408985,1,1427726
100735161,0.05,0.0481797,1,1427749
100736621,0.06,0.0576359,1,1427749
100738081,0.07,0.0675272,1,1427779
100739541,0.08,0.0775054,1,1427779
100741001,0.07,0.0715011,1,1427781
100742461,0.08,0.0783002,1,1427781
100743921,0.07,0.07166,1,1427838
100745381,0.08,0.078332,1,1427838
100746841,0.13,0.119666,1,1427907
100748301,0.14,0.135933,1,1427907
100749761,0.15,0.147187,1,1427935
100751221,0.16,0.157437,1,1427935
100752681,0.17,0.167487,1,1427961
100754141,0.18,0.177497,1,1427961
100755601,0.17,0.1715,1,1428020
100757061,0.18,0.1783,1,1428020
100758521,0.17,0.17166,1,1428046
100759981,0.18,0.178332,1,1428046
100761441,0.15,0.155666,1,1428071
100762901,0.16,0.159133,1,1428071
100764361,0.19,0.183827,1,1428119
100765821,0.2,0.196765,1,1428119
100767281,0.19,0.191353,1,1428149
100768741,0.2,0.198271,1,1428149
100770201,0.19,0.191654,1,1428173
100771661,0.2,0.198331,1,1428173
100773121,0.17,0.175666,1,1428204
100774581,0.18,0.179133,1,1428204
100776041,0.17,0.171827,1,1428206
100777501,0.18,0.178365,1,1428206
100778961,0.19,0.187673,1,1428263
100780421,0.2,0.197535,1,1428263
100781881,0.2,0.199507,1,1428263
100783341,0.21,0.207901,1,1428335
100784801,0.22,0.21758,1,1428335
100786261,0.23,0.227516,1,1428364
100787721,0.24,0.237503,1,1428364
100789181,0.25,0.247501,1,1428391
100790641,0.26,0.2575,1,1428391
100792101,0.25,0.2515,1,1428450
100793561,0.26,0.2583,1,1428450
100795021,0.27,0.26766,1,1428476
100796481,0.28,0.277532,1,1428476
100797941,0.31,0.303506,1,1428500
100799401,0.32,0.316701,1,1428500
100800861,0.33,0.32734,1,1428550
100802321,0.34,0.337468,1,1428550
100803781,0.35,0.347494,1,1428580
100805241,0.36,0.357499,1,1428580
100806701,0.35,0.3515,1,1428604
100808161,0.36,0.3583,1,1428604
100809621,0.35,0.35166,1,1428634
100811081,0.36,0.358332,1,1428634
100812541,0.35,0.351666,1,1428636
100814001,0.36,0.358333,1,1428636
100815461,0.37,0.367667,1,1428694
100816921,0.38,0.377533,1,1428694
100818381,0.39,0.387507,1,1428766
100819841,0.4,0.397501,1,1428766
100821301,0.43,0.4235,1,1428796
100822761,0.44,0.4367,1,1428796
100824221,0.45,0.44734,1,1428824
100825681,0.46,0.457468,1,1428824
100827141,0.51,0.499494,1,1428883
100828601,0.52,0.515899,1,1428883
100830061,0.51,0.51118,1,1428910
100831521,0.52,0.518236,1,1428910
100832981,0.51,0.511647,1,1428936
100834441,0.52,0.518329,1,1428936
100835901,0.57,0.559666,1,1428987
100837361,0.58,0.575933,1,1428987
100838821,0.61,0.603187,1,1429018
100840281,0.62,0.616637,1,1429018
100841741,0.61,0.611327,1,1429042
100843201,0.62,0.618266,1,1429042
100844661,0.61,0.611653,1,1429072
100846121,0.62,0.618331,1,1429072
100847581,0.61,0.611666,1,1429074
100849041,0.62,0.618333,1,1429074
100850501,0.65,0.643667,1,1429133
100851961,0.66,0.656733,1,1429133
100853421,0.65,0.651347,1,1429206
100854881,0.66,0.658269,1,1429206
100856341,0.65,0.651654,1,1429238
100857801,0.66,0.658331,1,1429238
100859261,0.66,0.659666,1,1429238
100860721,0.65,0.651933,1,1429267
100862181,0.66,0.658387,1,1429267
100863641,0.71,0.699677,1,1429329
100865101,0.72,0.715935,1,1429329
100866561,0.71,0.711187,1,1429356
100868021,0.72,0.718237,1,1429356
100869481,0.73,0.727647,1,1429382
100870941,0.74,0.737529,1,1429382
100872401,0.75,0.747506,1,1429436
100873861,0.76,0.757501,2,1429436
100875321,0.83,0.8155,2,1429469
100876781,0.84,0.8351,2,1429469
100878241,0.83,0.83102,2,1429493
100879701,0.84,0.838204,2,1429493
100881161,0.83,0.831641,2,1429523
100882621,0.84,0.838328,2,1429523
100884081,0.83,0.831666,2,1429525
100885541,0.84,0.838333,2,1429525
100887001,0.85,0.847667,2,1429586
100888461,0.86,0.857533,2,1429586
100889921,0.87,0.867507,2,1429659
100891381,0.88,0.877501,2,1429659
100892841,0.87,0.8715,2,1429691
100894301,0.88,0.8783,2,1429691
100895761,0.87,0.87166,2,1429693
100897221,0.88,0.878332,2,1429693
100898681,0.87,0.871666,2,1429721
100900141,0.88,0.878333,2,1429721
100901601,0.95,0.935667,2,1429786
100904521,0.93,0.93,2,1429813
100905981,0.94,0.938,2,1429813
100907441,0.91,0.9156,2,1429840
100908901,0.92,0.91912,2,1429840
101076801,0.92,0.92,2,1431910
101078261,0.93,0.928,2,1431910
101079721,0.92,0.9216,2,1431940
101081181,0.93,0.92832,2,1431940
101082641,0.92,0.921664,2,1431973
101084101,0.93,0.928333,2,1431973
101085561,0.74,0.777667,2,1432027
101087021,0.75,0.755533,2,1432027
101088481,0.69,0.703107,1,1432068
101089941,0.7,0.700621,1,1432068
101091401,0.63,0.644124,1,1432095
101092861,0.64,0.640825,1,1432095
101094321,0.57,0.584165,1,1432122
101095781,0.58,0.580833,1,1432122
101097241,0.49,0.508167,1,1432154
101098701,0.5,0.501633,1,1432154
101100161,0.27,0.316327,1,1432185
101101621,0.28,0.287265,1,1432185
101103081,0.19,0.209453,1,1432217
101104541,0.2,0.201891,1,1432217
101106001,0.2,0.200378,1,1432217
101107461,0.15,0.160076,1,1432248
101108921,0.16,0.160015,1,1432248
101110381,0.03,0.056003,1,1432279
101111841,0.04,0.0432006,1,1432279
101113301,0,0.00864012,1,1432322
101114761,0,0.00172802,1,1432322
101116221,0.03,0.0243456,1,1432354
101117681,0.04,0.0368691,1,1432354
101119141,0.05,0.0473738,1,1432385
101120601,0.06,0.0574748,1,1432385
101122061,0,0.011495,1,1432410
101123521,0,0.00229899,1,1432410
101124981,0.01,0.0084598,1,1432441
101126441,0.02,0.017692,1,1432441
101127901,0.01,0.0115384,1,1432486
101129361,0.02,0.0183077,1,1432486
101130821,0,0.00366154,1,1432524
101132281,0,0.000732307,1,1432524
101133741,0.01,0.00814646,1,1432548
101135201,0.02,0.0176293,1,1432548
101136661,0.01,0.0115259,1,1432572
101138121,0.02,0.0183052,1,1432572
101139581,0.05,0.043661,1,1432600
101141041,0.06,0.0567322,1,1432600
101142501,0.01,0.0193464,1,1432620
101143961,0.02,0.0198693,1,1432620
101145421,0.01,0.0119739,1,1432648
101146881,0.02,0.0183948,1,1432648
101148341,0.05,0.043679,1,1432676
101149801,0.06,0.0567358,1,1432676
101151261,0.03,0.0353472,1,1432701
101152721,0.04,0.0390694,1,1432701
101154181,0,0.00781389,1,1432743
101155641,0,0.00156278,1,1432743
101157101,0.01,0.00831256,1,1432776
101158561,0.02,0.0176625,1,1432776
101160021,0.03,0.0275325,1,1432808
101161481,0.04,0.0375065,1,1432808
101162941,0.05,0.0475013,1,1432831
101164401,0.06,0.0575003,1,1432831
101165861,0.01,0.0195001,1,1432862
101167321,0.02,0.0199,1,1432862
101168781,0.07,0.05998,1,1432907
101170241,0.08,0.075996,1,1432907
101171701,0.03,0.0391992,1,1432945
101173161,0.04,0.0398398,1,1432945
101174621,0.03,0.031968,1,1432969
101176081,0.04,0.0383936,1,1432969
101177541,0.01,0.0156787,1,1432993
101179001,0.02,0.0191357,1,1432993
101180461,0.05,0.0438271,1,1433023
101181921,0.06,0.0567654,1,1433023
101183381,0.11,0.0993531,1,1433041
101184841,0.12,0.115871,1,1433041
101186301,0.07,0.0791741,1,1433069
101187761,0.08,0.0798348,1,1433069
101189221,0.13,0.119967,1,1433099
101190681,0.14,0.135993,1,1433099
101192141,0.09,0.0991987,1,1433123
101193601,0.1,0.0998397,1,1433123
101195061,0.1,0.0999679,1,1433123
101196521,0.05,0.0599936,1,1433164
101197981,0.06,0.0599987,1,1433164
101199441,0.01,0.0199997,1,1433197
101200901,0.02,0.0199999,1,1433197
101202361,0.07,0.06,1,1433230
101203821,0.08,0.076,1,1433230
101205281,0.07,0.0712,1,1433254
101206741,0.08,0.07824,1,1433254
101208201,0.07,0.071648,1,1433283
101209661,0.08,0.0783296,1,1433283
101211121,0.03,0.0396659,1,1433331
101212581,0.04,0.0399332,1,1433331
101214041,0.05,0.0479866,1,1433367
101215501,0.06,0.0575973,1,1433367
101216961,0.05,0.0515195,1,1433391
101218421,0.06,0.0583039,1,1433391
101219881,0.03,0.0356608,1,1433414
101221341,0.04,0.0391322,1,1433414
101222801,0.05,0.0478264,1,1433446
101224261,0.06,0.0575653,1,1433446
101225721,0.03,0.0355131,1,1433467
101227181,0.04,0.0391026,1,1433467
101228641,0.03,0.0318205,1,1433493
101230101,0.04,0.0383641,1,1433493
101231561,0.05,0.0476728,1,1433526
101233021,0.06,0.0575346,1,1433526
101234481,0.05,0.0515069,1,1433548
101235941,0.06,0.0583014,1,1433548
101237401,0.05,0.0516603,1,1433550
101238861,0.06,0.0583321,1,1433550
101240321,0.05,0.0516664,1,1433588
101241781,0.06,0.0583333,1,1433588
101243241,0.03,0.0356667,1,1433619
101244701,0.04,0.0391333,1,1433619
101246161,0.03,0.0318267,1,1433655
101247621,0.04,0.0383653,1,1433655
101249081,0.03,0.0316731,1,1433679
101250541,0.04,0.0383346,1,1433679
101252001,0.03,0.0316669,1,1433708
101253461,0.04,0.0383334,1,1433708
101254921,0.01,0.0156667,1,1433754
101256381,0.02,0.0191333,1,1433754
101257841,0.01,0.0118267,1,1433791
101259301,0.02,0.0183653,1,1433791
101260761,0.03,0.0276731,1,1433815
101262221,0.04,0.0375346,1,1433815
101263681,0.03,0.0315069,1,1433837
101265141,0.04,0.0383014,1,1433837
101266601,0.03,0.0316603,1,1433870
101268061,0.04,0.0383321,1,1433870
101269521,0.03,0.0316664,1,1433890
101270981,0.04,0.0383333,1,1433890
101272441,0.03,0.0316667,1,1433916
101273901,0.04,0.0383333,1,1433916
101275361,0.03,0.0316667,1,1433950
101276821,0.04,0.0383333,1,1433950
101278281,0.05,0.0476667,1,1433972
101279741,0.06,0.0575333,1,1433972
101281201,0.05,0.0515067,1,1433974
101282661,0.06,0.0583013,1,1433974
101284121,0.09,0.0836603,1,1434012
101285581,0.1,0.0967321,1,1434012
101287041,0.1,0.0993464,1,1434012
101288501,0.09,0.0918693,1,1434042
101289961,0.1,0.0983739,1,1434042
101291421,0.01,0.0276748,1,1434078
101292881,0.02,0.021535,1,1434078
101294341,0.01,0.012307,1,1434102
101295801,0.02,0.0184614,1,1434102
101297261,0.01,0.0116923,1,1434131
101298721,0.02,0.0183385,1,1434131
101300181,0.07,0.0596677,1,1434176
101301641,0.08,0.0759335,1,1434176
101303101,0.07,0.0711867,1,1434213
101304561,0.08,0.0782373,1,1434213
101306021,0.11,0.103647,1,1434238
101307481,0.12,0.116729,1,1434238
101308941,0.11,0.111346,1,1434260
101310401,0.12,0.118269,1,1434260
101311861,0.11,0.111654,1,1434293
101313321,0.12,0.118331,1,1434293
101314781,0.11,0.111666,1,1434313
101316241,0.12,0.118333,1,1434313
101317701,0.13,0.127667,1,1434339
101319161,0.14,0.137533,1,1434339
101320621,0.13,0.131507,1,1434373
101322081,0.14,0.138301,1,1434373
101323541,0.11,0.11566,1,1434396
101325001,0.12,0.119132,1,1434396
101326461,0.11,0.111826,1,1434398
101327921,0.12,0.118365,1,1434398
101329381,0.17,0.159673,1,1434438
101330841,0.18,0.175935,1,1434438
101332301,0.17,0.171187,1,1434467
101333761,0.18,0.178237,1,1434467
101335221,0.17,0.171647,1,1434499
101336681,0.18,0.178329,1,1434499
101338141,0.17,0.171666,1,1434523
101339601,0.18,0.178333,1,1434523
101341061,0.15,0.155667,1,1434552
101342521,0.16,0.159133,1,1434552
101343981,0.21,0.199827,1,1434600
101345441,0.22,0.215965,1,1434600
101346901,0.25,0.243193,1,1434637
101348361,0.26,0.256639,1,1434637
101349821,0.31,0.299328,1,1434664
101351281,0.32,0.315866,1,1434664
101352741,0.31,0.311173,1,1434686
101354201,0.32,0.318235,1,1434686
101355661,0.29,0.295647,1,1434719
101357121,0.3,0.299129,1,1434719
101358581,0.29,0.291826,1,1434739
101360041,0.3,0.298365,1,1434739
101361501,0.31,0.307673,1,1434766
101362961,0.32,0.317535,1,1434766
101364421,0.33,0.327507,1,1434800
101365881,0.34,0.337501,1,1434800
101367341,0.33,0.3315,1,1434822
101368801,0.34,0.3383,1,1434822
101370261,0.33,0.33166,1,1434824
101371721,0.34,0.338332,1,1434824
101373181,0.33,0.331666,1,1434867
101374641,0.34,0.338333,1,1434867
101376101,0.35,0.347667,1,1434896
101377561,0.36,0.357533,1,1434896
101379021,0.36,0.359507,1,1434896
101380481,0.39,0.383901,1,1434928
101381941,0.4,0.39678,1,1434928
101383401,0.39,0.391356,1,1434952
101384861,0.4,0.398271,1,1434952
101386321,0.39,0.391654,1,1434980
101387781,0.4,0.398331,1,1434980
101389241,0.47,0.455666,1,1435031
101390701,0.48,0.475133,1,1435031
101392161,0.51,0.503027,1,1435070
101393621,0.52,0.516605,1,1435070
101395081,0.51,0.511321,1,1435100
101396541,0.52,0.518264,1,1435100
101398001,0.55,0.543653,1,1435122
101399461,0.56,0.556731,1,1435122
101400921,0.55,0.551346,1,1435154
101402381,0.56,0.558269,1,1435154
101403841,0.55,0.551654,1,1435174
101405301,0.56,0.558331,1,1435174
101406761,0.59,0.583666,1,1435202
101408221,0.6,0.596733,1,1435202
101409681,0.61,0.607347,1,1435237
101411141,0.62,0.617469,1,1435237
101412601,0.61,0.611494,1,1435259
101414061,0.62,0.618299,1,1435259
101415521,0.61,0.61166,1,1435261
101416981,0.62,0.618332,1,1435261
101418441,0.59,0.595666,1,1435304
101419901,0.6,0.599133,1,1435304
101421361,0.61,0.607827,1,1435334
101422821,0.62,0.617565,1,1435334
101424281,0.61,0.611513,1,1435336
101425741,0.62,0.618303,1,1435336
101427201,0.61,0.611661,1,1435369
101428661,0.62,0.618332,1,1435369
101430121,0.61,0.611666,1,1435393
101431581,0.62,0.618333,1,1435393
101433041,0.61,0.611667,1,1435421
101434501,0.62,0.618333,1,1435421
101435961,0.65,0.643667,1,1435476
101437421,0.66,0.656733,1,1435476
101438881,0.73,0.715347,1,1435517
101440341,0.74,0.735069,1,1435517
101441801,0.73,0.731014,1,1435547
101443261,0.74,0.738203,1,1435547
101444721,0.69,0.699641,1,1435571
101446181,0.7,0.699928,1,1435571
101447641,0.69,0.691986,1,1435603
101449101,0.7,0.698397,1,1435603
101450561,0.73,0.723679,1,1435623
101452021,0.74,0.736736,1,1435623
101453481,0.73,0.731347,1,1435653
101454941,0.74,0.738269,1,1435653
101456401,0.75,0.747654,1,1435689
101457861,0.76,0.757531,2,1435689
101459321,0.75,0.751506,2,1435711
101460781,0.76,0.758301,2,1435711
101462241,0.75,0.75166,2,1435713
101463701,0.76,0.758332,2,1435713
101465161,0.75,0.751666,2,1435755
101466621,0.76,0.758333,2,1435755
101468081,0.73,0.735667,1,1435786
101469541,0.74,0.739133,1,1435786
101471001,0.73,0.731827,1,1435788
101472461,0.74,0.738365,1,1435788
101473921,0.75,0.747673,1,1435821
101475381,0.76,0.757535,2,1435821
101476841,0.76,0.759507,2,1435821
101478301,0.79,0.783901,2,1435845
101479761,0.8,0.79678,2,1435845
101481221,0.79,0.791356,2,1435873
101482681,0.8,0.798271,2,1435873
101484141,0.83,0.823654,2,1435930
101485601,0.84,0.836731,2,1435930
101487061,0.81,0.815346,2,1435975
101488521,0.82,0.819069,2,1435975
101489981,0.81,0.811814,2,1436005
101491441,0.82,0.818363,2,1436005
101492901,0.81,0.811673,2,1436027
101494361,0.82,0.818334,2,1436027
101495821,0.85,0.843667,2,1436059
101497281,0.86,0.856733,2,1436059
101498741,0.85,0.851347,2,1436081
101500201,0.86,0.858269,2,1436081
101501661,0.91,0.899654,2,1436111
101503121,0.92,0.915931,2,1436111
101504581,0.89,0.895186,2,1436148
101506041,0.9,0.899037,2,1436148
101507501,0.89,0.891807,2,1436170
101508961,0.9,0.898361,2,1436170
101510421,0.89,0.891672,2,1436172
101511881,0.9,0.898334,2,1436172
101513341,0.91,0.907667,2,1436214
101514801,0.92,0.917533,2,1436214
101516261,0.91,0.911507,2,1436244
101517721,0.92,0.918301,2,1436244
101519181,0.91,0.91166,2,1436246
101520641,0.92,0.918332,2,1436246
101522101,0.91,0.911666,2,1436280
101523561,0.92,0.918333,2,1436280
101525021,0.95,0.943667,2,1436305
101527941,0.95,0.95,2,1436333
101530861,0.95,0.95,2,1436392
101533781,0.95,0.95,2,1436436
101682701,0.92,0.92,2,1438175
101684161,0.88,0.888,2,1438181
101685621,0.95,0.9376,2,1438187
101688541,0.95,0.95,2,1438222
101690001,0.91,0.918,2,1438298
101691461,0.92,0.9196,2,1438298
101692921,0.87,0.87992,2,1438350
101694381,0.88,0.879984,2,1438350
101695841,0.77,0.791997,2,1438438
101697301,0.78,0.782399,2,1438438
101698761,0.73,0.74048,1,1438522
101700221,0.74,0.740096,1,1438522
101701681,0.75,0.748019,1,1438566
101703141,0.76,0.757604,2,1438566
101704601,0.79,0.783521,2,1438646
101706061,0.8,0.796704,2,1438646
101707521,0.79,0.791341,2,1438658
101708981,0.8,0.798268,2,1438658
101710441,0.79,0.791654,2,1438690
101711901,0.8,0.798331,2,1438690
101713361,0.83,0.823666,2,1438765
101714821,0.84,0.836733,2,1438765
101716281,0.79,0.799347,2,1438815
101717741,0.8,0.799869,2,1438815
101719201,0.87,0.855974,2,1438898
101720661,0.88,0.875195,2,1438898
101722121,0.89,0.887039,2,1438980
101723581,0.9,0.897408,2,1438980
101824321,0.91,0.91,2,1440923
101825781,0.92,0.918,2,1440923
101827241,0.65,0.7036,1,1440999
101828701,0.66,0.66872,1,1440999
101830161,0.55,0.573744,1,1441031
101831621,0.56,0.562749,1,1441031
101833081,0.39,0.42455,1,1441066
101834541,0.4,0.40491,1,1441066
101836001,0.31,0.328982,1,1441118
101837461,0.32,0.321796,1,1441118
101838921,0.11,0.152359,1,1441181
101840381,0.12,0.126472,1,1441181
101841841,0.11,0.113294,1,1441222
101843301,0.12,0.118659,1,1441222
101844761,0.12,0.119732,1,1441222
101846221,0.05,0.0639464,1,1441279
101847681,0.06,0.0607893,1,1441279
101849141,0.07,0.0681579,1,1441363
101850601,0.08,0.0776316,1,1441363
101852061,0.05,0.0555263,1,1441390
101853521,0.06,0.0591053,1,1441390
101854981,0.07,0.0678211,1,1441453
101856441,0.08,0.0775642,1,1441453
101857901,0.13,0.119513,1,1441480
101859361,0.14,0.135903,1,1441480
101860821,0.17,0.163181,1,1441507
101862281,0.18,0.176636,1,1441507
101863741,0.15,0.155327,1,1441555
101865201,0.16,0.159065,1,1441555
101866661,0.17,0.167813,1,1441608
101868121,0.18,0.177563,1,1441608
101869581,0.19,0.187513,1,1441649
101871041,0.2,0.197503,1,1441649
101872501,0.23,0.2235,1,1441702
101873961,0.24,0.2367,1,1441702
101875421,0.23,0.23134,1,1441787
101876881,0.24,0.238268,1,1441787
101878341,0.23,0.231654,1,1441813
101879801,0.24,0.238331,1,1441813
101881261,0.25,0.247666,1,1441877
101882721,0.26,0.257533,1,1441877
101884181,0.27,0.267507,1,1441907
101885641,0.28,0.277501,1,1441907
101887101,0.29,0.2875,1,1441936
101888561,0.3,0.2975,1,1441936
101890021,0.31,0.3075,1,1441983
101891481,0.32,0.3175,1,1441983
101892941,0.33,0.3275,1,1442037
101894401,0.34,0.3375,1,1442037
101895861,0.41,0.3955,1,1442079
101897321,0.42,0.4151,1,1442079
101898781,0.39,0.39502,1,1442134
101900241,0.4,0.399004,1,1442134
101901701,0.37,0.375801,1,1442219
101903161,0.38,0.37916,1,1442219
101904621,0.38,0.379832,1,1442219
101906081,0.41,0.403966,1,1442245
101907541,0.42,0.416793,1,1442245
101909001,0.47,0.459359,1,1442310
101910461,0.48,0.475872,1,1442310
101911921,0.51,0.503174,1,1442341
101913381,0.52,0.516635,1,1442341
101914841,0.51,0.511327,1,1442371
101916301,0.52,0.518265,1,1442371
101917761,0.49,0.495653,1,1442419
101919221,0.5,0.499131,1,1442419
101920681,0.51,0.507826,1,1442474
101922141,0.52,0.517565,1,1442474
101923601,0.51,0.511513,1,1442520
101925061,0.52,0.518303,1,1442520
101926521,0.53,0.527661,1,1442574
101927981,0.54,0.537532,1,1442574
101929441,0.55,0.547506,1,1442658
101930901,0.56,0.557501,1,1442658
101932361,0.55,0.5515,1,1442660
101933821,0.56,0.5583,1,1442660
101935281,0.57,0.56766,1,1442687
101936741,0.58,0.577532,1,1442687
101938201,0.61,0.603506,1,1442755
101939661,0.62,0.616701,1,1442755
101941121,0.65,0.64334,1,1442788
101942581,0.66,0.656668,1,1442788
101944041,0.65,0.651334,1,1442818
101945501,0.66,0.658267,1,1442818
101946961,0.63,0.635653,1,1442865
101948421,0.64,0.639131,1,1442865
101949881,0.69,0.679826,1,1442921
101951341,0.7,0.695965,1,1442921
101952801,0.71,0.707193,1,1442967
101954261,0.72,0.717439,1,1442967
101955721,0.75,0.743488,1,1443022
101957181,0.76,0.756698,2,1443022
101958641,0.81,0.79934,2,1443107
101960101,0.82,0.815868,2,1443107
101961561,0.81,0.811174,2,1443109
101963021,0.82,0.818235,2,1443109
101964481,0.82,0.819647,2,1443109
101965941,0.83,0.827929,2,1443137
101967401,0.84,0.837586,2,1443137
101968861,0.83,0.831517,2,1443207
101970321,0.84,0.838303,2,1443207
101971781,0.85,0.847661,2,1443242
101973241,0.86,0.857532,2,1443242
101974701,0.87,0.867506,2,1443272
101976161,0.88,0.877501,2,1443272
101977621,0.89,0.8875,2,1443318
101979081,0.9,0.8975,2,1443318
101980541,0.93,0.9235,2,1443377
101982001,0.94,0.9367,2,1443377
101983461,0.91,0.91534,2,1443424
101984921,0.92,0.919068,2,1443424
102109021,0.86,0.86,2,1445342
102110481,0.87,0.868,2,1445342
102114861,0.91,0.91,2,1445502
102116321,0.92,0.918,2,1445502
102117781,0.78,0.8076,2,1445540
102119241,0.79,0.79352,2,1445540
102120701,0.67,0.694704,1,1445572
102122161,0.68,0.682941,1,1445572
102123621,0.61,0.624588,1,1445591
102125081,0.62,0.620918,1,1445591
102126541,0.43,0.468184,1,1445632
102128001,0.44,0.445637,1,1445632
102129461,0.31,0.337127,1,1445668
102130921,0.32,0.323425,1,1445668
102132381,0.23,0.248685,1,1445690
102133841,0.24,0.241737,1,1445690
102135301,0.15,0.168347,1,1445718
102136761,0.16,0.161669,1,1445718
102138221,0.05,0.0723339,1,1445756
102139681,0.06,0.0624668,1,1445756
102141141,0.03,0.0364934,1,1445822
102142601,0.04,0.0392987,1,1445822
102144061,0.11,0.0958597,1,1445850
102145521,0.12,0.115172,1,1445850
102146981,0.03,0.0470344,1,1445968
102148441,0.04,0.0414069,1,1445968
102149901,0.11,0.0962814,1,1446001
102151361,0.12,0.115256,1,1446001
102152821,0.13,0.127051,1,1446026
102154281,0.14,0.13741,1,1446026
102155741,0.09,0.0994821,1,1446042
102157201,0.1,0.0998964,1,1446042
102158661,0.13,0.123979,1,1446074
102160121,0.14,0.136796,1,1446074
102161581,0.11,0.115359,1,1446104
102163041,0.12,0.119072,1,1446104
102164501,0.11,0.111814,1,1446122
102165961,0.12,0.118363,1,1446122
102167421,0.12,0.119673,1,1446122
102168881,0.13,0.127935,1,1446146
102170341,0.14,0.137587,1,1446146
102171801,0.07,0.0835174,1,1446179
102173261,0.08,0.0807035,1,1446179
102174721,0.03,0.0401407,1,1446244
102176181,0.04,0.0400281,1,1446244
102177641,0.01,0.0160056,1,1446276
102179101,0.02,0.0192011,1,1446276
102180561,0.03,0.0278402,1,1446390
102182021,0.04,0.037568,1,1446390
102183481,0.07,0.0635136,1,1446427
102184941,0.08,0.0767027,1,1446427
102186401,0.05,0.0553405,1,1446453
102187861,0.06,0.0590681,1,1446453
102189321,0.05,0.0518136,1,1446467
102190781,0.06,0.0583627,1,1446467
102192241,0.05,0.0516725,1,1446501
102193701,0.06,0.0583345,1,1446501
102195161,0.03,0.0356669,1,1446530
102196621,0.04,0.0391334,1,1446530
102198081,0.03,0.0318267,1,1446548
102199541,0.04,0.0383653,1,1446548
102201001,0.03,0.0316731,1,1446550
102202461,0.04,0.0383346,1,1446550
102203921,0.03,0.0316669,1,1446574
102205381,0.04,0.0383334,1,1446574
102206841,0.03,0.0316667,1,1446604
102208301,0.04,0.0383333,1,1446604
102209761,0,0.00766667,1,1446667
102211221,0,0.00153333,1,1446667
102212681,0.01,0.00830667,1,1446698
102214141,0.02,0.0176613,1,1446698
102215601,0.03,0.0275323,1,1446813
102217061,0.04,0.0375065,1,1446813
102218521,0.07,0.0635013,1,1446852
102219981,0.08,0.0767003,1,1446852
102221441,0.09,0.0873401,1,1446877
102222901,0.1,0.097468,1,1446877
102224361,0.11,0.107494,1,1446891
102225821,0.12,0.117499,1,1446891
102227281,0.13,0.1275,1,1446925
102228741,0.14,0.1375,1,1446925
102230201,0.15,0.1475,1,1446953
102231661,0.16,0.1575,1,1446953
102233121,0.15,0.1515,1,1446971
102234581,0.16,0.1583,1,1446971
102236041,0.15,0.15166,1,1446973
102237501,0.16,0.158332,1,1446973
102238961,0.17,0.167666,1,1446997
102240421,0.18,0.177533,1,1446997
102241881,0.18,0.179507,1,1446997
102243341,0.19,0.187901,1,1447027
102244801,0.2,0.19758,1,1447027
102246261,0.15,0.159516,1,1447089
102247721,0.16,0.159903,1,1447089
102249181,0.05,0.0719806,1,1447120
102250641,0.06,0.0623961,1,1447120
102252101,0.15,0.132479,1,1447236
102253561,0.16,0.154496,1,1447236
102255021,0.19,0.182899,1,1447277
102256481,0.2,0.19658,1,1447277
102257941,0.19,0.191316,1,1447303
102259401,0.2,0.198263,1,1447303
102260861,0.23,0.223653,1,1447318
102262321,0.24,0.236731,1,1447318
102263781,0.23,0.231346,1,1447353
102265241,0.24,0.238269,1,1447353
102266701,0.25,0.247654,1,1447382
102268161,0.26,0.257531,1,1447382
102269621,0.25,0.251506,1,1447400
102271081,0.26,0.258301,1,1447400
102272541,0.25,0.25166,1,1447402
102274001,0.26,0.258332,1,1447402
102275461,0.27,0.267666,1,1447427
102276921,0.28,0.277533,1,1447427
102278381,0.27,0.271507,1,1447457
102279841,0.28,0.278301,1,1447457
102281301,0.29,0.28766,1,1447517
102282761,0.3,0.297532,1,1447517
102284221,0.27,0.275506,1,1447543
102285681,0.28,0.279101,1,1447543
102287141,0.23,0.23982,1,1447664
102288601,0.24,0.239964,1,1447664
102290061,0.21,0.215993,1,1447707
102291521,0.22,0.219199,1,1447707
102292981,0.21,0.21184,1,1447733
102294441,0.22,0.218368,1,1447733
102295901,0.19,0.195674,1,1447750
102297361,0.2,0.199135,1,1447750
102298821,0.21,0.207827,1,1447785
102300281,0.22,0.217565,1,1447785
102301741,0.21,0.211513,1,1447815
102303201,0.22,0.218303,1,1447815
102304661,0.23,0.227661,1,1447833
102306121,0.24,0.237532,1,1447833
102307581,0.23,0.231506,1,1447835
102309041,0.24,0.238301,1,1447835
102310501,0.27,0.26366,1,1447861
102311961,0.28,0.276732,1,1447861
102313421,0.29,0.287346,1,1447891
102314881,0.3,0.297469,1,1447891
102316341,0.27,0.275494,1,1447952
102317801,0.28,0.279099,1,1447952
102319261,0.28,0.27982,1,1447952
102320721,0.27,0.271964,1,1447977
102322181,0.28,0.278393,1,1447977
102323641,0.31,0.303679,1,1448096
102325101,0.32,0.316736,1,1448096
102326561,0.33,0.327347,1,1448138
102328021,0.34,0.337469,1,1448138
102329481,0.35,0.347494,1,1448164
102330941,0.36,0.357499,1,1448164
102332401,0.35,0.3515,1,1448180
102333861,0.36,0.3583,1,1448180
102335321,0.39,0.38366,1,1448216
102336781,0.4,0.396732,1,1448216
102338241,0.39,0.391346,1,1448246
102339701,0.4,0.398269,1,1448246
102341161,0.41,0.407654,1,1448265
102342621,0.42,0.417531,1,1448265
102344081,0.41,0.411506,1,1448267
102345541,0.42,0.418301,1,1448267
102347001,0.41,0.41166,1,1448295
102348461,0.42,0.418332,1,1448295
102349921,0.39,0.395666,1,1448326
102351381,0.4,0.399133,1,1448326
102352841,0.41,0.407827,1,1448386
102354301,0.42,0.417565,1,1448386
102355761,0.41,0.411513,1,1448388
102357221,0.42,0.418303,1,1448388
102358681,0.41,0.411661,1,1448412
102360141,0.42,0.418332,1,1448412
102361601,0.41,0.411666,1,1448533
102363061,0.42,0.418333,1,1448533
102364521,0.47,0.459667,1,1448576
102365981,0.48,0.475933,1,1448576
102367441,0.49,0.487187,1,1448603
102368901,0.5,0.497437,1,1448603
102370361,0.49,0.491487,1,1448619
102371821,0.5,0.498297,1,1448619
102373281,0.57,0.55566,1,1448657
102374741,0.58,0.575132,1,1448657
102376201,0.57,0.571026,1,1448687
102377661,0.58,0.578205,1,1448687
102379121,0.59,0.587641,1,1448707
102380581,0.6,0.597528,1,1448707
102382041,0.59,0.591506,1,1448709
102383501,0.6,0.598301,1,1448709
102384961,0.63,0.62366,1,1448737
102386421,0.64,0.636732,1,1448737
102387881,0.65,0.647346,1,1448767
102389341,0.66,0.657469,1,1448767
102390801,0.71,0.699494,1,1448828
102392261,0.72,0.715899,1,1448828
102393721,0.71,0.71118,1,1448830
102395181,0.72,0.718236,1,1448830
102396641,0.71,0.711647,1,1448854
102398101,0.72,0.718329,1,1448854
102399561,0.72,0.719666,1,1448854
102401021,0.75,0.743933,1,1448975
102402481,0.76,0.756787,2,1448975
102403941,0.85,0.831357,2,1449021
102405401,0.86,0.854271,2,1449021
102406861,0.87,0.866854,2,1449049
102408321,0.88,0.877371,2,1449049
102409781,0.87,0.871474,2,1449065
102411241,0.88,0.878295,2,1449065
102412701,0.93,0.919659,2,1449107
102414161,0.94,0.935932,2,1449107
102415621,0.95,0.947186,2,1449137
102418541,0.93,0.93,2,1449158
102420001,0.94,0.938,2,1449158
102421461,0.93,0.9316,2,1449160
102422921,0.94,0.93832,2,1449160
102424381,0.95,0.947664,2,1449190
102602501,0.94,0.94,2,1451384
102603961,0.95,0.948,2,1451384
102611261,0.9,0.9,2,1451462
102612721,0.91,0.908,2,1451462
102614181,0.83,0.8456,2,1451496
102615641,0.84,0.84112,2,1451496
102617101,0.73,0.752224,2,1451525
102618561,0.74,0.742445,1,1451525
102620021,0.57,0.604489,1,1451557
102621481,0.58,0.584898,1,1451557
102622941,0.43,0.46098,1,1451592
102624401,0.44,0.444196,1,1451592
102625861,0.33,0.352839,1,1451618
102627321,0.34,0.342568,1,1451618
102628781,0.29,0.300514,1,1451656
102630241,0.3,0.300103,1,1451656
102631701,0.13,0.164021,1,1451675
102587901,0.17,0.168804,1,1451695
102633161,0.09,0.105761,1,1451754
102634621,0.01,0.0291522,1,1451818
102636081,0.01,0.0138304,1,1451888
102637541,0.07,0.0587661,1,1451904
102639001,0.05,0.0517532,1,1451928
102640461,0.01,0.0183506,1,1451959
102641921,0.01,0.0116701,1,1451983
102643381,0.07,0.058334,1,1452007
102644841,0.01,0.0196668,1,1452035
102646301,0.03,0.0279334,1,1452091
102647761,0.03,0.0295867,1,1452092
102649221,0.03,0.0299173,1,1452102
102650681,0.07,0.0619835,1,1452124
102652141,0.03,0.0363967,1,1452239
102653601,0.04,0.0392793,1,1452239
102655061,0.03,0.0318559,1,1452328
102656521,0.04,0.0383712,1,1452328
102657981,0.07,0.0636742,1,1452380
102659441,0.08,0.0767348,1,1452380
102660901,0.05,0.055347,1,1452431
102662361,0.06,0.0590694,1,1452431
102663821,0.05,0.0518139,1,1452513
102665281,0.06,0.0583628,1,1452513
102666741,0.07,0.0676726,1,1452524
102668201,0.08,0.0775345,1,1452524
102669661,0.08,0.0795069,1,1452524
102671121,0.03,0.0399014,1,1452661
102672581,0.04,0.0399803,1,1452661
102674041,0.09,0.0799961,1,1452750
102675501,0.1,0.0959992,1,1452750
102676961,0.03,0.0431998,1,1452804
102678421,0.04,0.04064,1,1452804
102679881,0.05,0.048128,1,1452854
102681341,0.06,0.0576256,1,1452854
102682801,0.17,0.147525,1,1452936
102684261,0.18,0.173505,1,1452936
102685721,0.19,0.186701,1,1452948
102687181,0.2,0.19734,1,1452948
102688641,0.19,0.191468,1,1452950
102690101,0.2,0.198294,1,1452950
102691561,0.17,0.175659,1,1453084
102693021,0.18,0.179132,1,1453084
102694481,0.19,0.187826,1,1453176
102695941,0.2,0.197565,1,1453176
102697401,0.19,0.191513,1,1453227
102698861,0.2,0.198303,1,1453227
102700321,0.15,0.159661,1,1453278
102701781,0.16,0.159932,1,1453278
102703241,0.13,0.135986,1,1453366
102704701,0.14,0.139197,1,1453366
102706161,0.15,0.147839,1,1453379
102707621,0.16,0.157568,1,1453379
102709081,0.15,0.151514,1,1453381
102710541,0.16,0.158303,1,1453381
102712001,0.09,0.103661,1,1453514
102713461,0.1,0.100732,1,1453514
102714921,0.1,0.100146,1,1453514
102716381,0.13,0.124029,1,1453607
102717841,0.14,0.136806,1,1453607
102719301,0.13,0.131361,1,1453658
102720761,0.14,0.138272,1,1453658
102722221,0.11,0.115654,1,1453707
102723681,0.12,0.119131,1,1453707
102725141,0.11,0.111826,1,1453794
102726601,0.12,0.118365,1,1453794
102728061,0.13,0.127673,1,1453808
102729521,0.14,0.137535,1,1453808
102730981,0.13,0.131507,1,1453810
102732441,0.14,0.138301,1,1453810
102733901,0.25,0.22766,1,1453940
102735361,0.26,0.253532,1,1453940
102736821,0.23,0.234706,1,1454034
102738281,0.24,0.238941,1,1454034
102739741,0.29,0.279788,1,1454085
102741201,0.3,0.295958,1,1454085
102742661,0.29,0.291192,1,1454133
102744121,0.3,0.298238,1,1454133
102745581,0.31,0.307648,1,1454220
102747041,0.32,0.31753,1,1454220
102748501,0.33,0.327506,1,1454235
102749961,0.34,0.337501,1,1454235
102751421,0.33,0.3315,1,1454237
102752881,0.34,0.3383,1,1454237
102754341,0.43,0.41166,1,1454373
102755801,0.44,0.434332,1,1454373
102757261,0.49,0.478866,1,1454466
102758721,0.5,0.495773,1,1454466
102760181,0.5,0.499155,1,1454466
102761641,0.57,0.555831,1,1454520
102763101,0.58,0.575166,1,1454520
102764561,0.59,0.587033,1,1454568
102766021,0.6,0.597407,1,1454568
102767481,0.65,0.639481,1,1454656
102768941,0.66,0.655896,1,1454656
102770401,0.65,0.651179,1,1454672
102771861,0.66,0.658236,1,1454672
102773321,0.65,0.651647,1,1454674
102774781,0.66,0.658329,1,1454674
102776241,0.79,0.763666,2,1454815
102777701,0.8,0.792733,2,1454815
102779161,0.85,0.838547,2,1454911
102780621,0.86,0.855709,2,1454911
102782081,0.85,0.851142,2,1454913
102783541,0.86,0.858228,2,1454913
102785001,0.83,0.835646,2,1454970
102786461,0.84,0.839129,2,1454970
102787921,0.87,0.863826,2,1455019
102789381,0.88,0.876765,2,1455019
102790841,0.91,0.903353,2,1455110
102792301,0.92,0.916671,2,1455110
102793761,0.91,0.911334,2,1455126
102795221,0.92,0.918267,2,1455126
102796681,0.91,0.911653,2,1455128
102798141,0.92,0.918331,2,1455128
102799601,0.93,0.927666,2,1455276
102801061,0.94,0.937533,2,1455276
102802521,0.89,0.899507,2,1455375
102803981,0.9,0.899901,2,1455375
102805441,0.89,0.89198,2,1455377
102806901,0.9,0.898396,2,1455377
102808361,0.89,0.891679,2,1455433
102809821,0.9,0.898336,2,1455433
102811281,0.9,0.899667,2,1455433
102812741,0.93,0.923933,2,1455484
102814201,0.94,0.936787,2,1455484
102815661,0.95,0.947357,2,1455577
102818581,0.95,0.95,2,1455593
102821501,0.95,0.95,2,1455595
102824421,0.93,0.93,2,1455744
102825881,0.94,0.938,2,1455744
102913481,0.73,0.73,1,1457475
102914941,0.74,0.738,1,1457475
102916401,0.65,0.6676,1,1457505
102917861,0.66,0.66152,1,1457505
102919321,0.66,0.660304,1,1457505
102920781,0.65,0.652061,1,1457546
102922241,0.66,0.658412,1,1457546
102923701,0.53,0.555682,1,1457581
102925161,0.54,0.543136,1,1457581
102926621,0.27,0.324627,1,1457657
102928081,0.28,0.288925,1,1457657
102929541,0.05,0.0977851,1,1457763
102931001,0.06,0.067557,1,1457763
102932461,0.03,0.0375114,1,1457797
102933921,0.04,0.0395023,1,1457797
102935381,0.05,0.0479005,1,1457829
102936841,0.06,0.0575801,1,1457829
102938301,0.03,0.035516,1,1457854
102939761,0.04,0.0391032,1,1457854
102941221,0.01,0.0158206,1,1457933
102942681,0.02,0.0191641,1,1457933
102944141,0.03,0.0278328,1,1457959
102945601,0.04,0.0375666,1,1457959
102947061,0.05,0.0475133,1,1457999
102948521,0.06,0.0575027,1,1457999
102949981,0.07,0.0675005,1,1458028
102951441,0.08,0.0775001,1,1458028
102952901,0.03,0.0395,1,1458091
102954361,0.04,0.0399,1,1458091
102955821,0.09,0.07998,1,1458186
102957281,0.1,0.095996,1,1458186
102958741,0.09,0.0911992,1,1458219
102960201,0.1,0.0982398,1,1458219
102961661,0.03,0.043648,1,1458252
102963121,0.04,0.0407296,1,1458252
102964581,0.07,0.0641459,1,1458276
102966041,0.08,0.0768292,1,1458276
102967501,0.11,0.103366,1,1458354
102968961,0.12,0.116673,1,1458354
102970421,0.09,0.0953346,1,1458381
102971881,0.1,0.0990669,1,1458381
102973341,0.11,0.107813,1,1458422
102974801,0.12,0.117563,1,1458422
102976261,0.15,0.143513,1,1458452
102977721,0.16,0.156703,1,1458452
102979181,0.16,0.159341,1,1458452
102980641,0.19,0.183868,1,1458513
102982101,0.2,0.196774,1,1458513
102983561,0.13,0.143355,1,1458611
102985021,0.14,0.140671,1,1458611
102986481,0.13,0.132134,1,1458644
102987941,0.14,0.138427,1,1458644
102989401,0.19,0.179685,1,1458674
102990861,0.2,0.195937,1,1458674
102992321,0.07,0.0951874,1,1458700
102993781,0.08,0.0830375,1,1458700
102995241,0.11,0.104607,1,1458780
102996701,0.12,0.116922,1,1458780
102998161,0.11,0.111384,1,1458806
102999621,0.12,0.118277,1,1458806
103001081,0.13,0.127655,1,1458848
103002541,0.14,0.137531,1,1458848
103004001,0.13,0.131506,1,1458880
103005461,0.14,0.138301,1,1458880
103006921,0.13,0.13166,1,1458882
103008381,0.14,0.138332,1,1458882
103009841,0.15,0.147666,1,1458944
103011301,0.16,0.157533,1,1458944
103012761,0.15,0.151507,1,1459039
103014221,0.16,0.158301,1,1459039
103015681,0.13,0.13566,1,1459072
103017141,0.14,0.139132,1,1459072
103018601,0.11,0.115826,1,1459105
103020061,0.12,0.119165,1,1459105
103021521,0.11,0.111833,1,1459125
103022981,0.12,0.118367,1,1459125
103024441,0.11,0.111673,1,1459207
103025901,0.12,0.118335,1,1459207
103027361,0.11,0.111667,1,1459233
103028821,0.12,0.118333,1,1459233
103030281,0.13,0.127667,1,1459276
103031741,0.14,0.137533,1,1459276
103033201,0.15,0.147507,1,1459308
103034661,0.16,0.157501,1,1459308
103036121,0.15,0.1515,1,1459310
103037581,0.16,0.1583,1,1459310
103039041,0.16,0.15966,1,1459310
103040501,0.17,0.167932,1,1459373
103041961,0.18,0.177586,1,1459373
103043421,0.17,0.171517,1,1459468
103044881,0.18,0.178303,1,1459468
103046341,0.19,0.187661,1,1459500
103047801,0.2,0.197532,1,1459500
103049261,0.21,0.207506,1,1459532
103050721,0.22,0.217501,1,1459532
103052181,0.23,0.2275,1,1459552
103053641,0.24,0.2375,1,1459552
103055101,0.35,0.3275,1,1459634
103056561,0.36,0.3535,1,1459634
103058021,0.37,0.3667,1,1459660
103059481,0.38,0.37734,1,1459660
103060941,0.41,0.403468,1,1459704
103062401,0.42,0.416694,1,1459704
103063861,0.41,0.411339,1,1459737
103065321,0.42,0.418268,1,1459737
103066781,0.41,0.411654,1,1459739
103068241,0.42,0.418331,1,1459739
103069701,0.43,0.427666,1,1459802
103071161,0.44,0.437533,1,1459802
103072621,0.45,0.447507,1,1459897
103074081,0.46,0.457501,1,1459897
103075541,0.47,0.4675,1,1459930
103077001,0.48,0.4775,1,1459930
103078461,0.45,0.4555,1,1459963
103079921,0.46,0.4591,1,1459963
103081381,0.47,0.46782,1,1459984
103082841,0.48,0.477564,1,1459984
103084301,0.53,0.519513,1,1460072
103085761,0.54,0.535903,1,1460072
103087221,0.59,0.579181,1,1460099
103088681,0.6,0.595836,1,1460099
103090141,0.59,0.591167,1,1460145
103091601,0.6,0.598233,1,1460145
103093061,0.63,0.623647,1,1460178
103094521,0.64,0.636729,1,1460178
103095981,0.63,0.631346,1,1460180
103097441,0.64,0.638269,1,1460180
103098901,0.71,0.695654,1,1460244
103100361,0.72,0.715131,1,1460244
103101821,0.75,0.743026,1,1460340
103103281,0.76,0.756605,2,1460340
103104741,0.76,0.759321,2,1460340
103106201,0.79,0.783864,2,1460374
103107661,0.8,0.796773,2,1460374
103109121,0.79,0.791355,2,1460406
103110581,0.8,0.798271,2,1460406
103112041,0.79,0.791654,2,1460428
103113501,0.8,0.798331,2,1460428
103114961,0.87,0.855666,2,1460519
103116421,0.88,0.875133,2,1460519
103117881,0.85,0.855027,2,1460549
103119341,0.86,0.859005,2,1460549
103120801,0.89,0.883801,2,1460595
103122261,0.9,0.89676,2,1460595
103123721,0.89,0.891352,2,1460630
103125181,0.9,0.89827,2,1460630
103126641,0.89,0.891654,2,1460632
103128101,0.9,0.898331,2,1460632
103129561,0.91,0.907666,2,1460700
103131021,0.92,0.917533,2,1460700
103138321,0.95,0.95,2,1460835
103141241,0.95,0.95,2,1460867
103144161,0.95,0.95,2,1460889
103147081,0.89,0.89,2,1460984
103148541,0.9,0.898,2,1460984
103150001,0.93,0.9236,2,1461013
103151461,0.94,0.93672,2,1461013
103152921,0.91,0.915344,2,1461061
103154381,0.92,0.919069,2,1461061
103155841,0.89,0.895814,2,1461096
103157301,0.9,0.899163,2,1461096
103158761,0.89,0.891833,2,1461098
103160221,0.9,0.898367,2,1461098
103161681,0.87,0.875673,2,1461167
103163141,0.88,0.879135,2,1461167
103164601,0.91,0.903827,2,1461268
103166061,0.92,0.916765,2,1461268
103167521,0.91,0.911353,2,1461270
103168981,0.92,0.918271,2,1461270
103170441,0.91,0.911654,2,1461304
103171901,0.92,0.918331,2,1461304
103173361,0.92,0.919666,2,1461304
103174821,0.95,0.943933,2,1461336
103177741,0.95,0.95,2,1461358
103290161,0.81,0.81,2,1463005
103291621,0.82,0.818,2,1463005
103293081,0.87,0.8596,2,1463033
103294541,0.88,0.87592,2,1463033
103296001,0.87,0.871184,2,1463076
103297461,0.88,0.878237,2,1463076
103298921,0.53,0.599647,1,1463171
103300381,0.54,0.551929,1,1463171
103301841,0.51,0.518386,1,1463204
103303301,0.52,0.519677,1,1463204
103304761,0.33,0.367935,1,1463237
103306221,0.34,0.345587,1,1463237
103307681,0.29,0.301117,1,1463267
103309141,0.3,0.300223,1,1463267
103310601,0.25,0.260045,1,1463297
103312061,0.26,0.260009,1,1463297
103313521,0.17,0.188002,1,1463323
103314981,0.18,0.1816,1,1463323
103316441,0.18,0.18032,1,1463323
103317901,0,0.036064,1,1463355
103319361,0,0.0072128,1,1463355
103320821,0.01,0.00944256,1,1463389
103322281,0.02,0.0178885,1,1463389
103323741,0,0.0035777,1,1463444
103325201,0,0.00071554,1,1463444
103326661,0.01,0.00814311,1,1463473
103328121,0.02,0.0176286,1,1463473
103329581,0.01,0.0115257,1,1463498
103331041,0.02,0.0183051,1,1463498
103332501,0.01,0.011661,1,1463541
103333961,0.02,0.0183322,1,1463541
103335421,0.03,0.0276664,1,1463619
103336881,0.04,0.0375333,1,1463619
103338341,0.07,0.0635067,1,1463651
103339801,0.08,0.0767013,1,1463651
103341261,0.03,0.0393403,1,1463675
103342721,0.04,0.0398681,1,1463675
103344181,0.05,0.0479736,1,1463703
103345641,0.06,0.0575947,1,1463703
103347101,0.05,0.0515189,1,1463731
103348561,0.06,0.0583038,1,1463731
103350021,0.11,0.0996608,1,1463753
103351481,0.12,0.115932,1,1463753
103352941,0.07,0.0791864,1,1463776
103354401,0.08,0.0798373,1,1463776
103355861,0.01,0.0239675,1,1463810
103357321,0.02,0.0207935,1,1463810
103358781,0.01,0.0121587,1,1463865
103360241,0.02,0.0184317,1,1463865
103361701,0.03,0.0276863,1,1463894
103363161,0.04,0.0375373,1,1463894
103364621,0.01,0.0155075,1,1463919
103366081,0.02,0.0191015,1,1463919
103367541,0.03,0.0278203,1,1463962
103369001,0.04,0.0375641,1,1463962
103370461,0.09,0.0795128,1,1464041
103371921,0.1,0.0959026,1,1464041
103373381,0.17,0.155181,1,1464075
103374841,0.18,0.175036,1,1464075
103376301,0.13,0.139007,1,1464097
103377761,0.14,0.139801,1,1464097
103379221,0.13,0.13196,1,1464126
103380681,0.14,0.138392,1,1464126
103382141,0.19,0.179678,1,1464154
103383601,0.2,0.195936,1,1464154
103385061,0.19,0.191187,1,1464179
103386521,0.2,0.198237,1,1464179
103387981,0.21,0.207647,1,1464200
103389441,0.22,0.21753,1,1464200
103390901,0.11,0.131506,1,1464231
103392361,0.12,0.122301,1,1464231
103393821,0.12,0.12046,1,1464231
103395281,0.05,0.064092,1,1464286
103396741,0.06,0.0608184,1,1464286
103398201,0.03,0.0361637,1,1464316
103399661,0.04,0.0392327,1,1464316
103401121,0.03,0.0318465,1,1464340
103402581,0.04,0.0383693,1,1464340
103404041,0.03,0.0316739,1,1464384
103405501,0.04,0.0383348,1,1464384
103406961,0.05,0.047667,1,1464466
103408421,0.06,0.0575334,1,1464466
103409881,0.09,0.0835067,1,1464504
103411341,0.1,0.0967013,1,1464504
103412801,0.09,0.0913403,1,1464524
103414261,0.1,0.0982681,1,1464524
103415721,0.11,0.107654,1,1464553
103417181,0.12,0.117531,1,1464553
103418641,0.11,0.111506,1,1464584
103420101,0.12,0.118301,1,1464584
103421561,0.11,0.11166,1,1464609
103423021,0.12,0.118332,1,1464609
103424481,0.15,0.143666,1,1464631
103425941,0.16,0.156733,1,1464631
103427401,0.15,0.151347,1,1464657
103428861,0.16,0.158269,1,1464657
103430321,0.15,0.151654,1,1464659
103431781,0.16,0.158331,1,1464659
103433241,0.13,0.135666,1,1464710
103434701,0.14,0.139133,1,1464710
103436161,0.11,0.115827,1,1464739
103437621,0.12,0.119165,1,1464739
103439081,0.03,0.0478331,1,1464763
103440541,0.04,0.0415666,1,1464763
103442001,0.01,0.0163133,1,1464807
103443461,0.02,0.0192627,1,1464807
103444921,0.03,0.0278525,1,1464890
103446381,0.04,0.0375705,1,1464890
103447841,0.01,0.0155141,1,1464930
103449301,0.02,0.0191028,1,1464930
103450761,0.01,0.0118206,1,1464950
103452221,0.02,0.0183641,1,1464950
103453681,0.03,0.0276728,1,1464980
103455141,0.04,0.0375346,1,1464980
103456601,0.05,0.0475069,1,1465011
103458061,0.06,0.0575014,1,1465011
103459521,0.09,0.0835003,1,1465036
103460981,0.1,0.0967001,1,1465036
103462441,0.07,0.07534,1,1465060
103463901,0.08,0.079068,1,1465060
103465361,0.07,0.0718136,1,1465086
103466821,0.08,0.0783627,1,1465086
103468281,0.07,0.0716725,1,1465088
103469741,0.08,0.0783345,1,1465088
103471201,0.11,0.103667,1,1465138
103472661,0.12,0.116733,1,1465138
103474121,0.12,0.119347,1,1465138
103475581,0.15,0.143869,1,1465166
103477041,0.16,0.156774,1,1465166
103478501,0.15,0.151355,1,1465186
103479961,0.16,0.158271,1,1465186
103481421,0.09,0.103654,1,1465229
103482881,0.1,0.100731,1,1465229
103484341,0.07,0.0761462,1,1465313
103485801,0.08,0.0792292,1,1465313
103487261,0.05,0.0558458,1,1465352
103488721,0.06,0.0591692,1,1465352
103490181,0.07,0.0678338,1,1465372
103491641,0.08,0.0775668,1,1465372
103493101,0.13,0.119513,1,1465403
103494561,0.14,0.135903,1,1465403
103496021,0.13,0.131181,1,1465435
103497481,0.14,0.138236,1,1465435
103498941,0.11,0.115647,1,1465462
103500401,0.12,0.119129,1,1465462
103501861,0.13,0.127826,1,1465485
103503321,0.14,0.137565,1,1465485
103504781,0.13,0.131513,1,1465511
103506241,0.14,0.138303,1,1465511
103507701,0.13,0.131661,1,1465513
103509161,0.14,0.138332,1,1465513
103510621,0.25,0.227666,1,1465565
103512081,0.26,0.253533,1,1465565
103513541,0.27,0.266707,1,1465594
103515001,0.28,0.277341,1,1465594
103516461,0.27,0.271468,1,1465614
103517921,0.28,0.278294,1,1465614
103519381,0.27,0.271659,1,1465654
103520841,0.28,0.278332,1,1465654
103522301,0.25,0.255666,1,1465737
103523761,0.26,0.259133,1,1465737
103525221,0.27,0.267827,1,1465775
103526681,0.28,0.277565,1,1465775
103528141,0.29,0.287513,1,1465796
103529601,0.3,0.297503,1,1465796
103531061,0.33,0.323501,1,1465830
103532521,0.34,0.3367,1,1465830
103533981,0.35,0.34734,1,1465862
103535441,0.36,0.357468,1,1465862
103536901,0.37,0.367494,1,1465888
103538361,0.38,0.377499,1,1465888
103539821,0.39,0.3875,1,1465912
103541281,0.4,0.3975,1,1465912
103542741,0.45,0.4395,1,1465938
103544201,0.46,0.4559,1,1465938
103545661,0.45,0.45118,1,1465940
103547121,0.46,0.458236,1,1465940
103548581,0.51,0.499647,1,1465998
103550041,0.52,0.515929,1,1465998
103551501,0.53,0.527186,1,1466028
103552961,0.54,0.537437,1,1466028
103554421,0.54,0.539487,1,1466028
103555881,0.57,0.563898,1,1466048
103557341,0.58,0.57678,1,1466048
103558801,0.59,0.587356,1,1466088
103560261,0.6,0.597471,1,1466088
103561721,0.59,0.591494,1,1466170
103563181,0.6,0.598299,1,1466170
103564641,0.61,0.60766,1,1466209
103566101,0.62,0.617532,1,1466209
103567561,0.63,0.627506,1,1466231
103569021,0.64,0.637501,1,1466231
103570481,0.65,0.6475,1,1466267
103571941,0.66,0.6575,1,1466267
103573401,0.67,0.6675,1,1466300
103574861,0.68,0.6775,1,1466300
103576321,0.69,0.6875,1,1466327
103577781,0.7,0.6975,1,1466327
103579241,0.67,0.6755,1,1466352
103580701,0.68,0.6791,1,1466352
103582161,0.65,0.65582,1,1466381
103583621,0.66,0.659164,1,1466381
103585081,0.65,0.651833,1,1466383
103586541,0.66,0.658367,1,1466383
103588001,0.73,0.715673,1,1466444
103589461,0.74,0.735135,1,1466444
103590921,0.73,0.731027,1,1466475
103592381,0.74,0.738205,1,1466475
103593841,0.73,0.731641,1,1466477
103595301,0.74,0.738328,1,1466477
103596761,0.71,0.715666,1,1466498
103598221,0.72,0.719133,1,1466498
103599681,0.69,0.695827,1,1466539
103601141,0.7,0.699165,1,1466539
103602601,0.69,0.691833,1,1466621
103604061,0.7,0.698367,1,1466621
103605521,0.69,0.691673,1,1466661
103606981,0.7,0.698335,1,1466661
103608441,0.73,0.723667,1,1466684
103609901,0.74,0.736733,1,1466684
103611361,0.71,0.715347,1,1466721
103612821,0.72,0.719069,1,1466721
103614281,0.69,0.695814,1,1466755
103615741,0.7,0.699163,1,1466755
103617201,0.71,0.707833,1,1466783
103618661,0.72,0.717567,1,1466783
103620121,0.73,0.727513,1,1466807
103621581,0.74,0.737503,1,1466807
103623041,0.75,0.747501,1,1466835
103624501,0.76,0.7575,2,1466835
103625961,0.75,0.7515,2,1466837
103627421,0.76,0.7583,2,1466837
103628881,0.71,0.71966,1,1466902
103630341,0.72,0.719932,1,1466902
103631801,0.77,0.759986,2,1466933
103633261,0.78,0.775997,2,1466933
103634721,0.77,0.771199,2,1466935
103636181,0.78,0.77824,2,1466935
103637641,0.79,0.787648,2,1466955
103639101,0.8,0.79753,2,1466955
103640561,0.8,0.799506,2,1466955
103642021,0.83,0.823901,2,1466995
103643481,0.84,0.83678,2,1466995
103644941,0.83,0.831356,2,1467077
103646401,0.84,0.838271,2,1467077
103647861,0.87,0.863654,2,1467117
103649321,0.88,0.876731,2,1467117
103650781,0.85,0.855346,2,1467142
103652241,0.86,0.859069,2,1467142
103653701,0.85,0.851814,2,1467178
103655161,0.86,0.858363,2,1467178
103656621,0.87,0.867673,2,1467211
103658081,0.88,0.877535,2,1467211
103659541,0.87,0.871507,2,1467240
103661001,0.88,0.878301,2,1467240
103662461,0.89,0.88766,2,1467265
103663921,0.9,0.897532,2,1467265
103665381,0.91,0.907506,2,1467294
103666841,0.92,0.917501,2,1467294
103668301,0.91,0.9115,2,1467296
103669761,0.92,0.9183,2,1467296
103671221,0.89,0.89566,2,1467359
103672681,0.9,0.899132,2,1467359
103674141,0.93,0.923826,2,1467393
103675601,0.94,0.936765,2,1467393
103677061,0.93,0.931353,2,1467395
103678521,0.94,0.938271,2,1467395
103789481,0.92,0.92,2,1468692
103790941,0.93,0.928,2,1468692
103795321,0.93,0.93,2,1468737
103796781,0.94,0.938,2,1468737
103801161,0.92,0.92,2,1468811
103802621,0.93,0.928,2,1468811
103804081,0.87,0.8816,2,1468835
103805541,0.88,0.88032,2,1468835
103807001,0.81,0.824064,2,1468864
103808461,0.82,0.820813,2,1468864
103809921,0.73,0.748163,1,1468902
103811381,0.74,0.741633,1,1468902
103812841,0.57,0.604327,1,1468979
103814301,0.58,0.584865,1,1468979
103815761,0.43,0.460973,1,1469012
103817221,0.44,0.444195,1,1469012
103818681,0.27,0.304839,1,1469038
103820141,0.28,0.284968,1,1469038
103821601,0.28,0.280994,1,1469038
103823061,0.19,0.208199,1,1469061
103824521,0.2,0.20164,1,1469061
103825981,0.19,0.192328,1,1469089
103827441,0.2,0.198466,1,1469089
103828901,0.03,0.0636931,1,1469120
103830361,0.04,0.0447386,1,1469120
103831821,0.07,0.0649477,1,1469148
103833281,0.08,0.0769895,1,1469148
103834741,0,0.0153979,1,1469170
103836201,0,0.00307958,1,1469170
103837661,0,0.000615916,1,1469196
103839121,0,0.000123183,1,1469196
103840581,0,2.46366e-05,1,1469208
103842041,0,4.92733e-06,1,1469208
103843501,0.01,0.00800099,1,1469250
103844961,0.02,0.0176002,1,1469250
103846421,0,0.00352004,1,1469279
103847881,0,0.000704008,1,1469279
103849341,0,0.000140802,1,1469300
103850801,0,2.81603e-05,1,1469300
103852261,0.03,0.0240056,1,1469326
103853721,0.04,0.0368011,1,1469326
103855181,0.03,0.0313602,1,1469360
103856641,0.04,0.038272,1,1469360
103858101,0.11,0.0956544,1,1469429
103859561,0.12,0.115131,1,1469429
103861021,0.15,0.143026,1,1469455
103862481,0.16,0.156605,1,1469455
103863941,0.13,0.135321,1,1469473
103865401,0.14,0.139064,1,1469473
103866861,0.13,0.131813,1,1469491
103868321,0.14,0.138363,1,1469491
103869781,0.23,0.211673,1,1469519
103871241,0.24,0.234335,1,1469519
103872701,0.17,0.182867,1,1469542
103874161,0.18,0.180573,1,1469542
103875621,0.19,0.188115,1,1469572
103877081,0.2,0.197623,1,1469572
103878541,0.17,0.175525,1,1469591
103880001,0.18,0.179105,1,1469591
103881461,0.05,0.075821,1,1469617
103882921,0.06,0.0631642,1,1469617
103884381,0,0.0126328,1,1469629
103885841,0,0.00252657,1,1469629
103887301,0.05,0.0405053,1,1469671
103888761,0.06,0.0561011,1,1469671
103890221,0.03,0.0352202,1,1469700
103891681,0.04,0.039044,1,1469700
103893141,0.03,0.0318088,1,1469721
103894601,0.04,0.0383618,1,1469721
103896061,0.03,0.0316724,1,1469748
103897521,0.04,0.0383345,1,1469748
103898981,0.03,0.0316669,1,1469782
103900441,0.04,0.0383334,1,1469782
103901901,0.17,0.143667,1,1469855
103903361,0.18,0.172733,1,1469855
103904821,0.21,0.202547,1,1469883
103906281,0.22,0.216509,1,1469883
103907741,0.19,0.195302,1,1469900
103909201,0.2,0.19906,1,1469900
103910661,0.21,0.207812,1,1469918
103912121,0.22,0.217562,1,1469918
103913581,0.22,0.219512,1,1469918
103915041,0.25,0.243902,1,1469951
103916501,0.26,0.256781,1,1469951
103917961,0.27,0.267356,1,1469971
103919421,0.28,0.277471,1,1469971
103920881,0.31,0.303494,1,1470002
103922341,0.32,0.316699,1,1470002
103923801,0.31,0.31134,1,1470020
103925261,0.32,0.318268,1,1470020
103926721,0.31,0.311654,1,1470040
103928181,0.32,0.318331,1,1470040
103929641,0.27,0.279666,1,1470050
103931101,0.28,0.279933,1,1470050
103932561,0.19,0.207987,1,1470094
103934021,0.2,0.201597,1,1470094
103935481,0.15,0.160319,1,1470122
103936941,0.16,0.160064,1,1470122
103938401,0.13,0.136013,1,1470143
103939861,0.14,0.139203,1,1470143
103941321,0.07,0.0838405,1,1470170
103942781,0.08,0.0807681,1,1470170
103944241,0.03,0.0401536,1,1470204
103945701,0.04,0.0400307,1,1470204
103947161,0.05,0.0480061,1,1470284
103948621,0.06,0.0576012,1,1470284
103950081,0.07,0.0675202,1,1470314
103951541,0.08,0.077504,1,1470314
103953001,0.09,0.0875008,1,1470330
103954461,0.1,0.0975002,1,1470330
103955921,0.11,0.1075,1,1470349
103957381,0.12,0.1175,1,1470349
103958841,0.11,0.1115,1,1470351
103960301,0.12,0.1183,1,1470351
103961761,0.13,0.12766,1,1470385
103963221,0.14,0.137532,1,1470385
103964681,0.13,0.131506,1,1470406
103966141,0.14,0.138301,1,1470406
103967601,0.12,0.12366,1,1470439
103969061,0.13,0.128732,1,1470439
103970521,0.13,0.129746,1,1470457
103971981,0.14,0.137949,1,1470457
103973441,0.13,0.13159,1,1470477
103974901,0.14,0.138318,1,1470477
103976361,0.13,0.131664,1,1470485
103977821,0.14,0.138333,1,1470485
103979281,0.13,0.131667,1,1470525
103980741,0.14,0.138333,1,1470525
103982201,0.15,0.147667,1,1470551
103983661,0.16,0.157533,1,1470551
103985121,0.15,0.151507,1,1470571
103986581,0.16,0.158301,1,1470571
103988041,0.19,0.18366,1,1470595
103989501,0.2,0.196732,1,1470595
103990961,0.19,0.191346,1,1470627
103992421,0.2,0.198269,1,1470627
103993881,0.19,0.191654,1,1470708
103995341,0.2,0.198331,1,1470708
103996801,0.17,0.175666,1,1470739
103998261,0.18,0.179133,1,1470739
103999721,0.17,0.171827,1,1470756
104001181,0.18,0.178365,1,1470756
104002641,0.19,0.187673,1,1470776
104004101,0.2,0.197535,1,1470776
104005561,0.19,0.191507,1,1470778
104007021,0.2,0.198301,1,1470778
104008481,0.27,0.25566,1,1470813
104009941,0.28,0.275132,1,1470813
104011401,0.28,0.279026,1,1470813
104012861,0.27,0.271805,1,1470834
104014321,0.28,0.278361,1,1470834
104015781,0.25,0.255672,1,1470867
104017241,0.26,0.259134,1,1470867
104018701,0.27,0.267827,1,1470885
104020161,0.28,0.277565,1,1470885
104021621,0.27,0.271513,1,1470905
104023081,0.28,0.278303,1,1470905
104024541,0.27,0.271661,1,1470913
104026001,0.28,0.278332,1,1470913
104027461,0.27,0.271666,1,1470953
104028921,0.28,0.278333,1,1470953
104030381,0.25,0.255667,1,1470980
104031841,0.26,0.259133,1,1470980
104033301,0.25,0.251827,1,1471000
104034761,0.26,0.258365,1,1471000
104036221,0.27,0.267673,1,1471026
104037681,0.28,0.277535,1,1471026
104039141,0.27,0.271507,1,1471058
104040601,0.28,0.278301,1,1471058
104042061,0.29,0.28766,1,1471139
104043521,0.3,0.297532,1,1471139
104044981,0.31,0.307506,1,1471169
104046441,0.32,0.317501,1,1471169
104047901,0.29,0.2955,1,1471186
104049361,0.3,0.2991,1,1471186
104050821,0.27,0.27582,1,1471207
104052281,0.28,0.279164,1,1471207
104053741,0.27,0.271833,1,1471209
104055201,0.28,0.278367,1,1471209
104056661,0.33,0.319673,1,1471248
104058121,0.34,0.335935,1,1471248
104059581,0.33,0.331187,1,1471268
104061041,0.34,0.338237,1,1471268
104062501,0.37,0.363647,1,1471300
104063961,0.38,0.376729,1,1471300
104065421,0.39,0.387346,1,1471319
104066881,0.4,0.397469,1,1471319
104068341,0.39,0.391494,1,1471339
104069801,0.4,0.398299,1,1471339
104071261,0.39,0.39166,1,1471347
104072721,0.4,0.398332,1,1471347
104074181,0.39,0.391666,1,1471387
104075641,0.4,0.398333,1,1471387
104077101,0.41,0.407667,1,1471413
104078561,0.42,0.417533,1,1471413
104080021,0.41,0.411507,1,1471433
104081481,0.42,0.418301,1,1471433
104082941,0.45,0.44366,1,1471460
104084401,0.46,0.456732,1,1471460
104085861,0.45,0.451346,1,1471492
104087321,0.46,0.458269,1,1471492
104088781,0.47,0.467654,1,1471574
104090241,0.48,0.477531,1,1471574
104091701,0.53,0.519506,1,1471605
104093161,0.54,0.535901,1,1471605
104094621,0.55,0.54718,1,1471621
104096081,0.56,0.557436,1,1471621
104097541,0.55,0.551487,1,1471641
104099001,0.56,0.558297,1,1471641
104100461,0.55,0.551659,1,1471643
104101921,0.56,0.558332,1,1471643
104103381,0.57,0.567666,1,1471685
104104841,0.58,0.577533,1,1471685
104106301,0.59,0.587507,1,1471705
104107761,0.6,0.597501,1,1471705
104109221,0.69,0.6715,1,1471739
104110681,0.7,0.6943,1,1471739
104112141,0.7,0.69886,1,1471739
104113601,0.73,0.723772,1,1471759
104115061,0.74,0.736754,1,1471759
104116521,0.75,0.747351,1,1471779
104117981,0.76,0.75747,2,1471779
104119441,0.75,0.751494,2,1471787
104120901,0.76,0.758299,2,1471787
104122361,0.75,0.75166,2,1471827
104123821,0.76,0.758332,2,1471827
104125281,0.77,0.767666,2,1471854
104126741,0.78,0.777533,2,1471854
104128201,0.77,0.771507,2,1471874
104129661,0.78,0.778301,2,1471874
104131121,0.77,0.77166,2,1471903
104132581,0.78,0.778332,2,1471903
104134041,0.77,0.771666,2,1471935
104135501,0.78,0.778333,2,1471935
104136961,0.79,0.787667,2,1472018
104138421,0.8,0.797533,2,1472018
104139881,0.79,0.791507,2,1472052
104141341,0.8,0.798301,2,1472052
104142801,0.83,0.82366,2,1472069
104144261,0.84,0.836732,2,1472069
104145721,0.83,0.831346,2,1472089
104147181,0.84,0.838269,2,1472089
104148641,0.83,0.831654,2,1472091
104150101,0.84,0.838331,2,1472091
104151561,0.83,0.831666,2,1472134
104153021,0.84,0.838333,2,1472134
104154481,0.81,0.815667,2,1472155
104155941,0.82,0.819133,2,1472155
104157401,0.87,0.859827,2,1472194
104158861,0.88,0.875965,2,1472194
104160321,0.87,0.871193,2,1472196
104161781,0.88,0.878239,2,1472196
104163241,0.89,0.887648,2,1472217
104164701,0.9,0.89753,2,1472217
104166161,0.87,0.875506,2,1472238
104167621,0.88,0.879101,2,1472238
104169081,0.89,0.88782,2,1472246
104170541,0.9,0.897564,2,1472246
104172001,0.91,0.907513,2,1472286
104173461,0.92,0.917503,2,1472286
104174921,0.93,0.927501,2,1472314
104176381,0.94,0.9375,2,1472314
104177841,0.93,0.9315,2,1472334
104179301,0.94,0.9383,2,1472334
104180761,0.91,0.91566,2,1472363
104182221,0.92,0.919132,2,1472363
104183681,0.93,0.927826,2,1472395
104185141,0.94,0.937565,2,1472395
104186601,0.95,0.947513,2,1472479
104209961,0.95,0.95,2,1472661
104379321,0.95,0.95,2,1474434
104380781,0.91,0.918,2,1474466
104382241,0.77,0.7996,2,1474493
104383701,0.71,0.72792,1,1474538
104353041,0.59,0.617584,1,1474569
104385161,0.45,0.483517,1,1474601
104386621,0.37,0.392703,1,1474645
104388081,0.27,0.294541,1,1474661
104366181,0.33,0.322908,1,1474675
104389541,0.21,0.232582,1,1474688
104391001,0.31,0.294516,1,1474703
104392461,0.32,0.314903,1,1474703
104393921,0.21,0.230981,1,1474740
104372021,0.33,0.310196,1,1474759
104395381,0.17,0.198039,1,1474802
104396841,0.18,0.183608,1,1474802
104398301,0.07,0.0927216,1,1474873
104399761,0.07,0.0745443,1,1474902
104401221,0.07,0.0709089,1,1474932
104402681,0.05,0.0541818,1,1474952
104404141,0.03,0.0348364,1,1474994
104405601,0.03,0.0309673,1,1475019
104407061,0.01,0.0141935,1,1475044
104408521,0.03,0.0268387,1,1475084
104409981,0.05,0.0453677,1,1475095
104411441,0.05,0.0490735,1,1475112
104412901,0.05,0.0498147,1,1475119
104414361,0.03,0.0339629,1,1475139
104415821,0.03,0.0307926,1,1475140
104417281,0.05,0.0461585,1,1475171
104418741,0.09,0.0812317,1,1475196
104420201,0.07,0.0722463,1,1475232
104421661,0.08,0.0784493,1,1475232
104423121,0.07,0.0716899,1,1475326
104424581,0.08,0.078338,1,1475326
104426041,0.11,0.103668,1,1475375
104427501,0.12,0.116734,1,1475375
104428961,0.09,0.0953467,1,1475441
104430421,0.1,0.0990693,1,1475441
104431881,0.07,0.0758139,1,1475506
104433341,0.08,0.0791628,1,1475506
104434801,0.15,0.135833,1,1475535
104436261,0.16,0.155167,1,1475535
104437721,0.15,0.151033,1,1475561
104439181,0.16,0.158207,1,1475561
104440641,0.13,0.135641,1,1475594
104442101,0.14,0.139128,1,1475594
104443561,0.21,0.195826,1,1475656
104445021,0.22,0.215165,1,1475656
104446481,0.27,0.259033,1,1475750
104447941,0.28,0.275807,1,1475750
104449401,0.31,0.303161,1,1475801
104450861,0.32,0.316632,1,1475801
104452321,0.35,0.343326,1,1475866
104453781,0.36,0.356665,1,1475866
104455241,0.35,0.351333,1,1475930
104456701,0.36,0.358267,1,1475930
104458161,0.37,0.367653,1,1475963
104459621,0.38,0.377531,1,1475963
104461081,0.37,0.371506,1,1475989
104462541,0.38,0.378301,1,1475989
104464001,0.39,0.38766,1,1476021
104465461,0.4,0.397532,1,1476021
104466921,0.39,0.391506,1,1476087
104468381,0.4,0.398301,1,1476087
104469841,0.4,0.39966,1,1476087
104471301,0.47,0.455932,1,1476184
104472761,0.48,0.475186,1,1476184
104474221,0.49,0.487037,1,1476237
104475681,0.5,0.497407,1,1476237
104477141,0.49,0.491481,1,1476304
104478601,0.5,0.498296,1,1476304
104480061,0.51,0.507659,1,1476368
104481521,0.52,0.517532,1,1476368
104482981,0.53,0.527506,1,1476402
104484441,0.54,0.537501,1,1476402
104485901,0.53,0.5315,1,1476428
104487361,0.54,0.5383,1,1476428
104488821,0.55,0.54766,1,1476461
104490281,0.56,0.557532,1,1476461
104491741,0.59,0.583506,1,1476527
104493201,0.6,0.596701,1,1476527
104494661,0.59,0.59134,1,1476529
104496121,0.6,0.598268,1,1476529
104497581,0.71,0.687654,1,1476629
104499041,0.72,0.713531,1,1476629
104500501,0.71,0.710706,1,1476683
104501961,0.72,0.718141,1,1476683
104503421,0.73,0.727628,1,1476750
104504881,0.74,0.737526,1,1476750
104506341,0.77,0.763505,2,1476815
104507801,0.78,0.776701,2,1476815
104509261,0.75,0.75534,2,1476850
104510721,0.76,0.759068,2,1476850
104512181,0.75,0.751814,2,1476876
104513641,0.76,0.758363,2,1476876
104515101,0.75,0.751673,2,1476910
104516561,0.76,0.758334,2,1476910
104518021,0.71,0.719667,1,1476978
104519481,0.72,0.719933,1,1476978
104520941,0.71,0.711987,1,1476980
104522401,0.72,0.718397,1,1476980
104523861,0.77,0.759679,2,1477086
104525321,0.78,0.775936,2,1477086
104526781,0.78,0.779187,2,1477086
104528241,0.79,0.787837,2,1477140
104529701,0.8,0.797567,2,1477140
104531161,0.77,0.775514,2,1477208
104532621,0.78,0.779103,2,1477208
104534081,0.79,0.787821,2,1477275
104535541,0.8,0.797564,2,1477275
104537001,0.81,0.807513,2,1477309
104538461,0.82,0.817503,2,1477309
104539921,0.81,0.811501,2,1477335
104541381,0.82,0.8183,2,1477335
104542841,0.83,0.82766,2,1477369
104544301,0.84,0.837532,2,1477369
104545761,0.91,0.895506,2,1477435
104547221,0.92,0.915101,2,1477435
104548681,0.91,0.91102,2,1477437
104550141,0.92,0.918204,2,1477437
104650881,0.95,0.95,2,1479215
104653801,0.92,0.92,2,1479246
104655261,0.93,0.928,2,1479246
104656721,0.91,0.9136,2,1479276
104658181,0.92,0.91872,2,1479276
104659641,0.73,0.767744,2,1479353
104661101,0.74,0.745549,1,1479353
104662561,0.71,0.71711,1,1479386
104664021,0.72,0.719422,1,1479386
104665481,0.61,0.631884,1,1479471
104666941,0.62,0.622377,1,1479471
104668401,0.63,0.628475,1,1479502
104669861,0.64,0.637695,1,1479502
104671321,0.61,0.615539,1,1479537
104672781,0.62,0.619108,1,1479537
104674241,0.45,0.483822,1,1479587
104675701,0.46,0.464764,1,1479587
104677161,0.49,0.484953,1,1479649
104678621,0.5,0.496991,1,1479649
104680081,0.49,0.491398,1,1479683
104681541,0.5,0.49828,1,1479683
104683001,0.51,0.507656,1,1479714
104684461,0.52,0.517531,1,1479714
104685921,0.51,0.511506,1,1479742
104687381,0.52,0.518301,1,1479742
104688841,0.53,0.52766,1,1479810
104690301,0.54,0.537532,1,1479810
104691761,0.53,0.531506,1,1479842
104693221,0.54,0.538301,1,1479842
104694681,0.49,0.49966,1,1479922
104696141,0.5,0.499932,1,1479922
104697601,0.63,0.603986,1,1479954
104699061,0.64,0.632797,1,1479954
104700521,0.61,0.614559,1,1479988
104701981,0.62,0.618912,1,1479988
104703441,0.61,0.611782,1,1480030
104704901,0.62,0.618356,1,1480030
104706361,0.63,0.627671,1,1480094
104707821,0.64,0.637534,1,1480094
104709281,0.64,0.639507,1,1480094
104710741,0.67,0.663901,1,1480128
104712201,0.68,0.67678,1,1480128
104713661,0.67,0.671356,1,1480160
104715121,0.68,0.678271,1,1480160
104716581,0.67,0.671654,1,1480188
104718041,0.68,0.678331,1,1480188
104719501,0.71,0.703666,1,1480257
104720961,0.72,0.716733,1,1480257
104722421,0.71,0.711347,1,1480289
104723881,0.72,0.718269,1,1480289
104725341,0.75,0.743654,1,1480367
104726801,0.76,0.756731,2,1480367
104728261,0.77,0.767346,2,1480406
104729721,0.78,0.777469,2,1480406
104731181,0.77,0.771494,2,1480439
104732641,0.78,0.778299,2,1480439
104734101,0.81,0.80366,2,1480481
104735561,0.82,0.816732,2,1480481
104737021,0.81,0.811346,2,1480546
104738481,0.82,0.818269,2,1480546
104739941,0.81,0.811654,2,1480548
104741401,0.82,0.818331,2,1480548
104742861,0.85,0.843666,2,1480583
104744321,0.86,0.856733,2,1480583
104745781,0.87,0.867347,2,1480615
104747241,0.88,0.877469,2,1480615
104748701,0.89,0.887494,2,1480643
104750161,0.9,0.897499,2,1480643
104751621,0.95,0.9395,2,1480714
104754541,0.95,0.95,2,1480746
104757461,0.93,0.93,2,1480826
104758921,0.94,0.938,2,1480826
104760381,0.93,0.9316,2,1480866
104761841,0.94,0.93832,2,1480866
104763301,0.91,0.915664,2,1480899
104764761,0.92,0.919133,2,1480899
104766221,0.93,0.927827,2,1480943
104767681,0.94,0.937565,2,1480943
104769141,0.95,0.947513,2,1481008
104772061,0.95,0.95,2,1481010
104843601,0.92,0.92,2,1482028
104845061,0.93,0.928,2,1482028
104909301,0.95,0.95,2,1482975
104912221,0.85,0.85,2,1483010
104913681,0.86,0.858,2,1483010
104915141,0.81,0.8196,2,1483038
104916601,0.82,0.81992,2,1483038
104918061,0.71,0.731984,1,1483066
104919521,0.72,0.722397,1,1483066
104920981,0.63,0.648479,1,1483102
104922441,0.64,0.641696,1,1483102
104923901,0.64,0.640339,1,1483102
104925361,0.51,0.536068,1,1483136
104926821,0.52,0.523214,1,1483136
104928281,0.29,0.336643,1,1483201
104929741,0.3,0.307329,1,1483201
104931201,0.19,0.213466,1,1483251
104932661,0.2,0.202693,1,1483251
104934121,0,0.0405386,1,1483299
104935581,0,0.00810772,1,1483299
104937041,0,0.00162154,1,1483332
104938501,0,0.000324309,1,1483332
104939961,0.01,0.00806486,1,1483382
104941421,0.02,0.017613,1,1483382
104942881,0.01,0.0115226,1,1483420
104944341,0.02,0.0183045,1,1483420
104945801,0,0.0036609,1,1483444
104947261,0,0.000732181,1,1483444
104948721,0,0.000146436,1,1483474
104950181,0,2.92872e-05,1,1483474
104951641,0.01,0.00800586,1,1483500
104953101,0.02,0.0176012,1,1483500
104954561,0,0.00352023,1,1483523
104956021,0,0.000704047,1,1483523
104957481,0.01,0.00814081,1,1483555
104958941,0.02,0.0176282,1,1483555
104960401,0.03,0.0275256,1,1483582
104961861,0.04,0.0375051,1,1483582
104963321,0.09,0.079501,1,1483636
104964781,0.1,0.0959002,1,1483636
104966241,0.07,0.07518,1,1483681
104967701,0.08,0.079036,1,1483681
104969161,0,0.0158072,1,1483720
104970621,0,0.00316144,1,1483720
104972081,0,0.000632288,1,1483753
104973541,0,0.000126458,1,1483753
104975001,0.03,0.0240253,1,1483803
104976461,0.04,0.0368051,1,1483803
104977921,0.03,0.031361,1,1483841
104979381,0.04,0.0382722,1,1483841
104980841,0.01,0.0156544,1,1483865
104982301,0.02,0.0191309,1,1483865
104983761,0,0.00382618,1,1483895
104985221,0,0.000765235,1,1483895
104986681,0.05,0.040153,1,1483921
104988141,0.06,0.0560306,1,1483921
104989601,0,0.0112061,1,1483944
104991061,0,0.00224122,1,1483944
104992521,0.03,0.0244482,1,1483976
104993981,0.04,0.0368896,1,1483976
104995441,0.13,0.111378,1,1484004
104996901,0.14,0.134276,1,1484004
104998361,0.14,0.138855,1,1484004
104999821,0.07,0.083771,1,1484061
105001281,0.08,0.0807542,1,1484061
105002741,0.09,0.0881508,1,1484105
105004201,0.1,0.0976302,1,1484105
105005661,0.05,0.059526,1,1484141
105007121,0.06,0.0599052,1,1484141
105008581,0,0.011981,1,1484174
105010041,0,0.00239621,1,1484174
105011501,0.03,0.0244792,1,1484225
105012961,0.04,0.0368958,1,1484225
105014421,0.01,0.0153792,1,1484263
105015881,0.02,0.0190758,1,1484263
105017341,0.03,0.0278152,1,1484286
105018801,0.04,0.037563,1,1484286
105020261,0.01,0.0155126,1,1484316
105021721,0.02,0.0191025,1,1484316
105023181,0.03,0.0278205,1,1484344
105024641,0.04,0.0375641,1,1484344
105026101,0.01,0.0155128,1,1484365
105027561,0.02,0.0191026,1,1484365
105029021,0.03,0.0278205,1,1484398
105030481,0.04,0.0375641,1,1484398
105031941,0.03,0.0315128,1,1484431
105033401,0.04,0.0383026,1,1484431
105034861,0.03,0.0316605,1,1484433
105036321,0.04,0.0383321,1,1484433
105037781,0.09,0.0796664,1,1484486
105039241,0.1,0.0959333,1,1484486
105040701,0.21,0.187187,1,1484531
105042161,0.22,0.213437,1,1484531
105043621,0.21,0.210687,1,1484565
105045081,0.22,0.218137,1,1484565
105046541,0.07,0.0996275,1,1484596
105048001,0.08,0.0839255,1,1484596
105049461,0.03,0.0407851,1,1484648
105050921,0.04,0.040157,1,1484648
105052381,0.01,0.0160314,1,1484685
105053841,0.02,0.0192063,1,1484685
105055301,0.01,0.0118413,1,1484709
105056761,0.02,0.0183683,1,1484709
105058221,0.01,0.0116737,1,1484738
105059681,0.02,0.0183347,1,1484738
105061141,0.01,0.0116669,1,1484767
105062601,0.02,0.0183334,1,1484767
105064061,0.01,0.0116667,1,1484787
105065521,0.02,0.0183333,1,1484787
105066981,0.01,0.0116667,1,1484821
105068441,0.02,0.0183333,1,1484821
105069901,0.01,0.0116667,1,1484854
105071361,0.02,0.0183333,1,1484854
105072821,0.01,0.0116667,1,1484856
105074281,0.02,0.0183333,1,1484856
105075741,0.03,0.0276667,1,1484912
105077201,0.04,0.0375333,1,1484912
105078661,0.04,0.0395067,1,1484912
105080121,0.05,0.0479013,1,1484963
105081581,0.06,0.0575803,1,1484963
105083041,0.07,0.0675161,1,1484997
105084501,0.08,0.0775032,1,1484997
105085961,0.07,0.0715006,1,1485021
105087421,0.08,0.0783001,1,1485021
105088881,0.13,0.11966,1,1485071
105090341,0.14,0.135932,1,1485071
105091801,0.11,0.115186,1,1485107
105093261,0.12,0.119037,1,1485107
105094721,0.01,0.0318075,1,1485131
105096181,0.02,0.0223615,1,1485131
105097641,0.01,0.0124723,1,1485160
105099101,0.02,0.0184945,1,1485160
105100561,0,0.00369889,1,1485189
105102021,0,0.000739778,1,1485189
105103481,0.03,0.024148,1,1485209
105104941,0.04,0.0368296,1,1485209
105106401,0,0.00736592,1,1485243
105107861,0,0.00147318,1,1485243
105109321,0.03,0.0242946,1,1485276
105110781,0.04,0.0368589,1,1485276
105112241,0.03,0.0313718,1,1485278
105113701,0.04,0.0382744,1,1485278
105115161,0.05,0.0476549,1,1485335
105116621,0.06,0.057531,1,1485335
105118081,0.07,0.0675062,1,1485386
105119541,0.08,0.0775012,1,1485386
105121001,0.11,0.1035,1,1485421
105122461,0.12,0.1167,1,1485421
105123921,0.13,0.12734,1,1485445
105125381,0.14,0.137468,1,1485445
105126841,0.17,0.163494,1,1485498
105128301,0.18,0.176699,1,1485498
105129761,0.19,0.18734,1,1485533
105131221,0.2,0.197468,1,1485533
105132681,0.21,0.207494,1,1485552
105134141,0.22,0.217499,1,1485552
105135601,0.19,0.1955,1,1485581
105137061,0.2,0.1991,1,1485581
105138521,0.05,0.07982,1,1485610
105139981,0.06,0.063964,1,1485610
105141441,0.07,0.0687928,1,1485631
105142901,0.08,0.0777586,1,1485631
105144361,0,0.0155517,1,1485664
105145821,0,0.00311034,1,1485664
105147281,0.05,0.0406221,1,1485698
105148741,0.06,0.0561244,1,1485698
105150201,0.05,0.0512249,1,1485700
105151661,0.06,0.058245,1,1485700
105153121,0.07,0.067649,1,1485758
105154581,0.08,0.0775298,1,1485758
105156041,0.07,0.071506,1,1485810
105157501,0.08,0.0783012,1,1485810
105158961,0.09,0.0876602,1,1485847
105160421,0.1,0.097532,1,1485847
105161881,0.1,0.0995064,1,1485847
105163341,0.15,0.139901,1,1485872
105164801,0.16,0.15598,1,1485872
105166261,0.19,0.183196,1,1485927
105167721,0.2,0.196639,1,1485927
105169181,0.15,0.159328,1,1485963
105170641,0.16,0.159866,1,1485963
105172101,0.21,0.199973,1,1485983
105173561,0.22,0.215995,1,1485983
105175021,0.21,0.211199,1,1486011
105176481,0.22,0.21824,1,1486011
105177941,0.21,0.211648,1,1486033
105179401,0.22,0.21833,1,1486033
105180861,0.21,0.211666,1,1486055
105182321,0.22,0.218333,1,1486055
105183781,0.15,0.163667,1,1486085
105185241,0.16,0.160733,1,1486085
105186701,0.15,0.152147,1,1486121
105188161,0.16,0.158429,1,1486121
105189621,0.15,0.151686,1,1486123
105191081,0.16,0.158337,1,1486123
105192541,0.13,0.135667,1,1486182
105194001,0.14,0.139133,1,1486182
105195461,0.15,0.147827,1,1486234
105196921,0.16,0.157565,1,1486234
105198381,0.19,0.183513,1,1486272
105199841,0.2,0.196703,1,1486272
105201301,0.19,0.191341,1,1486274
105202761,0.2,0.198268,1,1486274
105204221,0.21,0.207654,1,1486301
105205681,0.22,0.217531,1,1486301
105207141,0.27,0.259506,1,1486358
105208601,0.28,0.275901,1,1486358
105210061,0.29,0.28718,1,1486392
105211521,0.3,0.297436,1,1486392
105212981,0.31,0.307487,1,1486415
105214441,0.32,0.317497,1,1486415
105215901,0.35,0.343499,1,1486443
105217361,0.36,0.3567,1,1486443
105218821,0.39,0.38334,1,1486465
105220281,0.4,0.396668,1,1486465
105221741,0.39,0.391334,1,1486487
105223201,0.4,0.398267,1,1486487
105224661,0.37,0.375653,1,1486514
105226121,0.38,0.379131,1,1486514
105227581,0.37,0.371826,1,1486550
105229041,0.38,0.378365,1,1486550
105230501,0.37,0.371673,1,1486552
105231961,0.38,0.378335,1,1486552
105233421,0.37,0.371667,1,1486610
105234881,0.38,0.378333,1,1486610
105236341,0.35,0.355667,1,1486663
105237801,0.36,0.359133,1,1486663
105239261,0.31,0.319827,1,1486703
105240721,0.32,0.319965,1,1486703
105242181,0.31,0.311993,1,1486705
105243641,0.32,0.318399,1,1486705
105245101,0.32,0.31968,1,1486705
105246561,0.37,0.359936,1,1486733
105248021,0.38,0.375987,1,1486733
105249481,0.33,0.339197,1,1486793
105250941,0.34,0.339839,1,1486793
105252401,0.35,0.347968,1,1486828
105253861,0.36,0.357594,1,1486828
105255321,0.37,0.367519,1,1486852
105256781,0.38,0.377504,1,1486852
105258241,0.41,0.403501,1,1486882
105259701,0.42,0.4167,1,1486882
105261161,0.37,0.37934,1,1486906
105262621,0.38,0.379868,1,1486906
105264081,0.39,0.387974,1,1486928
105265541,0.4,0.397595,1,1486928
105267001,0.39,0.391519,1,1486954
105268461,0.4,0.398304,1,1486954
105269921,0.41,0.407661,1,1486990
105271381,0.42,0.417532,1,1486990
105272841,0.41,0.411506,1,1486992
105274301,0.42,0.418301,1,1486992
105275761,0.43,0.42766,1,1487050
105277221,0.44,0.437532,1,1487050
105278681,0.45,0.447506,1,1487102
105280141,0.46,0.457501,1,1487102
105281601,0.47,0.4675,1,1487140
105283061,0.48,0.4775,1,1487140
105284521,0.47,0.4715,1,1487142
105285981,0.48,0.4783,1,1487142
105287441,0.47,0.47166,1,1487172
105288901,0.48,0.478332,1,1487172
105290361,0.51,0.503666,1,1487230
105291821,0.52,0.516733,1,1487230
105293281,0.53,0.527347,1,1487266
105294741,0.54,0.537469,1,1487266
105296201,0.51,0.515494,1,1487291
105297661,0.52,0.519099,1,1487291
105299121,0.55,0.54382,1,1487323
105300581,0.56,0.556764,1,1487323
105302041,0.59,0.583353,1,1487345
105303501,0.6,0.596671,1,1487345
105304961,0.65,0.639334,1,1487368
105306421,0.66,0.655867,1,1487368
105307881,0.69,0.683173,1,1487394
105309341,0.7,0.696635,1,1487394
105310801,0.67,0.675327,1,1487431
105312261,0.68,0.679065,1,1487431
105313721,0.67,0.671813,1,1487433
105315181,0.68,0.678363,1,1487433
105316641,0.69,0.687673,1,1487492
105318101,0.7,0.697534,1,1487492
105319561,0.71,0.707507,1,1487545
105321021,0.72,0.717501,1,1487545
105322481,0.73,0.7275,1,1487584
105323941,0.74,0.7375,1,1487584
105325401,0.73,0.7315,1,1487586
105326861,0.74,0.7383,1,1487586
105328321,0.73,0.73166,1,1487616
105329781,0.74,0.738332,1,1487616
105331241,0.75,0.747666,1,1487676
105332701,0.76,0.757533,2,1487676
105334161,0.76,0.759507,2,1487676
105335621,0.79,0.783901,2,1487713
105337081,0.8,0.79678,2,1487713
105338541,0.81,0.807356,2,1487737
105340001,0.82,0.817471,2,1487737
105341461,0.81,0.811494,2,1487771
105342921,0.82,0.818299,2,1487771
105344381,0.83,0.82766,2,1487795
105345841,0.84,0.837532,2,1487795
105347301,0.85,0.847506,2,1487821
105348761,0.86,0.857501,2,1487821
105350221,0.89,0.8835,2,1487849
105351681,0.9,0.8967,2,1487849
105353141,0.89,0.89134,2,1487885
105354601,0.9,0.898268,2,1487885
105356061,0.89,0.891654,2,1487887
105357521,0.9,0.898331,2,1487887
105358981,0.91,0.907666,2,1487947
105360441,0.92,0.917533,2,1487947
105361901,0.93,0.927507,2,1488001
105363361,0.94,0.937501,2,1488001
105364821,0.95,0.9475,2,1488041
105367741,0.95,0.95,2,1488043
105373581,0.95,0.95,2,1488134
105376501,0.95,0.95,2,1488136
105577981,0.92,0.92,2,1490313
105579441,0.93,0.928,2,1490313
105580901,0.89,0.8976,2,1490343
105582361,0.9,0.89952,2,1490343
105583821,0.8,0.819904,2,1490359
105585281,0.71,0.731981,1,1490379
105537101,0.73,0.730396,1,1490399
105586741,0.35,0.426079,1,1490463
105588201,0.25,0.285216,1,1490497
105589661,0.09,0.129043,1,1490550
105591121,0.05,0.0658086,1,1490580
105592581,0.13,0.117162,1,1490613
105594041,0.05,0.0634323,1,1490644
105595501,0,0.0126865,1,1490672
105596961,0,0.00253729,1,1490695
105598421,0.07,0.0565075,1,1490715
105599881,0.05,0.0513015,1,1490748
105601341,0.05,0.0502603,1,1490808
105602801,0.05,0.0500521,1,1490809
105604261,0.03,0.0340104,1,1490820
105605721,0.01,0.0148021,1,1490835
105607181,0,0.00296042,1,1490856
105608641,0.03,0.0245921,1,1490930
105610101,0.04,0.0369184,1,1490930
105611561,0.01,0.0153837,1,1491003
105613021,0.02,0.0190767,1,1491003
105614481,0.03,0.0278153,1,1491067
105615941,0.04,0.0375631,1,1491067
105617401,0.01,0.0155126,1,1491116
105618861,0.02,0.0191025,1,1491116
105620321,0.05,0.0438205,1,1491171
105621781,0.06,0.0567641,1,1491171
105623241,0,0.0113528,1,1491232
105624701,0,0.00227056,1,1491232
105626161,0.03,0.0244541,1,1491256
105627621,0.04,0.0368908,1,1491256
105629081,0.11,0.0953782,1,1491352
105630541,0.12,0.115076,1,1491352
105632001,0.03,0.0470151,1,1491424
105633461,0.04,0.041403,1,1491424
105634921,0.01,0.0162806,1,1491489
105636381,0.02,0.0192561,1,1491489
105637841,0.03,0.0278512,1,1491537
105639301,0.04,0.0375702,1,1491537
105640761,0.05,0.047514,1,1491594
105642221,0.06,0.0575028,1,1491594
105643681,0.01,0.0195006,1,1491653
105645141,0.02,0.0199001,1,1491653
105646601,0.03,0.02798,1,1491678
105648061,0.04,0.037596,1,1491678
105649521,0.11,0.0955192,1,1491778
105650981,0.12,0.115104,1,1491778
105652441,0.12,0.119021,1,1491778
105653901,0.11,0.111804,1,1491846
105655361,0.12,0.118361,1,1491846
105656821,0.05,0.0636722,1,1491910
105658281,0.06,0.0607344,1,1491910
105659741,0.01,0.0201469,1,1491959
105661201,0.02,0.0200294,1,1491959
105662661,0.03,0.0280059,1,1492017
105664121,0.04,0.0376012,1,1492017
105665581,0.05,0.0475202,1,1492074
105667041,0.06,0.057504,1,1492074
105668501,0.05,0.0515008,1,1492100
105669961,0.06,0.0583002,1,1492100
105671421,0.11,0.09966,1,1492204
105672881,0.12,0.115932,1,1492204
105674341,0.11,0.111186,1,1492206
105675801,0.12,0.118237,1,1492206
105677261,0.19,0.175647,1,1492273
105678721,0.2,0.195129,1,1492273
105680181,0.13,0.143026,1,1492334
105681641,0.14,0.140605,1,1492334
105683101,0,0.028121,1,1492381
105684561,0,0.00562421,1,1492381
105686021,0.01,0.00912484,1,1492440
105687481,0.02,0.017825,1,1492440
105688941,0.05,0.043565,1,1492498
105690401,0.06,0.056713,1,1492498
105691861,0.01,0.0193426,1,1492524
105693321,0.02,0.0198685,1,1492524
105694781,0.01,0.0119737,1,1492631
105696241,0.02,0.0183947,1,1492631
105697701,0.01,0.0116789,1,1492633
105699161,0.02,0.0183358,1,1492633
105700621,0.05,0.0436672,1,1492704
105702081,0.06,0.0567334,1,1492704
105703541,0.06,0.0593467,1,1492704
105705001,0.13,0.115869,1,1492762
105706461,0.14,0.135174,1,1492762
105707921,0.11,0.115035,1,1492803
105709381,0.12,0.119007,1,1492803
105710841,0.01,0.0318014,1,1492862
105712301,0.02,0.0223603,1,1492862
105713761,0,0.00447206,1,1492922
105715221,0,0.000894411,1,1492922
105716681,0.01,0.00817888,1,1492946
105718141,0.02,0.0176358,1,1492946
105719601,0,0.00352716,1,1493053
105721061,0,0.000705431,1,1493053
105722521,0.01,0.00814109,1,1493055
105723981,0.02,0.0176282,1,1493055
105725441,0.05,0.0435256,1,1493128
105726901,0.06,0.0567051,1,1493128
105728361,0.09,0.083341,1,1493189
105729821,0.1,0.0966682,1,1493189
105731281,0.09,0.0913336,1,1493229
105732741,0.1,0.0982667,1,1493229
105734201,0.05,0.0596533,1,1493283
105735661,0.06,0.0599307,1,1493283
105737121,0.01,0.0199861,1,1493343
105738581,0.02,0.0199972,1,1493343
105740041,0.03,0.0279994,1,1493367
105741501,0.04,0.0375999,1,1493367
105742961,0.13,0.11152,1,1493474
105744421,0.14,0.134304,1,1493474
105745881,0.13,0.130861,1,1493476
105747341,0.14,0.138172,1,1493476
105748801,0.21,0.195634,1,1493551
105750261,0.22,0.215127,1,1493551
105751721,0.19,0.195025,1,1493614
105753181,0.2,0.199005,1,1493614
105754641,0.2,0.199801,1,1493614
105756101,0.23,0.22396,1,1493654
105757561,0.24,0.236792,1,1493654
105759021,0.25,0.247358,1,1493706
105760481,0.26,0.257472,1,1493706
105761941,0.29,0.283494,1,1493764
105763401,0.3,0.296699,1,1493764
105764861,0.27,0.27534,1,1493789
105766321,0.28,0.279068,1,1493789
105767781,0.35,0.335814,1,1493901
105769241,0.36,0.355163,1,1493901
105770701,0.35,0.351033,1,1493903
105772161,0.36,0.358207,1,1493903
105773621,0.39,0.383641,1,1493982
105775081,0.4,0.396728,1,1493982
105776541,0.47,0.455346,1,1494044
105778001,0.48,0.475069,1,1494044
105779461,0.47,0.471014,1,1494046
105780921,0.48,0.478203,1,1494046
105782381,0.47,0.471641,1,1494087
105783841,0.48,0.478328,1,1494087
105785301,0.51,0.503666,1,1494140
105786761,0.52,0.516733,1,1494140
105788221,0.55,0.543347,1,1494200
105789681,0.56,0.556669,1,1494200
105791141,0.55,0.551334,1,1494224
105792601,0.56,0.558267,1,1494224
105794061,0.55,0.551653,1,1494340
105795521,0.56,0.558331,1,1494340
105796981,0.55,0.551666,1,1494342
105798441,0.56,0.558333,1,1494342
105799901,0.59,0.583667,1,1494423
105801361,0.6,0.596733,1,1494423
105802821,0.53,0.543347,1,1494489
105804281,0.54,0.540669,1,1494489
105805741,0.53,0.532134,1,1494491
105807201,0.54,0.538427,1,1494491
105808661,0.55,0.547685,1,1494532
105810121,0.56,0.557537,1,1494532
105811581,0.56,0.559507,1,1494532
105813041,0.63,0.615901,1,1494587
105814501,0.64,0.63518,1,1494587
105815961,0.65,0.647036,1,1494649
105817421,0.66,0.657407,1,1494649
105818881,0.67,0.667481,1,1494673
105820341,0.68,0.677496,1,1494673
105821801,0.67,0.671499,1,1494789
105823261,0.68,0.6783,1,1494789
105824721,0.67,0.67166,1,1494791
105826181,0.68,0.678332,1,1494791
105827641,0.65,0.655666,1,1494874
105829101,0.66,0.659133,1,1494874
105830561,0.65,0.651827,1,1494937
105832021,0.66,0.658365,1,1494937
105833481,0.65,0.651673,1,1494939
105834941,0.66,0.658335,1,1494939
105836401,0.73,0.715667,1,1494981
105837861,0.74,0.735133,1,1494981
105839321,0.77,0.763027,2,1495039
105840781,0.78,0.776605,2,1495039
105842241,0.75,0.755321,2,1495102
105843701,0.76,0.759064,2,1495102
105845161,0.73,0.735813,1,1495127
105846621,0.74,0.739163,1,1495127
105848081,0.77,0.763833,2,1495243
105849541,0.78,0.776767,2,1495243
105851001,0.77,0.771353,2,1495245
105852461,0.78,0.778271,2,1495245
105853921,0.83,0.819654,2,1495327
105855381,0.84,0.835931,2,1495327
105856841,0.89,0.879186,2,1495390
105858301,0.9,0.895837,2,1495390
105859761,0.89,0.891167,2,1495392
105861221,0.9,0.898233,2,1495392
105862681,0.95,0.939647,2,1495438
105970721,0.83,0.83,2,1497228
105972181,0.84,0.838,2,1497228
105973641,0.61,0.6556,1,1497291
105975101,0.62,0.62712,1,1497291
105976561,0.47,0.501424,1,1497326
105978021,0.48,0.484285,1,1497326
105979481,0.49,0.488857,1,1497348
105980941,0.5,0.497771,1,1497348
105982401,0.35,0.379554,1,1497402
105983861,0.36,0.363911,1,1497402
105985321,0.35,0.352782,1,1497439
105986781,0.36,0.358556,1,1497439
105988241,0.27,0.287711,1,1497482
105989701,0.28,0.281542,1,1497482
105991161,0.17,0.192308,1,1497514
105992621,0.18,0.182462,1,1497514
105994081,0.03,0.0604923,1,1497598
105995541,0.04,0.0440985,1,1497598
105997001,0.04,0.0408197,1,1497598
105998461,0.03,0.0321639,1,1497627
105999921,0.04,0.0384328,1,1497627
106001381,0.03,0.0316866,1,1497690
106002841,0.04,0.0383373,1,1497690
106004301,0.03,0.0316675,1,1497742
106005761,0.04,0.0383335,1,1497742
106007221,0.07,0.0636667,1,1497770
106008681,0.08,0.0767333,1,1497770
106010141,0.07,0.0713467,1,1497793
106011601,0.08,0.0782693,1,1497793
106013061,0.15,0.135654,1,1497840
106014521,0.16,0.155131,1,1497840
106015981,0.17,0.167026,1,1497877
106017441,0.18,0.177405,1,1497877
106018901,0.23,0.219481,1,1497916
106020361,0.24,0.235896,1,1497916
106021821,0.21,0.215179,1,1497943
106023281,0.22,0.219036,1,1497943
106024741,0.15,0.163807,1,1498020
106026201,0.16,0.160761,1,1498020
106027661,0.15,0.152152,1,1498022
106029121,0.16,0.15843,1,1498022
106030581,0.21,0.199686,1,1498050
106032041,0.22,0.215937,1,1498050
106033501,0.17,0.179187,1,1498113
106034961,0.18,0.179837,1,1498113
106036421,0.15,0.155967,1,1498165
106037881,0.16,0.159193,1,1498165
106039341,0.11,0.119839,1,1498195
106040801,0.12,0.119968,1,1498195
106042261,0.09,0.0959935,1,1498218
106043721,0.1,0.0991987,1,1498218
106045181,0.09,0.0918397,1,1498269
106046641,0.1,0.0983679,1,1498269
106048101,0.09,0.0916736,1,1498307
106049561,0.1,0.0983347,1,1498307
106051021,0.09,0.0916669,1,1498349
106052481,0.1,0.0983334,1,1498349
106053941,0.09,0.0916667,1,1498375
106055401,0.1,0.0983333,1,1498375
106056861,0.11,0.107667,1,1498449
106058321,0.12,0.117533,1,1498449
106059781,0.11,0.111507,1,1498451
106061241,0.12,0.118301,1,1498451
106062701,0.12,0.11966,1,1498451
106064161,0.15,0.143932,1,1498482
106065621,0.16,0.156786,1,1498482
106067081,0.15,0.151357,1,1498543
106068541,0.16,0.158271,1,1498543
106070001,0.15,0.151654,1,1498594
106071461,0.16,0.158331,1,1498594
106072921,0.15,0.151666,1,1498622
106074381,0.16,0.158333,1,1498622
106075841,0.15,0.151667,1,1498644
106077301,0.16,0.158333,1,1498644
106078761,0.19,0.183667,1,1498695
106080221,0.2,0.196733,1,1498695
106081681,0.19,0.191347,1,1498733
106083141,0.2,0.198269,1,1498733
106084601,0.15,0.159654,1,1498775
106086061,0.16,0.159931,1,1498775
106087521,0.17,0.167986,1,1498801
106088981,0.18,0.177597,1,1498801
106090441,0.27,0.251519,1,1498876
106091901,0.28,0.274304,1,1498876
106093361,0.27,0.270861,1,1498878
106094821,0.28,0.278172,1,1498878
106096281,0.27,0.271634,1,1498910
106097741,0.28,0.278327,1,1498910
106099201,0.29,0.287665,1,1498971
106100661,0.3,0.297533,1,1498971
106102121,0.31,0.307507,1,1499022
106103581,0.32,0.317501,1,1499022
106105041,0.31,0.3115,1,1499050
106106501,0.32,0.3183,1,1499050
106107961,0.31,0.31166,1,1499072
106109421,0.32,0.318332,1,1499072
106110881,0.39,0.375666,1,1499125
106112341,0.4,0.395133,1,1499125
106113801,0.41,0.407027,1,1499163
106115261,0.42,0.417405,1,1499163
106116721,0.43,0.427481,1,1499203
106118181,0.44,0.437496,1,1499203
106119641,0.47,0.463499,1,1499230
106121101,0.48,0.4767,1,1499230
106122561,0.57,0.55134,1,1499310
106124021,0.58,0.574268,1,1499310
106125481,0.57,0.570854,1,1499312
106126941,0.58,0.578171,1,1499312
106128401,0.57,0.571634,1,1499344
106129861,0.58,0.578327,1,1499344
106131321,0.57,0.571665,1,1499406
106132781,0.58,0.578333,1,1499406
106134241,0.58,0.579667,1,1499406
106135701,0.59,0.587933,1,1499458
106137161,0.6,0.597587,1,1499458
106138621,0.61,0.607517,1,1499486
106140081,0.62,0.617503,1,1499486
106141541,0.63,0.627501,1,1499508
106143001,0.64,0.6375,1,1499508
106144461,0.63,0.6315,1,1499565
106145921,0.64,0.6383,1,1499565
106147381,0.67,0.66366,1,1499604
106148841,0.68,0.676732,1,1499604
106150301,0.69,0.687346,1,1499645
106151761,0.7,0.697469,1,1499645
106153221,0.71,0.707494,1,1499674
106154681,0.72,0.717499,1,1499674
106156141,0.81,0.7915,2,1499759
106157601,0.82,0.8143,2,1499759
106159061,0.81,0.81086,2,1499761
106160521,0.82,0.818172,2,1499761
106161981,0.81,0.811634,2,1499793
106163441,0.82,0.818327,2,1499793
106164901,0.83,0.827665,2,1499855
106166361,0.84,0.837533,2,1499855
106167821,0.83,0.831507,2,1499857
106169281,0.84,0.838301,2,1499857
106170741,0.87,0.86366,2,1499909
106172201,0.88,0.876732,2,1499909
106173661,0.85,0.855346,2,1499938
106175121,0.86,0.859069,2,1499938
106176581,0.87,0.867814,2,1499961
106178041,0.88,0.877563,2,1499961
106179501,0.85,0.855513,2,1500018
106180961,0.86,0.859103,2,1500018
106182421,0.81,0.819821,2,1500059
106183881,0.82,0.819964,2,1500059
106185341,0.85,0.843993,2,1500101
106186801,0.86,0.856799,2,1500101
106188261,0.85,0.85136,2,1500131
106189721,0.86,0.858272,2,1500131
106191181,0.83,0.835654,2,1500221
106192641,0.84,0.839131,2,1500221
106194101,0.83,0.831826,2,1500223
106195561,0.84,0.838365,2,1500223
106197021,0.83,0.831673,2,1500255
106198481,0.84,0.838335,2,1500255
106199941,0.87,0.863667,2,1500318
106201401,0.88,0.876733,2,1500318
106202861,0.87,0.871347,2,1500320
106204321,0.88,0.878269,2,1500320
106205781,0.89,0.887654,2,1500374
106207241,0.9,0.897531,2,1500374
106208701,0.9,0.899506,2,1500374
106210161,0.91,0.907901,2,1500402
106211621,0.92,0.91758,2,1500402
106213081,0.91,0.911516,2,1500426
106214541,0.92,0.918303,2,1500426
106216001,0.95,0.943661,2,1500482
106218921,0.95,0.95,2,1500521
106322581,0.93,0.93,2,1501871
106324041,0.94,0.938,2,1501871
106337181,0.79,0.79,2,1502108
106338641,0.8,0.798,2,1502108
106340101,0.85,0.8396,2,1502142
106341561,0.86,0.85592,2,1502142
106343021,0.79,0.803184,2,1502179
106344481,0.8,0.800637,2,1502179
106345941,0.71,0.728127,1,1502213
106347401,0.72,0.721625,1,1502213
106348861,0.61,0.632325,1,1502239
106350321,0.62,0.622465,1,1502239
106351781,0.51,0.532493,1,1502283
106353241,0.52,0.522499,1,1502283
106354701,0.45,0.4645,1,1502315
106356161,0.46,0.4609,1,1502315
106357621,0.37,0.38818,1,1502336
106359081,0.38,0.381636,1,1502336
106360541,0.33,0.340327,1,1502356
106362001,0.34,0.340065,1,1502356
106363461,0.34,0.340013,1,1502356
106364921,0.25,0.268003,1,1502400
106366381,0.26,0.261601,1,1502400
106367841,0.19,0.20432,1,1502433
106369301,0.2,0.200864,1,1502433
106370761,0.13,0.144173,1,1502462
106372221,0.14,0.140835,1,1502462
106373681,0,0.0281669,1,1502510
106375141,0,0.00563338,1,1502510
106376601,0,0.00112668,1,1502572
106378061,0,0.000225335,1,1502572
106379521,0.03,0.0240451,1,1502606
106380981,0.04,0.036809,1,1502606
106382441,0.07,0.0633618,1,1502640
106383901,0.08,0.0766724,1,1502640
106385361,0.05,0.0553345,1,1502670
106386821,0.06,0.0590669,1,1502670
106388281,0.07,0.0678134,1,1502691
106389741,0.08,0.0775627,1,1502691
106391201,0.05,0.0555125,1,1502730
106392661,0.06,0.0591025,1,1502730
106394121,0.09,0.0838205,1,1502759
106395581,0.1,0.0967641,1,1502759
106397041,0.03,0.0433528,1,1502776
106398501,0.04,0.0406706,1,1502776
106399961,0.09,0.0801341,1,1502794
106401421,0.1,0.0960268,1,1502794
106402881,0.07,0.0752054,1,1502833
106404341,0.08,0.0790411,1,1502833
106405801,0.13,0.119808,1,1502863
106407261,0.14,0.135962,1,1502863
106408721,0.05,0.0671923,1,1502889
106410181,0.06,0.0614385,1,1502889
106411641,0.01,0.0202877,1,1502931
106413101,0.02,0.0200575,1,1502931
106414561,0.05,0.0440115,1,1502993
106416021,0.06,0.0568023,1,1502993
106417481,0.05,0.0513605,1,1503028
106418941,0.06,0.0582721,1,1503028
106420401,0.05,0.0516544,1,1503064
106421861,0.06,0.0583309,1,1503064
106423321,0.11,0.0996662,1,1503093
106424781,0.12,0.115933,1,1503093
106426241,0.11,0.111187,1,1503115
106427701,0.12,0.118237,1,1503115
106429161,0.15,0.143647,1,1503153
106430621,0.16,0.156729,1,1503153
106432081,0.21,0.199346,1,1503184
106433541,0.22,0.215869,1,1503184
106435001,0.21,0.211174,1,1503198
106436461,0.22,0.218235,1,1503198
106437921,0.23,0.227647,1,1503219
106439381,0.24,0.237529,1,1503219
106440841,0.25,0.247506,1,1503257
106442301,0.26,0.257501,1,1503257
106443761,0.23,0.2355,1,1503290
106445221,0.24,0.2391,1,1503290
106446681,0.24,0.23982,1,1503290
106448141,0.25,0.247964,1,1503312
106449601,0.26,0.257593,1,1503312
106451061,0.25,0.251519,1,1503352
106452521,0.26,0.258304,1,1503352
106453981,0.25,0.251661,1,1503416
106455441,0.26,0.258332,1,1503416
106456901,0.27,0.267666,1,1503451
106458361,0.28,0.277533,1,1503451
106459821,0.29,0.287507,1,1503487
106461281,0.3,0.297501,1,1503487
106462741,0.31,0.3075,1,1503519
106464201,0.32,0.3175,1,1503519
106465661,0.33,0.3275,1,1503541
106467121,0.34,0.3375,1,1503541
106468581,0.33,0.3315,1,1503581
106470041,0.34,0.3383,1,1503581
106471501,0.41,0.39566,1,1503615
106472961,0.42,0.415132,1,1503615
106474421,0.41,0.411026,1,1503629
106475881,0.42,0.418205,1,1503629
106477341,0.43,0.427641,1,1503651
106478801,0.44,0.437528,1,1503651
106480261,0.43,0.431506,1,1503690
106481721,0.44,0.438301,1,1503690
106483181,0.43,0.43166,1,1503722
106484641,0.44,0.438332,1,1503722
106486101,0.43,0.431666,1,1503724
106487561,0.44,0.438333,1,1503724
106489021,0.43,0.431667,1,1503746
106490481,0.44,0.438333,1,1503746
106491941,0.45,0.447667,1,1503786
106493401,0.46,0.457533,1,1503786
106494861,0.45,0.451507,1,1503850
106496321,0.46,0.458301,1,1503850
106497781,0.47,0.46766,1,1503886
106499241,0.48,0.477532,1,1503886
106500701,0.47,0.471506,1,1503923
106502161,0.48,0.478301,1,1503923
106503621,0.51,0.50366,1,1503956
106505081,0.52,0.516732,1,1503956
106506541,0.55,0.543346,1,1503979
106508001,0.56,0.556669,1,1503979
106509461,0.57,0.567334,1,1504019
106510921,0.58,0.577467,1,1504019
106512381,0.53,0.539493,1,1504057
106513841,0.54,0.539899,1,1504057
106515301,0.57,0.56398,1,1504071
106516761,0.58,0.576796,1,1504071
106518221,0.55,0.555359,1,1504094
106519681,0.56,0.559072,1,1504094
106521141,0.55,0.551814,1,1504133
106522601,0.56,0.558363,1,1504133
106524061,0.57,0.567673,1,1504165
106525521,0.58,0.577535,1,1504165
106526981,0.57,0.571507,1,1504167
106528441,0.58,0.578301,1,1504167
106529901,0.57,0.57166,1,1504189
106531361,0.58,0.578332,1,1504189
106532821,0.58,0.579666,1,1504189
106534281,0.61,0.603933,1,1504230
106535741,0.62,0.616787,1,1504230
106537201,0.61,0.611357,1,1504294
106538661,0.62,0.618271,1,1504294
106540121,0.61,0.611654,1,1504331
106541581,0.62,0.618331,1,1504331
106543041,0.63,0.627666,1,1504368
106544501,0.64,0.637533,1,1504368
106545961,0.61,0.615507,1,1504403
106547421,0.62,0.619101,1,1504403
106548881,0.65,0.64382,1,1504428
106550341,0.66,0.656764,1,1504428
106551801,0.71,0.699353,1,1504469
106553261,0.72,0.715871,1,1504469
106554721,0.71,0.711174,1,1504505
106556181,0.72,0.718235,1,1504505
106557641,0.69,0.695647,1,1504521
106559101,0.7,0.699129,1,1504521
106560561,0.73,0.723826,1,1504543
106562021,0.74,0.736765,1,1504543
106563481,0.71,0.715353,1,1504582
106564941,0.72,0.719071,1,1504582
106566401,0.75,0.743814,1,1504615
106567861,0.76,0.756763,2,1504615
106569321,0.75,0.751353,2,1504617
106570781,0.76,0.75827,2,1504617
106572241,0.75,0.751654,2,1504639
106573701,0.76,0.758331,2,1504639
106575161,0.77,0.767666,2,1504681
106576621,0.78,0.777533,2,1504681
106578081,0.79,0.787507,2,1504745
106579541,0.8,0.797501,2,1504745
106581001,0.77,0.7755,2,1504782
106582461,0.78,0.7791,2,1504782
106583921,0.77,0.77182,2,1504820
106585381,0.78,0.778364,2,1504820
106586841,0.79,0.787673,2,1504854
106588301,0.8,0.797535,2,1504854
106589761,0.85,0.839507,2,1504881
106591221,0.86,0.855901,2,1504881
106592681,0.83,0.83518,2,1504925
106594141,0.84,0.839036,2,1504925
106595601,0.83,0.831807,2,1504961
106597061,0.84,0.838361,2,1504961
106598521,0.85,0.847672,2,1504976
106599981,0.86,0.857534,2,1504976
106601441,0.91,0.899507,2,1505000
106602901,0.92,0.915901,2,1505000
106705101,0.95,0.95,2,1506114
106810221,0.77,0.77,2,1507285
106811681,0.78,0.778,2,1507285
106813141,0.87,0.8516,2,1507311
106814601,0.88,0.87432,2,1507311
106816061,0.79,0.806864,2,1507347
106817521,0.8,0.801373,2,1507347
106818981,0.71,0.728275,1,1507380
106820441,0.72,0.721655,1,1507380
106821901,0.53,0.568331,1,1507409
106823361,0.54,0.545666,1,1507409
106824821,0.43,0.453133,1,1507448
106826281,0.44,0.442627,1,1507448
106827741,0.29,0.320525,1,1507486
106829201,0.3,0.304105,1,1507486
106830661,0.23,0.244821,1,1507512
106832121,0.24,0.240964,1,1507512
106833581,0.15,0.168193,1,1507543
106835041,0.16,0.161639,1,1507543
106836501,0.15,0.152328,1,1507580
106837961,0.16,0.158466,1,1507580
106839421,0.07,0.0876931,1,1507610
106840881,0.08,0.0815386,1,1507610
106842341,0.03,0.0403077,1,1507628
106843801,0.04,0.0400615,1,1507628
106845261,0.01,0.0160123,1,1507650
106846721,0.02,0.0192025,1,1507650
106848181,0.03,0.0278405,1,1507669
106849641,0.04,0.0375681,1,1507669
106851101,0.05,0.0475136,1,1507703
106852561,0.06,0.0575027,1,1507703
106854021,0.05,0.0515005,1,1507720
106855481,0.06,0.0583001,1,1507720
106856941,0.01,0.01966,1,1507751
106858401,0.02,0.019932,1,1507751
106859861,0.05,0.0439864,1,1507776
106861321,0.06,0.0567973,1,1507776
106862781,0.01,0.0193595,1,1507808
106864241,0.02,0.0198719,1,1507808
106865701,0.03,0.0279744,1,1507837
106867161,0.04,0.0375949,1,1507837
106868621,0.07,0.063519,1,1507857
106870081,0.08,0.0767038,1,1507857
106871541,0.07,0.0713408,1,1507891
106873001,0.08,0.0782682,1,1507891
106874461,0.09,0.0876536,1,1507922
106875921,0.1,0.0975307,1,1507922
106877381,0.13,0.123506,1,1507945
106878841,0.14,0.136701,1,1507945
106880301,0.13,0.13134,1,1507972
106881761,0.14,0.138268,1,1507972
106883221,0.15,0.147654,1,1508009
106884681,0.16,0.157531,1,1508009
106886141,0.19,0.183506,1,1508035
106887601,0.2,0.196701,1,1508035
106889061,0.15,0.15934,1,1508051
106890521,0.16,0.159868,1,1508051
106891981,0.17,0.167974,1,1508072
106893441,0.18,0.177595,1,1508072
106894901,0.15,0.155519,1,1508092
106896361,0.16,0.159104,1,1508092
106897821,0.13,0.135821,1,1508127
106899281,0.14,0.139164,1,1508127
106900741,0.11,0.115833,1,1508144
106902201,0.12,0.119167,1,1508144
106903661,0.12,0.119833,1,1508144
106905121,0.11,0.111967,1,1508173
106906581,0.12,0.118393,1,1508173
106908041,0.09,0.0956787,1,1508200
106909501,0.1,0.0991357,1,1508200
106910961,0.11,0.107827,1,1508230
106912421,0.12,0.117565,1,1508230
106913881,0.07,0.0795131,1,1508260
106915341,0.08,0.0799026,1,1508260
106916801,0.09,0.0879805,1,1508282
106918261,0.1,0.0975961,1,1508282
106919721,0.09,0.0915192,1,1508316
106921181,0.1,0.0983038,1,1508316
106922641,0.07,0.0756608,1,1508348
106924101,0.08,0.0791322,1,1508348
106925561,0.13,0.119826,1,1508373
106927021,0.14,0.135965,1,1508373
106928481,0.15,0.147193,1,1508400
106929941,0.16,0.157439,1,1508400
106931401,0.19,0.183488,1,1508438
106932861,0.2,0.196698,1,1508438
106934321,0.21,0.20734,1,1508466
106935781,0.22,0.217468,1,1508466
106937241,0.23,0.227494,1,1508480
106938701,0.24,0.237499,1,1508480
106940161,0.23,0.2315,1,1508502
106941621,0.24,0.2383,1,1508502
106943081,0.21,0.21566,1,1508521
106944541,0.22,0.219132,1,1508521
106946001,0.21,0.211826,1,1508555
106947461,0.22,0.218365,1,1508555
106948921,0.21,0.211673,1,1508571
106950381,0.22,0.218335,1,1508571
106951841,0.23,0.227667,1,1508599
106953301,0.24,0.237533,1,1508599
106954761,0.23,0.231507,1,1508625
106956221,0.24,0.238301,1,1508625
106957681,0.27,0.26366,1,1508656
106959141,0.28,0.276732,1,1508656
106960601,0.27,0.271346,1,1508684
106962061,0.28,0.278269,1,1508684
106963521,0.25,0.255654,1,1508707
106964981,0.26,0.259131,1,1508707
106966441,0.27,0.267826,1,1508741
106967901,0.28,0.277565,1,1508741
106969361,0.31,0.303513,1,1508772
106970821,0.32,0.316703,1,1508772
106972281,0.31,0.311341,1,1508800
106973741,0.32,0.318268,1,1508800
106975201,0.29,0.295654,1,1508828
106976661,0.3,0.299131,1,1508828
106978121,0.33,0.323826,1,1508868
106979581,0.34,0.336765,1,1508868
106981041,0.37,0.363353,1,1508897
106982501,0.38,0.376671,1,1508897
106983961,0.37,0.371334,1,1508912
106985421,0.38,0.378267,1,1508912
106986881,0.37,0.371653,1,1508934
106988341,0.38,0.378331,1,1508934
106989801,0.39,0.387666,1,1508952
106991261,0.4,0.397533,1,1508952
106992721,0.41,0.407507,1,1508986
106994181,0.42,0.417501,1,1508986
106995641,0.41,0.4115,1,1509002
106997101,0.42,0.4183,1,1509002
106998561,0.45,0.44366,1,1509031
107000021,0.46,0.456732,1,1509031
107001481,0.45,0.451346,1,1509057
107002941,0.46,0.458269,1,1509057
107004401,0.46,0.459654,1,1509057
107005861,0.49,0.483931,1,1509090
107007321,0.5,0.496786,1,1509090
107008781,0.49,0.491357,1,1509118
107010241,0.5,0.498271,1,1509118
107011701,0.49,0.491654,1,1509140
107013161,0.5,0.498331,1,1509140
107014621,0.53,0.523666,1,1509175
107016081,0.54,0.536733,1,1509175
107017541,0.57,0.563347,1,1509208
107019001,0.58,0.576669,1,1509208
107020461,0.59,0.587334,1,1509236
107021921,0.6,0.597467,1,1509236
107023381,0.57,0.575493,1,1509263
107024841,0.58,0.579099,1,1509263
107026301,0.57,0.57182,1,1509305
107027761,0.58,0.578364,1,1509305
107029221,0.57,0.571673,1,1509336
107030681,0.58,0.578335,1,1509336
107032141,0.55,0.555667,1,1509351
107033601,0.56,0.559133,1,1509351
107035061,0.57,0.567827,1,1509373
107036521,0.58,0.577565,1,1509373
107037981,0.55,0.555513,1,1509392
107039441,0.56,0.559103,1,1509392
107040901,0.59,0.583821,1,1509427
107042361,0.6,0.596764,1,1509427
107043821,0.59,0.591353,1,1509443
107045281,0.6,0.598271,1,1509443
107046741,0.63,0.623654,1,1509474
107048201,0.64,0.636731,1,1509474
107049661,0.63,0.631346,1,1509500
107051121,0.64,0.638269,1,1509500
107052581,0.63,0.631654,1,1509502
107054041,0.64,0.638331,1,1509502
107055501,0.63,0.631666,1,1509536
107056961,0.64,0.638333,1,1509536
107058421,0.65,0.647667,1,1509564
107059881,0.66,0.657533,1,1509564
107061341,0.67,0.667507,1,1509586
107062801,0.68,0.677501,1,1509586
107064261,0.65,0.6555,1,1509623
107065721,0.66,0.6591,1,1509623
107067181,0.69,0.68382,1,1509658
107068641,0.7,0.696764,1,1509658
107070101,0.69,0.691353,1,1509687
107071561,0.7,0.698271,1,1509687
107073021,0.69,0.691654,1,1509713
107074481,0.7,0.698331,1,1509713
107075941,0.71,0.707666,1,1509755
107077401,0.72,0.717533,1,1509755
107078861,0.75,0.743507,1,1509786
107080321,0.76,0.756701,2,1509786
107081781,0.75,0.75134,2,1509800
107083241,0.76,0.758268,2,1509800
107084701,0.73,0.735654,1,1509823
107086161,0.74,0.739131,1,1509823
107087621,0.77,0.763826,2,1509841
107089081,0.78,0.776765,2,1509841
107090541,0.85,0.835353,2,1509878
107092001,0.86,0.855071,2,1509878
107093461,0.85,0.851014,2,1509894
107094921,0.86,0.858203,2,1509894
107096381,0.89,0.883641,2,1509927
107097841,0.9,0.896728,2,1509927
107099301,0.89,0.891346,2,1509953
107100761,0.9,0.898269,2,1509953
107102221,0.89,0.891654,2,1509955
107103681,0.9,0.898331,2,1509955
107105141,0.89,0.891666,2,1509989
107106601,0.9,0.898333,2,1509989
107108061,0.9,0.899667,2,1509989
107109521,0.89,0.891933,2,1510018
107110981,0.9,0.898387,2,1510018
107112441,0.87,0.875677,2,1510041
107113901,0.88,0.879135,2,1510041
107115361,0.87,0.871827,2,1510077
107116821,0.88,0.878365,2,1510077
107118281,0.87,0.871673,2,1510114
107119741,0.88,0.878335,2,1510114
107121201,0.85,0.855667,2,1510143
107122661,0.86,0.859133,2,1510143
107124121,0.85,0.851827,2,1510169
107125581,0.86,0.858365,2,1510169
107127041,0.89,0.883673,2,1510212
107128501,0.9,0.896735,2,1510212
107129961,0.89,0.891347,2,1510245
107131421,0.9,0.898269,2,1510245
107132881,0.89,0.891654,2,1510259
107134341,0.9,0.898331,2,1510259
107135801,0.89,0.891666,2,1510281
107137261,0.9,0.898333,2,1510281
107138721,0.93,0.923667,2,1510301
107140181,0.94,0.936733,2,1510301
107286181,0.95,0.95,2,1511700
107297861,0.92,0.92,2,1511809
107299321,0.93,0.928,2,1511809
107325601,0.92,0.92,2,1512059
107327061,0.93,0.928,2,1512059
107328521,0.85,0.8656,2,1512076
107329981,0.86,0.86112,2,1512076
107331441,0.79,0.804224,2,1512107
107332901,0.8,0.800845,2,1512107
107334361,0.77,0.776169,2,1512143
107335821,0.78,0.779234,2,1512143
107337281,0.73,0.739847,1,1512170
107338741,0.74,0.739969,1,1512170
107340201,0.61,0.635994,1,1512186
107341661,0.62,0.623199,1,1512186
107343121,0.59,0.59664,1,1512214
107344581,0.6,0.599328,1,1512214
107346041,0.53,0.543866,1,1512251
107347501,0.54,0.540773,1,1512251
107348961,0.47,0.484155,1,1512281
107350421,0.48,0.480831,1,1512281
107351881,0.39,0.408166,1,1512295
107353341,0.4,0.401633,1,1512295
107354801,0.39,0.392327,1,1512333
107356261,0.4,0.398465,1,1512333
107357721,0.31,0.327693,1,1512364
107359181,0.32,0.321539,1,1512364
107360641,0.29,0.296308,1,1512388
107362101,0.3,0.299262,1,1512388
107363561,0.37,0.355852,1,1512407
107365021,0.38,0.37517,1,1512407
107366481,0.39,0.387034,1,1512428
107367941,0.4,0.397407,1,1512428
107369401,0.37,0.375481,1,1512443
107370861,0.38,0.379096,1,1512443
107372321,0.31,0.323819,1,1512474
107373781,0.32,0.320764,1,1512474
107375241,0.37,0.360153,1,1512501
107376701,0.38,0.376031,1,1512501
107378161,0.41,0.403206,1,1512527
107379621,0.42,0.416641,1,1512527
107381081,0.37,0.379328,1,1512539
107382541,0.38,0.379866,1,1512539
107384001,0.37,0.371973,1,1512567
107385461,0.38,0.378395,1,1512567
107386921,0.41,0.403679,1,1512602
107388381,0.42,0.416736,1,1512602
107389841,0.37,0.379347,1,1512627
107391301,0.38,0.379869,1,1512627
107392761,0.43,0.419974,1,1512637
107394221,0.44,0.435995,1,1512637
107395681,0.45,0.447199,1,1512664
107397141,0.46,0.45744,1,1512664
107398601,0.45,0.451488,1,1512698
107400061,0.46,0.458298,1,1512698
107401521,0.51,0.49966,1,1512725
107402981,0.52,0.515932,1,1512725
107404441,0.51,0.511186,1,1512735
107405901,0.52,0.518237,1,1512735
107407361,0.49,0.495647,1,1512773
107408821,0.5,0.499129,1,1512773
107410281,0.53,0.523826,1,1512800
107411741,0.54,0.536765,1,1512800
107413201,0.51,0.515353,1,1512823
107414661,0.52,0.519071,1,1512823
107416121,0.57,0.559814,1,1512846
107417581,0.58,0.575963,1,1512846
107419041,0.55,0.555193,1,1512868
107420501,0.56,0.559038,1,1512868
107421961,0.55,0.551808,1,1512882
107423421,0.56,0.558362,1,1512882
107424881,0.57,0.567672,1,1512910
107426341,0.58,0.577534,1,1512910
107427801,0.57,0.571507,1,1512940
107429261,0.58,0.578301,1,1512940
107430721,0.59,0.58766,1,1512968
107432181,0.6,0.597532,1,1512968
107433641,0.59,0.591506,1,1512978
107435101,0.6,0.598301,1,1512978
107436561,0.6,0.59966,1,1512978
107438021,0.61,0.607932,1,1513006
107439481,0.62,0.617586,1,1513006
107440941,0.63,0.627517,1,1513043
107442401,0.64,0.637503,1,1513043
107443861,0.65,0.647501,1,1513066
107445321,0.66,0.6575,1,1513066
107446781,0.67,0.6675,1,1513079
107448241,0.68,0.6775,1,1513079
107449701,0.67,0.6715,1,1513107
107451161,0.68,0.6783,1,1513107
107452621,0.73,0.71966,1,1513141
107454081,0.74,0.735932,1,1513141
107455541,0.73,0.731186,1,1513171
107457001,0.74,0.738237,1,1513171
107458461,0.73,0.731647,1,1513181
107459921,0.74,0.738329,1,1513181
107461381,0.71,0.715666,1,1513218
107462841,0.72,0.719133,1,1513218
107464301,0.69,0.695827,1,1513247
107465761,0.7,0.699165,1,1513247
107467221,0.71,0.707833,1,1513269
107468681,0.72,0.717567,1,1513269
107470141,0.67,0.679513,1,1513295
107471601,0.68,0.679903,1,1513295
107473061,0.65,0.655981,1,1513316
107474521,0.66,0.659196,1,1513316
107475981,0.65,0.651839,1,1513330
107477441,0.66,0.658368,1,1513330
107478901,0.65,0.651674,1,1513359
107480361,0.66,0.658335,1,1513359
107481821,0.67,0.667667,1,1513389
107483281,0.68,0.677533,1,1513389
107484741,0.71,0.703507,1,1513418
107486201,0.72,0.716701,1,1513418
107487661,0.71,0.71134,1,1513428
107489121,0.72,0.718268,1,1513428
107490581,0.71,0.711654,1,1513430
107492041,0.72,0.718331,1,1513430
107493501,0.71,0.711666,1,1513458
107494961,0.72,0.718333,1,1513458
107496421,0.73,0.727667,1,1513496
107497881,0.74,0.737533,1,1513496
107499341,0.73,0.731507,1,1513520
107500801,0.74,0.738301,1,1513520
107502261,0.73,0.73166,1,1513534
107503721,0.74,0.738332,1,1513534
107505181,0.75,0.747666,1,1513562
107506641,0.76,0.757533,2,1513562
107508101,0.73,0.735507,1,1513599
107509561,0.74,0.739101,1,1513599
107511021,0.75,0.74782,1,1513629
107512481,0.76,0.757564,2,1513629
107513941,0.75,0.751513,2,1513639
107515401,0.76,0.758303,2,1513639
107516861,0.77,0.767661,2,1513675
107518321,0.78,0.777532,2,1513675
107519781,0.79,0.787506,2,1513703
107521241,0.8,0.797501,2,1513703
107522701,0.83,0.8235,2,1513726
107524161,0.84,0.8367,2,1513726
107525621,0.83,0.83134,2,1513750
107527081,0.84,0.838268,2,1513750
107528541,0.83,0.831654,2,1513770
107530001,0.84,0.838331,2,1513770
107531461,0.85,0.847666,2,1513784
107532921,0.86,0.857533,2,1513784
107534381,0.89,0.883507,2,1513813
107535841,0.9,0.896701,2,1513813
107537301,0.95,0.93934,2,1513844
107677461,0.95,0.95,2,1515576
107727101,0.81,0.81,2,1515720
107728561,0.73,0.746,1,1515753
107730021,0.73,0.7332,1,1515798
107731481,0.65,0.66664,1,1515804
107732941,0.69,0.685328,1,1515813
107734401,0.69,0.689066,1,1515828
107735861,0.69,0.689813,1,1515848
107737321,0.69,0.689963,1,1515866
107738781,0.75,0.737993,1,1515882
107740241,0.69,0.699599,1,1515895
107741701,0.67,0.67592,1,1515905
107743161,0.63,0.639184,1,1515934
107744621,0.67,0.663837,1,1515946
107746081,0.67,0.668767,1,1515986
107747541,0.69,0.685753,1,1516039
107749001,0.69,0.689151,1,1516052
107750461,0.69,0.68983,1,1516085
107751921,0.63,0.641966,1,1516123
107753381,0.63,0.632393,1,1516144
107754841,0.65,0.646479,1,1516210
107756301,0.66,0.657296,1,1516210
107757761,0.69,0.683459,1,1516257
107759221,0.7,0.696692,1,1516257
107760681,0.71,0.707338,1,1516283
107762141,0.72,0.717468,1,1516283
107763601,0.81,0.791494,2,1516321
107765061,0.82,0.814299,2,1516321
107766521,0.79,0.79486,2,1516350
107767981,0.8,0.798972,2,1516350
107769441,0.83,0.823794,2,1516386
107770901,0.84,0.836759,2,1516386
107772361,0.85,0.847352,2,1516440
107773821,0.86,0.85747,2,1516440
107775281,0.87,0.867494,2,1516507
107776741,0.88,0.877499,2,1516507
107778201,0.89,0.8875,2,1516575
107779661,0.9,0.8975,2,1516575
107781121,0.95,0.9395,2,1516663
107784041,0.95,0.95,2,1516712
107786961,0.93,0.93,2,1516739
107788421,0.94,0.938,2,1516739
107789881,0.95,0.9476,2,1516782
107895001,0.94,0.94,2,1518582
107896461,0.95,0.948,2,1518582
107897921,0.86,0.8776,2,1518615
107899381,0.87,0.87152,2,1518615
107900841,0.81,0.822304,2,1518647
107902301,0.82,0.820461,2,1518647
107903761,0.73,0.748092,1,1518682
107905221,0.74,0.741618,1,1518682
107906681,0.73,0.732324,1,1518711
107908141,0.74,0.738465,1,1518711
107909601,0.61,0.635693,1,1518729
107911061,0.67,0.663139,1,1518745
107878941,0.53,0.556628,1,1518762
107912521,0.03,0.135326,1,1518879
107913981,0.05,0.0670651,1,1518960
107915441,0,0.013413,1,1519051
107916901,0.01,0.0106826,1,1519108
107918361,0.01,0.0101365,1,1519139
107919821,0,0.0020273,1,1519169
107921281,0.05,0.0404055,1,1519180
107922741,0.09,0.0800811,1,1519199
107924201,0.11,0.104016,1,1519209
107925661,0.01,0.0288032,1,1519383
107927121,0.02,0.0217606,1,1519383
107928581,0.05,0.0443521,1,1519529
107930041,0.06,0.0568704,1,1519529
107931501,0,0.0113741,1,1519590
107932961,0,0.00227482,1,1519590
107934421,0.11,0.088455,1,1519624
107935881,0.12,0.113691,1,1519624
107937341,0.12,0.118738,1,1519624
107938801,0.03,0.0477476,1,1519804
107940261,0.04,0.0415495,1,1519804
107941721,0.03,0.0323099,1,1519952
107943181,0.04,0.038462,1,1519952
107944641,0.01,0.0156924,1,1520011
107946101,0.02,0.0191385,1,1520011
107947561,0.05,0.0438277,1,1520050
107949021,0.06,0.0567655,1,1520050
107950481,0.05,0.0513531,1,1520052
107951941,0.06,0.0582706,1,1520052
107953401,0.13,0.115654,1,1520227
107954861,0.14,0.135131,1,1520227
107956321,0.01,0.0350262,1,1520375
107957781,0.02,0.0230052,1,1520375
107959241,0,0.00460105,1,1520433
107960701,0,0.000920209,1,1520433
107962161,0.01,0.00818404,1,1520474
107963621,0.02,0.0176368,1,1520474
107965081,0.01,0.0115274,1,1520476
107966541,0.02,0.0183055,1,1520476
107968001,0.13,0.107661,1,1520655
107969461,0.14,0.133532,1,1520655
107970921,0.14,0.138706,1,1520655
107972381,0.13,0.131741,1,1520797
107973841,0.14,0.138348,1,1520797
107975301,0.01,0.0356696,1,1520855
107976761,0.02,0.0231339,1,1520855
107978221,0.01,0.0126268,1,1520896
107979681,0.02,0.0185254,1,1520896
107981141,0.01,0.0117051,1,1520898
107982601,0.02,0.018341,1,1520898
107984061,0.05,0.0436682,1,1521083
107985521,0.06,0.0567336,1,1521083
107986981,0.09,0.0833467,1,1521224
107988441,0.1,0.0966693,1,1521224
107989901,0.11,0.107334,1,1521276
107991361,0.12,0.117467,1,1521276
107992821,0.09,0.0954934,1,1521317
107994281,0.1,0.0990987,1,1521317
107995741,0.09,0.0918197,1,1521319
107997201,0.1,0.0983639,1,1521319
107998661,0.11,0.107673,1,1521506
108000121,0.12,0.117535,1,1521506
108001581,0.29,0.255507,1,1521649
108003041,0.3,0.291101,1,1521649
108004501,0.3,0.29822,1,1521649
108005961,0.33,0.323644,1,1521702
108007421,0.34,0.336729,1,1521702
108008881,0.29,0.299346,1,1521742
108010341,0.3,0.299869,1,1521742
108011801,0.29,0.291974,1,1521744
108013261,0.3,0.298395,1,1521744
108014721,0.31,0.307679,1,1521932
108016181,0.32,0.317536,1,1521932
108017641,0.43,0.407507,1,1522084
108019101,0.44,0.433501,1,1522084
108020561,0.43,0.4307,1,1522086
108022021,0.44,0.43814,1,1522086
108023481,0.43,0.431628,1,1522140
108024941,0.44,0.438326,1,1522140
108026401,0.45,0.447665,1,1522178
108027861,0.46,0.457533,1,1522178
108029321,0.45,0.451507,1,1522180
108030781,0.46,0.458301,1,1522180
108032241,0.57,0.54766,1,1522369
108033701,0.58,0.573532,1,1522369
108035161,0.61,0.602706,1,1522527
108036621,0.62,0.616541,1,1522527
108038081,0.61,0.611308,1,1522529
108039541,0.62,0.618262,1,1522529
108041001,0.67,0.659652,1,1522583
108042461,0.68,0.67593,1,1522583
108043921,0.68,0.679186,1,1522583
108045381,0.67,0.671837,1,1522622
108046841,0.68,0.678367,1,1522622
108048301,0.67,0.671674,1,1522624
108049761,0.68,0.678335,1,1522624
108051221,0.81,0.783667,2,1522819
108052681,0.82,0.812733,2,1522819
108054141,0.81,0.810547,2,1522979
108055601,0.82,0.818109,2,1522979
108057061,0.81,0.811622,2,1522981
108058521,0.82,0.818324,2,1522981
108059981,0.77,0.779665,2,1523038
108061441,0.78,0.779933,2,1523038
108062901,0.79,0.787987,2,1523076
108064361,0.8,0.797597,2,1523076
108065821,0.79,0.791519,2,1523078
108067281,0.8,0.798304,2,1523078
108068741,0.93,0.903661,2,1523279
108070201,0.91,0.908732,2,1523281
108071661,0.92,0.917746,2,1523281
108073121,0.93,0.927549,2,1523441
108074581,0.94,0.93751,2,1523441
108076041,0.93,0.931502,2,1523443
108077501,0.94,0.9383,2,1523443
108151961,0.85,0.85,2,1525170
108153421,0.86,0.858,2,1525170
108154881,0.25,0.3716,1,1525338
108156341,0.26,0.28232,1,1525338
108157801,0.15,0.176464,1,1525377
108159261,0.16,0.163293,1,1525377
108160721,0.07,0.0886586,1,1525410
108162181,0.08,0.0817317,1,1525410
108163641,0.07,0.0723463,1,1525431
108165101,0.08,0.0784693,1,1525431
108166561,0.03,0.0396939,1,1525459
108168021,0.04,0.0399388,1,1525459
108169481,0.05,0.0479878,1,1525485
108170941,0.06,0.0575976,1,1525485
108172401,0.06,0.0595195,1,1525485
108173861,0.03,0.0359039,1,1525633
108175321,0.04,0.0391808,1,1525633
108176781,0.07,0.0638362,1,1525771
108178241,0.08,0.0767672,1,1525771
108179701,0.05,0.0553534,1,1525805
108181161,0.06,0.0590707,1,1525805
108182621,0.05,0.0518141,1,1525834
108184081,0.06,0.0583628,1,1525834
108185541,0.05,0.0516726,1,1525855
108187001,0.06,0.0583345,1,1525855
108188461,0.11,0.0996669,1,1525881
108189921,0.12,0.115933,1,1525881
108191381,0.05,0.0631867,1,1525908
108192841,0.06,0.0606373,1,1525908
108194301,0.05,0.0521275,1,1525910
108195761,0.06,0.0584255,1,1525910
108197221,0.05,0.0516851,1,1526056
108198681,0.06,0.058337,1,1526056
108200141,0.07,0.0676674,1,1526196
108201601,0.08,0.0775335,1,1526196
108203061,0.05,0.0555067,1,1526229
108204521,0.06,0.0591013,1,1526229
108205981,0.03,0.0358203,1,1526258
108207441,0.04,0.0391641,1,1526258
108208901,0.07,0.0638328,1,1526279
108210361,0.08,0.0767666,1,1526279
108211821,0.05,0.0553533,1,1526308
108213281,0.06,0.0590707,1,1526308
108214741,0.07,0.0678141,1,1526332
108216201,0.08,0.0775628,1,1526332
108217661,0.07,0.0715126,1,1526334
108219121,0.08,0.0783025,1,1526334
108220581,0.09,0.0876605,1,1526480
108222041,0.1,0.0975321,1,1526480
108223501,0.1,0.0995064,1,1526480
108224961,0.17,0.155901,1,1526621
108226421,0.18,0.17518,1,1526621
108227881,0.19,0.187036,1,1526653
108229341,0.2,0.197407,1,1526653
108230801,0.19,0.191481,1,1526681
108232261,0.2,0.198296,1,1526681
108233721,0.25,0.239659,1,1526704
108235181,0.26,0.255932,1,1526704
108236641,0.25,0.251186,1,1526732
108238101,0.26,0.258237,1,1526732
108239561,0.23,0.235647,1,1526757
108241021,0.24,0.239129,1,1526757
108242481,0.23,0.231826,1,1526759
108243941,0.24,0.238365,1,1526759
108245401,0.23,0.231673,1,1526906
108246861,0.24,0.238335,1,1526906
108248321,0.35,0.327667,1,1527050
108249781,0.36,0.353533,1,1527050
108251241,0.41,0.398707,1,1527083
108252701,0.42,0.415741,1,1527083
108254161,0.41,0.411148,1,1527111
108255621,0.42,0.41823,1,1527111
108257081,0.43,0.427646,1,1527137
108258541,0.44,0.437529,1,1527137
108260001,0.43,0.431506,1,1527165
108261461,0.44,0.438301,1,1527165
108262921,0.43,0.43166,1,1527189
108264381,0.44,0.438332,1,1527189
108265841,0.43,0.431666,1,1527191
108267301,0.44,0.438333,1,1527191
108268761,0.51,0.495667,1,1527338
108270221,0.52,0.515133,1,1527338
108271681,0.57,0.559027,1,1527488
108273141,0.58,0.575805,1,1527488
108274601,0.53,0.539161,1,1527524
108276061,0.54,0.539832,1,1527524
108277521,0.54,0.539966,1,1527524
108278981,0.57,0.563993,1,1527552
108280441,0.58,0.576799,1,1527552
108281901,0.55,0.55536,1,1527579
108283361,0.56,0.559072,1,1527579
108284821,0.55,0.551814,1,1527607
108286281,0.56,0.558363,1,1527607
108287741,0.55,0.551673,1,1527631
108289201,0.56,0.558334,1,1527631
108290661,0.55,0.551667,1,1527633
108292121,0.56,0.558333,1,1527633
108293581,0.69,0.663667,1,1527784
108295041,0.7,0.692733,1,1527784
108296501,0.75,0.738547,1,1527937
108297961,0.76,0.755709,2,1527937
108299421,0.75,0.751142,2,1527971
108300881,0.76,0.758228,2,1527971
108302341,0.75,0.751646,2,1527973
108303801,0.76,0.758329,2,1527973
108305261,0.75,0.751666,2,1528002
108306721,0.76,0.758333,2,1528002
108308181,0.77,0.767667,2,1528028
108309641,0.78,0.777533,2,1528028
108311101,0.79,0.787507,2,1528056
108312561,0.8,0.797501,2,1528056
108314021,0.81,0.8075,2,1528080
108315481,0.82,0.8175,2,1528080
108316941,0.81,0.8115,2,1528082
108318401,0.82,0.8183,2,1528082
108319861,0.83,0.82766,2,1528240
108321321,0.84,0.837532,2,1528240
108322781,0.85,0.847506,2,1528396
108324241,0.86,0.857501,2,1528396
108325701,0.87,0.8675,2,1528430
108327161,0.88,0.8775,2,1528430
108328621,0.87,0.8715,2,1528432
108330081,0.88,0.8783,2,1528432
108331541,0.88,0.87966,2,1528432
108333001,0.91,0.903932,2,1528461
108334461,0.92,0.916786,2,1528461
108335921,0.95,0.943357,2,1528488
108457101,0.89,0.89,2,1530777
108458561,0.71,0.746,1,1530832
108460021,0.57,0.6052,1,1530860
108461481,0.57,0.57704,1,1530911
108462941,0.45,0.475408,1,1530947
108464401,0.29,0.327082,1,1530988
108465861,0.29,0.297416,1,1530989
108467321,0.29,0.291483,1,1530999
108468781,0.21,0.226297,1,1531015
108470241,0.07,0.101259,1,1531288
108471701,0.08,0.0842519,1,1531288
108473161,0.13,0.12085,1,1531360
108474621,0.14,0.13617,1,1531360
108476081,0.07,0.083234,1,1531423
108477541,0.08,0.0806468,1,1531423
108479001,0.07,0.0721294,1,1531434
108480461,0.08,0.0784259,1,1531434
108481921,0.08,0.0796852,1,1531434
108483381,0.13,0.119937,1,1531646
108484841,0.15,0.143987,1,1531713
108486301,0.16,0.156797,1,1531713
108487761,0.23,0.215359,1,1531788
108489221,0.24,0.235072,1,1531788
108490681,0.25,0.247014,1,1531848
108492141,0.26,0.257403,1,1531848
108493601,0.23,0.235481,1,1531859
108495061,0.24,0.239096,1,1531859
108496521,0.29,0.279819,1,1532060
108497981,0.31,0.303964,1,1532141
108499441,0.32,0.316793,1,1532141
108500901,0.35,0.343359,1,1532220
108502361,0.36,0.356672,1,1532220
108503821,0.33,0.335334,1,1532281
108505281,0.34,0.339067,1,1532281
108506741,0.33,0.331813,1,1532291
108508201,0.34,0.338363,1,1532291
108509661,0.41,0.395673,1,1532492
108511121,0.42,0.415135,1,1532492
108512581,0.53,0.507027,1,1532577
108514041,0.54,0.533405,1,1532577
108515501,0.49,0.498681,1,1532658
108516961,0.5,0.499736,1,1532658
108518421,0.55,0.539947,1,1532718
108519881,0.56,0.555989,1,1532718
108521341,0.55,0.551198,1,1532728
108522801,0.56,0.55824,1,1532728
108524261,0.69,0.663648,1,1532929
108525721,0.65,0.65273,1,1532936
108527181,0.66,0.658546,1,1532936
108528641,0.69,0.683709,1,1533025
108530101,0.7,0.696742,1,1533025
108531561,0.71,0.707348,1,1533104
108533021,0.72,0.71747,1,1533104
108534481,0.75,0.743494,1,1533167
108535941,0.76,0.756699,2,1533167
108537401,0.75,0.75134,2,1533177
108538861,0.76,0.758268,2,1533177
108540321,0.75,0.751654,2,1533390
108541781,0.76,0.758331,2,1533390
108543241,0.76,0.759666,2,1533390
108544701,0.83,0.815933,2,1533480
108546161,0.84,0.835187,2,1533480
108547621,0.91,0.895037,2,1533560
108549081,0.92,0.915007,2,1533560
108550541,0.93,0.927001,2,1533625
108552001,0.94,0.9374,2,1533625
108553461,0.95,0.94748,2,1533635
108616241,0.91,0.91,2,1535431
108617701,0.92,0.918,2,1535431
108619161,0.92,0.9196,2,1535431
108620621,0.53,0.60792,1,1535495
108622081,0.54,0.553584,1,1535495
108623541,0.53,0.534717,1,1535525
108625001,0.54,0.538943,1,1535525
108626461,0.17,0.243789,1,1535711
108627921,0.18,0.192758,1,1535711
108629381,0.03,0.0625515,1,1535744
108630841,0.04,0.0445103,1,1535744
108632301,0.01,0.0169021,1,1535840
108633761,0.02,0.0193804,1,1535840
108635221,0.05,0.0438761,1,1535897
108636681,0.06,0.0567752,1,1535897
108638141,0.05,0.051355,1,1535899
108639601,0.06,0.058271,1,1535899
108641061,0.03,0.0356542,1,1535943
108642521,0.04,0.0391308,1,1535943
108643981,0.01,0.0158262,1,1535973
108645441,0.02,0.0191652,1,1535973
108646901,0.01,0.011833,1,1536141
108648361,0.02,0.0183666,1,1536141
108649821,0.03,0.0276733,1,1536167
108651281,0.04,0.0375347,1,1536167
108652741,0.05,0.0475069,1,1536262
108654201,0.06,0.0575014,1,1536262
108655661,0.01,0.0195003,1,1536321
108657121,0.02,0.0199001,1,1536321
108658581,0.01,0.01198,1,1536323
108660041,0.02,0.018396,1,1536323
108661501,0.07,0.0596792,1,1536366
108662961,0.08,0.0759358,1,1536366
108664421,0.08,0.0791872,1,1536366
108665881,0.11,0.103837,1,1536395
108667341,0.12,0.116767,1,1536395
108668801,0.21,0.191354,1,1536563
108670261,0.22,0.214271,1,1536563
108671721,0.15,0.162854,1,1536590
108673181,0.16,0.160571,1,1536590
108674641,0.07,0.0881142,1,1536686
108676101,0.08,0.0816228,1,1536686
108677561,0.03,0.0403246,1,1536743
108679021,0.04,0.0400649,1,1536743
108680481,0.03,0.032013,1,1536745
108681941,0.04,0.0384026,1,1536745
108683401,0.01,0.0156805,1,1536791
108684861,0.02,0.0191361,1,1536791
108686321,0.05,0.0438272,1,1536821
108687781,0.06,0.0567654,1,1536821
108689241,0.09,0.0833531,1,1536994
108690701,0.1,0.0966706,1,1536994
108692161,0.11,0.107334,1,1537018
108693621,0.12,0.117467,1,1537018
108695081,0.11,0.111493,1,1537110
108696541,0.12,0.118299,1,1537110
108698001,0.19,0.17566,1,1537165
108699461,0.2,0.195132,1,1537165
108700921,0.19,0.191026,1,1537167
108702381,0.2,0.198205,1,1537167
108703841,0.17,0.175641,1,1537212
108705301,0.18,0.179128,1,1537212
108706761,0.15,0.155826,1,1537244
108708221,0.16,0.159165,1,1537244
108709681,0.16,0.159833,1,1537244
108711141,0.31,0.279967,1,1537419
108712601,0.32,0.311993,1,1537419
108714061,0.35,0.342399,1,1537444
108715521,0.36,0.35648,1,1537444
108716981,0.39,0.383296,1,1537536
108718441,0.4,0.396659,1,1537536
108719901,0.45,0.439332,1,1537595
108721361,0.46,0.455866,1,1537595
108722821,0.45,0.451173,1,1537597
108724281,0.46,0.458235,1,1537597
108725741,0.45,0.451647,1,1537641
108727201,0.46,0.458329,1,1537641
108728661,0.43,0.435666,1,1537672
108730121,0.44,0.439133,1,1537672
108731581,0.43,0.431827,1,1537674
108733041,0.44,0.438365,1,1537674
108734501,0.49,0.479673,1,1537856
108735961,0.5,0.495935,1,1537856
108737421,0.53,0.523187,1,1537883
108738881,0.54,0.536637,1,1537883
108740341,0.61,0.595327,1,1537977
108741801,0.62,0.615066,1,1537977
108743261,0.59,0.595013,1,1538039
108744721,0.6,0.599003,1,1538039
108746181,0.59,0.591801,1,1538041
108747641,0.6,0.59836,1,1538041
108749101,0.61,0.607672,1,1538085
108750561,0.62,0.617534,1,1538085
108752021,0.63,0.627507,1,1538115
108753481,0.64,0.637501,1,1538115
108754941,0.63,0.6315,1,1538117
108756401,0.64,0.6383,1,1538117
108757861,0.73,0.71166,1,1538302
108759321,0.74,0.734332,1,1538302
108760781,0.74,0.738866,1,1538302
108762241,0.77,0.763773,2,1538331
108763701,0.78,0.776755,2,1538331
108765161,0.79,0.787351,2,1538429
108766621,0.8,0.79747,2,1538429
108768081,0.79,0.791494,2,1538490
108769541,0.8,0.798299,2,1538490
108771001,0.79,0.79166,2,1538492
108772461,0.8,0.798332,2,1538492
108773921,0.79,0.791666,2,1538537
108775381,0.8,0.798333,2,1538537
108776841,0.83,0.823667,2,1538568
108778301,0.84,0.836733,2,1538568
108779761,0.83,0.831347,2,1538570
108781221,0.84,0.838269,2,1538570
108782681,0.79,0.799654,2,1538760
108784141,0.8,0.799931,2,1538760
108785601,0.79,0.791986,2,1538790
108787061,0.8,0.798397,2,1538790
108788521,0.81,0.807679,2,1538889
108789981,0.82,0.817536,2,1538889
108791441,0.85,0.843507,2,1538950
108792901,0.86,0.856701,2,1538950
108794361,0.85,0.85134,2,1538952
108795821,0.86,0.858268,2,1538952
108797281,0.87,0.867654,2,1538997
108798741,0.88,0.877531,2,1538997
108800201,0.91,0.903506,2,1539030
108801661,0.92,0.916701,2,1539030
108803121,0.91,0.91134,2,1539032
108804581,0.92,0.918268,2,1539032
108884881,0.95,0.95,2,1540656
108887801,0.9,0.9,2,1540697
108889261,0.91,0.908,2,1540697
108890721,0.79,0.8136,2,1540800
108892181,0.8,0.80272,2,1540800
108893641,0.79,0.792544,2,1540836
108895101,0.8,0.798509,2,1540836
108896561,0.69,0.711702,1,1540872
108898021,0.7,0.70234,1,1540872
108899481,0.75,0.740468,1,1540897
108900941,0.76,0.756094,2,1540897
108902401,0.65,0.671219,1,1540927
108903861,0.66,0.662244,1,1540927
108905321,0.65,0.652449,1,1540959
108906781,0.66,0.65849,1,1540959
108908241,0.57,0.587698,1,1540991
108909701,0.58,0.58154,1,1540991
108911161,0.47,0.492308,1,1541126
108912621,0.48,0.482462,1,1541126
108914081,0.47,0.472492,1,1541163
108915541,0.48,0.478498,1,1541163
108917001,0.35,0.3757,1,1541260
108918461,0.36,0.36314,1,1541260
108919921,0.37,0.368628,1,1541296
108921381,0.38,0.377726,1,1541296
108922841,0.31,0.323545,1,1541327
108924301,0.32,0.320709,1,1541327
108925761,0.29,0.296142,1,1541355
108927221,0.3,0.299228,1,1541355
108928681,0.3,0.299846,1,1541355
108930141,0.27,0.275969,1,1541380
108931601,0.28,0.279194,1,1541380
108933061,0.31,0.303839,1,1541412
108934521,0.32,0.316768,1,1541412
108935981,0.25,0.263354,1,1541440
108937441,0.26,0.260671,1,1541440
108938901,0.29,0.284134,1,1541570
108940361,0.3,0.296827,1,1541570
108941821,0.29,0.291365,1,1541607
108943281,0.3,0.298273,1,1541607
108944741,0.33,0.323655,1,1541698
108946201,0.34,0.336731,1,1541698
108947661,0.35,0.347346,1,1541735
108949121,0.36,0.357469,1,1541735
108950581,0.37,0.367494,1,1541763
108952041,0.38,0.377499,1,1541763
108953501,0.41,0.4035,1,1541790
108954961,0.42,0.4167,1,1541790
108956421,0.41,0.41134,1,1541792
108957881,0.42,0.418268,1,1541792
108959341,0.41,0.411654,1,1541815
108960801,0.42,0.418331,1,1541815
108962261,0.43,0.427666,1,1541849
108963721,0.44,0.437533,1,1541849
108965181,0.41,0.415507,1,1541874
108966641,0.42,0.419101,1,1541874
108968101,0.45,0.44382,1,1542006
108969561,0.46,0.456764,1,1542006
108971021,0.43,0.435353,1,1542043
108972481,0.44,0.439071,1,1542043
108973941,0.47,0.463814,1,1542136
108975401,0.48,0.476763,1,1542136
108976861,0.51,0.503353,1,1542174
108978321,0.52,0.516671,1,1542174
108979781,0.49,0.495334,1,1542203
108981241,0.5,0.499067,1,1542203
108982701,0.53,0.523813,1,1542232
108984161,0.54,0.536763,1,1542232
108985621,0.53,0.531353,1,1542234
108987081,0.54,0.538271,1,1542234
108988541,0.54,0.539654,1,1542234
108990001,0.57,0.563931,1,1542257
108991461,0.58,0.576786,1,1542257
108992921,0.55,0.555357,1,1542292
108994381,0.56,0.559071,1,1542292
108995841,0.55,0.551814,1,1542316
108997301,0.56,0.558363,1,1542316
108998761,0.61,0.599673,1,1542450
109000221,0.62,0.615935,1,1542450
109001681,0.63,0.627187,1,1542486
109003141,0.64,0.637437,1,1542486
109004601,0.65,0.647487,1,1542581
109006061,0.66,0.657497,1,1542581
109007521,0.61,0.619499,1,1542621
109008981,0.62,0.6199,1,1542621
109010441,0.61,0.61198,1,1542649
109011901,0.62,0.618396,1,1542649
109013361,0.65,0.643679,1,1542680
109014821,0.66,0.656736,1,1542680
109016281,0.65,0.651347,1,1542682
109017741,0.66,0.658269,1,1542682
109019201,0.67,0.667654,1,1542706
109020661,0.68,0.677531,1,1542706
109022121,0.69,0.687506,1,1542740
109023581,0.7,0.697501,1,1542740
109025041,0.69,0.6915,1,1542764
109026501,0.7,0.6983,1,1542764
109027961,0.73,0.72366,1,1542901
109029421,0.74,0.736732,1,1542901
109030881,0.77,0.763346,2,1542938
109032341,0.78,0.776669,2,1542938
109033801,0.83,0.819334,2,1543034
109035261,0.84,0.835867,2,1543034
109036721,0.85,0.847173,2,1543072
109038181,0.86,0.857435,2,1543072
109039641,0.85,0.851487,2,1543100
109041101,0.86,0.858297,2,1543100
109042561,0.87,0.867659,2,1543133
109044021,0.88,0.877532,2,1543133
109045481,0.87,0.871506,2,1543135
109046941,0.88,0.878301,2,1543135
109048401,0.87,0.87166,2,1543160
109049861,0.88,0.878332,2,1543160
109051321,0.89,0.887666,2,1543195
109052781,0.9,0.897533,2,1543195
109054241,0.9,0.899507,2,1543195
109055701,0.93,0.923901,2,1543219
109057161,0.94,0.93678,2,1543219
109176881,0.87,0.87,2,1545108
109178341,0.88,0.878,2,1545108
109179801,0.93,0.9196,2,1545136
109181261,0.94,0.93592,2,1545136
109188561,0.89,0.89,2,1545260
109190021,0.9,0.898,2,1545260
109191481,0.9,0.8996,2,1545260
109192941,0.85,0.85992,2,1545289
109194401,0.86,0.859984,2,1545289
109195861,0.69,0.723997,1,1545402
109197321,0.7,0.704799,1,1545402
109198781,0.71,0.70896,1,1545437
109200241,0.72,0.717792,1,1545437
109201701,0.73,0.727558,1,1545492
109203161,0.74,0.737512,1,1545492
109204621,0.71,0.715502,1,1545514
109206081,0.72,0.7191,1,1545514
109207541,0.63,0.64782,1,1545546
109209001,0.64,0.641564,1,1545546
109210461,0.77,0.744313,1,1545581
109211921,0.78,0.772863,2,1545581
109213381,0.79,0.786573,2,1545611
109214841,0.8,0.797314,2,1545611
109216301,0.73,0.743463,1,1545630
109217761,0.74,0.740693,1,1545630
109219221,0.77,0.764139,2,1545668
109220681,0.78,0.776828,2,1545668
109222141,0.83,0.819366,2,1545725
109223601,0.84,0.835873,2,1545725
109225061,0.83,0.831175,2,1545727
109226521,0.84,0.838235,2,1545727
109227981,0.91,0.895647,2,1545753
109229441,0.92,0.915129,2,1545753
109230901,0.85,0.863026,2,1545858
109232361,0.86,0.860605,2,1545858
109233821,0.95,0.932121,2,1545894
109236741,0.91,0.91,2,1545950
109238201,0.92,0.918,2,1545950
109239661,0.93,0.9276,2,1545971
109241121,0.94,0.93752,2,1545971
109242581,0.95,0.947504,2,1545999
109245501,0.93,0.93,2,1546041
109246961,0.94,0.938,2,1546041
109248421,0.91,0.9156,2,1546072
109249881,0.92,0.91912,2,1546072
109251341,0.91,0.911824,2,1546088
109252801,0.92,0.918365,2,1546088
109254261,0.91,0.911673,2,1546128
109255721,0.92,0.918335,2,1546128
109257181,0.93,0.927667,2,1546188
109258641,0.94,0.937533,2,1546188
109260101,0.93,0.931507,2,1546190
109261561,0.94,0.938301,2,1546190
109397341,0.94,0.94,2,1547993
109398801,0.95,0.948,2,1547993
109400261,0.89,0.9016,2,1548041
109401721,0.9,0.90032,2,1548041
109406101,0.94,0.94,2,1548115
109407561,0.95,0.948,2,1548115
109409021,0.81,0.8376,2,1548156
109410481,0.82,0.82352,2,1548156
109411941,0.63,0.668704,1,1548213
109413401,0.64,0.645741,1,1548213
109414861,0.35,0.409148,1,1548283
109416321,0.36,0.36983,1,1548283
109417781,0.23,0.257966,1,1548319
109419241,0.24,0.243593,1,1548319
109420701,0.15,0.168719,1,1548345
109422161,0.16,0.161744,1,1548345
109423621,0.16,0.160349,1,1548345
109425081,0.13,0.13607,1,1548365
109426541,0.14,0.139214,1,1548365
109428001,0.03,0.0518428,1,1548399
109429461,0.04,0.0423686,1,1548399
109430921,0.03,0.0324737,1,1548429
109432381,0.04,0.0384947,1,1548429
109433841,0.07,0.0636989,1,1548461
109435301,0.08,0.0767398,1,1548461
109436761,0,0.015348,1,1548472
109438221,0,0.00306959,1,1548472
109439681,0.03,0.0246139,1,1548509
109441141,0.04,0.0369228,1,1548509
109442601,0,0.00738456,1,1548558
109444061,0,0.00147691,1,1548558
109445521,0,0.000295382,1,1548585
109446981,0,5.90764e-05,1,1548585
109448441,0.03,0.0240118,1,1548618
109449901,0.04,0.0368024,1,1548618
109451361,0.03,0.0313605,1,1548666
109452821,0.04,0.0382721,1,1548666
109454281,0,0.00765442,1,1548722
109455741,0,0.00153088,1,1548722
109457201,0.01,0.00830618,1,1548752
109458661,0.02,0.0176612,1,1548752
109460121,0.07,0.0595322,1,1548774
109461581,0.08,0.0759064,1,1548774
109463041,0.07,0.0711813,1,1548792
109464501,0.08,0.0782363,1,1548792
109465961,0.05,0.0556473,1,1548821
109467421,0.06,0.0591295,1,1548821
109468881,0.03,0.0358259,1,1548851
109470341,0.04,0.0391652,1,1548851
109471801,0.01,0.015833,1,1548885
109473261,0.02,0.0191666,1,1548885
109474721,0.01,0.0118333,1,1548893
109476181,0.02,0.0183667,1,1548893
109477641,0.09,0.0756733,1,1548931
109479101,0.1,0.0951347,1,1548931
109480561,0,0.0190269,1,1548979
109482021,0,0.00380539,1,1548979
109483481,0,0.000761077,1,1549006
109484941,0,0.000152215,1,1549006
109486401,0.05,0.0400304,1,1549040
109487861,0.06,0.0560061,1,1549040
109489321,0.09,0.0832012,1,1549088
109490781,0.1,0.0966402,1,1549088
109492241,0,0.019328,1,1549143
109493701,0,0.00386561,1,1549143
109495161,0.03,0.0247731,1,1549173
109496621,0.04,0.0369546,1,1549173
109498081,0.03,0.0313909,1,1549198
109499541,0.04,0.0382782,1,1549198
109501001,0.03,0.0316556,1,1549216
109502461,0.04,0.0383311,1,1549216
109503921,0.04,0.0396662,1,1549216
109505381,0.09,0.0799332,1,1549244
109506841,0.1,0.0959866,1,1549244
109508301,0.03,0.0431973,1,1549273
109509761,0.04,0.0406395,1,1549273
109511221,0.03,0.0321279,1,1549306
109512681,0.04,0.0384256,1,1549306
109514141,0.03,0.0316851,1,1549314
109515601,0.04,0.038337,1,1549314
109517061,0.03,0.0316674,1,1549356
109518521,0.04,0.0383335,1,1549356
109519981,0.03,0.0316667,1,1549400
109521441,0.04,0.0383333,1,1549400
109522901,0.01,0.0156667,1,1549427
109524361,0.02,0.0191333,1,1549427
109525821,0.09,0.0758267,1,1549463
109527281,0.1,0.0951653,1,1549463
109528741,0.13,0.123033,1,1549513
109530201,0.14,0.136607,1,1549513
109531661,0.15,0.147321,1,1549564
109533121,0.16,0.157464,1,1549564
109534581,0.17,0.167493,1,1549595
109536041,0.18,0.177499,1,1549595
109537501,0.19,0.1875,1,1549620
109538961,0.2,0.1975,1,1549620
109540421,0.19,0.1915,1,1549638
109541881,0.2,0.1983,1,1549638
109543341,0.19,0.19166,1,1549640
109544801,0.2,0.198332,1,1549640
109546261,0.21,0.207666,1,1549670
109547721,0.22,0.217533,1,1549670
109549181,0.21,0.211507,1,1549696
109550641,0.22,0.218301,1,1549696
109552101,0.19,0.19566,1,1549729
109553561,0.2,0.199132,1,1549729
109555021,0.17,0.175826,1,1549737
109556481,0.18,0.179165,1,1549737
109557941,0.05,0.0758331,1,1549779
109559401,0.06,0.0631666,1,1549779
109560861,0.05,0.0526333,1,1549823
109562321,0.06,0.0585267,1,1549823
109563781,0.05,0.0517053,1,1549849
109565241,0.06,0.0583411,1,1549849
109566701,0.03,0.0356682,1,1549889
109568161,0.04,0.0391336,1,1549889
109569621,0.09,0.0798267,1,1549941
109571081,0.1,0.0959653,1,1549941
109572541,0.09,0.0911931,1,1549993
109574001,0.1,0.0982386,1,1549993
109575461,0.09,0.0916477,1,1550025
109576921,0.1,0.0983295,1,1550025
109578381,0.13,0.123666,1,1550051
109579841,0.14,0.136733,1,1550051
109581301,0.15,0.147347,1,1550069
109582761,0.16,0.157469,1,1550069
109584221,0.15,0.151494,1,1550071
109585681,0.16,0.158299,1,1550071
109587141,0.17,0.16766,1,1550102
109588601,0.18,0.177532,1,1550102
109590061,0.18,0.179506,1,1550102
109591521,0.21,0.203901,1,1550128
109592981,0.22,0.21678,1,1550128
109594441,0.23,0.227356,1,1550160
109595901,0.24,0.237471,1,1550160
109597361,0.21,0.215494,1,1550167
109598821,0.22,0.219099,1,1550167
109600281,0.23,0.22782,1,1550203
109601741,0.24,0.237564,1,1550203
109603201,0.23,0.231513,1,1550247
109604661,0.24,0.238303,1,1550247
109606121,0.23,0.231661,1,1550273
109607581,0.24,0.238332,1,1550273
109609041,0.19,0.199666,1,1550312
109610501,0.2,0.199933,1,1550312
109611961,0.21,0.207987,1,1550367
109613421,0.22,0.217597,1,1550367
109614881,0.23,0.227519,1,1550419
109616341,0.24,0.237504,1,1550419
109617801,0.25,0.247501,1,1550451
109619261,0.26,0.2575,1,1550451
109620721,0.23,0.2355,1,1550479
109622181,0.24,0.2391,1,1550479
109623641,0.21,0.21582,1,1550498
109625101,0.22,0.219164,1,1550498
109626561,0.21,0.211833,1,1550500
109628021,0.22,0.218367,1,1550500
109629481,0.21,0.211673,1,1550532
109630941,0.22,0.218335,1,1550532
109632401,0.19,0.195667,1,1550559
109633861,0.2,0.199133,1,1550559
109635321,0.19,0.191827,1,1550592
109636781,0.2,0.198365,1,1550592
109638241,0.19,0.191673,1,1550598
109639701,0.2,0.198335,1,1550598
109641161,0.19,0.191667,1,1550635
109642621,0.2,0.198333,1,1550635
109644081,0.19,0.191667,1,1550679
109645541,0.2,0.198333,1,1550679
109647001,0.19,0.191667,1,1550705
109648461,0.2,0.198333,1,1550705
109649921,0.21,0.207667,1,1550742
109651381,0.22,0.217533,1,1550742
109652841,0.21,0.211507,1,1550798
109654301,0.22,0.218301,1,1550798
109655761,0.31,0.29166,1,1550851
109657221,0.32,0.314332,1,1550851
109658681,0.35,0.342866,1,1550884
109660141,0.36,0.356573,1,1550884
109661601,0.33,0.335315,1,1550911
109663061,0.34,0.339063,1,1550911
109664521,0.33,0.331813,1,1550929
109665981,0.34,0.338363,1,1550929
109667441,0.33,0.331672,1,1550931
109668901,0.34,0.338335,1,1550931
109670361,0.33,0.331667,1,1550963
109671821,0.34,0.338333,1,1550963
109673281,0.35,0.347667,1,1550989
109674741,0.36,0.357533,1,1550989
109676201,0.37,0.367507,1,1551022
109677661,0.38,0.377501,1,1551022
109679121,0.38,0.3795,1,1551022
109680581,0.41,0.4039,1,1551028
109682041,0.42,0.41678,1,1551028
109683501,0.45,0.443356,1,1551065
109684961,0.46,0.456671,1,1551065
109686421,0.47,0.467334,1,1551109
109687881,0.48,0.477467,1,1551109
109689341,0.47,0.471493,1,1551135
109690801,0.48,0.478299,1,1551135
109692261,0.49,0.48766,1,1551173
109693721,0.5,0.497532,1,1551173
109695181,0.51,0.507506,1,1551229
109696641,0.52,0.517501,1,1551229
109698101,0.57,0.5595,1,1551287
109699561,0.58,0.5759,1,1551287
109701021,0.61,0.60318,1,1551322
109702481,0.62,0.616636,1,1551322
109703941,0.61,0.611327,1,1551348
109705401,0.62,0.618265,1,1551348
109706861,0.61,0.611653,1,1551366
109708321,0.62,0.618331,1,1551366
109709781,0.61,0.611666,1,1551368
109711241,0.62,0.618333,1,1551368
109712701,0.65,0.643667,1,1551400
109714161,0.66,0.656733,1,1551400
109715621,0.69,0.683347,1,1551427
109717081,0.7,0.696669,1,1551427
109718541,0.73,0.723334,1,1551461
109720001,0.74,0.736667,1,1551461
109721461,0.73,0.731333,1,1551463
109722921,0.74,0.738267,1,1551463
109724381,0.71,0.715653,1,1551470
109725841,0.72,0.719131,1,1551470
109727301,0.73,0.727826,1,1551509
109728761,0.74,0.737565,1,1551509
109730221,0.77,0.763513,2,1551554
109731681,0.78,0.776703,2,1551554
109733141,0.79,0.787341,2,1551580
109734601,0.8,0.797468,2,1551580
109736061,0.77,0.775494,2,1551619
109737521,0.78,0.779099,2,1551619
109738981,0.79,0.78782,2,1551676
109740441,0.8,0.797564,2,1551676
109741901,0.83,0.823513,2,1551737
109743361,0.84,0.836703,2,1551737
109744821,0.81,0.815341,2,1551774
109746281,0.82,0.819068,2,1551774
109747741,0.83,0.827814,2,1551800
109749201,0.84,0.837563,2,1551800
109750661,0.85,0.847513,2,1551818
109752121,0.86,0.857503,2,1551818
109753581,0.85,0.8515,2,1551820
109755041,0.86,0.8583,2,1551820
109756501,0.85,0.85166,2,1551854
109757961,0.86,0.858332,2,1551854
109759421,0.85,0.851666,2,1551883
109760881,0.86,0.858333,2,1551883
109762341,0.89,0.883667,2,1551919
109763801,0.9,0.896733,2,1551919
109765261,0.89,0.891347,2,1551921
109766721,0.9,0.898269,2,1551921
109768181,0.89,0.891654,2,1551927
109769641,0.9,0.898331,2,1551927
109771101,0.9,0.899666,2,1551927
109772561,0.93,0.923933,2,1551967
109774021,0.94,0.936787,2,1551967
109787161,0.93,0.93,2,1552200
109788621,0.94,0.938,2,1552200
109807601,0.95,0.95,2,1552385
109810521,0.95,0.95,2,1552387
109947761,0.81,0.81,2,1554106
109949221,0.59,0.634,1,1554156
109950681,0.51,0.5348,1,1554184
109952141,0.35,0.38696,1,1554240
109953601,0.33,0.341392,1,1554259
109955061,0.33,0.332278,1,1554277
109956521,0.25,0.266456,1,1554291
109957981,0.33,0.317291,1,1554302
109959441,0.33,0.327458,1,1554306
109960901,0.31,0.313492,1,1554310
109962361,0.15,0.182698,1,1554344
109963821,0.25,0.23654,1,1554370
109965281,0.19,0.199308,1,1554428
109966741,0.21,0.207862,1,1554454
109968201,0.11,0.129572,1,1554492
109969661,0.07,0.0819145,1,1554606
109971121,0.08,0.0803829,1,1554606
109972581,0.11,0.104077,1,1554678
109974041,0.12,0.116815,1,1554678
109975501,0.09,0.0953631,1,1554714
109976961,0.1,0.0990726,1,1554714
109978421,0.11,0.107815,1,1554739
109979881,0.12,0.117563,1,1554739
109981341,0.17,0.159513,1,1554746
109982801,0.18,0.175903,1,1554746
109984261,0.23,0.21918,1,1554803
109985721,0.24,0.235836,1,1554803
109987181,0.25,0.247167,1,1554885
109988641,0.26,0.257433,1,1554885
109990101,0.33,0.315487,1,1555030
109991561,0.34,0.335097,1,1555030
109993021,0.37,0.363019,1,1555104
109994481,0.38,0.376604,1,1555104
109995941,0.41,0.403321,1,1555139
109997401,0.42,0.416664,1,1555139
109998861,0.41,0.411333,1,1555165
110000321,0.42,0.418267,1,1555165
110001781,0.37,0.379653,1,1555175
110003241,0.38,0.379931,1,1555175
110004701,0.39,0.387986,1,1555235
110006161,0.4,0.397597,1,1555235
110007621,0.49,0.471519,1,1555318
110009081,0.5,0.494304,1,1555318
110010541,0.63,0.602861,1,1555467
110012001,0.64,0.632572,1,1555467
110013461,0.64,0.638514,1,1555467
110014921,0.61,0.615703,1,1555543
110016381,0.62,0.619141,1,1555543
110017841,0.63,0.627828,1,1555580
110019301,0.64,0.637566,1,1555580
110020761,0.63,0.631513,1,1555606
110022221,0.64,0.638303,1,1555606
110023681,0.63,0.631661,1,1555614
110025141,0.64,0.638332,1,1555614
110026601,0.67,0.663666,1,1555675
110028061,0.68,0.676733,1,1555675
110029521,0.65,0.655347,1,1555763
110030981,0.66,0.659069,1,1555763
110032441,0.83,0.795814,2,1555919
110033901,0.84,0.831163,2,1555919
110035361,0.83,0.830233,2,1555921
110036821,0.84,0.838047,2,1555921
110038281,0.83,0.831609,2,1555995
110039741,0.84,0.838322,2,1555995
110041201,0.83,0.831664,2,1556033
110042661,0.84,0.838333,2,1556033
110044121,0.85,0.847667,2,1556059
110045581,0.86,0.857533,2,1556059
110047041,0.85,0.851507,2,1556067
110048501,0.86,0.858301,2,1556067
110049961,0.87,0.86766,2,1556130
110051421,0.88,0.877532,2,1556130
110052881,0.93,0.919506,2,1556217
110054341,0.94,0.935901,2,1556217
110055801,0.83,0.85118,2,1556382
110057261,0.84,0.842236,2,1556382
110058721,0.83,0.832447,2,1556384
110060181,0.84,0.838489,2,1556384
110061641,0.85,0.847698,2,1556458
110063101,0.86,0.85754,2,1556458
110064561,0.86,0.859508,2,1556458
110066021,0.87,0.867902,2,1556496
110067481,0.88,0.87758,2,1556496
110068941,0.85,0.855516,2,1556523
110070401,0.86,0.859103,2,1556523
110071861,0.85,0.851821,2,1556531
110073321,0.86,0.858364,2,1556531
110074781,0.85,0.851673,2,1556595
110076241,0.86,0.858335,2,1556595
110160921,0.93,0.93,2,1558343
110162381,0.94,0.938,2,1558343
110163841,0.73,0.7716,2,1558400
110165301,0.74,0.74632,1,1558400
110166761,0.79,0.781264,2,1558434
110168221,0.8,0.796253,2,1558434
110169681,0.59,0.631251,1,1558465
110171141,0.6,0.60625,1,1558465
110172601,0.6,0.60125,1,1558465
110174061,0.55,0.56025,1,1558496
110175521,0.56,0.56005,1,1558496
110176981,0.47,0.48801,1,1558517
110178441,0.48,0.481602,1,1558517
110179901,0.21,0.26432,1,1558593
110181361,0.22,0.228864,1,1558593
110182821,0.01,0.0537728,1,1558739
110184281,0.02,0.0267546,1,1558739
110185741,0,0.00535091,1,1558779
110187201,0,0.00107018,1,1558779
110188661,0,0.000214036,1,1558811
110190121,0,4.28073e-05,1,1558811
110191581,0.03,0.0240086,1,1558858
110193041,0.04,0.0368017,1,1558858
110194501,0.01,0.0153603,1,1558895
110195961,0.02,0.0190721,1,1558895
110197421,0.03,0.0278144,1,1558916
110198881,0.04,0.0375629,1,1558916
110200341,0.09,0.0795126,1,1558944
110201801,0.1,0.0959025,1,1558944
110203261,0.01,0.0271805,1,1558961
110204721,0.02,0.0214361,1,1558961
110206181,0.09,0.0762872,1,1559024
110207641,0.1,0.0952574,1,1559024
110209101,0.07,0.0750515,1,1559160
110210561,0.08,0.0790103,1,1559160
110212021,0,0.0158021,1,1559200
110213481,0,0.00316041,1,1559200
110214941,0,0.000632082,1,1559232
110216401,0,0.000126416,1,1559232
110217861,0.13,0.104025,1,1559280
110219321,0.14,0.132805,1,1559280
110220781,0.19,0.178561,1,1559316
110222241,0.2,0.195712,1,1559316
110223701,0.21,0.207142,1,1559338
110225161,0.22,0.217428,1,1559338
110226621,0.23,0.227486,1,1559369
110228081,0.24,0.237497,1,1559369
110229541,0.24,0.239499,1,1559369
110231001,0.31,0.2959,1,1559382
110232461,0.32,0.31518,1,1559382
110233921,0.31,0.311036,1,1559449
110235381,0.32,0.318207,1,1559449
110236841,0.27,0.279641,1,1559584
110238301,0.28,0.279928,1,1559584
110239761,0.17,0.191986,1,1559621
110241221,0.18,0.182397,1,1559621
110242681,0.05,0.0764794,1,1559653
110244141,0.06,0.0632959,1,1559653
110245601,0.07,0.0686592,1,1559707
110247061,0.08,0.0777318,1,1559707
110248521,0.11,0.103546,1,1559746
110249981,0.12,0.116709,1,1559746
110251441,0.09,0.0953419,1,1559769
110252901,0.1,0.0990684,1,1559769
110254361,0.11,0.107814,1,1559801
110255821,0.12,0.117563,1,1559801
110257281,0.11,0.111513,1,1559803
110258741,0.12,0.118303,1,1559803
110260201,0.17,0.159661,1,1559819
110261661,0.18,0.175932,1,1559819
110263121,0.17,0.171186,1,1559886
110264581,0.18,0.178237,1,1559886
110266041,0.23,0.219647,1,1560019
110267501,0.24,0.235929,1,1560019
110268961,0.25,0.247186,1,1560051
110270421,0.26,0.257437,1,1560051
110271881,0.27,0.267487,1,1560077
110273341,0.28,0.277497,1,1560077
110274801,0.31,0.3035,1,1560132
110276261,0.32,0.3167,1,1560132
110277721,0.25,0.26334,1,1560173
110279181,0.26,0.260668,1,1560173
110280641,0.25,0.252134,1,1560195
110282101,0.26,0.258427,1,1560195
110283561,0.25,0.251685,1,1560228
110285021,0.26,0.258337,1,1560228
110286481,0.25,0.251667,1,1560230
110287941,0.26,0.258333,1,1560230
110289401,0.23,0.235667,1,1560249
110290861,0.24,0.239133,1,1560249
110292321,0.24,0.239827,1,1560249
110293781,0.27,0.263965,1,1560316
110295241,0.28,0.276793,1,1560316
110296701,0.37,0.351359,1,1560452
110298161,0.38,0.374272,1,1560452
110299621,0.41,0.402854,1,1560485
110301081,0.42,0.416571,1,1560485
110302541,0.43,0.427314,1,1560512
110304001,0.44,0.437463,1,1560512
110305461,0.41,0.415493,1,1560569
110306921,0.42,0.419099,1,1560569
110308381,0.43,0.42782,1,1560607
110309841,0.44,0.437564,1,1560607
110311301,0.43,0.431513,1,1560629
110312761,0.44,0.438303,1,1560629
110314221,0.47,0.463661,1,1560662
110315681,0.48,0.476732,1,1560662
110317141,0.47,0.471346,1,1560664
110318601,0.48,0.478269,1,1560664
110320061,0.47,0.471654,1,1560682
110321521,0.48,0.478331,1,1560682
110322981,0.53,0.519666,1,1560750
110324441,0.54,0.535933,1,1560750
110325901,0.59,0.579187,1,1560891
110327361,0.6,0.595837,1,1560891
110328821,0.61,0.607167,1,1560926
110330281,0.62,0.617434,1,1560926
110331741,0.61,0.611487,1,1560954
110333201,0.62,0.618297,1,1560954
110334661,0.65,0.643659,1,1561010
110336121,0.66,0.656732,1,1561010
110337581,0.63,0.635346,1,1561049
110339041,0.64,0.639069,1,1561049
110340501,0.63,0.631814,1,1561071
110341961,0.64,0.638363,1,1561071
110343421,0.69,0.679673,1,1561106
110344881,0.7,0.695935,1,1561106
110346341,0.69,0.691187,1,1561108
110347801,0.7,0.698237,1,1561108
110349261,0.69,0.691647,1,1561126
110350721,0.7,0.698329,1,1561126
110352181,0.75,0.739666,1,1561197
110353641,0.76,0.755933,2,1561197
110355101,0.89,0.863187,2,1561341
110356561,0.9,0.892637,2,1561341
110358021,0.9,0.898527,2,1561341
110359481,0.87,0.875705,2,1561377
110360941,0.88,0.879141,2,1561377
110362401,0.89,0.887828,2,1561405
110363861,0.9,0.897566,2,1561405
110365321,0.85,0.859513,2,1561463
110366781,0.86,0.859903,2,1561463
110368241,0.85,0.851981,2,1561501
110369701,0.86,0.858396,2,1561501
110371161,0.87,0.867679,2,1561523
110372621,0.88,0.877536,2,1561523
110374081,0.87,0.871507,2,1561561
110375541,0.88,0.878301,2,1561561
110377001,0.87,0.87166,2,1561563
110378461,0.88,0.878332,2,1561563
110379921,0.87,0.871666,2,1561581
110381381,0.88,0.878333,2,1561581
110382841,0.95,0.935667,2,1561655
110502561,0.95,0.95,2,1563415
110511321,0.88,0.88,2,1563501
110512781,0.89,0.888,2,1563501
110514241,0.75,0.7776,2,1563538
110515701,0.76,0.76352,2,1563538
110517161,0.41,0.480704,1,1563703
110518621,0.42,0.432141,1,1563703
110520081,0.33,0.350428,1,1563730
110521541,0.34,0.342086,1,1563730
110523001,0.25,0.268417,1,1563757
110524461,0.26,0.261683,1,1563757
110525921,0.19,0.204337,1,1563782
110527381,0.2,0.200867,1,1563782
110528841,0.11,0.128173,1,1563807
110530301,0.12,0.121635,1,1563807
110531761,0.11,0.112327,1,1563834
110533221,0.12,0.118465,1,1563834
110534681,0.01,0.0316931,1,1563867
110536141,0.02,0.0223386,1,1563867
110537601,0.01,0.0124677,1,1563893
110539061,0.02,0.0184935,1,1563893
110540521,0.01,0.0116987,1,1563916
110541981,0.02,0.0183397,1,1563916
110543441,0,0.00366795,1,1563942
110544901,0,0.00073359,1,1563942
110546361,0.01,0.00814672,1,1563967
110547821,0.02,0.0176293,1,1563967
110549281,0.05,0.0435259,1,1563997
110550741,0.06,0.0567052,1,1563997
110552201,0.01,0.019341,1,1564145
110553661,0.02,0.0198682,1,1564145
110555121,0.01,0.0119736,1,1564168
110556581,0.02,0.0183947,1,1564168
110558041,0,0.00367895,1,1564191
110559501,0,0.000735789,1,1564191
110560961,0,0.000147158,1,1564213
110562421,0,2.94316e-05,1,1564213
110563881,0.05,0.0400059,1,1564234
110565341,0.06,0.0560012,1,1564234
110566801,0.05,0.0512002,1,1564261
110568261,0.06,0.05824,1,1564261
110569721,0.06,0.059648,1,1564261
110571181,0.11,0.0999296,1,1564289
110572641,0.12,0.115986,1,1564289
110574101,0.11,0.111197,1,1564315
110575561,0.12,0.118239,1,1564315
110577021,0.05,0.0636479,1,1564338
110578481,0.06,0.0607296,1,1564338
110579941,0.01,0.0201459,1,1564364
110581401,0.02,0.0200292,1,1564364
110582861,0.01,0.0120058,1,1564389
110584321,0.02,0.0184012,1,1564389
110585781,0,0.00368023,1,1564421
110587241,0,0.000736047,1,1564421
110588701,0.01,0.00814721,1,1564567
110590161,0.02,0.0176294,1,1564567
110591621,0.03,0.0275259,1,1564590
110593081,0.04,0.0375052,1,1564590
110594541,0.03,0.031501,1,1564613
110596001,0.04,0.0383002,1,1564613
110597461,0,0.00766004,1,1564635
110598921,0,0.00153201,1,1564635
110600381,0.07,0.0563064,1,1564658
110601841,0.08,0.0752613,1,1564658
110603301,0.09,0.0870523,1,1564685
110604761,0.1,0.0974105,1,1564685
110606221,0.09,0.0914821,1,1564715
110607681,0.1,0.0982964,1,1564715
110609141,0.11,0.107659,1,1564741
110610601,0.12,0.117532,1,1564741
110612061,0.11,0.111506,1,1564761
110613521,0.12,0.118301,1,1564761
110614981,0.11,0.11166,1,1564785
110616441,0.12,0.118332,1,1564785
110617901,0.05,0.0636664,1,1564810
110619361,0.06,0.0607333,1,1564810
110620821,0.01,0.0201467,1,1564842
110622281,0.02,0.0200293,1,1564842
110623741,0.03,0.0280059,1,1564988
110625201,0.04,0.0376012,1,1564988
110626661,0.07,0.0635202,1,1565012
110628121,0.08,0.076704,1,1565012
110629581,0.09,0.0873408,1,1565035
110631041,0.1,0.0974682,1,1565035
110632501,0.07,0.0754936,1,1565056
110633961,0.08,0.0790987,1,1565056
110635421,0.07,0.0718197,1,1565082
110636881,0.08,0.0783639,1,1565082
110638341,0.13,0.119673,1,1565110
110639801,0.14,0.135935,1,1565110
110641261,0.13,0.131187,1,1565140
110642721,0.14,0.138237,1,1565140
110644181,0.14,0.139647,1,1565140
110645641,0.25,0.227929,1,1565167
110647101,0.26,0.253586,1,1565167
110648561,0.27,0.266717,1,1565187
110650021,0.28,0.277343,1,1565187
110651481,0.27,0.271469,1,1565211
110652941,0.28,0.278294,1,1565211
110654401,0.29,0.287659,1,1565233
110655861,0.3,0.297532,1,1565233
110657321,0.25,0.259506,1,1565263
110658781,0.26,0.259901,1,1565263
110660241,0.05,0.0919803,1,1565410
110661701,0.06,0.0663961,1,1565410
110663161,0.05,0.0532792,1,1565436
110664621,0.06,0.0586558,1,1565436
110666081,0.11,0.0997312,1,1565460
110667541,0.12,0.115946,1,1565460
110669001,0.11,0.111189,1,1565480
110670461,0.12,0.118238,1,1565480
110671921,0.15,0.143648,1,1565506
110673381,0.16,0.15673,1,1565506
110674841,0.13,0.135346,1,1565537
110676301,0.14,0.139069,1,1565537
110677761,0.13,0.131814,1,1565567
110679221,0.14,0.138363,1,1565567
110680681,0.13,0.131673,1,1565569
110682141,0.14,0.138335,1,1565569
110683601,0.15,0.147667,1,1565601
110685061,0.16,0.157533,1,1565601
110686521,0.13,0.135507,1,1565622
110687981,0.14,0.139101,1,1565622
110689441,0.13,0.13182,1,1565646
110690901,0.14,0.138364,1,1565646
110692361,0.17,0.163673,1,1565669
110693821,0.18,0.176735,1,1565669
110695281,0.19,0.187347,1,1565697
110696741,0.2,0.197469,1,1565697
110698201,0.27,0.255494,1,1565834
110699661,0.28,0.275099,1,1565834
110701121,0.27,0.27102,1,1565860
110702581,0.28,0.278204,1,1565860
110704041,0.21,0.223641,1,1565887
110705501,0.22,0.220728,1,1565887
110706961,0.21,0.212146,1,1565907
110708421,0.22,0.218429,1,1565907
110709881,0.17,0.179686,1,1565935
110711341,0.18,0.179937,1,1565935
110712801,0.17,0.171987,1,1565965
110714261,0.18,0.178397,1,1565965
110715721,0.19,0.187679,1,1565995
110717181,0.2,0.197536,1,1565995
110718641,0.19,0.191507,1,1565997
110720101,0.2,0.198301,1,1565997
110721561,0.21,0.20766,1,1566030
110723021,0.22,0.217532,1,1566030
110724481,0.22,0.219506,1,1566030
110725941,0.23,0.227901,1,1566050
110727401,0.24,0.23758,1,1566050
110728861,0.25,0.247516,1,1566074
110730321,0.26,0.257503,1,1566074
110731781,0.23,0.235501,1,1566099
110733241,0.24,0.2391,1,1566099
110734701,0.31,0.29582,1,1566128
110736161,0.32,0.315164,1,1566128
110737621,0.45,0.423033,1,1566269
110739081,0.46,0.452607,1,1566269
110740541,0.45,0.450521,1,1566295
110742001,0.46,0.458104,1,1566295
110743461,0.45,0.451621,1,1566319
110744921,0.46,0.458324,1,1566319
110746381,0.47,0.467665,1,1566339
110747841,0.48,0.477533,1,1566339
110749301,0.47,0.471507,1,1566365
110750761,0.48,0.478301,1,1566365
110752221,0.49,0.48766,1,1566395
110753681,0.5,0.497532,1,1566395
110755141,0.55,0.539506,1,1566426
110756601,0.56,0.555901,1,1566426
110758061,0.55,0.55118,1,1566428
110759521,0.56,0.558236,1,1566428
110760981,0.53,0.535647,1,1566462
110762441,0.54,0.539129,1,1566462
110763901,0.55,0.547826,1,1566482
110765361,0.56,0.557565,1,1566482
110766821,0.53,0.535513,1,1566507
110768281,0.54,0.539103,1,1566507
110769741,0.53,0.531821,1,1566531
110771201,0.54,0.538364,1,1566531
110772661,0.59,0.579673,1,1566564
110774121,0.6,0.595935,1,1566564
110775581,0.69,0.671187,1,1566712
110777041,0.7,0.694237,1,1566712
110778501,0.69,0.690847,1,1566738
110779961,0.7,0.698169,1,1566738
110781421,0.69,0.691634,1,1566762
110782881,0.7,0.698327,1,1566762
110784341,0.71,0.707665,1,1566783
110785801,0.72,0.717533,1,1566783
110787261,0.71,0.711507,1,1566809
110788721,0.72,0.718301,1,1566809
110790181,0.75,0.74366,1,1566840
110791641,0.76,0.756732,2,1566840
110793101,0.79,0.783346,2,1566874
110794561,0.8,0.796669,2,1566874
110796021,0.79,0.791334,2,1566876
110797481,0.8,0.798267,2,1566876
110798941,0.79,0.791653,2,1566909
110800401,0.8,0.798331,2,1566909
110801861,0.83,0.823666,2,1566930
110803321,0.84,0.836733,2,1566930
110804781,0.85,0.847347,2,1566954
110806241,0.86,0.857469,2,1566954
110807701,0.86,0.859494,2,1566954
110809161,0.87,0.867899,2,1566978
110810621,0.88,0.87758,2,1566978
110812081,0.89,0.887516,2,1567014
110813541,0.9,0.897503,2,1567014
110815001,0.93,0.923501,2,1567167
110816461,0.94,0.9367,2,1567167
110817921,0.93,0.93134,2,1567193
110819381,0.94,0.938268,2,1567193
110820841,0.93,0.931654,2,1567217
110822301,0.94,0.938331,2,1567217
110823761,0.93,0.931666,2,1567239
110825221,0.94,0.938333,2,1567239
110826681,0.93,0.931667,2,1567265
110828141,0.94,0.938333,2,1567265
110829601,0.95,0.947667,2,1567298
110979981,0.93,0.93,2,1569120
110982901,0.75,0.75,2,1569186
110984361,0.71,0.718,1,1569213
110985821,0.61,0.6316,1,1569245
110987281,0.43,0.47032,1,1569294
110988741,0.37,0.390064,1,1569321
110990201,0.27,0.294013,1,1569350
110966841,0.09,0.130803,1,1569397
110991661,0.09,0.0981605,1,1569414
110993121,0.05,0.0596321,1,1569427
110994581,0.13,0.115926,1,1569436
110996041,0.01,0.0311853,1,1569506
110997501,0.03,0.0302371,1,1569591
110998961,0.05,0.0460474,1,1569613
111000421,0.07,0.0652095,1,1569644
111001881,0.03,0.0370419,1,1569669
111003341,0.07,0.0634084,1,1569696
111004801,0.09,0.0846817,1,1569736
111006261,0.13,0.120936,1,1569760
111007721,0.09,0.0961873,1,1569784
111009181,0.09,0.0912375,1,1569822
111010641,0.03,0.0422475,1,1569850
111012101,0.04,0.0404495,1,1569850
111013561,0.03,0.0320899,1,1569927
111015021,0.04,0.038418,1,1569927
111016481,0.07,0.0636836,1,1570036
111017941,0.08,0.0767367,1,1570036
111019401,0.15,0.135347,1,1570091
111020861,0.16,0.155069,1,1570091
111022321,0.23,0.215014,1,1570161
111023781,0.24,0.235003,1,1570161
111025241,0.25,0.247001,1,1570209
111026701,0.26,0.2574,1,1570209
111028161,0.26,0.25948,1,1570209
111029621,0.25,0.251896,1,1570272
111031081,0.26,0.258379,1,1570272
111032541,0.23,0.235676,1,1570349
111034001,0.24,0.239135,1,1570349
111035461,0.25,0.247827,1,1570460
111036921,0.26,0.257565,1,1570460
111038381,0.27,0.267513,1,1570519
111039841,0.28,0.277503,1,1570519
111041301,0.35,0.335501,1,1570593
111042761,0.36,0.3551,1,1570593
111044221,0.35,0.35102,1,1570642
111045681,0.36,0.358204,1,1570642
111047141,0.35,0.351641,1,1570644
111048601,0.36,0.358328,1,1570644
111050061,0.37,0.367666,1,1570706
111051521,0.38,0.377533,1,1570706
111052981,0.45,0.435507,1,1570782
111054441,0.46,0.455101,1,1570782
111055901,0.49,0.48302,1,1570894
111057361,0.5,0.496604,1,1570894
111058821,0.55,0.539321,1,1570954
111060281,0.56,0.555864,1,1570954
111061741,0.57,0.567173,1,1571032
111063201,0.58,0.577435,1,1571032
111064661,0.57,0.571487,1,1571081
111066121,0.58,0.578297,1,1571081
111067581,0.57,0.571659,1,1571083
111069041,0.58,0.578332,1,1571083
111070501,0.61,0.603666,1,1571146
111071961,0.62,0.616733,1,1571146
111073421,0.62,0.619347,1,1571146
111074881,0.65,0.643869,1,1571226
111076341,0.66,0.656774,1,1571226
111077801,0.63,0.635355,1,1571340
111079261,0.64,0.639071,1,1571340
111080721,0.67,0.663814,1,1571403
111082181,0.68,0.676763,1,1571403
111083641,0.69,0.687353,1,1571482
111085101,0.7,0.697471,1,1571482
111086561,0.71,0.707494,1,1571531
111088021,0.72,0.717499,1,1571531
111089481,0.71,0.7115,1,1571533
111090941,0.72,0.7183,1,1571533
111092401,0.79,0.77566,2,1571598
111093861,0.8,0.795132,2,1571598
111095321,0.75,0.759026,2,1571679
111096781,0.76,0.759805,2,1571679
111098241,0.75,0.751961,2,1571792
111099701,0.76,0.758392,2,1571792
111101161,0.83,0.815678,2,1571857
111102621,0.84,0.835136,2,1571857
111104081,0.83,0.831027,2,1571937
111105541,0.84,0.838205,2,1571937
111107001,0.87,0.863641,2,1571987
111108461,0.88,0.876728,2,1571987
111109921,0.87,0.871346,2,1571989
111111381,0.88,0.878269,2,1571989
111112841,0.89,0.887654,2,1572058
111114301,0.9,0.897531,2,1572058
111115761,0.93,0.923506,2,1572137
111117221,0.94,0.936701,2,1572137
111118681,0.94,0.93934,2,1572137
111209201,0.87,0.87,2,1574049
111210661,0.88,0.878,2,1574049
111212121,0.89,0.8876,2,1574072
111213581,0.9,0.89752,2,1574072
111215041,0.89,0.891504,2,1574165
111216501,0.9,0.898301,2,1574165
111217961,0.85,0.85966,2,1574216
111219421,0.86,0.859932,2,1574216
111220881,0.85,0.851986,2,1574302
111222341,0.86,0.858397,2,1574302
111223801,0.86,0.859679,2,1574302
111225261,0.83,0.835936,2,1574353
111226721,0.84,0.839187,2,1574353
111228181,0.93,0.911837,2,1574411
111229641,0.94,0.934368,2,1574411
111231101,0.95,0.946873,2,1574434
111234021,0.91,0.91,2,1574513
111235481,0.92,0.918,2,1574513
111236941,0.91,0.9116,2,1574537
111238401,0.92,0.91832,2,1574537
111239861,0.95,0.943664,2,1574630
111419441,0.79,0.79,2,1577705
111420901,0.8,0.798,2,1577705
111553761,0.87,0.87,2,1579737
111555221,0.88,0.878,2,1579737
111556681,0.85,0.8556,2,1579775
111558141,0.86,0.85912,2,1579775
111559601,0.79,0.803824,2,1579809
111561061,0.8,0.800765,2,1579809
111562521,0.71,0.728153,1,1579844
111563981,0.72,0.721631,1,1579844
111565441,0.61,0.632326,1,1579873
111566901,0.62,0.622465,1,1579873
111568361,0.43,0.468493,1,1579926
111569821,0.44,0.445699,1,1579926
111571281,0.27,0.30514,1,1579985
111572741,0.28,0.285028,1,1579985
111574201,0.17,0.193006,1,1580042
111575661,0.18,0.182601,1,1580042
111577121,0.11,0.12452,1,1580108
111578581,0.12,0.120904,1,1580108
111580041,0.09,0.0961808,1,1580145
111581501,0.1,0.0992362,1,1580145
111582961,0.07,0.0758472,1,1580174
111584421,0.08,0.0791694,1,1580174
111585881,0.07,0.0718339,1,1580204
111587341,0.08,0.0783668,1,1580204
111588801,0.09,0.0876734,1,1580239
111590261,0.1,0.0975347,1,1580239
111591721,0.11,0.107507,1,1580269
111593181,0.12,0.117501,1,1580269
111594641,0.13,0.1275,1,1580300
111596101,0.14,0.1375,1,1580300
111597561,0.15,0.1475,1,1580324
111599021,0.16,0.1575,1,1580324
111600481,0.16,0.1595,1,1580324
111601941,0.21,0.1999,1,1580368
111603401,0.22,0.21598,1,1580368
111604861,0.15,0.163196,1,1580419
111606321,0.16,0.160639,1,1580419
111607781,0.17,0.168128,1,1580471
111609241,0.18,0.177626,1,1580471
111610701,0.27,0.251525,1,1580534
111612161,0.28,0.274305,1,1580534
111613621,0.31,0.302861,1,1580570
111615081,0.32,0.316572,1,1580570
111616541,0.31,0.311314,1,1580598
111618001,0.32,0.318263,1,1580598
111619461,0.31,0.311653,1,1580628
111620921,0.32,0.318331,1,1580628
111622381,0.31,0.311666,1,1580664
111623841,0.32,0.318333,1,1580664
111625301,0.37,0.359667,1,1580695
111626761,0.38,0.375933,1,1580695
111628221,0.35,0.355187,1,1580727
111629681,0.36,0.359037,1,1580727
111631141,0.39,0.383807,1,1580752
111632601,0.4,0.396761,1,1580752
111634061,0.39,0.391352,1,1580754
111635521,0.4,0.39827,1,1580754
111636981,0.39,0.391654,1,1580800
111638441,0.4,0.398331,1,1580800
111639901,0.41,0.407666,1,1580848
111641361,0.42,0.417533,1,1580848
111642821,0.47,0.459507,1,1580901
111644281,0.48,0.475901,1,1580901
111645741,0.51,0.50318,1,1580969
111647201,0.52,0.516636,1,1580969
111648661,0.51,0.511327,1,1581007
111650121,0.52,0.518265,1,1581007
111651581,0.51,0.511653,1,1581035
111653041,0.52,0.518331,1,1581035
111654501,0.51,0.511666,1,1581065
111655961,0.52,0.518333,1,1581065
111657421,0.55,0.543667,1,1581101
111658881,0.56,0.556733,1,1581101
111660341,0.51,0.519347,1,1581135
111661801,0.52,0.519869,1,1581135
111663261,0.49,0.495974,1,1581166
111664721,0.5,0.499195,1,1581166
111666181,0.55,0.539839,1,1581193
111667641,0.56,0.555968,1,1581193
111669101,0.55,0.551194,1,1581195
111670561,0.56,0.558239,1,1581195
111672021,0.57,0.567648,1,1581241
111673481,0.58,0.57753,1,1581241
111674941,0.58,0.579506,1,1581241
111676401,0.57,0.571901,1,1581290
111677861,0.58,0.57838,1,1581290
111679321,0.57,0.571676,1,1581346
111680781,0.58,0.578335,1,1581346
111682241,0.61,0.603667,1,1581416
111683701,0.62,0.616733,1,1581416
111685161,0.67,0.659347,1,1581454
111686621,0.68,0.675869,1,1581454
111688081,0.67,0.671174,1,1581482
111689541,0.68,0.678235,1,1581482
111691001,0.71,0.703647,1,1581512
111692461,0.72,0.716729,1,1581512
111693921,0.71,0.711346,1,1581550
111695381,0.72,0.718269,1,1581550
111696841,0.71,0.711654,1,1581582
111698301,0.72,0.718331,1,1581582
111699761,0.71,0.711666,1,1581612
111701221,0.72,0.718333,1,1581612
111702681,0.73,0.727667,1,1581642
111704141,0.74,0.737533,1,1581642
111705601,0.73,0.731507,1,1581644
111707061,0.74,0.738301,1,1581644
111708521,0.81,0.79566,2,1581691
111709981,0.82,0.815132,2,1581691
111711441,0.81,0.811026,2,1581739
111712901,0.82,0.818205,2,1581739
111714361,0.85,0.843641,2,1581795
111715821,0.86,0.856728,2,1581795
111717281,0.83,0.835346,2,1581867
111718741,0.84,0.839069,2,1581867
111720201,0.77,0.783814,2,1581908
111721661,0.78,0.780763,2,1581908
111723121,0.77,0.772153,2,1581936
111724581,0.78,0.778431,2,1581936
111726041,0.81,0.803686,2,1581968
111727501,0.82,0.816737,2,1581968
111728961,0.81,0.811347,2,1582006
111730421,0.82,0.818269,2,1582006
111731881,0.81,0.811654,2,1582038
111733341,0.82,0.818331,2,1582038
111734801,0.81,0.811666,2,1582068
111736261,0.82,0.818333,2,1582068
111737721,0.87,0.859667,2,1582099
111739181,0.88,0.875933,2,1582099
111740641,0.87,0.871187,2,1582101
111742101,0.88,0.878237,2,1582101
111743561,0.91,0.903647,2,1582152
111745021,0.92,0.916729,2,1582152
111746481,0.91,0.911346,2,1582200
111747941,0.92,0.918269,2,1582200
111749401,0.95,0.943654,2,1582258
111920221,0.9,0.9,2,1584390
111921681,0.91,0.908,2,1584390
111923141,0.87,0.8776,2,1584426
111924601,0.88,0.87952,2,1584426
111926061,0.83,0.839904,2,1584466
111927521,0.84,0.839981,2,1584466
111928981,0.77,0.783996,2,1584504
111930441,0.78,0.780799,2,1584504
111931901,0.73,0.74016,1,1584537
111933361,0.74,0.740032,1,1584537
111934821,0.69,0.700006,1,1584563
111936281,0.7,0.700001,1,1584563
111937741,0.67,0.676,1,1584595
111939201,0.68,0.6792,1,1584595
111940661,0.61,0.62384,1,1584634
111942121,0.62,0.620768,1,1584634
111943581,0.45,0.484154,1,1584702
111945041,0.46,0.464831,1,1584702
111946501,0.47,0.468966,1,1584741
111947961,0.48,0.477793,1,1584741
111949421,0.49,0.487559,1,1584776
111950881,0.5,0.497512,1,1584776
111952341,0.53,0.523502,1,1584779
111953801,0.54,0.5367,1,1584779
111955261,0.53,0.53134,1,1584804
111956721,0.54,0.538268,1,1584804
111958181,0.49,0.499654,1,1584822
111959641,0.5,0.499931,1,1584822
111961101,0.53,0.523986,1,1584857
111962561,0.54,0.536797,1,1584857
111964021,0.53,0.531359,1,1584891
111965481,0.54,0.538272,1,1584891
111966941,0.53,0.531654,1,1584929
111968401,0.54,0.538331,1,1584929
111969861,0.59,0.579666,1,1584964
111971321,0.6,0.595933,1,1584964
111972781,0.57,0.575187,1,1584995
111974241,0.58,0.579037,1,1584995
111975701,0.53,0.539807,1,1585019
111977161,0.54,0.539961,1,1585019
111978621,0.55,0.547992,1,1585050
111980081,0.56,0.557598,1,1585050
111981541,0.59,0.58352,1,1585086
111983001,0.6,0.596704,1,1585086
111984461,0.59,0.591341,1,1585146
111985921,0.6,0.598268,1,1585146
111987381,0.59,0.591654,1,1585186
111988841,0.6,0.598331,1,1585186
111990301,0.63,0.623666,1,1585222
111991761,0.64,0.636733,1,1585222
111993221,0.61,0.615347,1,1585227
111994681,0.62,0.619069,1,1585227
111996141,0.65,0.643814,1,1585252
111997601,0.66,0.656763,1,1585252
111999061,0.66,0.659353,1,1585252
112000521,0.67,0.667871,1,1585268
112001981,0.68,0.677574,1,1585268
112003441,0.67,0.671515,1,1585305
112004901,0.68,0.678303,1,1585305
112006361,0.67,0.671661,1,1585339
112007821,0.68,0.678332,1,1585339
112009281,0.69,0.687666,1,1585377
112010741,0.7,0.697533,1,1585377
112012201,0.73,0.723507,1,1585415
112013661,0.74,0.736701,1,1585415
112015121,0.75,0.74734,1,1585445
112016581,0.76,0.757468,2,1585445
112018041,0.75,0.751494,2,1585467
112019501,0.76,0.758299,2,1585467
112020961,0.77,0.76766,2,1585499
112022421,0.78,0.777532,2,1585499
112023881,0.79,0.787506,2,1585537
112025341,0.8,0.797501,2,1585537
112026801,0.79,0.7915,2,1585597
112028261,0.8,0.7983,2,1585597
112029721,0.85,0.83966,2,1585637
112031181,0.86,0.855932,2,1585637
112032641,0.85,0.851186,2,1585675
112034101,0.86,0.858237,2,1585675
112035561,0.85,0.851647,2,1585679
112037021,0.86,0.85833,2,1585679
112038481,0.83,0.835666,2,1585706
112039941,0.84,0.839133,2,1585706
112041401,0.87,0.863827,2,1585722
112042861,0.88,0.876765,2,1585722
112044321,0.91,0.903353,2,1585759
112045781,0.92,0.916671,2,1585759
112047241,0.93,0.927334,2,1585793
112048701,0.94,0.937467,2,1585793
112050161,0.91,0.915493,2,1585832
112051621,0.92,0.919099,2,1585832
112053081,0.87,0.87982,2,1585872
112054541,0.88,0.879964,2,1585872
112056001,0.89,0.887993,2,1585903
112057461,0.9,0.897599,2,1585903
112058921,0.89,0.89152,2,1585925
112060381,0.9,0.898304,2,1585925
112061841,0.87,0.875661,2,1585958
112063301,0.88,0.879132,2,1585958
112064761,0.89,0.887826,2,1585997
112066221,0.9,0.897565,2,1585997
112067681,0.91,0.907513,2,1586057
112069141,0.92,0.917503,2,1586057
112070601,0.91,0.911501,2,1586100
112072061,0.92,0.9183,2,1586100
112073521,0.91,0.91166,2,1586138
112074981,0.92,0.918332,2,1586138
112076441,0.91,0.911666,2,1586142
112077901,0.92,0.918333,2,1586142
112079361,0.91,0.911667,2,1586168
112080821,0.92,0.918333,2,1586168
112082281,0.93,0.927667,2,1586186
112083741,0.94,0.937533,2,1586186
112242881,0.92,0.92,2,1587968
112244341,0.93,0.928,2,1587968
112248721,0.94,0.94,2,1588045
112250181,0.95,0.948,2,1588045
112251641,0.94,0.9416,2,1588079
112253101,0.95,0.94832,2,1588079
112254561,0.85,0.869664,2,1588111
112256021,0.86,0.861933,2,1588111
112257481,0.73,0.756387,2,1588147
112258941,0.74,0.743277,1,1588147
112260401,0.71,0.716655,1,1588171
112261861,0.72,0.719331,1,1588171
112263321,0.69,0.695866,1,1588191
112264781,0.7,0.699173,1,1588191
112266241,0.61,0.627835,1,1588203
112267701,0.62,0.621567,1,1588203
112269161,0.49,0.516313,1,1588242
112270621,0.5,0.503263,1,1588242
112272081,0.5,0.500653,1,1588242
112273541,0.49,0.492131,1,1588278
112275001,0.5,0.498426,1,1588278
112276461,0.37,0.395685,1,1588306
112277921,0.38,0.383137,1,1588306
112279381,0.47,0.452627,1,1588328
112280841,0.48,0.474525,1,1588328
112282301,0.41,0.422905,1,1588365
112283761,0.42,0.420581,1,1588365
112285221,0.33,0.348116,1,1588403
112286681,0.34,0.341623,1,1588403
112288141,0.29,0.300325,1,1588440
112289601,0.3,0.300065,1,1588440
112291061,0.29,0.292013,1,1588477
112292521,0.3,0.298403,1,1588477
112293981,0.21,0.227681,1,1588514
112295441,0.22,0.221536,1,1588514
112296901,0.23,0.228307,1,1588547
112298361,0.24,0.237661,1,1588547
112299821,0.21,0.215532,1,1588574
112301281,0.22,0.219106,1,1588574
112302741,0.23,0.227821,1,1588604
112304201,0.24,0.237564,1,1588604
112305661,0.23,0.231513,1,1588627
112307121,0.24,0.238303,1,1588627
112308581,0.19,0.199661,1,1588646
112310041,0.2,0.199932,1,1588646
112311501,0.19,0.191986,1,1588654
112312961,0.2,0.198397,1,1588654
112314421,0.23,0.223679,1,1588687
112315881,0.24,0.236736,1,1588687
112317341,0.23,0.231347,1,1588689
112318801,0.24,0.238269,1,1588689
112320261,0.17,0.183654,1,1588724
112321721,0.18,0.180731,1,1588724
112323181,0.21,0.204146,1,1588746
112324641,0.22,0.216829,1,1588746
112326101,0.21,0.211366,1,1588773
112327561,0.22,0.218273,1,1588773
112329021,0.25,0.243655,1,1588807
112330481,0.26,0.256731,1,1588807
112331941,0.29,0.283346,1,1588841
112333401,0.3,0.296669,1,1588841
112334861,0.27,0.275334,1,1588876
112336321,0.28,0.279067,1,1588876
112337781,0.25,0.255813,1,1588913
112339241,0.26,0.259163,1,1588913
112340701,0.33,0.315833,1,1588946
112342161,0.34,0.335167,1,1588946
112343621,0.29,0.299033,1,1588980
112345081,0.3,0.299807,1,1588980
112346541,0.35,0.339961,1,1589006
112348001,0.36,0.355992,1,1589006
112349461,0.33,0.335198,1,1589037
112350921,0.34,0.33904,1,1589037
112352381,0.35,0.347808,1,1589060
112353841,0.36,0.357562,1,1589060
112355301,0.33,0.335512,1,1589077
112356761,0.34,0.339102,1,1589077
112358221,0.33,0.33182,1,1589085
112359681,0.34,0.338364,1,1589085
112361141,0.35,0.347673,1,1589120
112362601,0.36,0.357535,1,1589120
112364061,0.35,0.351507,1,1589122
112365521,0.36,0.358301,1,1589122
112366981,0.33,0.33566,1,1589154
112368441,0.34,0.339132,1,1589154
112369901,0.34,0.339826,1,1589154
112371361,0.35,0.347965,1,1589178
112372821,0.36,0.357593,1,1589178
112374281,0.41,0.399519,1,1589205
112375741,0.42,0.415904,1,1589205
112377201,0.47,0.459181,1,1589241
112378661,0.48,0.475836,1,1589241
112380121,0.49,0.487167,1,1589277
112381581,0.5,0.497433,1,1589277
112383041,0.49,0.491487,1,1589311
112384501,0.5,0.498297,1,1589311
112385961,0.51,0.507659,1,1589347
112387421,0.52,0.517532,1,1589347
112388881,0.53,0.527506,1,1589384
112390341,0.54,0.537501,1,1589384
112391801,0.55,0.5475,1,1589416
112393261,0.56,0.5575,1,1589416
112394721,0.59,0.5835,1,1589445
112396181,0.6,0.5967,1,1589445
112397641,0.61,0.60734,1,1589475
112399101,0.62,0.617468,1,1589475
112400561,0.61,0.611494,1,1589499
112402021,0.62,0.618299,1,1589499
112403481,0.61,0.61166,1,1589515
112404941,0.62,0.618332,1,1589515
112406401,0.61,0.611666,1,1589523
112407861,0.62,0.618333,1,1589523
112409321,0.63,0.627667,1,1589559
112410781,0.64,0.637533,1,1589559
112412241,0.63,0.631507,1,1589561
112413701,0.64,0.638301,1,1589561
112415161,0.65,0.64766,1,1589592
112416621,0.66,0.657532,1,1589592
112418081,0.67,0.667506,1,1589616
112419541,0.68,0.677501,1,1589616
112421001,0.65,0.6555,1,1589646
112422461,0.66,0.6591,1,1589646
112423921,0.71,0.69982,1,1589685
112425381,0.72,0.715964,1,1589685
112426841,0.75,0.743193,1,1589722
112428301,0.76,0.756639,2,1589722
112429761,0.75,0.751328,2,1589756
112431221,0.76,0.758266,2,1589756
112432681,0.77,0.767653,2,1589793
112434141,0.78,0.777531,2,1589793
112435601,0.73,0.739506,1,1589831
112437061,0.74,0.739901,1,1589831
112438521,0.73,0.73198,1,1589864
112439981,0.74,0.738396,1,1589864
112441441,0.71,0.715679,1,1589895
112442901,0.72,0.719136,1,1589895
112444361,0.73,0.727827,1,1589926
112445821,0.74,0.737565,1,1589926
112447281,0.73,0.731513,1,1589950
112448741,0.74,0.738303,1,1589950
112450201,0.73,0.731661,1,1589966
112451661,0.74,0.738332,1,1589966
112453121,0.73,0.731666,1,1589974
112454581,0.74,0.738333,1,1589974
112456041,0.71,0.715667,1,1590011
112457501,0.72,0.719133,1,1590011
112458961,0.71,0.711827,1,1590013
112460421,0.72,0.718365,1,1590013
112461881,0.73,0.727673,1,1590045
112463341,0.74,0.737535,1,1590045
112464801,0.75,0.747507,1,1590070
112466261,0.76,0.757501,2,1590070
112467721,0.75,0.7515,2,1590099
112469181,0.76,0.7583,2,1590099
112470641,0.76,0.75966,2,1590099
112472101,0.77,0.767932,2,1590141
112473561,0.78,0.777586,2,1590141
112475021,0.77,0.771517,2,1590180
112476481,0.78,0.778303,2,1590180
112477941,0.81,0.803661,2,1590214
112479401,0.82,0.816732,2,1590214
112480861,0.83,0.827346,2,1590252
112482321,0.84,0.837469,2,1590252
112483781,0.83,0.831494,2,1590288
112485241,0.84,0.838299,2,1590288
112486701,0.87,0.86366,2,1590321
112488161,0.88,0.876732,2,1590321
112489621,0.89,0.887346,2,1590351
112491081,0.9,0.897469,2,1590351
112492541,0.95,0.939494,2,1590383
112495461,0.95,0.95,2,1590407
112498381,0.95,0.95,2,1590423
112501301,0.95,0.95,2,1590431
112504221,0.95,0.95,2,1590467
112507141,0.95,0.95,2,1590469
112510061,0.93,0.93,2,1590502
112511521,0.94,0.938,2,1590502
112512981,0.95,0.9476,2,1590528
112515901,0.95,0.95,2,1590557
112518821,0.95,0.95,2,1590559
112673581,0.87,0.87,2,1592240
112675041,0.79,0.806,2,1592277
112676501,0.73,0.7452,1,1592318
112677961,0.67,0.68504,1,1592345
112679421,0.63,0.641008,1,1592376
112680881,0.57,0.584202,1,1592404
112682341,0.39,0.42884,1,1592443
112683801,0.61,0.573768,1,1592462
112685261,0.39,0.426754,1,1592478
112686721,0.45,0.445351,1,1592491
112688181,0.39,0.40107,1,1592507
112689641,0.41,0.408214,1,1592555
112691101,0.42,0.417643,1,1592555
112692561,0.37,0.379529,1,1592626
112694021,0.38,0.379906,1,1592626
112695481,0.37,0.371981,1,1592704
112696941,0.38,0.378396,1,1592704
112698401,0.37,0.371679,1,1592775
112699861,0.38,0.378336,1,1592775
112701321,0.39,0.387667,1,1592828
112702781,0.4,0.397533,1,1592828
112704241,0.41,0.407507,1,1592883
112705701,0.42,0.417501,1,1592883
112707161,0.41,0.4115,1,1592918
112708621,0.42,0.4183,1,1592918
112710081,0.43,0.42766,1,1592947
112711541,0.44,0.437532,1,1592947
112713001,0.44,0.439506,1,1592947
112714461,0.45,0.447901,1,1592997
112715921,0.46,0.45758,1,1592997
112717381,0.49,0.483516,1,1593066
112718841,0.5,0.496703,1,1593066
112720301,0.57,0.555341,1,1593144
112721761,0.58,0.575068,1,1593144
112723221,0.65,0.635014,1,1593215
112724681,0.66,0.655003,1,1593215
112726141,0.65,0.651001,1,1593269
112727601,0.66,0.6582,1,1593269
112729061,0.63,0.63564,1,1593325
112730521,0.64,0.639128,1,1593325
112731981,0.61,0.615826,1,1593360
112733441,0.62,0.619165,1,1593360
112734901,0.63,0.627833,1,1593390
112736361,0.64,0.637567,1,1593390
112737821,0.65,0.647513,1,1593440
112739281,0.66,0.657503,1,1593440
112740741,0.71,0.699501,1,1593511
112742201,0.72,0.7159,1,1593511
112743661,0.77,0.75918,2,1593593
112745121,0.78,0.775836,2,1593593
112746581,0.81,0.803167,2,1593668
112748041,0.82,0.816633,2,1593668
112749501,0.83,0.827327,2,1593722
112750961,0.84,0.837465,2,1593722
112752421,0.81,0.815493,2,1593777
112753881,0.82,0.819099,2,1593777
112755341,0.81,0.81182,2,1593811
112756801,0.82,0.818364,2,1593811
112758261,0.85,0.843673,2,1593842
112759721,0.86,0.856735,2,1593842
112761181,0.91,0.899347,2,1593893
112762641,0.92,0.915869,2,1593893
112764101,0.92,0.919174,2,1593893
112765561,0.89,0.895835,2,1593967
112767021,0.9,0.899167,2,1593967
112768481,0.91,0.907833,2,1594052
112769941,0.92,0.917567,2,1594052
112771401,0.91,0.911513,2,1594129
112772861,0.92,0.918303,2,1594129
112774321,0.95,0.943661,2,1594184
112777241,0.95,0.95,2,1594238
112780161,0.95,0.95,2,1594272
112875061,0.9,0.9,2,1595943
112876521,0.91,0.908,2,1595943
112877981,0.88,0.8856,2,1596001
112879441,0.89,0.88912,2,1596001
112880901,0.89,0.889824,2,1596001
112882361,0.63,0.681965,1,1596069
112883821,0.64,0.648393,1,1596069
112885281,0.53,0.553679,1,1596139
112886741,0.54,0.542736,1,1596139
112888201,0.41,0.436547,1,1596171
112889661,0.42,0.423309,1,1596171
112891121,0.27,0.300662,1,1596207
112892581,0.28,0.284132,1,1596207
112894041,0.17,0.192826,1,1596272
112895501,0.18,0.182565,1,1596272
112896961,0.07,0.0925131,1,1596302
112898421,0.08,0.0825026,1,1596302
112899881,0.05,0.0565005,1,1596337
112901341,0.06,0.0593001,1,1596337
112902801,0.03,0.03586,1,1596409
112904261,0.04,0.039172,1,1596409
112905721,0.05,0.0478344,1,1596466
112907181,0.06,0.0575669,1,1596466
112908641,0.05,0.0515134,1,1596468
112910101,0.06,0.0583027,1,1596468
112911561,0.07,0.0676605,1,1596522
112913021,0.08,0.0775321,1,1596522
112914481,0.01,0.0235064,1,1596587
112915941,0.02,0.0207013,1,1596587
112917401,0.01,0.0121403,1,1596613
112918861,0.02,0.0184281,1,1596613
112920321,0.07,0.0596856,1,1596642
112921781,0.08,0.0759371,1,1596642
112923241,0.11,0.103187,1,1596702
112924701,0.12,0.116637,1,1596702
112926161,0.13,0.127328,1,1596727
112927621,0.14,0.137465,1,1596727
112929081,0.17,0.163493,1,1596761
112930541,0.18,0.176699,1,1596761
112932001,0.09,0.10734,1,1596832
112933461,0.1,0.101468,1,1596832
112934921,0.09,0.0922936,1,1596890
112936381,0.1,0.0984587,1,1596890
112937841,0.09,0.0916917,1,1596892
112939301,0.1,0.0983383,1,1596892
112940761,0.1,0.0996677,1,1596892
112942221,0.05,0.0599335,1,1596947
112943681,0.06,0.0599867,1,1596947
112945141,0.07,0.0679973,1,1597009
112946601,0.08,0.0775995,1,1597009
112948061,0.11,0.10352,1,1597035
112949521,0.12,0.116704,1,1597035
112950981,0.17,0.159341,1,1597067
112952441,0.18,0.175868,1,1597067
112953901,0.23,0.219174,1,1597129
112955361,0.24,0.235835,1,1597129
112956821,0.23,0.231167,1,1597155
112958281,0.24,0.238233,1,1597155
112959741,0.23,0.231647,1,1597191
112961201,0.24,0.238329,1,1597191
112962661,0.23,0.231666,1,1597258
112964121,0.24,0.238333,1,1597258
112965581,0.23,0.231667,1,1597316
112967041,0.24,0.238333,1,1597316
112968501,0.23,0.231667,1,1597318
112969961,0.24,0.238333,1,1597318
112971421,0.23,0.231667,1,1597370
112972881,0.24,0.238333,1,1597370
112974341,0.29,0.279667,1,1597433
112975801,0.3,0.295933,1,1597433
112977261,0.31,0.307187,1,1597461
112978721,0.32,0.317437,1,1597461
112980181,0.29,0.295487,1,1597496
112981641,0.3,0.299097,1,1597496
112983101,0.37,0.355819,1,1597561
112984561,0.38,0.375164,1,1597561
112986021,0.37,0.371033,1,1597587
112987481,0.38,0.378207,1,1597587
112988941,0.39,0.387641,1,1597623
112990401,0.4,0.397528,1,1597623
112991861,0.39,0.391506,1,1597690
112993321,0.4,0.398301,1,1597690
112994781,0.45,0.43966,1,1597748
112996241,0.46,0.455932,1,1597748
112997701,0.45,0.451186,1,1597750
112999161,0.46,0.458237,1,1597750
113000621,0.47,0.467647,1,1597802
113002081,0.48,0.47753,1,1597802
113003541,0.47,0.471506,1,1597868
113005001,0.48,0.478301,1,1597868
113006461,0.48,0.47966,1,1597868
113007921,0.47,0.471932,1,1597897
113009381,0.48,0.478386,1,1597897
113010841,0.47,0.471677,1,1597931
113012301,0.48,0.478335,1,1597931
113013761,0.43,0.439667,1,1598000
113015221,0.44,0.439933,1,1598000
113016681,0.45,0.447987,1,1598026
113018141,0.46,0.457597,1,1598026
113019601,0.43,0.435519,1,1598063
113021061,0.44,0.439104,1,1598063
113022521,0.51,0.495821,1,1598130
113023981,0.52,0.515164,1,1598130
113025441,0.55,0.543033,1,1598191
113026901,0.56,0.556607,1,1598191
113028361,0.55,0.551321,1,1598193
113029821,0.56,0.558264,1,1598193
113031281,0.59,0.583653,1,1598246
113032741,0.6,0.596731,1,1598246
113034201,0.59,0.591346,1,1598312
113035661,0.6,0.598269,1,1598312
113037121,0.59,0.591654,1,1598314
113038581,0.6,0.598331,1,1598314
113040041,0.61,0.607666,1,1598342
113041501,0.62,0.617533,1,1598342
113042961,0.61,0.611507,1,1598376
113044421,0.62,0.618301,1,1598376
113045881,0.61,0.61166,1,1598443
113047341,0.62,0.618332,1,1598443
113048801,0.67,0.659666,1,1598470
113050261,0.68,0.675933,1,1598470
113051721,0.69,0.687187,1,1598506
113053181,0.7,0.697437,1,1598506
113054641,0.75,0.739487,1,1598577
113056101,0.76,0.755897,2,1598577
113057561,0.77,0.76718,2,1598640
113059021,0.78,0.777436,2,1598640
113060481,0.77,0.771487,2,1598642
113061941,0.78,0.778297,2,1598642
113063401,0.77,0.77166,2,1598697
113064861,0.78,0.778332,2,1598697
113066321,0.79,0.787666,2,1598763
113067781,0.8,0.797533,2,1598763
113069241,0.79,0.791507,2,1598765
113070701,0.8,0.798301,2,1598765
113072161,0.81,0.80766,2,1598794
113073621,0.82,0.817532,2,1598794
113075081,0.82,0.819506,2,1598794
113076541,0.83,0.827901,2,1598828
113078001,0.84,0.83758,2,1598828
113079461,0.87,0.863516,2,1598895
113080921,0.88,0.876703,2,1598895
113082381,0.95,0.935341,2,1598925
113231301,0.89,0.89,2,1601050
113232761,0.9,0.898,2,1601050
113237141,0.8,0.8,2,1601135
113238601,0.81,0.808,2,1601135
113240061,0.71,0.7296,1,1601180
113241521,0.72,0.72192,1,1601180
113242981,0.53,0.568384,1,1601215
113244441,0.54,0.545677,1,1601215
113245901,0.47,0.485135,1,1601247
113247361,0.48,0.481027,1,1601247
113248821,0.43,0.440205,1,1601283
113250281,0.44,0.440041,1,1601283
113251741,0.35,0.368008,1,1601309
113253201,0.36,0.361602,1,1601309
113254661,0.21,0.24032,1,1601341
113256121,0.22,0.224064,1,1601341
113257581,0.17,0.180813,1,1601370
113259041,0.18,0.180163,1,1601370
113260501,0.09,0.108033,1,1601423
113261961,0.1,0.101607,1,1601423
113263421,0.09,0.0923213,1,1601491
113264881,0.1,0.0984643,1,1601491
113266341,0.05,0.0596929,1,1601523
113267801,0.06,0.0599386,1,1601523
113269261,0.05,0.0519877,1,1601552
113270721,0.06,0.0583975,1,1601552
113272181,0.03,0.0356795,1,1601597
113273641,0.04,0.0391359,1,1601597
113275101,0.07,0.0638272,1,1601636
113276561,0.08,0.0767654,1,1601636
113278021,0.11,0.103353,1,1601662
113279481,0.12,0.116671,1,1601662
113280941,0.11,0.111334,1,1601691
113282401,0.12,0.118267,1,1601691
113283861,0.17,0.159653,1,1601725
113285321,0.18,0.175931,1,1601725
113286781,0.13,0.139186,1,1601747
113288241,0.14,0.139837,1,1601747
113289701,0.19,0.179967,1,1601772
113291161,0.2,0.195993,1,1601772
113292621,0.17,0.175199,1,1601799
113294081,0.18,0.17904,1,1601799
113295541,0.18,0.179808,1,1601799
113297001,0.23,0.219962,1,1601848
113298461,0.24,0.235992,1,1601848
113299921,0.21,0.215198,1,1601916
113301381,0.22,0.21904,1,1601916
113302841,0.21,0.211808,1,1601946
113304301,0.22,0.218362,1,1601946
113305761,0.19,0.195672,1,1601975
113307221,0.2,0.199134,1,1601975
113308681,0.21,0.207827,1,1602019
113310141,0.22,0.217565,1,1602019
113311601,0.21,0.211513,1,1602060
113313061,0.22,0.218303,1,1602060
113314521,0.23,0.227661,1,1602088
113315981,0.24,0.237532,1,1602088
113317441,0.25,0.247506,1,1602117
113318901,0.26,0.257501,1,1602117
113320361,0.27,0.2675,1,1602154
113321821,0.28,0.2775,1,1602154
113323281,0.27,0.2715,1,1602174
113324741,0.28,0.2783,1,1602174
113326201,0.33,0.31966,1,1602202
113327661,0.34,0.335932,1,1602202
113329121,0.33,0.331186,1,1602228
113330581,0.34,0.338237,1,1602228
113332041,0.33,0.331647,1,1602230
113333501,0.34,0.338329,1,1602230
113334961,0.33,0.331666,1,1602281
113336421,0.34,0.338333,1,1602281
113337881,0.39,0.379667,1,1602348
113339341,0.4,0.395933,1,1602348
113340801,0.45,0.439187,1,1602378
113342261,0.46,0.455837,1,1602378
113343721,0.47,0.467167,1,1602406
113345181,0.48,0.477434,1,1602406
113346641,0.45,0.455487,1,1602451
113348101,0.46,0.459097,1,1602451
113349561,0.47,0.467819,1,1602492
113351021,0.48,0.477564,1,1602492
113352481,0.47,0.471513,1,1602521
113353941,0.48,0.478303,1,1602521
113355401,0.49,0.487661,1,1602551
113356861,0.5,0.497532,1,1602551
113358321,0.51,0.507506,1,1602589
113359781,0.52,0.517501,1,1602589
113361241,0.51,0.5115,1,1602609
113362701,0.52,0.5183,1,1602609
113364161,0.49,0.49566,1,1602640
113365621,0.5,0.499132,1,1602640
113367081,0.51,0.507826,1,1602666
113368541,0.52,0.517565,1,1602666
113370001,0.51,0.511513,1,1602668
113371461,0.52,0.518303,1,1602668
113372921,0.52,0.519661,1,1602668
113374381,0.55,0.543932,1,1602719
113375841,0.56,0.556786,1,1602719
113377301,0.61,0.599357,1,1602789
113378761,0.62,0.615871,1,1602789
113380221,0.61,0.611174,1,1602822
113381681,0.62,0.618235,1,1602822
113383141,0.63,0.627647,1,1602851
113384601,0.64,0.637529,1,1602851
113386061,0.63,0.631506,1,1602895
113387521,0.64,0.638301,1,1602895
113388981,0.65,0.64766,1,1602937
113390441,0.66,0.657532,1,1602937
113391901,0.69,0.683506,1,1602966
113393361,0.7,0.696701,1,1602966
113394821,0.67,0.67534,1,1602997
113396281,0.68,0.679068,1,1602997
113397741,0.67,0.671814,1,1603036
113399201,0.68,0.678363,1,1603036
113400661,0.67,0.671673,1,1603056
113402121,0.68,0.678335,1,1603056
113403581,0.67,0.671667,1,1603086
113405041,0.68,0.678333,1,1603086
113406501,0.69,0.687667,1,1603113
113407961,0.7,0.697533,1,1603113
113409421,0.69,0.691507,1,1603115
113410881,0.7,0.698301,1,1603115
113412341,0.65,0.65966,1,1603167
113413801,0.66,0.659932,1,1603167
113415261,0.71,0.699986,1,1603240
113416721,0.72,0.715997,1,1603240
113418181,0.71,0.711199,1,1603273
113419641,0.72,0.71824,1,1603273
113421101,0.73,0.727648,1,1603303
113422561,0.74,0.73753,1,1603303
113424021,0.77,0.763506,2,1603347
113425481,0.78,0.776701,2,1603347
113426941,0.79,0.78734,2,1603390
113428401,0.8,0.797468,2,1603390
113429861,0.79,0.791494,2,1603421
113431321,0.8,0.798299,2,1603421
113432781,0.83,0.82366,2,1603451
113434241,0.84,0.836732,2,1603451
113435701,0.85,0.847346,2,1603490
113437161,0.86,0.857469,2,1603490
113438621,0.87,0.867494,2,1603510
113440081,0.88,0.877499,2,1603510
113441541,0.87,0.8715,2,1603540
113443001,0.88,0.8783,2,1603540
113444461,0.87,0.87166,2,1603568
113445921,0.88,0.878332,2,1603568
113447381,0.87,0.871666,2,1603570
113448841,0.88,0.878333,2,1603570
113450301,0.89,0.887667,2,1603620
113451761,0.9,0.897533,2,1603620
113453221,0.91,0.907507,2,1603696
113454681,0.92,0.917501,2,1603696
113456141,0.92,0.9195,2,1603696
113457601,0.95,0.9439,2,1603729
113599221,0.92,0.92,2,1605391
113600681,0.93,0.928,2,1605391
113602141,0.86,0.8736,2,1605419
113603601,0.87,0.87072,2,1605419
113605061,0.85,0.854144,2,1605453
113606521,0.86,0.858829,2,1605453
113607981,0.83,0.835766,2,1605487
113609441,0.84,0.839153,2,1605487
113610901,0.75,0.767831,2,1605524
113612361,0.76,0.761566,2,1605524
113613821,0.73,0.736313,1,1605545
113615281,0.74,0.739263,1,1605545
113616741,0.53,0.571853,1,1605591
113618201,0.54,0.546371,1,1605591
113619661,0.39,0.421274,1,1605632
113621121,0.4,0.404255,1,1605632
113622581,0.41,0.408851,1,1605667
113624041,0.42,0.41777,1,1605667
113625501,0.41,0.411554,1,1605693
113626961,0.42,0.418311,1,1605693
113628421,0.41,0.411662,1,1605723
113629881,0.42,0.418332,1,1605723
113631341,0.42,0.419667,1,1605723
113632801,0.49,0.475933,1,1605749
113634261,0.5,0.495187,1,1605749
113635721,0.47,0.475037,1,1605781
113637181,0.48,0.479007,1,1605781
113638641,0.41,0.423801,1,1605826
113640101,0.42,0.42076,1,1605826
113641561,0.33,0.348152,1,1605859
113643021,0.34,0.34163,1,1605859
113644481,0.37,0.364326,1,1605884
113645941,0.38,0.376865,1,1605884
113647401,0.33,0.339373,1,1605916
113648861,0.34,0.339875,1,1605916
113650321,0.37,0.363975,1,1605949
113651781,0.38,0.376795,1,1605949
113653241,0.35,0.355359,1,1605982
113654701,0.36,0.359072,1,1605982
113656161,0.37,0.367814,1,1606002
113657621,0.38,0.377563,1,1606002
113659081,0.35,0.355513,1,1606038
113660541,0.36,0.359103,1,1606038
113662001,0.35,0.35182,1,1606072
113663461,0.36,0.358364,1,1606072
113664921,0.35,0.351673,1,1606108
113666381,0.36,0.358335,1,1606108
113667841,0.41,0.399667,1,1606134
113669301,0.42,0.415933,1,1606134
113670761,0.43,0.427187,1,1606164
113672221,0.44,0.437437,1,1606164
113673681,0.43,0.431487,1,1606166
113675141,0.44,0.438297,1,1606166
113676601,0.45,0.447659,1,1606195
113678061,0.46,0.457532,1,1606195
113679521,0.45,0.451506,1,1606226
113680981,0.46,0.458301,1,1606226
113682441,0.45,0.45166,1,1606268
113683901,0.46,0.458332,1,1606268
113685361,0.47,0.467666,1,1606297
113686821,0.48,0.477533,1,1606297
113688281,0.49,0.487507,1,1606324
113689741,0.5,0.497501,1,1606324
113691201,0.49,0.4915,1,1606354
113692661,0.5,0.4983,1,1606354
113694121,0.53,0.52366,1,1606389
113695581,0.54,0.536732,1,1606389
113697041,0.55,0.547346,1,1606421
113698501,0.56,0.557469,1,1606421
113699961,0.57,0.567494,1,1606442
113701421,0.58,0.577499,1,1606442
113702881,0.59,0.5875,1,1606477
113704341,0.6,0.5975,1,1606477
113705801,0.59,0.5915,1,1606511
113707261,0.6,0.5983,1,1606511
113708721,0.61,0.60766,1,1606547
113710181,0.62,0.617532,1,1606547
113711641,0.63,0.627506,1,1606576
113713101,0.64,0.637501,1,1606576
113714561,0.61,0.6155,1,1606607
113716021,0.62,0.6191,1,1606607
113717481,0.61,0.61182,1,1606609
113718941,0.62,0.618364,1,1606609
113720401,0.62,0.619673,1,1606609
113721861,0.71,0.691935,1,1606639
113723321,0.72,0.714387,1,1606639
113724781,0.69,0.694877,1,1606670
113726241,0.7,0.698975,1,1606670
113727701,0.69,0.691795,1,1606712
113729161,0.7,0.698359,1,1606712
113730621,0.73,0.723672,1,1606742
113732081,0.74,0.736734,1,1606742
113733541,0.73,0.731347,1,1606770
113735001,0.74,0.738269,1,1606770
113736461,0.73,0.731654,1,1606800
113737921,0.74,0.738331,1,1606800
113739381,0.73,0.731666,1,1606837
113740841,0.74,0.738333,1,1606837
113742301,0.77,0.763667,2,1606870
113743761,0.78,0.776733,2,1606870
113745221,0.81,0.803347,2,1606892
113746681,0.82,0.816669,2,1606892
113748141,0.81,0.811334,2,1606928
113749601,0.82,0.818267,2,1606928
113751061,0.81,0.811653,2,1606962
113752521,0.82,0.818331,2,1606962
113753981,0.81,0.811666,2,1606999
113755441,0.82,0.818333,2,1606999
113756901,0.81,0.811667,2,1607029
113758361,0.82,0.818333,2,1607029
113759821,0.81,0.811667,2,1607059
113761281,0.82,0.818333,2,1607059
113762741,0.81,0.811667,2,1607061
113764201,0.82,0.818333,2,1607061
113765661,0.79,0.795667,2,1607095
113767121,0.8,0.799133,2,1607095
113768581,0.81,0.807827,2,1607125
113770041,0.82,0.817565,2,1607125
113771501,0.81,0.811513,2,1607167
113772961,0.82,0.818303,2,1607167
113774421,0.81,0.811661,2,1607199
113775881,0.82,0.818332,2,1607199
113777341,0.85,0.843666,2,1607227
113778801,0.86,0.856733,2,1607227
113780261,0.87,0.867347,2,1607257
113781721,0.88,0.877469,2,1607257
113783181,0.89,0.887494,2,1607294
113784641,0.9,0.897499,2,1607294
113786101,0.93,0.9235,2,1607329
113787561,0.94,0.9367,2,1607329
113789021,0.91,0.91534,2,1607353
113790481,0.92,0.919068,2,1607353
113791941,0.95,0.943814,2,1607389
113794861,0.95,0.95,2,1607423
113797781,0.93,0.93,2,1607460
113799241,0.94,0.938,2,1607460
113800701,0.93,0.9316,2,1607490
113802161,0.94,0.93832,2,1607490
113803621,0.93,0.931664,2,1607520
113805081,0.94,0.938333,2,1607520
113806541,0.93,0.931667,2,1607522
113808001,0.94,0.938333,2,1607522
113978821,0.91,0.91,2,1609473
113980281,0.79,0.814,2,1609512
113981741,0.73,0.7468,1,1609549
113983201,0.67,0.68536,1,1609577
113984661,0.61,0.625072,1,1609590
113986121,0.45,0.485014,1,1609646
113987581,0.45,0.457003,1,1609665
113989041,0.43,0.435401,1,1609683
113990501,0.43,0.43108,1,1609700
113991961,0.41,0.414216,1,1609708
113993421,0.49,0.474843,1,1609784
113994881,0.5,0.494969,1,1609784
113996341,0.51,0.506994,1,1609880
113997801,0.52,0.517399,1,1609880
113999261,0.45,0.46348,1,1609939
114000721,0.46,0.460696,1,1609939
114002181,0.51,0.500139,1,1610006
114003641,0.52,0.516028,1,1610006
114005101,0.53,0.527206,1,1610041
114006561,0.54,0.537441,1,1610041
114008021,0.59,0.579488,1,1610108
114009481,0.6,0.595898,1,1610108
114010941,0.59,0.59118,1,1610142
114012401,0.6,0.598236,1,1610142
114013861,0.6,0.599647,1,1610142
114015321,0.67,0.655929,1,1610229
114016781,0.68,0.675186,1,1610229
114018241,0.73,0.719037,1,1610326
114019701,0.74,0.735807,1,1610326
114021161,0.75,0.747161,1,1610382
114022621,0.76,0.757432,2,1610382
114024081,0.81,0.799486,2,1610452
114025541,0.82,0.815897,2,1610452
114027001,0.81,0.811179,2,1610488
114028461,0.82,0.818236,2,1610488
114029921,0.83,0.827647,2,1610558
114031381,0.84,0.837529,2,1610558
114032841,0.83,0.831506,2,1610592
114034301,0.84,0.838301,2,1610592
114035761,0.83,0.83166,2,1610594
114037221,0.84,0.838332,2,1610594
114038681,0.83,0.831666,2,1610684
114040141,0.84,0.838333,2,1610684
114041601,0.93,0.911667,2,1610784
114043061,0.94,0.934333,2,1610784
114044521,0.93,0.930867,2,1610841
114045981,0.94,0.938173,2,1610841
114047441,0.95,0.947635,2,1610914
114050361,0.95,0.95,2,1610950
114137961,0.93,0.93,2,1612676
114139421,0.94,0.938,2,1612676
114140881,0.83,0.8516,2,1612715
114142341,0.84,0.84232,2,1612715
114143801,0.83,0.832464,2,1612748
114145261,0.84,0.838493,2,1612748
114146721,0.63,0.671699,1,1612818
114148181,0.64,0.64634,1,1612818
114149641,0.57,0.585268,1,1612852
114151101,0.58,0.581054,1,1612852
114152561,0.41,0.444211,1,1612925
114154021,0.42,0.424842,1,1612925
114155481,0.39,0.396968,1,1612958
114156941,0.4,0.399394,1,1612958
114158401,0.31,0.327879,1,1612993
114159861,0.32,0.321576,1,1612993
114161321,0.27,0.280315,1,1613053
114162781,0.28,0.280063,1,1613053
114164241,0.37,0.352013,1,1613144
114165701,0.38,0.374403,1,1613144
114167161,0.35,0.35488,1,1613179
114168621,0.36,0.358976,1,1613179
114170081,0.43,0.415795,1,1613211
114171541,0.44,0.435159,1,1613211
114173001,0.44,0.439032,1,1613211
114174461,0.47,0.463806,1,1613271
114175921,0.48,0.476761,1,1613271
114177381,0.47,0.471352,1,1613302
114178841,0.48,0.47827,1,1613302
114180301,0.57,0.551654,1,1613367
114181761,0.58,0.574331,1,1613367
114183221,0.53,0.538866,1,1613399
114184681,0.54,0.539773,1,1613399
114186141,0.53,0.531955,1,1613430
114187601,0.54,0.538391,1,1613430
114189061,0.53,0.531678,1,1613488
114190521,0.54,0.538336,1,1613488
114191981,0.57,0.563667,1,1613584
114193441,0.58,0.576733,1,1613584
114194901,0.57,0.571347,1,1613618
114196361,0.58,0.578269,1,1613618
114197821,0.55,0.555654,1,1613654
114199281,0.56,0.559131,1,1613654
114200741,0.59,0.583826,1,1613715
114202201,0.6,0.596765,1,1613715
114203661,0.61,0.607353,1,1613746
114205121,0.62,0.617471,1,1613746
114206581,0.61,0.611494,1,1613816
114208041,0.62,0.618299,1,1613816
114209501,0.63,0.62766,1,1613846
114210961,0.64,0.637532,1,1613846
114212421,0.65,0.647506,1,1613877
114213881,0.66,0.657501,1,1613877
114215341,0.67,0.6675,1,1613935
114216801,0.68,0.6775,1,1613935
114218261,0.69,0.6875,1,1614033
114219721,0.7,0.6975,1,1614033
114221181,0.69,0.6915,1,1614067
114222641,0.7,0.6983,1,1614067
114224101,0.71,0.70766,1,1614102
114225561,0.72,0.717532,1,1614102
114227021,0.73,0.727506,1,1614165
114228481,0.74,0.737501,1,1614165
114229941,0.77,0.7635,2,1614197
114231401,0.78,0.7767,2,1614197
114232861,0.78,0.77934,2,1614197
114234321,0.87,0.851868,2,1614267
114235781,0.88,0.874374,2,1614267
114237241,0.93,0.918875,2,1614298
114238701,0.94,0.935775,2,1614298
114240161,0.95,0.947155,2,1614330
114289801,0.95,0.95,2,1615140
114552601,0.93,0.93,2,1619088
114554061,0.94,0.938,2,1619088
114555521,0.95,0.9476,2,1619104
114558441,0.83,0.83,2,1619147
114559901,0.84,0.838,2,1619147
114561361,0.85,0.8476,2,1619184
114562821,0.86,0.85752,2,1619184
114564281,0.89,0.883504,2,1619207
114565741,0.9,0.896701,2,1619207
114567201,0.91,0.90734,2,1619281
114568661,0.92,0.917468,2,1619281
114570121,0.92,0.919494,2,1619281
114735101,0.9,0.9,2,1621461
114736561,0.91,0.908,2,1621461
114738021,0.95,0.9416,2,1621495
114740941,0.95,0.95,2,1621533
114743861,0.75,0.75,2,1621563
114745321,0.76,0.758,2,1621563
114746781,0.87,0.8476,2,1621598
114748241,0.88,0.87352,2,1621598
114749701,0.77,0.790704,2,1621629
114751161,0.78,0.782141,2,1621629
114752621,0.77,0.772428,2,1621665
114754081,0.78,0.778486,2,1621665
114755541,0.65,0.675697,1,1621739
114757001,0.66,0.663139,1,1621739
114758461,0.63,0.636628,1,1621775
114759921,0.64,0.639326,1,1621775
114761381,0.51,0.535865,1,1621807
114762841,0.52,0.523173,1,1621807
114764301,0.51,0.512635,1,1621824
114765761,0.52,0.518527,1,1621824
114767221,0.41,0.431705,1,1621840
114768681,0.42,0.422341,1,1621840
114770141,0.47,0.460468,1,1621878
114771601,0.48,0.476094,1,1621878
114773061,0.39,0.407219,1,1621930
114774521,0.4,0.401444,1,1621930
114775981,0.33,0.344289,1,1621963
114777441,0.34,0.340858,1,1621963
114778901,0.37,0.364172,1,1622001
114780361,0.38,0.376834,1,1622001
114781821,0.33,0.339367,1,1622022
114783281,0.34,0.339873,1,1622022
114784741,0.31,0.315975,1,1622062
114786201,0.32,0.319195,1,1622062
114787661,0.29,0.295839,1,1622088
114789121,0.3,0.299168,1,1622088
114790581,0.27,0.275834,1,1622124
114792041,0.28,0.279167,1,1622124
114793501,0.21,0.223833,1,1622192
114794961,0.22,0.220767,1,1622192
114796421,0.15,0.164153,1,1622227
114797881,0.16,0.160831,1,1622227
114799341,0.17,0.168166,1,1622253
114800801,0.18,0.177633,1,1622253
114802261,0.15,0.155527,1,1622270
114803721,0.16,0.159105,1,1622270
114805181,0.15,0.151821,1,1622281
114806641,0.16,0.158364,1,1622281
114808101,0.16,0.159673,1,1622281
114809561,0.21,0.199935,1,1622322
114811021,0.22,0.215987,1,1622322
114812481,0.23,0.227197,1,1622370
114813941,0.24,0.237439,1,1622370
114815401,0.23,0.231488,1,1622400
114816861,0.24,0.238298,1,1622400
114818321,0.27,0.26366,1,1622440
114819781,0.28,0.276732,1,1622440
114821241,0.31,0.303346,1,1622459
114822701,0.32,0.316669,1,1622459
114824161,0.31,0.311334,1,1622498
114825621,0.32,0.318267,1,1622498
114827081,0.33,0.327653,1,1622523
114828541,0.34,0.337531,1,1622523
114830001,0.33,0.331506,1,1622558
114831461,0.34,0.338301,1,1622558
114832921,0.35,0.34766,1,1622623
114834381,0.36,0.357532,1,1622623
114835841,0.43,0.415506,1,1622655
114837301,0.44,0.435101,1,1622655
114838761,0.41,0.41502,1,1622682
114840221,0.42,0.419004,1,1622682
114841681,0.41,0.411801,1,1622698
114843141,0.42,0.41836,1,1622698
114844601,0.43,0.427672,1,1622709
114846061,0.44,0.437534,1,1622709
114847521,0.43,0.431507,1,1622711
114848981,0.44,0.438301,1,1622711
114850441,0.39,0.39966,1,1622754
114851901,0.4,0.399932,1,1622754
114853361,0.41,0.407986,1,1622803
114854821,0.42,0.417597,1,1622803
114856281,0.41,0.411519,1,1622833
114857741,0.42,0.418304,1,1622833
114859201,0.43,0.427661,1,1622875
114860661,0.44,0.437532,1,1622875
114862121,0.41,0.415506,1,1622896
114863581,0.42,0.419101,1,1622896
114865041,0.43,0.42782,1,1622935
114866501,0.44,0.437564,1,1622935
114867961,0.43,0.431513,1,1622961
114869421,0.44,0.438303,1,1622961
114870881,0.49,0.479661,1,1622996
114872341,0.5,0.495932,1,1622996
114873801,0.51,0.507186,1,1623062
114875261,0.52,0.517437,1,1623062
114876721,0.55,0.543487,1,1623098
114878181,0.56,0.556697,1,1623098
114879641,0.55,0.551339,1,1623124
114881101,0.56,0.558268,1,1623124
114882561,0.55,0.551654,1,1623140
114884021,0.56,0.558331,1,1623140
114885481,0.55,0.551666,1,1623152
114886941,0.56,0.558333,1,1623152
114888401,0.55,0.551667,1,1623154
114889861,0.56,0.558333,1,1623154
114891321,0.61,0.599667,1,1623195
114892781,0.62,0.615933,1,1623195
114894241,0.62,0.619187,1,1623195
114895701,0.65,0.643837,1,1623245
114897161,0.66,0.656767,1,1623245
114898621,0.69,0.683353,1,1623275
114900081,0.7,0.696671,1,1623275
114901541,0.75,0.739334,1,1623318
114903001,0.76,0.755867,2,1623318
114904461,0.77,0.767173,2,1623338
114905921,0.78,0.777435,2,1623338
114907381,0.79,0.787487,2,1623378
114908841,0.8,0.797497,2,1623378
114910301,0.79,0.791499,2,1623404
114911761,0.8,0.7983,2,1623404
114913221,0.83,0.82366,2,1623442
114914681,0.84,0.836732,2,1623442
114916141,0.83,0.831346,2,1623509
114917601,0.84,0.838269,2,1623509
114919061,0.83,0.831654,2,1623547
114920521,0.84,0.838331,2,1623547
114921981,0.85,0.847666,2,1623573
114923441,0.86,0.857533,2,1623573
114924901,0.85,0.851507,2,1623589
114926361,0.86,0.858301,2,1623589
114927821,0.87,0.86766,2,1623601
114929281,0.88,0.877532,2,1623601
114930741,0.87,0.871506,2,1623603
114932201,0.88,0.878301,2,1623603
114933661,0.85,0.85566,2,1623647
114935121,0.86,0.859132,2,1623647
114936581,0.87,0.867826,2,1623698
114938041,0.88,0.877565,2,1623698
114939501,0.91,0.903513,2,1623730
114940961,0.92,0.916703,2,1623730
114942421,0.91,0.911341,2,1623776
114943881,0.92,0.918268,2,1623776
114945341,0.89,0.895654,2,1623797
114946801,0.9,0.899131,2,1623797
114948261,0.93,0.923826,2,1623838
114949721,0.94,0.936765,2,1623838
114951181,0.93,0.931353,2,1623864
114952641,0.94,0.938271,2,1623864
114954101,0.93,0.931654,2,1623904
114955561,0.94,0.938331,2,1623904
114957021,0.95,0.947666,2,1623971
114962861,0.95,0.95,2,1624036
114965781,0.95,0.95,2,1624052
114968701,0.93,0.93,2,1624065
114970161,0.94,0.938,2,1624065
114971621,0.93,0.9316,2,1624067
114973081,0.94,0.93832,2,1624067
114974541,0.91,0.915664,2,1624110
114976001,0.92,0.919133,2,1624110
114977461,0.93,0.927827,2,1624162
114978921,0.94,0.937565,2,1624162
115110321,0.93,0.93,2,1625696
115111781,0.93,0.93,2,1625743
115113241,0.89,0.898,2,1625774
115114701,0.79,0.8116,2,1625810
115082581,0.61,0.65032,1,1625882
115116161,0.51,0.538064,1,1625942
115117621,0.49,0.499613,1,1625973
115119081,0.51,0.507923,1,1625994
115120541,0.41,0.429584,1,1626035
115122001,0.45,0.445917,1,1626040
115123461,0.43,0.433183,1,1626046
115124921,0.29,0.318637,1,1626067
115126381,0.39,0.375727,1,1626083
115127841,0.39,0.387145,1,1626135
115129301,0.35,0.357429,1,1626163
115130761,0.31,0.319486,1,1626210
115132221,0.35,0.343897,1,1626239
115133681,0.39,0.380779,1,1626270
115135141,0.39,0.388156,1,1626333
115136601,0.39,0.389631,1,1626418
115138061,0.4,0.397926,1,1626418
115139521,0.39,0.391585,1,1626476
115140981,0.4,0.398317,1,1626476
115142441,0.39,0.391663,1,1626488
115143901,0.4,0.398333,1,1626488
115145361,0.43,0.423667,1,1626523
115146821,0.44,0.436733,1,1626523
115148281,0.45,0.447347,1,1626601
115149741,0.46,0.457469,1,1626601
115151201,0.49,0.483494,1,1626677
115152661,0.5,0.496699,1,1626677
115154121,0.49,0.49134,1,1626773
115155581,0.5,0.498268,1,1626773
115157041,0.5,0.499654,1,1626773
115158501,0.47,0.475931,1,1626859
115159961,0.48,0.479186,1,1626859
115161421,0.59,0.567837,1,1626917
115162881,0.6,0.593567,1,1626917
115164341,0.59,0.590713,1,1626929
115165801,0.6,0.598143,1,1626929
115167261,0.61,0.607629,1,1626966
115168721,0.62,0.617526,1,1626966
115170181,0.63,0.627505,1,1627045
115171641,0.64,0.637501,1,1627045
115173101,0.71,0.6955,1,1627123
115174561,0.72,0.7151,1,1627123
115176021,0.83,0.80702,2,1627219
115177481,0.84,0.833404,2,1627219
115178941,0.83,0.830681,2,1627303
115180401,0.84,0.838136,2,1627303
115181861,0.89,0.879627,2,1627367
115183321,0.9,0.895925,2,1627367
115184781,0.89,0.891185,2,1627379
115186241,0.9,0.898237,2,1627379
115187701,0.89,0.891647,2,1627417
115189161,0.9,0.898329,2,1627417
115190621,0.91,0.907666,2,1627497
115192081,0.92,0.917533,2,1627497
115193541,0.91,0.911507,2,1627579
115195001,0.92,0.918301,2,1627579
115311801,0.91,0.91,2,1629928
115313261,0.92,0.918,2,1629928
115314721,0.45,0.5436,1,1630061
115316181,0.46,0.47672,1,1630061
115317641,0.03,0.119344,1,1630138
115319101,0.04,0.0558688,1,1630138
115320561,0.05,0.0511738,1,1630210
115322021,0.06,0.0582348,1,1630210
115323481,0.07,0.0676469,1,1630249
115324941,0.08,0.0775294,1,1630249
115326401,0.03,0.0395059,1,1630285
115327861,0.04,0.0399012,1,1630285
115329321,0.05,0.0479802,1,1630316
115330781,0.06,0.057596,1,1630316
115332241,0.05,0.0515192,1,1630346
115333701,0.06,0.0583038,1,1630346
115335161,0.03,0.0356608,1,1630370
115336621,0.04,0.0391322,1,1630370
115338081,0,0.00782643,1,1630404
115339541,0,0.00156529,1,1630404
115341001,0.01,0.00831306,1,1630505
115342461,0.02,0.0176626,1,1630505
115343921,0.07,0.0595325,1,1630561
115345381,0.08,0.0759065,1,1630561
115346841,0.01,0.0231813,1,1630634
115348301,0.02,0.0206363,1,1630634
115349761,0,0.00412725,1,1630674
115351221,0,0.00082545,1,1630674
115352681,0,0.00016509,1,1630708
115354141,0,3.3018e-05,1,1630708
115355601,0.01,0.0080066,1,1630740
115357061,0.02,0.0176013,1,1630740
115358521,0.01,0.0115203,1,1630770
115359981,0.02,0.0183041,1,1630770
115361441,0.02,0.0196608,1,1630770
115362901,0,0.00393216,1,1630793
115364361,0,0.000786432,1,1630793
115365821,0,0.000157286,1,1630826
115367281,0,3.14573e-05,1,1630826
115368741,0.05,0.0400063,1,1630927
115370201,0.06,0.0560013,1,1630927
115371661,0.05,0.0512003,1,1630986
115373121,0.06,0.0582401,1,1630986
115374581,0.01,0.019648,1,1631056
115376041,0.02,0.0199296,1,1631056
115377501,0,0.00398592,1,1631096
115378961,0,0.000797184,1,1631096
115380421,0,0.000159437,1,1631130
115381881,0,3.18874e-05,1,1631130
115383341,0.01,0.00800638,1,1631162
115384801,0.02,0.0176013,1,1631162
115386261,0.03,0.0275203,1,1631192
115387721,0.04,0.0375041,1,1631192
115389181,0,0.00750081,1,1631214
115390641,0,0.00150016,1,1631214
115392101,0,0.000300032,1,1631247
115393561,0,6.00065e-05,1,1631247
115395021,0.05,0.040012,1,1631350
115396481,0.06,0.0560024,1,1631350
115397941,0.03,0.0352005,1,1631409
115399401,0.04,0.0390401,1,1631409
115400861,0.03,0.031808,1,1631477
115402321,0.04,0.0383616,1,1631477
115403781,0,0.00767232,1,1631517
115405241,0,0.00153446,1,1631517
115406701,0.01,0.00830689,1,1631551
115408161,0.02,0.0176614,1,1631551
115409621,0.03,0.0275323,1,1631583
115411081,0.04,0.0375065,1,1631583
115412541,0.05,0.0475013,1,1631614
115414001,0.06,0.0575003,1,1631614
115415461,0.01,0.0195001,1,1631635
115416921,0.02,0.0199,1,1631635
115418381,0,0.00398,1,1631668
115419841,0,0.000796,1,1631668
115421301,0,0.0001592,1,1631668
115422761,0.05,0.0400318,1,1631773
115424221,0.06,0.0560064,1,1631773
115425681,0.05,0.0512013,1,1631831
115427141,0.06,0.0582403,1,1631831
115428601,0.01,0.0196481,1,1631899
115430061,0.02,0.0199296,1,1631899
115431521,0,0.00398592,1,1631938
115432981,0,0.000797184,1,1631938
115434441,0.03,0.0241594,1,1631972
115435901,0.04,0.0368319,1,1631972
115437361,0.03,0.0313664,1,1632005
115438821,0.04,0.0382733,1,1632005
115440281,0.03,0.0316547,1,1632037
115441741,0.04,0.0383309,1,1632037
115443201,0.05,0.0476662,1,1632056
115444661,0.06,0.0575332,1,1632056
115446121,0.03,0.0355066,1,1632089
115447581,0.04,0.0391013,1,1632089
115449041,0.03,0.0318203,1,1632091
115450501,0.04,0.0383641,1,1632091
115451961,0.01,0.0156728,1,1632197
115453421,0.02,0.0191346,1,1632197
115454881,0.07,0.0598269,1,1632255
115456341,0.08,0.0759654,1,1632255
115457801,0,0.0151931,1,1632321
115459261,0,0.00303861,1,1632321
115460721,0,0.000607723,1,1632360
115462181,0,0.000121545,1,1632360
115463641,0.05,0.0400243,1,1632395
115465101,0.06,0.0560049,1,1632395
115466561,0,0.011201,1,1632428
115468021,0,0.00224019,1,1632428
115469481,0.01,0.00844804,1,1632460
115470941,0.02,0.0176896,1,1632460
115472401,0,0.00353792,1,1632480
115473861,0,0.000707584,1,1632480
115475321,0.03,0.0241415,1,1632512
115476781,0.04,0.0368283,1,1632512
115478241,0.03,0.0313657,1,1632514
115479701,0.04,0.0382731,1,1632514
115481161,0.04,0.0396546,1,1632514
115482621,0.01,0.0159309,1,1632619
115484081,0.02,0.0191862,1,1632619
115485541,0,0.00383724,1,1632680
115487001,0,0.000767447,1,1632680
115488461,0,0.000153489,1,1632743
115489921,0,3.06979e-05,1,1632743
115491381,0,6.13958e-06,1,1632782
115492841,0,1.22792e-06,1,1632782
115494301,0.03,0.0240002,1,1632819
115495761,0.04,0.0368,1,1632819
115497221,0,0.00736001,1,1632850
115498681,0,0.001472,1,1632850
115500141,0,0.0002944,1,1632882
115501601,0,5.88801e-05,1,1632882
115503061,0.01,0.00801178,1,1632902
115504521,0.02,0.0176024,1,1632902
115505981,0.05,0.0435205,1,1632935
115507441,0.06,0.0567041,1,1632935
115508901,0.05,0.0513408,1,1632937
115510361,0.06,0.0582682,1,1632937
115511821,0.05,0.0516536,1,1633040
115513281,0.06,0.0583307,1,1633040
115514741,0.01,0.0196661,1,1633101
115516201,0.02,0.0199332,1,1633101
115517661,0.01,0.0119866,1,1633164
115519121,0.02,0.0183973,1,1633164
115520581,0.01,0.0116795,1,1633203
115522041,0.02,0.0183359,1,1633203
115523501,0.03,0.0276672,1,1633241
115524961,0.04,0.0375334,1,1633241
115526421,0.01,0.0155067,1,1633271
115527881,0.02,0.0191013,1,1633271
115529341,0.03,0.0278203,1,1633303
115530801,0.04,0.0375641,1,1633303
115532261,0.01,0.0155128,1,1633323
115533721,0.02,0.0191026,1,1633323
115535181,0.01,0.0118205,1,1633358
115536641,0.02,0.0183641,1,1633358
115538101,0.01,0.0116728,1,1633360
115539561,0.02,0.0183346,1,1633360
115541021,0.07,0.0596669,1,1633463
115542481,0.08,0.0759334,1,1633463
115543941,0.07,0.0711867,1,1633522
115545401,0.08,0.0782373,1,1633522
115546861,0.08,0.0796475,1,1633522
115548321,0.01,0.0239295,1,1633585
115549781,0.02,0.0207859,1,1633585
115551241,0.07,0.0601572,1,1633624
115552701,0.08,0.0760314,1,1633624
115554161,0.03,0.0392063,1,1633663
115555621,0.04,0.0398413,1,1633663
115557081,0.03,0.0319683,1,1633692
115558541,0.04,0.0383937,1,1633692
115560001,0.05,0.0476787,1,1633725
115561461,0.06,0.0575357,1,1633725
115562921,0.03,0.0355071,1,1633744
115564381,0.04,0.0391014,1,1633744
115565841,0.05,0.0478203,1,1633779
115567301,0.06,0.0575641,1,1633779
115568761,0.05,0.0515128,1,1633781
115570221,0.06,0.0583026,1,1633781
115571681,0.09,0.0836605,1,1633887
115573141,0.1,0.0967321,1,1633887
115574601,0.09,0.0913464,1,1633946
115576061,0.1,0.0982693,1,1633946
115577521,0.09,0.0916539,1,1633948
115578981,0.1,0.0983308,1,1633948
115580441,0,0.0196662,1,1634007
115581901,0,0.00393323,1,1634007
115583361,0.03,0.0247866,1,1634049
115584821,0.04,0.0369573,1,1634049
115586281,0.07,0.0633915,1,1634086
115587741,0.08,0.0766783,1,1634086
115589201,0.05,0.0553357,1,1634115
115590661,0.06,0.0590671,1,1634115
115592121,0.01,0.0198134,1,1634149
115593581,0.02,0.0199627,1,1634149
115595041,0.01,0.0119925,1,1634167
115596501,0.02,0.0183985,1,1634167
115597961,0.01,0.0116797,1,1634203
115599421,0.02,0.0183359,1,1634203
115600881,0.01,0.0116672,1,1634205
115602341,0.02,0.0183334,1,1634205
115603801,0.05,0.0436667,1,1634313
115605261,0.06,0.0567333,1,1634313
115606721,0.09,0.0833467,1,1634372
115608181,0.1,0.0966693,1,1634372
115609641,0.09,0.0913339,1,1634374
115611101,0.1,0.0982668,1,1634374
115612561,0.07,0.0756534,1,1634429
115614021,0.08,0.0791307,1,1634429
115615481,0.08,0.0798261,1,1634429
115616941,0.07,0.0719652,1,1634472
115618401,0.08,0.078393,1,1634472
115619861,0.09,0.0876786,1,1634511
115621321,0.1,0.0975357,1,1634511
115622781,0.13,0.123507,1,1634539
115624241,0.14,0.136701,1,1634539
115625701,0.11,0.11534,1,1634571
115627161,0.12,0.119068,1,1634571
115628621,0.11,0.111814,1,1634589
115630081,0.12,0.118363,1,1634589
115631541,0.11,0.111673,1,1634625
115633001,0.12,0.118335,1,1634625
115634461,0.11,0.111667,1,1634627
115635921,0.12,0.118333,1,1634627
115637381,0.25,0.223667,1,1634737
115638841,0.26,0.252733,1,1634737
115640301,0.29,0.282547,1,1634798
115641761,0.3,0.296509,1,1634798
115643221,0.29,0.291302,1,1634800
115644681,0.3,0.29826,1,1634800
115646141,0.29,0.291652,1,1634854
115647601,0.3,0.29833,1,1634854
115649061,0.29,0.291666,1,1634896
115650521,0.3,0.298333,1,1634896
115651981,0.27,0.275667,1,1634936
115653441,0.28,0.279133,1,1634936
115654901,0.31,0.303827,1,1634966
115656361,0.32,0.316765,1,1634966
115657821,0.35,0.343353,1,1634997
115659281,0.36,0.356671,1,1634997
115660741,0.35,0.351334,1,1635015
115662201,0.36,0.358267,1,1635015
115663661,0.35,0.351653,1,1635051
115665121,0.36,0.358331,1,1635051
115666581,0.35,0.351666,1,1635053
115668041,0.36,0.358333,1,1635053
115669501,0.35,0.351667,1,1635170
115670961,0.36,0.358333,1,1635170
115672421,0.35,0.351667,1,1635233
115673881,0.36,0.358333,1,1635233
115675341,0.35,0.351667,1,1635235
115676801,0.36,0.358333,1,1635235
115678261,0.35,0.351667,1,1635289
115679721,0.36,0.358333,1,1635289
115681181,0.35,0.351667,1,1635331
115682641,0.36,0.358333,1,1635331
115684101,0.36,0.359667,1,1635331
115685561,0.35,0.351933,1,1635370
115687021,0.36,0.358387,1,1635370
115688481,0.37,0.367677,1,1635402
115689941,0.38,0.377535,1,1635402
115691401,0.39,0.387507,1,1635435
115692861,0.4,0.397501,1,1635435
115694321,0.43,0.4235,1,1635453
115695781,0.44,0.4367,1,1635453
115697241,0.43,0.43134,1,1635489
115698701,0.44,0.438268,1,1635489
115700161,0.43,0.431654,1,1635491
115701621,0.44,0.438331,1,1635491
115703081,0.51,0.495666,1,1635608
115704541,0.52,0.515133,1,1635608
115706001,0.57,0.559027,1,1635671
115707461,0.58,0.575805,1,1635671
115708921,0.57,0.571161,1,1635673
115710381,0.58,0.578232,1,1635673
115711841,0.59,0.587646,1,1635727
115713301,0.6,0.597529,1,1635727
115714761,0.59,0.591506,1,1635769
115716221,0.6,0.598301,1,1635769
115717681,0.59,0.59166,1,1635771
115719141,0.6,0.598332,1,1635771
115720601,0.59,0.591666,1,1635809
115722061,0.6,0.598333,1,1635809
115723521,0.59,0.591667,1,1635842
115724981,0.6,0.598333,1,1635842
115726441,0.61,0.607667,1,1635876
115727901,0.62,0.617533,1,1635876
115729361,0.63,0.627507,1,1635896
115730821,0.64,0.637501,1,1635896
115732281,0.63,0.6315,1,1635932
115733741,0.64,0.6383,1,1635932
115735201,0.63,0.63166,1,1635934
115736661,0.64,0.638332,1,1635934
115738121,0.69,0.679666,1,1636055
115739581,0.7,0.695933,1,1636055
115741041,0.73,0.723187,1,1636121
115742501,0.74,0.736637,1,1636121
115743961,0.73,0.731327,1,1636123
115745421,0.74,0.738265,1,1636123
115746881,0.75,0.747653,1,1636178
115748341,0.76,0.757531,2,1636178
115749801,0.77,0.767506,2,1636220
115751261,0.78,0.777501,2,1636220
115752721,0.77,0.7715,2,1636222
115754181,0.78,0.7783,2,1636222
115755641,0.77,0.77166,2,1636260
115757101,0.78,0.778332,2,1636260
115758561,0.78,0.779666,2,1636260
115760021,0.81,0.803933,2,1636293
115761481,0.82,0.816787,2,1636293
115762941,0.79,0.795357,2,1636328
115764401,0.8,0.799071,2,1636328
115765861,0.83,0.823814,2,1636349
115767321,0.84,0.836763,2,1636349
115768781,0.87,0.863353,2,1636385
115770241,0.88,0.876671,2,1636385
115771701,0.87,0.871334,2,1636387
115773161,0.88,0.878267,2,1636387
115774621,0.93,0.919653,2,1636511
115776081,0.94,0.935931,2,1636511
115923541,0.88,0.88,2,1638523
115926461,0.94,0.94,2,1638629
115927921,0.89,0.9,2,1638668
115929381,0.92,0.916,2,1638703
115930841,0.73,0.7672,2,1638753
115932301,0.69,0.70544,1,1638772
115933761,0.65,0.661088,1,1638795
115914781,0.53,0.556218,1,1638828
115935221,0.43,0.455244,1,1638845
115936681,0.31,0.339049,1,1638891
115938141,0.37,0.36381,1,1638906
115939601,0.19,0.224762,1,1639001
115941061,0.13,0.148952,1,1639023
115942521,0.05,0.0697905,1,1639101
115943981,0.03,0.0379581,1,1639136
115945441,0.03,0.0315916,1,1639170
115946901,0.07,0.0623183,1,1639210
115948361,0.05,0.0524637,1,1639227
115949821,0.05,0.0504927,1,1639248
115951281,0.03,0.0340985,1,1639275
115952741,0.07,0.0628197,1,1639327
115954201,0.08,0.0765639,1,1639327
115955661,0.11,0.103313,1,1639431
115957121,0.12,0.116663,1,1639431
115958581,0.09,0.0953325,1,1639524
115960041,0.1,0.0990665,1,1639524
115961501,0.07,0.0758133,1,1639592
115962961,0.08,0.0791627,1,1639592
115964421,0.05,0.0558325,1,1639650
115965881,0.06,0.0591665,1,1639650
115967341,0.11,0.0998333,1,1639697
115968801,0.12,0.115967,1,1639697
115970261,0.12,0.119193,1,1639697
115971721,0.13,0.127839,1,1639752
115973181,0.14,0.137568,1,1639752
115974641,0.09,0.0995135,1,1639858
115976101,0.1,0.0999027,1,1639858
115977561,0.19,0.171981,1,1639950
115979021,0.2,0.194396,1,1639950
115980481,0.17,0.174879,1,1640017
115981941,0.18,0.178976,1,1640017
115983401,0.21,0.203795,1,1640074
115984861,0.22,0.216759,1,1640074
115986321,0.29,0.275352,1,1640124
115987781,0.3,0.29507,1,1640124
115989241,0.31,0.307014,1,1640179
115990701,0.32,0.317403,1,1640179
115992161,0.37,0.359481,1,1640283
115993621,0.38,0.375896,1,1640283
115995081,0.41,0.403179,1,1640380
115996541,0.42,0.416636,1,1640380
115998001,0.41,0.411327,1,1640446
115999461,0.42,0.418265,1,1640446
116000921,0.47,0.459653,1,1640505
116002381,0.48,0.475931,1,1640505
116003841,0.53,0.519186,1,1640559
116005301,0.54,0.535837,1,1640559
116006761,0.57,0.563167,1,1640615
116008221,0.58,0.576634,1,1640615
116009681,0.58,0.579327,1,1640615
116011141,0.57,0.571865,1,1640722
116012601,0.58,0.578373,1,1640722
116014061,0.59,0.587675,1,1640821
116015521,0.6,0.597535,1,1640821
116016981,0.63,0.623507,1,1640887
116018441,0.64,0.636701,1,1640887
116019901,0.63,0.63134,1,1640949
116021361,0.64,0.638268,1,1640949
116022821,0.63,0.631654,1,1641006
116024281,0.64,0.638331,1,1641006
116025741,0.61,0.615666,1,1641064
116027201,0.62,0.619133,1,1641064
116028661,0.61,0.611827,1,1641066
116030121,0.62,0.618365,1,1641066
116031581,0.65,0.643673,1,1641172
116033041,0.66,0.656735,1,1641172
116034501,0.73,0.715347,1,1641272
116035961,0.74,0.735069,1,1641272
116037421,0.75,0.747014,1,1641340
116038881,0.76,0.757403,2,1641340
116040341,0.75,0.751481,2,1641402
116041801,0.76,0.758296,2,1641402
116043261,0.75,0.751659,2,1641459
116044721,0.76,0.758332,2,1641459
116046181,0.79,0.783666,2,1641516
116047641,0.8,0.796733,2,1641516
116049101,0.79,0.791347,2,1641518
116050561,0.8,0.798269,2,1641518
116052021,0.89,0.871654,2,1641626
116053481,0.9,0.894331,2,1641626
116054941,0.9,0.898866,2,1641626
116056401,0.95,0.939773,2,1641730
116125021,0.95,0.95,2,1643237
116130861,0.92,0.92,2,1643336
116132321,0.93,0.928,2,1643336
116133781,0.87,0.8816,2,1643409
116135241,0.88,0.88032,2,1643409
116136701,0.79,0.808064,2,1643440
116138161,0.8,0.801613,2,1643440
116139621,0.69,0.712323,1,1643524
116141081,0.7,0.702465,1,1643524
116142541,0.69,0.692493,1,1643631
116144001,0.7,0.698499,1,1643631
116145461,0.61,0.6277,1,1643687
116146921,0.62,0.62154,1,1643687
116148381,0.61,0.612308,1,1643712
116149841,0.62,0.618462,1,1643712
116151301,0.62,0.619692,1,1643712
116152761,0.61,0.611938,1,1643758
116154221,0.62,0.618388,1,1643758
116155681,0.67,0.659678,1,1643804
116157141,0.68,0.675936,1,1643804
116158601,0.69,0.687187,1,1643874
116160061,0.7,0.697437,1,1643874
116161521,0.65,0.659487,1,1643901
116162981,0.66,0.659897,1,1643901
116164441,0.69,0.683979,1,1643980
116165901,0.7,0.696796,1,1643980
116167361,0.79,0.771359,2,1644087
116168821,0.8,0.794272,2,1644087
116170281,0.83,0.822854,2,1644139
116171741,0.84,0.836571,2,1644139
116173201,0.81,0.815314,2,1644164
116174661,0.82,0.819063,2,1644164
116176121,0.85,0.843813,2,1644209
116177581,0.86,0.856763,2,1644209
116179041,0.93,0.915353,2,1644258
116180501,0.94,0.935071,2,1644258
116181961,0.93,0.931014,2,1644329
116183421,0.94,0.938203,2,1644329
116184881,0.91,0.915641,2,1644354
116186341,0.92,0.919128,2,1644354
116310441,0.91,0.91,2,1646682
116311901,0.92,0.918,2,1646682
116313361,0.91,0.9116,2,1646714
116314821,0.92,0.91832,2,1646714
116316281,0.87,0.879664,2,1646748
116317741,0.88,0.879933,2,1646748
116319201,0.88,0.879987,2,1646748
116320661,0.69,0.727997,1,1646828
116322121,0.7,0.705599,1,1646828
116323581,0.55,0.58112,1,1646942
116325041,0.56,0.564224,1,1646942
116326501,0.57,0.568845,1,1646976
116327961,0.58,0.577769,1,1646976
116329421,0.51,0.523554,1,1647021
116330881,0.52,0.520711,1,1647021
116332341,0.49,0.496142,1,1647057
116333801,0.5,0.499228,1,1647057
116335261,0.49,0.491846,1,1647093
116336721,0.5,0.498369,1,1647093
116338181,0.47,0.475674,1,1647149
116339641,0.48,0.479135,1,1647149
116341101,0.49,0.487827,1,1647180
116342561,0.5,0.497565,1,1647180
116344021,0.49,0.491513,1,1647212
116345481,0.5,0.498303,1,1647212
116346941,0.49,0.491661,1,1647214
116348401,0.5,0.498332,1,1647214
116349861,0.51,0.507666,1,1647284
116351321,0.52,0.517533,1,1647284
116352781,0.63,0.607507,1,1647391
116354241,0.64,0.633501,1,1647391
116355701,0.57,0.5827,1,1647426
116357161,0.58,0.58054,1,1647426
116358621,0.67,0.652108,1,1647468
116360081,0.68,0.674422,1,1647468
116361541,0.61,0.622884,1,1647503
116363001,0.62,0.620577,1,1647503
116364461,0.69,0.676115,1,1647539
116365921,0.7,0.695223,1,1647539
116367381,0.67,0.675045,1,1647594
116368841,0.68,0.679009,1,1647594
116370301,0.67,0.671802,1,1647626
116371761,0.68,0.67836,1,1647626
116373221,0.69,0.687672,1,1647658
116374681,0.7,0.697534,1,1647658
116376141,0.69,0.691507,1,1647660
116377601,0.7,0.698301,1,1647660
116379061,0.71,0.70766,1,1647731
116380521,0.72,0.717532,1,1647731
116381981,0.72,0.719506,1,1647731
116383441,0.79,0.775901,2,1647844
116384901,0.8,0.79518,2,1647844
116386361,0.79,0.791036,2,1647876
116387821,0.8,0.798207,2,1647876
116389281,0.81,0.807641,2,1647923
116390741,0.82,0.817528,2,1647923
116392201,0.81,0.811506,2,1647955
116393661,0.82,0.818301,2,1647955
116395121,0.83,0.82766,2,1647995
116396581,0.84,0.837532,2,1647995
116398041,0.87,0.863506,2,1648049
116399501,0.88,0.876701,2,1648049
116400961,0.89,0.88734,2,1648081
116402421,0.9,0.897468,2,1648081
116403881,0.95,0.939494,2,1648114
116406801,0.95,0.95,2,1648116
116535281,0.83,0.83,2,1650103
116536741,0.84,0.838,2,1650103
116538201,0.69,0.7196,1,1650229
116539661,0.7,0.70392,1,1650229
116541121,0.59,0.612784,1,1650266
116542581,0.6,0.602557,1,1650266
116544041,0.53,0.544511,1,1650288
116545501,0.54,0.540902,1,1650288
116546961,0.49,0.50018,1,1650312
116548421,0.5,0.500036,1,1650312
116549881,0.37,0.396007,1,1650340
116551341,0.38,0.383201,1,1650340
116552801,0.31,0.32464,1,1650377
116554261,0.32,0.320928,1,1650377
116555721,0.01,0.0721856,1,1650445
116557181,0.02,0.0304371,1,1650445
116558641,0.07,0.0620874,1,1650475
116560101,0.08,0.0764175,1,1650475
116561561,0.05,0.0552835,1,1650514
116563021,0.06,0.0590567,1,1650514
116564481,0.03,0.0358113,1,1650543
116565941,0.04,0.0391623,1,1650543
116567401,0.03,0.0318325,1,1650569
116568861,0.04,0.0383665,1,1650569
116570321,0.01,0.0156733,1,1650684
116571781,0.02,0.0191347,1,1650684
116573241,0.07,0.0598269,1,1650716
116574701,0.08,0.0759654,1,1650716
116576161,0.07,0.0711931,1,1650735
116577621,0.08,0.0782386,1,1650735
116579081,0.05,0.0556477,1,1650757
116580541,0.06,0.0591295,1,1650757
116582001,0.06,0.0598259,1,1650757
116583461,0.13,0.115965,1,1650779
116584921,0.14,0.135193,1,1650779
116586381,0.07,0.0830386,1,1650813
116587841,0.08,0.0806077,1,1650813
116589301,0.09,0.0881215,1,1650866
116590761,0.1,0.0976243,1,1650866
116592221,0.01,0.0275249,1,1650899
116593681,0.02,0.021505,1,1650899
116595141,0.09,0.076301,1,1650937
116596601,0.1,0.0952602,1,1650937
116598061,0.03,0.043052,1,1650965
116599521,0.04,0.0406104,1,1650965
116600981,0.05,0.0481221,1,1650991
116602441,0.06,0.0576244,1,1650991
116603901,0.09,0.0835249,1,1651105
116605361,0.1,0.096705,1,1651105
116606821,0.03,0.043341,1,1651140
116608281,0.04,0.0406682,1,1651140
116609741,0.05,0.0481336,1,1651159
116611201,0.06,0.0576267,1,1651159
116612661,0.05,0.0515253,1,1651180
116614121,0.06,0.0583051,1,1651180
116615581,0.05,0.051661,1,1651182
116617041,0.06,0.0583322,1,1651182
116618501,0.09,0.0836664,1,1651207
116619961,0.1,0.0967333,1,1651207
116621421,0.17,0.155347,1,1651238
116622881,0.18,0.175069,1,1651238
116624341,0.15,0.155014,1,1651292
116625801,0.16,0.159003,1,1651292
116627261,0.09,0.103801,1,1651321
116628721,0.1,0.10076,1,1651321
116630181,0.05,0.060152,1,1651363
116631641,0.06,0.0600304,1,1651363
116633101,0.03,0.0360061,1,1651388
116634561,0.04,0.0392012,1,1651388
116636021,0.01,0.0158402,1,1651415
116637481,0.02,0.019168,1,1651415
116638941,0.05,0.0438336,1,1651531
116640401,0.06,0.0567667,1,1651531
116641861,0.07,0.0673533,1,1651563
116643321,0.08,0.0774707,1,1651563
116644781,0.07,0.0714941,1,1651583
116646241,0.08,0.0782988,1,1651583
116647701,0.05,0.0556598,1,1651604
116649161,0.06,0.059132,1,1651604
116650621,0.05,0.0518264,1,1651606
116652081,0.06,0.0583653,1,1651606
116653541,0.05,0.0516731,1,1651633
116655001,0.06,0.0583346,1,1651633
116656461,0.06,0.0596669,1,1651633
116657921,0.11,0.0999334,1,1651668
116659381,0.12,0.115987,1,1651668
116660841,0.15,0.143197,1,1651721
116662301,0.16,0.156639,1,1651721
116663761,0.15,0.151328,1,1651747
116665221,0.16,0.158266,1,1651747
116666681,0.19,0.183653,1,1651787
116668141,0.2,0.196731,1,1651787
116669601,0.19,0.191346,1,1651811
116671061,0.2,0.198269,1,1651811
116672521,0.19,0.191654,1,1651837
116673981,0.2,0.198331,1,1651837
116675441,0.21,0.207666,1,1651955
116676901,0.22,0.217533,1,1651955
116678361,0.25,0.243507,1,1651988
116679821,0.26,0.256701,1,1651988
116681281,0.25,0.25134,1,1652008
116682741,0.26,0.258268,1,1652008
116684201,0.25,0.251654,1,1652028
116685661,0.26,0.258331,1,1652028
116687121,0.25,0.251666,1,1652030
116688581,0.26,0.258333,1,1652030
116690041,0.23,0.235667,1,1652057
116691501,0.24,0.239133,1,1652057
116692961,0.27,0.263827,1,1652094
116694421,0.28,0.276765,1,1652094
116695881,0.25,0.255353,1,1652149
116697341,0.26,0.259071,1,1652149
116698801,0.27,0.267814,1,1652175
116700261,0.28,0.277563,1,1652175
116701721,0.31,0.303513,1,1652217
116703181,0.32,0.316703,1,1652217
116704641,0.31,0.311341,1,1652241
116706101,0.32,0.318268,1,1652241
116707561,0.31,0.311654,1,1652267
116709021,0.32,0.318331,1,1652267
116710481,0.41,0.391666,1,1652386
116711941,0.42,0.414333,1,1652386
116713401,0.39,0.394867,1,1652421
116714861,0.4,0.398973,1,1652421
116716321,0.39,0.391795,1,1652441
116717781,0.4,0.398359,1,1652441
116719241,0.39,0.391672,1,1652461
116720701,0.4,0.398334,1,1652461
116722161,0.39,0.391667,1,1652463
116723621,0.4,0.398333,1,1652463
116725081,0.39,0.391667,1,1652489
116726541,0.4,0.398333,1,1652489
116728001,0.43,0.423667,1,1652528
116729461,0.44,0.436733,1,1652528
116730921,0.47,0.463347,1,1652582
116732381,0.48,0.476669,1,1652582
116733841,0.48,0.479334,1,1652582
116735301,0.49,0.487867,1,1652609
116736761,0.5,0.497573,1,1652609
116738221,0.49,0.491515,1,1652653
116739681,0.5,0.498303,1,1652653
116741141,0.49,0.491661,1,1652677
116742601,0.5,0.498332,1,1652677
116744061,0.51,0.507666,1,1652703
116745521,0.52,0.517533,1,1652703
116746981,0.59,0.575507,1,1652827
116748441,0.6,0.595101,1,1652827
116749901,0.65,0.63902,1,1652861
116751361,0.66,0.655804,1,1652861
116752821,0.65,0.651161,1,1652881
116754281,0.66,0.658232,1,1652881
116755741,0.65,0.651646,1,1652901
116757201,0.66,0.658329,1,1652901
116758661,0.65,0.651666,1,1652903
116760121,0.66,0.658333,1,1652903
116761581,0.67,0.667667,1,1652929
116763041,0.68,0.677533,1,1652929
116764501,0.65,0.655507,1,1652970
116765961,0.66,0.659101,1,1652970
116767421,0.73,0.71582,1,1653026
116768881,0.74,0.735164,1,1653026
116770341,0.73,0.731033,1,1653028
116771801,0.74,0.738207,1,1653028
116773261,0.77,0.763641,2,1653055
116774721,0.78,0.776728,2,1653055
116776181,0.77,0.771346,2,1653099
116777641,0.78,0.778269,2,1653099
116779101,0.79,0.787654,2,1653123
116780561,0.8,0.797531,2,1653123
116782021,0.77,0.775506,2,1653150
116783481,0.78,0.779101,2,1653150
116784941,0.75,0.75582,2,1653278
116786401,0.76,0.759164,2,1653278
116787861,0.73,0.735833,1,1653315
116789321,0.74,0.739167,1,1653315
116790781,0.75,0.747833,1,1653335
116792241,0.76,0.757567,2,1653335
116793701,0.75,0.751513,2,1653355
116795161,0.76,0.758303,2,1653355
116796621,0.75,0.751661,2,1653357
116798081,0.76,0.758332,2,1653357
116799541,0.77,0.767666,2,1653384
116801001,0.78,0.777533,2,1653384
116802461,0.77,0.771507,2,1653424
116803921,0.78,0.778301,2,1653424
116805381,0.79,0.78766,2,1653484
116806841,0.8,0.797532,2,1653484
116808301,0.79,0.791506,2,1653486
116809761,0.8,0.798301,2,1653486
116811221,0.81,0.80766,2,1653515
116812681,0.82,0.817532,2,1653515
116814141,0.82,0.819506,2,1653515
116815601,0.85,0.843901,2,1653559
116817061,0.86,0.85678,2,1653559
116818521,0.87,0.867356,2,1653584
116819981,0.88,0.877471,2,1653584
116821441,0.87,0.871494,2,1653610
116822901,0.88,0.878299,2,1653610
116824361,0.93,0.91966,2,1653737
116825821,0.94,0.935932,2,1653737
116827281,0.95,0.947186,2,1653773
116965981,0.83,0.83,2,1655510
116967441,0.69,0.718,1,1655544
116939701,0.33,0.4076,1,1655650
116968901,0.13,0.18552,1,1655714
116970361,0.07,0.093104,1,1655735
116971821,0.07,0.0746208,1,1655766
116973281,0.01,0.0229242,1,1655781
116974741,0.07,0.0605848,1,1655794
116976201,0.01,0.020117,1,1655809
116977661,0.07,0.0600234,1,1655836
116979121,0,0.0120047,1,1655849
116980581,0.03,0.0264009,1,1655915
116982041,0.03,0.0292802,1,1655947
116983501,0,0.00585604,1,1655973
116984961,0.03,0.0251712,1,1655999
116986421,0.07,0.0610342,1,1656087
116987881,0.05,0.0522068,1,1656159
116989341,0.06,0.0584414,1,1656159
116990801,0,0.0116883,1,1656202
116992261,0,0.00233765,1,1656202
116993721,0.01,0.00846753,1,1656230
116995181,0.02,0.0176935,1,1656230
116996641,0.01,0.0115387,1,1656270
116998101,0.02,0.0183077,1,1656270
116999561,0.05,0.0436615,1,1656369
117001021,0.06,0.0567323,1,1656369
117002481,0.05,0.0513465,1,1656421
117003941,0.06,0.0582693,1,1656421
117005401,0.07,0.0676539,1,1656582
117006861,0.08,0.0775308,1,1656582
117008321,0,0.0155062,1,1656623
117009781,0,0.00310123,1,1656623
117011241,0.03,0.0246202,1,1656651
117012701,0.04,0.036924,1,1656651
117014161,0.03,0.0313848,1,1656691
117015621,0.04,0.038277,1,1656691
117017081,0.03,0.0316554,1,1656792
117018541,0.04,0.0383311,1,1656792
117020001,0.03,0.0316662,1,1656844
117021461,0.04,0.0383332,1,1656844
117022921,0.07,0.0636666,1,1657006
117024381,0.08,0.0767333,1,1657006
117025841,0.08,0.0793467,1,1657006
117027301,0,0.0158693,1,1657044
117028761,0,0.00317387,1,1657044
117030221,0.03,0.0246348,1,1657073
117031681,0.04,0.036927,1,1657073
117033141,0.03,0.0313854,1,1657113
117034601,0.04,0.0382771,1,1657113
117036061,0.03,0.0316554,1,1657214
117037521,0.04,0.0383311,1,1657214
117038981,0.09,0.0796662,1,1657266
117040441,0.1,0.0959332,1,1657266
117041901,0.17,0.155187,1,1657430
117043361,0.18,0.175037,1,1657430
117044821,0.17,0.171007,1,1657432
117046281,0.18,0.178201,1,1657432
117047741,0.19,0.18764,1,1657466
117049201,0.2,0.197528,1,1657466
117050661,0.11,0.127506,1,1657496
117052121,0.12,0.121501,1,1657496
117053581,0.03,0.0483002,1,1657536
117055041,0.04,0.04166,1,1657536
117056501,0.03,0.032332,1,1657637
117057961,0.04,0.0384664,1,1657637
117059421,0.09,0.0796933,1,1657692
117060881,0.1,0.0959387,1,1657692
117062341,0.09,0.0911877,1,1657860
117063801,0.1,0.0982375,1,1657860
117065261,0.09,0.0916475,1,1657862
117066721,0.1,0.0983295,1,1657862
117068181,0.11,0.107666,1,1657897
117069641,0.12,0.117533,1,1657897
117071101,0.12,0.119507,1,1657897
117072561,0.17,0.159901,1,1657923
117074021,0.18,0.17598,1,1657923
117075481,0.19,0.187196,1,1657959
117076941,0.2,0.197439,1,1657959
117078401,0.15,0.159488,1,1658060
117079861,0.16,0.159898,1,1658060
117081321,0.17,0.16798,1,1658118
117082781,0.18,0.177596,1,1658118
117084241,0.21,0.203519,1,1658286
117085701,0.22,0.216704,1,1658286
117087161,0.21,0.211341,1,1658288
117088621,0.22,0.218268,1,1658288
117090081,0.23,0.227654,1,1658324
117091541,0.24,0.237531,1,1658324
117093001,0.21,0.215506,1,1658352
117094461,0.22,0.219101,1,1658352
117095921,0.19,0.19582,1,1658389
117097381,0.2,0.199164,1,1658389
117098841,0.25,0.239833,1,1658488
117100301,0.26,0.255967,1,1658488
117101761,0.29,0.283193,1,1658547
117103221,0.3,0.296639,1,1658547
117104681,0.29,0.291328,1,1658717
117106141,0.3,0.298266,1,1658717
117107601,0.29,0.291653,1,1658719
117109061,0.3,0.298331,1,1658719
117110521,0.31,0.307666,1,1658756
117111981,0.32,0.317533,1,1658756
117113441,0.35,0.343507,1,1658783
117114901,0.36,0.356701,1,1658783
117116361,0.36,0.35934,1,1658783
117117821,0.39,0.383868,1,1658819
117119281,0.4,0.396774,1,1658819
117120741,0.39,0.391355,1,1658921
117122201,0.4,0.398271,1,1658921
117123661,0.39,0.391654,1,1658982
117125121,0.4,0.398331,1,1658982
117126581,0.45,0.439666,1,1659152
117128041,0.46,0.455933,1,1659152
117129501,0.45,0.451187,1,1659154
117130961,0.46,0.458237,1,1659154
117132421,0.45,0.451647,1,1659192
117133881,0.46,0.458329,1,1659192
117135341,0.49,0.483666,1,1659221
117136801,0.5,0.496733,1,1659221
117138261,0.49,0.491347,1,1659223
117139721,0.5,0.498269,1,1659223
117141181,0.55,0.539654,1,1659260
117142641,0.56,0.555931,1,1659260
117144101,0.59,0.583186,1,1659362
117145561,0.6,0.596637,1,1659362
117147021,0.65,0.639327,1,1659423
117148481,0.66,0.655865,1,1659423
117149941,0.73,0.715173,1,1659596
117151401,0.74,0.735035,1,1659596
117152861,0.73,0.731007,1,1659598
117154321,0.74,0.738201,1,1659598
117155781,0.75,0.74764,1,1659636
117157241,0.76,0.757528,2,1659636
117158701,0.77,0.767506,2,1659667
117160161,0.78,0.777501,2,1659667
117161621,0.77,0.7715,2,1659669
117163081,0.78,0.7783,2,1659669
117164541,0.77,0.77166,2,1659709
117166001,0.78,0.778332,2,1659709
117167461,0.78,0.779666,2,1659709
117168921,0.83,0.819933,2,1659813
117170381,0.84,0.835987,2,1659813
117171841,0.89,0.879197,2,1659877
117173301,0.9,0.895839,2,1659877
117189361,0.95,0.95,2,1660169
117282801,0.85,0.85,2,1662010
117284261,0.86,0.858,2,1662010
117291561,0.9,0.9,2,1662101
117293021,0.91,0.908,2,1662101
117294481,0.55,0.6216,1,1662196
117295941,0.56,0.57232,1,1662196
117297401,0.43,0.458464,1,1662228
117298861,0.44,0.443693,1,1662228
117300321,0.43,0.432739,1,1662267
117301781,0.44,0.438548,1,1662267
117303241,0.13,0.19171,1,1662420
117304701,0.14,0.150342,1,1662420
117306161,0.13,0.134068,1,1662459
117307621,0.14,0.138814,1,1662459
117309081,0.11,0.115763,1,1662482
117310541,0.12,0.119153,1,1662482
117312001,0.05,0.0638305,1,1662506
117313461,0.06,0.0607661,1,1662506
117314921,0.07,0.0681532,1,1662538
117316381,0.08,0.0776306,1,1662538
117317841,0.09,0.0875261,1,1662567
117319301,0.1,0.0975052,1,1662567
117320761,0.07,0.075501,1,1662644
117322221,0.08,0.0791002,1,1662644
117323681,0.05,0.05582,1,1662670
117325141,0.06,0.059164,1,1662670
117326601,0.07,0.0678328,1,1662709
117328061,0.08,0.0775666,1,1662709
117329521,0.09,0.0875133,1,1662847
117330981,0.1,0.0975027,1,1662847
117332441,0.1,0.0995005,1,1662847
117333901,0.11,0.1079,1,1662886
117335361,0.12,0.11758,1,1662886
117336821,0.13,0.127516,1,1662908
117338281,0.14,0.137503,1,1662908
117339741,0.15,0.147501,1,1662929
117341201,0.16,0.1575,1,1662929
117342661,0.17,0.1675,1,1662962
117344121,0.18,0.1775,1,1662962
117345581,0.13,0.1395,1,1662992
117347041,0.14,0.1399,1,1662992
117348501,0.15,0.14798,1,1663068
117349961,0.16,0.157596,1,1663068
117351421,0.13,0.135519,1,1663093
117352881,0.14,0.139104,1,1663093
117354341,0.21,0.195821,1,1663133
117355801,0.22,0.215164,1,1663133
117357261,0.33,0.307033,1,1663272
117358721,0.34,0.333407,1,1663272
117360181,0.33,0.330681,1,1663274
117361641,0.34,0.338136,1,1663274
117363101,0.37,0.363627,1,1663313
117364561,0.38,0.376725,1,1663313
117366021,0.35,0.355345,1,1663336
117367481,0.36,0.359069,1,1663336
117368941,0.35,0.351814,1,1663358
117370401,0.36,0.358363,1,1663358
117371861,0.37,0.367673,1,1663392
117373321,0.38,0.377535,1,1663392
117374781,0.37,0.371507,1,1663420
117376241,0.38,0.378301,1,1663420
117377701,0.37,0.37166,1,1663497
117379161,0.38,0.378332,1,1663497
117380621,0.37,0.371666,1,1663521
117382081,0.38,0.378333,1,1663521
117383541,0.41,0.403667,1,1663565
117385001,0.42,0.416733,1,1663565
117386461,0.45,0.443347,1,1663710
117387921,0.46,0.456669,1,1663710
117389381,0.45,0.451334,1,1663712
117390841,0.46,0.458267,1,1663712
117392301,0.51,0.499653,1,1663753
117393761,0.52,0.515931,1,1663753
117395221,0.52,0.519186,1,1663753
117396681,0.57,0.559837,1,1663775
117398141,0.58,0.575967,1,1663775
117399601,0.57,0.571194,1,1663797
117401061,0.58,0.578239,1,1663797
117402521,0.61,0.603648,1,1663832
117403981,0.62,0.61673,1,1663832
117405441,0.61,0.611346,1,1663860
117406901,0.62,0.618269,1,1663860
117408361,0.67,0.659654,1,1663937
117409821,0.68,0.675931,1,1663937
117411281,0.67,0.671186,1,1663961
117412741,0.68,0.678237,1,1663961
117414201,0.69,0.687647,1,1664007
117415661,0.7,0.697529,1,1664007
117417121,0.75,0.739506,1,1664154
117418581,0.76,0.755901,2,1664154
117420041,0.75,0.75118,2,1664156
117421501,0.76,0.758236,2,1664156
117422961,0.77,0.767647,2,1664200
117424421,0.78,0.777529,2,1664200
117425881,0.75,0.755506,2,1664224
117427341,0.76,0.759101,2,1664224
117428801,0.75,0.75182,2,1664246
117430261,0.76,0.758364,2,1664246
117431721,0.77,0.767673,2,1664283
117433181,0.78,0.777535,2,1664283
117434641,0.79,0.787507,2,1664311
117436101,0.8,0.797501,2,1664311
117437561,0.81,0.8075,2,1664391
117439021,0.82,0.8175,2,1664391
117440481,0.81,0.8115,2,1664415
117441941,0.82,0.8183,2,1664415
117443401,0.85,0.84366,2,1664462
117444861,0.86,0.856732,2,1664462
117446321,0.89,0.883346,2,1664612
117447781,0.9,0.896669,2,1664612
117449241,0.89,0.891334,2,1664614
117450701,0.9,0.898267,2,1664614
117452161,0.87,0.875653,2,1664659
117453621,0.88,0.879131,2,1664659
117455081,0.87,0.871826,2,1664682
117456541,0.88,0.878365,2,1664682
117458001,0.91,0.903673,2,1664704
117459461,0.92,0.916735,2,1664704
117460921,0.92,0.919347,2,1664704
117462381,0.93,0.927869,2,1664742
117463841,0.94,0.937574,2,1664742
117465301,0.91,0.915515,2,1664771
117466761,0.92,0.919103,2,1664771
117468221,0.95,0.943821,2,1664852
117471141,0.95,0.95,2,1664876
117474061,0.95,0.95,2,1664925
117577721,0.91,0.91,2,1666530
117579181,0.92,0.918,2,1666530
117580641,0.85,0.8636,2,1666565
117582101,0.86,0.86072,2,1666565
117583561,0.79,0.804144,2,1666595
117585021,0.8,0.800829,2,1666595
117586481,0.59,0.632166,1,1666618
117587941,0.6,0.606433,1,1666618
117589401,0.51,0.529287,1,1666656
117590861,0.52,0.521857,1,1666656
117592321,0.49,0.496371,1,1666689
117593781,0.5,0.499274,1,1666689
117595241,0.41,0.427855,1,1666711
117596701,0.42,0.421571,1,1666711
117598161,0.42,0.420314,1,1666711
117599621,0.41,0.412063,1,1666743
117601081,0.42,0.418413,1,1666743
117602541,0.33,0.347683,1,1666777
117604001,0.34,0.341537,1,1666777
117605461,0.19,0.220307,1,1666837
117606921,0.2,0.204061,1,1666837
117608381,0.13,0.144812,1,1666966
117609841,0.14,0.140962,1,1666966
117611301,0.11,0.116192,1,1666996
117612761,0.12,0.119239,1,1666996
117614221,0.13,0.127848,1,1667028
117615681,0.14,0.13757,1,1667028
117617141,0.07,0.0835139,1,1667055
117618601,0.08,0.0807028,1,1667055
117620061,0.09,0.0881406,1,1667068
117621521,0.1,0.0976281,1,1667068
117622981,0.09,0.0915256,1,1667102
117624441,0.1,0.0983051,1,1667102
117625901,0.09,0.091661,1,1667134
117627361,0.1,0.0983322,1,1667134
117628821,0.11,0.107666,1,1667152
117630281,0.12,0.117533,1,1667152
117631741,0.11,0.111507,1,1667154
117633201,0.12,0.118301,1,1667154
117634661,0.09,0.0956603,1,1667185
117636121,0.1,0.0991321,1,1667185
117637581,0.09,0.0918264,1,1667215
117639041,0.1,0.0983653,1,1667215
117640501,0.19,0.171673,1,1667268
117641961,0.2,0.194335,1,1667268
117643421,0.17,0.174867,1,1667394
117644881,0.18,0.178973,1,1667394
117646341,0.21,0.203795,1,1667423
117647801,0.22,0.216759,1,1667423
117649261,0.17,0.179352,1,1667456
117650721,0.18,0.17987,1,1667456
117652181,0.19,0.187974,1,1667480
117653641,0.2,0.197595,1,1667480
117655101,0.21,0.207519,1,1667494
117656561,0.22,0.217504,1,1667494
117658021,0.25,0.243501,1,1667528
117659481,0.26,0.2567,1,1667528
117660941,0.21,0.21934,1,1667560
117662401,0.22,0.219868,1,1667560
117663861,0.23,0.227974,1,1667579
117665321,0.24,0.237595,1,1667579
117666781,0.23,0.231519,1,1667581
117668241,0.24,0.238304,1,1667581
117669701,0.23,0.231661,1,1667611
117671161,0.24,0.238332,1,1667611
117672621,0.24,0.239666,1,1667611
117674081,0.27,0.263933,1,1667641
117675541,0.28,0.276787,1,1667641
117677001,0.31,0.303357,1,1667699
117678461,0.32,0.316671,1,1667699
117679921,0.39,0.375334,1,1667824
117681381,0.4,0.395067,1,1667824
117682841,0.41,0.407013,1,1667855
117684301,0.42,0.417403,1,1667855
117685761,0.43,0.427481,1,1667886
117687221,0.44,0.437496,1,1667886
117688681,0.43,0.431499,1,1667911
117690141,0.44,0.4383,1,1667911
117691601,0.45,0.44766,1,1667926
117693061,0.46,0.457532,1,1667926
117694521,0.49,0.483506,1,1667962
117695981,0.5,0.496701,1,1667962
117697441,0.51,0.50734,1,1667992
117698901,0.52,0.517468,1,1667992
117700361,0.51,0.511494,1,1668012
117701821,0.52,0.518299,1,1668012
117703281,0.51,0.51166,1,1668014
117704741,0.52,0.518332,1,1668014
117706201,0.53,0.527666,1,1668044
117707661,0.54,0.537533,1,1668044
117709121,0.53,0.531507,1,1668075
117710581,0.54,0.538301,1,1668075
117712041,0.55,0.54766,1,1668135
117713501,0.56,0.557532,1,1668135
117714961,0.57,0.567506,1,1668264
117716421,0.58,0.577501,1,1668264
117717881,0.57,0.5715,1,1668296
117719341,0.58,0.5783,1,1668296
117720801,0.57,0.57166,1,1668328
117722261,0.58,0.578332,1,1668328
117723721,0.59,0.587666,1,1668353
117725181,0.6,0.597533,1,1668353
117726641,0.59,0.591507,1,1668369
117728101,0.6,0.598301,1,1668369
117729561,0.61,0.60766,1,1668407
117731021,0.62,0.617532,1,1668407
117732481,0.67,0.659506,1,1668438
117733941,0.68,0.675901,1,1668438
117735401,0.69,0.68718,1,1668458
117736861,0.7,0.697436,1,1668458
117738321,0.69,0.691487,1,1668460
117739781,0.7,0.698297,1,1668460
117741241,0.67,0.67566,1,1668491
117742701,0.68,0.679132,1,1668491
117744161,0.69,0.687826,1,1668522
117745621,0.7,0.697565,1,1668522
117747081,0.7,0.699513,1,1668522
117748541,0.69,0.691903,1,1668583
117750001,0.7,0.698381,1,1668583
117751461,0.81,0.787676,2,1668713
117752921,0.82,0.813535,2,1668713
117754381,0.81,0.810707,2,1668745
117755841,0.82,0.818141,2,1668745
117757301,0.81,0.811628,2,1668777
117758761,0.82,0.818326,2,1668777
117760221,0.81,0.811665,2,1668803
117761681,0.82,0.818333,2,1668803
117763141,0.81,0.811667,2,1668819
117764601,0.82,0.818333,2,1668819
117766061,0.81,0.811667,2,1668858
117767521,0.82,0.818333,2,1668858
117768981,0.85,0.843667,2,1668892
117770441,0.86,0.856733,2,1668892
117771901,0.85,0.851347,2,1668913
117773361,0.86,0.858269,2,1668913
117774821,0.85,0.851654,2,1668915
117776281,0.86,0.858331,2,1668915
117777741,0.85,0.851666,2,1668945
117779201,0.86,0.858333,2,1668945
117780661,0.85,0.851667,2,1668977
117782121,0.86,0.858333,2,1668977
117783581,0.85,0.851667,2,1668979
117785041,0.86,0.858333,2,1668979
117786501,0.89,0.883667,2,1669039
117787961,0.9,0.896733,2,1669039
117789421,0.95,0.939347,2,1669175
117792341,0.95,0.95,2,1669207
117806941,0.94,0.94,2,1669356
117808401,0.95,0.948,2,1669356
117958781,0.91,0.91,2,1671215
117960241,0.92,0.918,2,1671215
117982141,0.89,0.89,2,1671457
117983601,0.9,0.898,2,1671457
117985061,0.81,0.8276,2,1671532
117986521,0.82,0.82152,2,1671532
117987981,0.59,0.636304,1,1671577
117989441,0.6,0.607261,1,1671577
117990901,0.53,0.545452,1,1671603
117992361,0.54,0.54109,1,1671603
117993821,0.51,0.516218,1,1671642
117995281,0.52,0.519244,1,1671642
117996741,0.52,0.519849,1,1671642
117998201,0.45,0.46397,1,1671674
117999661,0.46,0.460794,1,1671674
118001121,0.39,0.404159,1,1671698
118002581,0.4,0.400832,1,1671698
118004041,0.33,0.344166,1,1671723
118005501,0.34,0.340833,1,1671723
118006961,0.31,0.316167,1,1671762
118008421,0.32,0.319233,1,1671762
118009881,0.31,0.311847,1,1671794
118011341,0.32,0.318369,1,1671794
118012801,0.19,0.215674,1,1671819
118014261,0.2,0.203135,1,1671819
118015721,0.17,0.176627,1,1671852
118017181,0.18,0.179325,1,1671852
118018641,0.25,0.235865,1,1671892
118020101,0.26,0.255173,1,1671892
118021561,0.17,0.187035,1,1671914
118023021,0.18,0.181407,1,1671914
118024481,0.15,0.156281,1,1671925
118025941,0.16,0.159256,1,1671925
118027401,0.23,0.215851,1,1671994
118028861,0.24,0.23517,1,1671994
118030321,0.25,0.247034,1,1672028
118031781,0.26,0.257407,1,1672028
118033241,0.23,0.235481,1,1672051
118034701,0.24,0.239096,1,1672051
118036161,0.23,0.231819,1,1672089
118037621,0.24,0.238364,1,1672089
118039081,0.25,0.247673,1,1672117
118040541,0.26,0.257535,1,1672117
118042001,0.23,0.235507,1,1672138
118043461,0.24,0.239101,1,1672138
118044921,0.23,0.23182,1,1672160
118046381,0.24,0.238364,1,1672160
118047841,0.23,0.231673,1,1672198
118049301,0.24,0.238335,1,1672198
118050761,0.23,0.231667,1,1672230
118052221,0.24,0.238333,1,1672230
118053681,0.25,0.247667,1,1672249
118055141,0.26,0.257533,1,1672249
118056601,0.27,0.267507,1,1672281
118058061,0.28,0.277501,1,1672281
118059521,0.27,0.2715,1,1672325
118060981,0.28,0.2783,1,1672325
118062441,0.27,0.27166,1,1672343
118063901,0.28,0.278332,1,1672343
118065361,0.27,0.271666,1,1672353
118066821,0.28,0.278333,1,1672353
118068281,0.41,0.383667,1,1672426
118069741,0.42,0.412733,1,1672426
118071201,0.39,0.394547,1,1672461
118072661,0.4,0.398909,1,1672461
118074121,0.39,0.391782,1,1672483
118075581,0.4,0.398356,1,1672483
118077041,0.41,0.407671,1,1672521
118078501,0.42,0.417534,1,1672521
118079961,0.45,0.443507,1,1672550
118081421,0.46,0.456701,1,1672550
118082881,0.46,0.45934,1,1672550
118084341,0.47,0.467868,1,1672570
118085801,0.48,0.477574,1,1672570
118087261,0.51,0.503515,1,1672592
118088721,0.52,0.516703,1,1672592
118090181,0.53,0.527341,1,1672630
118091641,0.54,0.537468,1,1672630
118093101,0.55,0.547494,1,1672662
118094561,0.56,0.557499,1,1672662
118096021,0.57,0.5675,1,1672682
118097481,0.58,0.5775,1,1672682
118098941,0.59,0.5875,1,1672715
118100401,0.6,0.5975,1,1672715
118101861,0.61,0.6075,1,1672759
118103321,0.62,0.6175,1,1672759
118104781,0.61,0.6115,1,1672777
118106241,0.62,0.6183,1,1672777
118107701,0.61,0.61166,1,1672787
118109161,0.62,0.618332,1,1672787
118110621,0.65,0.643666,1,1672867
118112081,0.66,0.656733,1,1672867
118113541,0.65,0.651347,1,1672901
118115001,0.66,0.658269,1,1672901
118116461,0.65,0.651654,1,1672923
118117921,0.66,0.658331,1,1672923
118119381,0.69,0.683666,1,1672962
118120841,0.7,0.696733,1,1672962
118122301,0.71,0.707347,1,1672993
118123761,0.72,0.717469,1,1672993
118125221,0.71,0.711494,1,1672995
118126681,0.72,0.718299,1,1672995
118128141,0.73,0.72766,1,1673015
118129601,0.74,0.737532,1,1673015
118131061,0.73,0.731506,1,1673039
118132521,0.74,0.738301,1,1673039
118133981,0.75,0.74766,1,1673078
118135441,0.76,0.757532,2,1673078
118136901,0.73,0.735506,1,1673111
118138361,0.74,0.739101,1,1673111
118139821,0.75,0.74782,1,1673132
118141281,0.76,0.757564,2,1673132
118142741,0.77,0.767513,2,1673166
118144201,0.78,0.777503,2,1673166
118145661,0.75,0.755501,2,1673211
118147121,0.76,0.7591,2,1673211
118148581,0.75,0.75182,2,1673229
118150041,0.76,0.758364,2,1673229
118151501,0.75,0.751673,2,1673239
118152961,0.76,0.758335,2,1673239
118154421,0.73,0.735667,1,1673321
118155881,0.74,0.739133,1,1673321
118157341,0.75,0.747827,1,1673355
118158801,0.76,0.757565,2,1673355
118160261,0.77,0.767513,2,1673377
118161721,0.78,0.777503,2,1673377
118163181,0.79,0.787501,2,1673418
118164641,0.8,0.7975,2,1673418
118166101,0.81,0.8075,2,1673450
118167561,0.82,0.8175,2,1673450
118169021,0.81,0.8115,2,1673452
118170481,0.82,0.8183,2,1673452
118171941,0.81,0.81166,2,1673473
118173401,0.82,0.818332,2,1673473
118174861,0.82,0.819666,2,1673473
118176321,0.83,0.827933,2,1673497
118177781,0.84,0.837587,2,1673497
118179241,0.85,0.847517,2,1673537
118180701,0.86,0.857503,2,1673537
118182161,0.87,0.867501,2,1673569
118183621,0.88,0.8775,2,1673569
118185081,0.89,0.8875,2,1673591
118186541,0.9,0.8975,2,1673591
118188001,0.91,0.9075,2,1673626
118189461,0.92,0.9175,2,1673626
118190921,0.93,0.9275,2,1673670
118192381,0.94,0.9375,2,1673670
118193841,0.93,0.9315,2,1673688
118195301,0.94,0.9383,2,1673688
118196761,0.93,0.93166,2,1673698
118198221,0.94,0.938332,2,1673698
118199681,0.95,0.947666,2,1673779
118361741,0.95,0.95,2,1675480
118317941,0.95,0.95,2,1675529
118367581,0.63,0.694,1,1675589
118369041,0.47,0.5148,1,1675622
118370501,0.33,0.36696,1,1675676
118371961,0.11,0.161392,1,1675711
118373421,0.09,0.104278,1,1675741
118374881,0.03,0.0448557,1,1675779
118376341,0.01,0.0169711,1,1675836
118377801,0.01,0.0113942,1,1675865
118379261,0.03,0.0262788,1,1675884
118380721,0.09,0.0772558,1,1675908
118382181,0.03,0.0394512,1,1675949
118383641,0.03,0.0318902,1,1675950
118385101,0.03,0.030378,1,1675961
118386561,0.09,0.0780756,1,1675981
118388021,0.11,0.103615,1,1675997
118389481,0.07,0.076723,1,1676066
118390941,0.08,0.0793446,1,1676066
118392401,0.09,0.0878689,1,1676137
118393861,0.1,0.0975738,1,1676137
118395321,0.01,0.0275148,1,1676201
118396781,0.02,0.021503,1,1676201
118398241,0.05,0.0443006,1,1676286
118399701,0.06,0.0568601,1,1676286
118401161,0.09,0.083372,1,1676333
118402621,0.1,0.0966744,1,1676333
118404081,0.11,0.107335,1,1676372
118405541,0.12,0.117467,1,1676372
118407001,0.03,0.0474934,1,1676406
118408461,0.04,0.0414987,1,1676406
118409921,0.09,0.0802997,1,1676490
118411381,0.1,0.0960599,1,1676490
118412841,0.07,0.075212,1,1676562
118414301,0.08,0.0790424,1,1676562
118415761,0.13,0.119808,1,1676622
118417221,0.14,0.135962,1,1676622
118418681,0.03,0.0511923,1,1676709
118420141,0.04,0.0422385,1,1676709
118421601,0.03,0.0324477,1,1676758
118423061,0.04,0.0384895,1,1676758
118424521,0.07,0.0636979,1,1676798
118425981,0.08,0.0767396,1,1676798
118427441,0.05,0.0553479,1,1676828
118428901,0.06,0.0590696,1,1676828
118430361,0.07,0.0678139,1,1676915
118431821,0.08,0.0775628,1,1676915
118433281,0.08,0.0795126,1,1676915
118434741,0.11,0.103903,1,1676986
118436201,0.12,0.116781,1,1676986
118437661,0.17,0.159356,1,1677049
118439121,0.18,0.175871,1,1677049
118440581,0.09,0.107174,1,1677131
118442041,0.1,0.101435,1,1677131
118443501,0.07,0.076287,1,1677180
118444961,0.08,0.0792574,1,1677180
118446421,0.03,0.0398515,1,1677222
118447881,0.04,0.0399703,1,1677222
118449341,0.05,0.0479941,1,1677251
118450801,0.06,0.0575988,1,1677251
118452261,0.07,0.0675198,1,1677339
118453721,0.08,0.077504,1,1677339
118455181,0.07,0.0715008,1,1677341
118456641,0.08,0.0783002,1,1677341
118458101,0.09,0.08766,1,1677413
118459561,0.1,0.097532,1,1677413
118461021,0.17,0.155506,1,1677479
118462481,0.18,0.175101,1,1677479
118463941,0.17,0.17102,1,1677557
118465401,0.18,0.178204,1,1677557
118466861,0.09,0.107641,1,1677605
118468321,0.1,0.101528,1,1677605
118469781,0.05,0.0603056,1,1677645
118471241,0.06,0.0600611,1,1677645
118472701,0.07,0.0680122,1,1677675
118474161,0.08,0.0776024,1,1677675
118475621,0.21,0.18352,1,1677764
118477081,0.22,0.212704,1,1677764
118478541,0.21,0.210541,1,1677766
118480001,0.22,0.218108,1,1677766
118481461,0.25,0.243622,1,1677839
118482921,0.26,0.256724,1,1677839
118484381,0.26,0.259345,1,1677839
118485841,0.21,0.219869,1,1677909
118487301,0.22,0.219974,1,1677909
118488761,0.21,0.211995,1,1677987
118490221,0.22,0.218399,1,1677987
118491681,0.23,0.22768,1,1678031
118493141,0.24,0.237536,1,1678031
118494601,0.27,0.263507,1,1678069
118496061,0.28,0.276701,1,1678069
118497521,0.25,0.25534,1,1678100
118498981,0.26,0.259068,1,1678100
118500441,0.35,0.331814,1,1678196
118501901,0.36,0.354363,1,1678196
118503361,0.35,0.350873,1,1678198
118504821,0.36,0.358175,1,1678198
118506281,0.39,0.383635,1,1678273
118507741,0.4,0.396727,1,1678273
118509201,0.43,0.423345,1,1678340
118510661,0.44,0.436669,1,1678340
118512121,0.51,0.495334,1,1678418
118513581,0.52,0.515067,1,1678418
118515041,0.49,0.495013,1,1678463
118516501,0.5,0.499003,1,1678463
118517961,0.53,0.523801,1,1678503
118519421,0.54,0.53676,1,1678503
118520881,0.53,0.531352,1,1678533
118522341,0.54,0.53827,1,1678533
118523801,0.61,0.595654,1,1678634
118525261,0.62,0.615131,1,1678634
118526721,0.61,0.611026,1,1678636
118528181,0.62,0.618205,1,1678636
118529641,0.59,0.595641,1,1678713
118531101,0.6,0.599128,1,1678713
118532561,0.61,0.607826,1,1678782
118534021,0.62,0.617565,1,1678782
118535481,0.62,0.619513,1,1678782
118536941,0.71,0.691903,1,1678864
118538401,0.72,0.714381,1,1678864
118539861,0.71,0.710876,1,1678908
118541321,0.72,0.718175,1,1678908
118542781,0.73,0.727635,1,1678950
118544241,0.74,0.737527,1,1678950
118545701,0.75,0.747505,1,1678980
118547161,0.76,0.757501,2,1678980
118548621,0.77,0.7675,2,1679085
118550081,0.78,0.7775,2,1679085
118551541,0.77,0.7715,2,1679087
118553001,0.78,0.7783,2,1679087
118554461,0.81,0.80366,2,1679163
118555921,0.82,0.816732,2,1679163
118557381,0.77,0.779346,2,1679233
118558841,0.78,0.779869,2,1679233
118560301,0.77,0.771974,2,1679235
118561761,0.78,0.778395,2,1679235
118563221,0.81,0.803679,2,1679321
118564681,0.82,0.816736,2,1679321
118566141,0.85,0.843347,2,1679365
118567601,0.86,0.856669,2,1679365
118569061,0.91,0.899334,2,1679408
118570521,0.92,0.915867,2,1679408
118571981,0.89,0.895173,2,1679439
118573441,0.9,0.899035,2,1679439
118574901,0.91,0.907807,2,1679545
118576361,0.92,0.917561,2,1679545
118577821,0.91,0.911512,2,1679547
118579281,0.92,0.918302,2,1679547
118685861,0.95,0.95,2,1681440
118691701,0.85,0.85,2,1681522
118693161,0.86,0.858,2,1681522
118694621,0.79,0.8036,2,1681593
118696081,0.8,0.80072,2,1681593
118697541,0.73,0.744144,1,1681625
118699001,0.74,0.740829,1,1681625
118700461,0.73,0.732166,1,1681698
118701921,0.74,0.738433,1,1681698
118703381,0.71,0.715687,1,1681727
118704841,0.72,0.719137,1,1681727
118706301,0.69,0.695827,1,1681766
118707761,0.7,0.699165,1,1681766
118709221,0.71,0.707833,1,1681794
118710681,0.72,0.717567,1,1681794
118712141,0.72,0.719513,1,1681794
118713601,0.73,0.727903,1,1681825
118715061,0.74,0.737581,1,1681825
118716521,0.67,0.683516,1,1681911
118717981,0.68,0.680703,1,1681911
118719441,0.67,0.672141,1,1681944
118720901,0.68,0.678428,1,1681944
118722361,0.67,0.671686,1,1681986
118723821,0.68,0.678337,1,1681986
118725281,0.69,0.687667,1,1682054
118726741,0.7,0.697533,1,1682054
118728201,0.71,0.707507,1,1682083
118729661,0.72,0.717501,1,1682083
118731121,0.77,0.7595,2,1682156
118732581,0.78,0.7759,2,1682156
118734041,0.73,0.73918,1,1682184
118735501,0.74,0.739836,1,1682184
118736961,0.81,0.795967,2,1682222
118738421,0.82,0.815193,2,1682222
118739881,0.83,0.827039,2,1682251
118741341,0.84,0.837408,2,1682251
118742801,0.85,0.847482,2,1682282
118744261,0.86,0.857496,2,1682282
118745721,0.91,0.899499,2,1682365
118747181,0.92,0.9159,2,1682365
118748641,0.89,0.89518,2,1682398
118750101,0.9,0.899036,2,1682398
118751561,0.95,0.939807,2,1682440
118912161,0.89,0.89,2,1684858
118913621,0.9,0.898,2,1684858
118915081,0.9,0.8996,2,1684858
118916541,0.89,0.89192,2,1684912
118918001,0.9,0.898384,2,1684912
118919461,0.91,0.907677,2,1684952
118920921,0.92,0.917535,2,1684952
118922381,0.95,0.943507,2,1685017
118925301,0.91,0.91,2,1685049
118926761,0.92,0.918,2,1685049
118928221,0.95,0.9436,2,1685084
118934061,0.92,0.92,2,1685147
118935521,0.93,0.928,2,1685147
118936981,0.89,0.8976,2,1685183
118938441,0.9,0.89952,2,1685183
119082981,0.89,0.89,2,1687167
119084441,0.9,0.898,2,1687167
119100501,0.86,0.86,2,1687366
119101961,0.87,0.868,2,1687366
119103421,0.89,0.8856,2,1687408
119104881,0.9,0.89712,2,1687408
119106341,0.61,0.667424,1,1687443
119107801,0.62,0.629485,1,1687443
119109261,0.57,0.581897,1,1687483
119110721,0.58,0.580379,1,1687483
119112181,0.49,0.508076,1,1687525
119113641,0.5,0.501615,1,1687525
119115101,0.31,0.348323,1,1687553
119116561,0.32,0.325665,1,1687553
119118021,0.15,0.185133,1,1687598
119119481,0.16,0.165027,1,1687598
119120941,0.01,0.0410053,1,1687644
119122401,0.02,0.0242011,1,1687644
119123861,0.07,0.0608402,1,1687689
119125321,0.08,0.076168,1,1687689
119126781,0.03,0.0392336,1,1687718
119128241,0.04,0.0398467,1,1687718
119129701,0.05,0.0479693,1,1687749
119131161,0.06,0.0575939,1,1687749
119132621,0,0.0115188,1,1687780
119134081,0,0.00230375,1,1687780
119135541,0,0.000460751,1,1687812
119137001,0,9.21502e-05,1,1687812
119138461,0,1.843e-05,1,1687832
119139921,0,3.68601e-06,1,1687832
119141381,0.03,0.0240007,1,1687874
119142841,0.04,0.0368001,1,1687874
119144301,0.04,0.03936,1,1687874
119145761,0,0.00787201,1,1687895
119147221,0,0.0015744,1,1687895
119148681,0.01,0.00831488,1,1687933
119150141,0.02,0.017663,1,1687933
119151601,0.05,0.0435326,1,1687971
119153061,0.06,0.0567065,1,1687971
119154521,0.01,0.0193413,1,1687990
119155981,0.02,0.0198683,1,1687990
119157441,0.07,0.0599737,1,1688027
119158901,0.08,0.0759947,1,1688027
119160361,0.03,0.0391989,1,1688066
119161821,0.04,0.0398398,1,1688066
119163281,0.01,0.015968,1,1688114
119164741,0.02,0.0191936,1,1688114
119166201,0.01,0.0118387,1,1688141
119167661,0.02,0.0183677,1,1688141
119169121,0.03,0.0276735,1,1688173
119170581,0.04,0.0375347,1,1688173
119172041,0,0.00750694,1,1688202
119173501,0,0.00150139,1,1688202
119174961,0.01,0.00830028,1,1688234
119176421,0.02,0.0176601,1,1688234
119177881,0,0.00353201,1,1688254
119179341,0,0.000706402,1,1688254
119180801,0.03,0.0241413,1,1688297
119182261,0.04,0.0368283,1,1688297
119183721,0,0.00736565,1,1688316
119185181,0,0.00147313,1,1688316
119186641,0.03,0.0242946,1,1688354
119188101,0.04,0.0368589,1,1688354
119189561,0.21,0.175372,1,1688394
119191021,0.22,0.211074,1,1688394
119192481,0.13,0.146215,1,1688411
119193941,0.14,0.141243,1,1688411
119195401,0.09,0.100249,1,1688451
119196861,0.1,0.10005,1,1688451
119198321,0.07,0.0760099,1,1688488
119199781,0.08,0.079202,1,1688488
119201241,0.03,0.0398404,1,1688535
119202701,0.04,0.0399681,1,1688535
119204161,0.03,0.0319936,1,1688562
119205621,0.04,0.0383987,1,1688562
119207081,0.03,0.0316797,1,1688595
119208541,0.04,0.0383359,1,1688595
119210001,0,0.00766719,1,1688623
119211461,0,0.00153344,1,1688623
119212921,0.05,0.0403067,1,1688655
119214381,0.06,0.0560613,1,1688655
119215841,0.01,0.0192123,1,1688675
119217301,0.02,0.0198425,1,1688675
119218761,0.03,0.0279685,1,1688719
119220221,0.04,0.0375937,1,1688719
119221681,0.01,0.0155187,1,1688737
119223141,0.02,0.0191037,1,1688737
119224601,0.01,0.0118207,1,1688776
119226061,0.02,0.0183641,1,1688776
119227521,0.02,0.0196728,1,1688776
119228981,0.05,0.0439346,1,1688825
119230441,0.06,0.0567869,1,1688825
119231901,0.03,0.0353574,1,1688838
119233361,0.04,0.0390715,1,1688838
119234821,0.09,0.0798143,1,1688876
119236281,0.1,0.0959629,1,1688876
119237741,0.11,0.107193,1,1688912
119239201,0.12,0.117439,1,1688912
119240661,0.03,0.0474877,1,1688957
119242121,0.04,0.0414975,1,1688957
119243581,0.03,0.0322995,1,1688984
119245041,0.04,0.0384599,1,1688984
119246501,0.03,0.031692,1,1689017
119247961,0.04,0.0383384,1,1689017
119249421,0,0.00766768,1,1689044
119250881,0,0.00153354,1,1689044
119252341,0.05,0.0403067,1,1689078
119253801,0.06,0.0560613,1,1689078
119255261,0.05,0.0512123,1,1689096
119256721,0.06,0.0582425,1,1689096
119258181,0.07,0.0676485,1,1689141
119259641,0.08,0.0775297,1,1689141
119261101,0.05,0.0555059,1,1689158
119262561,0.06,0.0591012,1,1689158
119264021,0.01,0.0198202,1,1689197
119265481,0.02,0.019964,1,1689197
119266941,0.01,0.0119928,1,1689199
119268401,0.02,0.0183986,1,1689199
119269861,0.05,0.0436797,1,1689249
119271321,0.06,0.0567359,1,1689249
119272781,0.07,0.0673472,1,1689261
119274241,0.08,0.0774694,1,1689261
119275701,0.15,0.135494,1,1689302
119277161,0.16,0.155099,1,1689302
119278621,0.17,0.16702,1,1689339
119280081,0.18,0.177404,1,1689339
119281541,0.13,0.139481,1,1689380
119283001,0.14,0.139896,1,1689380
119284461,0.01,0.0359792,1,1689407
119285921,0.02,0.0231958,1,1689407
119287381,0.01,0.0126392,1,1689440
119288841,0.02,0.0185278,1,1689440
119290301,0,0.00370557,1,1689466
119291761,0,0.000741113,1,1689466
119293221,0.03,0.0241482,1,1689502
119294681,0.04,0.0368296,1,1689502
119296141,0.03,0.0313659,1,1689520
119297601,0.04,0.0382732,1,1689520
119299061,0.03,0.0316546,1,1689566
119300521,0.04,0.0383309,1,1689566
119301981,0.05,0.0476662,1,1689582
119303441,0.06,0.0575332,1,1689582
119304901,0.01,0.0195066,1,1689619
119306361,0.02,0.0199013,1,1689619
119307821,0.01,0.0119803,1,1689621
119309281,0.02,0.0183961,1,1689621
119310741,0.01,0.0116792,1,1689673
119312201,0.02,0.0183358,1,1689673
119313661,0.02,0.0196672,1,1689673
119315121,0.05,0.0439334,1,1689686
119316581,0.06,0.0567867,1,1689686
119318041,0.09,0.0833573,1,1689731
119319501,0.1,0.0966715,1,1689731
119320961,0.13,0.123334,1,1689769
119322421,0.14,0.136667,1,1689769
119323881,0.15,0.147333,1,1689808
119325341,0.16,0.157467,1,1689808
119326801,0.11,0.119493,1,1689829
119328261,0.12,0.119899,1,1689829
119329721,0.01,0.0319797,1,1689862
119331181,0.02,0.0223959,1,1689862
119332641,0,0.00447919,1,1689888
119334101,0,0.000895838,1,1689888
119335561,0.03,0.0241792,1,1689925
119337021,0.04,0.0368358,1,1689925
119338481,0.03,0.0313672,1,1689943
119339941,0.04,0.0382734,1,1689943
119341401,0.03,0.0316547,1,1689989
119342861,0.04,0.0383309,1,1689989
119344321,0.05,0.0476662,1,1690006
119345781,0.06,0.0575332,1,1690006
119347241,0.03,0.0355066,1,1690041
119348701,0.04,0.0391013,1,1690041
119350161,0.03,0.0318203,1,1690043
119351621,0.04,0.0383641,1,1690043
119353081,0.05,0.0476728,1,1690095
119354541,0.06,0.0575346,1,1690095
119356001,0.05,0.0515069,1,1690109
119357461,0.06,0.0583014,1,1690109
119358921,0.03,0.0356603,1,1690156
119360381,0.04,0.0391321,1,1690156
119361841,0.07,0.0638264,1,1690196
119363301,0.08,0.0767653,1,1690196
119364761,0.05,0.0553531,1,1690236
119366221,0.06,0.0590706,1,1690236
119367681,0.03,0.0358141,1,1690255
119369141,0.04,0.0391628,1,1690255
119370601,0.05,0.0478326,1,1690283
119372061,0.06,0.0575665,1,1690283
119373521,0,0.0115133,1,1690309
119374981,0,0.00230266,1,1690309
119376441,0.03,0.0244605,1,1690347
119377901,0.04,0.0368921,1,1690347
119379361,0.03,0.0313784,1,1690365
119380821,0.04,0.0382757,1,1690365
119382281,0.03,0.0316551,1,1690411
119383741,0.04,0.038331,1,1690411
119385201,0.03,0.0316662,1,1690429
119386661,0.04,0.0383332,1,1690429
119388121,0.05,0.0476666,1,1690463
119389581,0.06,0.0575333,1,1690463
119391041,0.05,0.0515067,1,1690465
119392501,0.06,0.0583013,1,1690465
119393961,0.07,0.0676603,1,1690518
119395421,0.08,0.0775321,1,1690518
119396881,0.09,0.0875064,1,1690532
119398341,0.1,0.0975013,1,1690532
119399801,0.1,0.0995003,1,1690532
119401261,0.11,0.1079,1,1690578
119402721,0.12,0.11758,1,1690578
119404181,0.13,0.127516,1,1690620
119405641,0.14,0.137503,1,1690620
119407101,0.13,0.131501,1,1690659
119408561,0.14,0.1383,1,1690659
119410021,0.15,0.14766,1,1690677
119411481,0.16,0.157532,1,1690677
119412941,0.19,0.183506,1,1690706
119414401,0.2,0.196701,1,1690706
119415861,0.17,0.17534,1,1690730
119417321,0.18,0.179068,1,1690730
119418781,0.09,0.107814,1,1690769
119420241,0.1,0.101563,1,1690769
119421701,0.11,0.108313,1,1690787
119423161,0.12,0.117663,1,1690787
119424621,0.13,0.127533,1,1690833
119426081,0.14,0.137506,1,1690833
119427541,0.13,0.131501,1,1690851
119429001,0.14,0.1383,1,1690851
119430461,0.11,0.11566,1,1690886
119431921,0.12,0.119132,1,1690886
119433381,0.11,0.111826,1,1690888
119434841,0.12,0.118365,1,1690888
119436301,0.13,0.127673,1,1690942
119437761,0.14,0.137535,1,1690942
119439221,0.13,0.131507,1,1690957
119440681,0.14,0.138301,1,1690957
119442141,0.13,0.13166,1,1690959
119443601,0.14,0.138332,1,1690959
119445061,0.15,0.147666,1,1691005
119446521,0.16,0.157533,1,1691005
119447981,0.17,0.167507,1,1691048
119449441,0.18,0.177501,1,1691048
119450901,0.21,0.2035,1,1691087
119452361,0.22,0.2167,1,1691087
119453821,0.21,0.21134,1,1691106
119455281,0.22,0.218268,1,1691106
119456741,0.25,0.243654,1,1691137
119458201,0.26,0.256731,1,1691137
119459661,0.31,0.299346,1,1691160
119461121,0.32,0.315869,1,1691160
119462581,0.33,0.327174,1,1691195
119464041,0.34,0.337435,1,1691195
119465501,0.37,0.363487,1,1691214
119466961,0.38,0.376697,1,1691214
119468421,0.39,0.387339,1,1691261
119469881,0.4,0.397468,1,1691261
119471341,0.41,0.407494,1,1691279
119472801,0.42,0.417499,1,1691279
119474261,0.41,0.4115,1,1691313
119475721,0.42,0.4183,1,1691313
119477181,0.41,0.41166,1,1691315
119478641,0.42,0.418332,1,1691315
119480101,0.41,0.411666,1,1691370
119481561,0.42,0.418333,1,1691370
119483021,0.43,0.427667,1,1691385
119484481,0.44,0.437533,1,1691385
119485941,0.43,0.431507,1,1691387
119487401,0.44,0.438301,1,1691387
119488861,0.43,0.43166,1,1691434
119490321,0.44,0.438332,1,1691434
119491781,0.44,0.439666,1,1691434
119493241,0.45,0.447933,1,1691478
119494701,0.46,0.457587,1,1691478
119496161,0.47,0.467517,1,1691519
119497621,0.48,0.477503,1,1691519
119499081,0.47,0.471501,1,1691538
119500541,0.48,0.4783,1,1691538
119502001,0.47,0.47166,1,1691571
119503461,0.48,0.478332,1,1691571
119504921,0.47,0.471666,1,1691597
119506381,0.48,0.478333,1,1691597
119507841,0.51,0.503667,1,1691633
119509301,0.52,0.516733,1,1691633
119510761,0.57,0.559347,1,1691654
119512221,0.58,0.575869,1,1691654
119513681,0.61,0.603174,1,1691702
119515141,0.62,0.616635,1,1691702
119516601,0.59,0.595327,1,1691721
119518061,0.6,0.599065,1,1691721
119519521,0.59,0.591813,1,1691755
119520981,0.6,0.598363,1,1691755
119522441,0.59,0.591673,1,1691757
119523901,0.6,0.598334,1,1691757
119525361,0.61,0.607667,1,1691812
119526821,0.62,0.617533,1,1691812
119528281,0.61,0.611507,1,1691828
119529741,0.62,0.618301,1,1691828
119531201,0.61,0.61166,1,1691830
119532661,0.62,0.618332,1,1691830
119534121,0.67,0.659666,1,1691877
119535581,0.68,0.675933,1,1691877
119537041,0.69,0.687187,1,1691921
119538501,0.7,0.697437,1,1691921
119539961,0.69,0.691487,1,1691963
119541421,0.7,0.698297,1,1691963
119542881,0.69,0.691659,1,1691982
119544341,0.7,0.698332,1,1691982
119545801,0.67,0.675666,1,1692015
119547261,0.68,0.679133,1,1692015
119548721,0.67,0.671827,1,1692041
119550181,0.68,0.678365,1,1692041
119551641,0.67,0.671673,1,1692079
119553101,0.68,0.678335,1,1692079
119554561,0.67,0.671667,1,1692103
119556021,0.68,0.678333,1,1692103
119557481,0.67,0.671667,1,1692153
119558941,0.68,0.678333,1,1692153
119560401,0.67,0.671667,1,1692171
119561861,0.68,0.678333,1,1692171
119563321,0.67,0.671667,1,1692205
119564781,0.68,0.678333,1,1692205
119566241,0.67,0.671667,1,1692207
119567701,0.68,0.678333,1,1692207
119569161,0.69,0.687667,1,1692263
119570621,0.7,0.697533,1,1692263
119572081,0.71,0.707507,1,1692279
119573541,0.72,0.717501,1,1692279
119575001,0.71,0.7115,1,1692281
119576461,0.72,0.7183,1,1692281
119577921,0.71,0.71166,1,1692331
119579381,0.72,0.718332,1,1692331
119580841,0.75,0.743666,1,1692376
119582301,0.76,0.756733,2,1692376
119583761,0.75,0.751347,2,1692418
119585221,0.76,0.758269,2,1692418
119586681,0.76,0.759654,2,1692418
119588141,0.75,0.751931,2,1692437
119589601,0.76,0.758386,2,1692437
119591061,0.77,0.767677,2,1692469
119592521,0.78,0.777535,2,1692469
119593981,0.77,0.771507,2,1692495
119595441,0.78,0.778301,2,1692495
119596901,0.79,0.78766,2,1692533
119598361,0.8,0.797532,2,1692533
119599821,0.79,0.791506,2,1692557
119601281,0.8,0.798301,2,1692557
119602741,0.87,0.85566,2,1692607
119604201,0.88,0.875132,2,1692607
119605661,0.87,0.871026,2,1692625
119607121,0.88,0.878205,2,1692625
119608581,0.89,0.887641,2,1692659
119610041,0.9,0.897528,2,1692659
119611501,0.89,0.891506,2,1692661
119612961,0.9,0.898301,2,1692661
119614421,0.91,0.90766,2,1692718
119615881,0.92,0.917532,2,1692718
119617341,0.89,0.895506,2,1692735
119618801,0.9,0.899101,2,1692735
119620261,0.89,0.89182,2,1692737
119621721,0.9,0.898364,2,1692737
119623181,0.91,0.907673,2,1692787
119624641,0.92,0.917535,2,1692787
119626101,0.95,0.943507,2,1692834
119629021,0.95,0.95,2,1692876
119631941,0.95,0.95,2,1692878
119634861,0.95,0.95,2,1692896
119789621,0.9,0.9,2,1694472
119791081,0.91,0.908,2,1694472
119795461,0.95,0.95,2,1694537
119798381,0.88,0.88,2,1694568
119799841,0.89,0.888,2,1694568
119814441,0.89,0.89,2,1694727
119763341,0.86,0.866,2,1694742
119815901,0.75,0.7732,2,1694805
119817361,0.67,0.69064,1,1694830
119818821,0.65,0.658128,1,1694856
119820281,0.55,0.571626,1,1694899
119821741,0.49,0.506325,1,1694927
119823201,0.41,0.429265,1,1694945
119824661,0.31,0.333853,1,1694976
119826121,0.21,0.234771,1,1695006
119827581,0.15,0.166954,1,1695035
119829041,0.13,0.137391,1,1695071
119830501,0.07,0.0834782,1,1695105
119831961,0.09,0.0886956,1,1695169
119833421,0.09,0.0897391,1,1695170
119834881,0.09,0.0899478,1,1695184
119836341,0.09,0.0899896,1,1695196
119837801,0.07,0.0739979,1,1695206
119839261,0.07,0.0707996,1,1695284
119840721,0.08,0.0781599,1,1695284
119842181,0.05,0.055632,1,1695347
119843641,0.06,0.0591264,1,1695347
119845101,0.03,0.0358253,1,1695386
119846561,0.04,0.0391651,1,1695386
119848021,0.09,0.079833,1,1695437
119849481,0.1,0.0959666,1,1695437
119850941,0.13,0.123193,1,1695498
119852401,0.14,0.136639,1,1695498
119853861,0.27,0.243328,1,1695594
119855321,0.28,0.272666,1,1695594
119856781,0.25,0.254533,1,1695609
119858241,0.26,0.258907,1,1695609
119859701,0.31,0.299781,1,1695630
119861161,0.32,0.315956,1,1695630
119862621,0.29,0.295191,1,1695709
119864081,0.3,0.299038,1,1695709
119865541,0.37,0.355808,1,1695771
119867001,0.38,0.375162,1,1695771
119868461,0.37,0.371032,1,1695809
119869921,0.38,0.378206,1,1695809
119871381,0.37,0.371641,1,1695863
119872841,0.38,0.378328,1,1695863
119874301,0.37,0.371666,1,1695926
119875761,0.38,0.378333,1,1695926
119877221,0.35,0.355667,1,1696029
119878681,0.36,0.359133,1,1696029
119880141,0.35,0.351827,1,1696043
119881601,0.36,0.358365,1,1696043
119883061,0.31,0.319673,1,1696067
119884521,0.32,0.319935,1,1696067
119885981,0.32,0.319987,1,1696067
119887441,0.35,0.343997,1,1696145
119888901,0.36,0.356799,1,1696145
119890361,0.35,0.35136,1,1696211
119891821,0.36,0.358272,1,1696211
119893281,0.37,0.367654,1,1696249
119894741,0.38,0.377531,1,1696249
119896201,0.37,0.371506,1,1696303
119897661,0.38,0.378301,1,1696303
119899121,0.35,0.35566,1,1696366
119900581,0.36,0.359132,1,1696366
119902041,0.35,0.351826,1,1696468
119903501,0.36,0.358365,1,1696468
119904961,0.37,0.367673,1,1696482
119906421,0.38,0.377535,1,1696482
119907881,0.37,0.371507,1,1696504
119909341,0.38,0.378301,1,1696504
119910801,0.45,0.43566,1,1696583
119912261,0.46,0.455132,1,1696583
119913721,0.45,0.451026,1,1696649
119915181,0.46,0.458205,1,1696649
119916641,0.55,0.531641,1,1696688
119918101,0.56,0.554328,1,1696688
119919561,0.55,0.550866,1,1696742
119921021,0.56,0.558173,1,1696742
119922481,0.55,0.551635,1,1696804
119923941,0.56,0.558327,1,1696804
119925401,0.61,0.599665,1,1696906
119926861,0.62,0.615933,1,1696906
119928321,0.63,0.627187,1,1696921
119929781,0.64,0.637437,1,1696921
119931241,0.65,0.647487,1,1696943
119932701,0.66,0.657497,1,1696943
119934161,0.83,0.7955,2,1697026
119935621,0.84,0.8311,2,1697026
119937081,0.85,0.84622,2,1697092
119938541,0.86,0.857244,2,1697092
119940001,0.86,0.859449,2,1697092
119941461,0.87,0.86789,2,1697136
119942921,0.88,0.877578,2,1697136
119944381,0.89,0.887516,2,1697190
119945841,0.9,0.897503,2,1697190
119947301,0.89,0.891501,2,1697252
119948761,0.9,0.8983,2,1697252
119950221,0.91,0.90766,2,1697357
119951681,0.92,0.917532,2,1697357
119953141,0.93,0.927506,2,1697373
119954601,0.94,0.937501,2,1697373
119956061,0.93,0.9315,2,1697396
119957521,0.94,0.9383,2,1697396
120069941,0.95,0.95,2,1699463
120075781,0.87,0.87,2,1699527
120077241,0.88,0.878,2,1699527
120081621,0.93,0.93,2,1699576
120083081,0.94,0.938,2,1699576
120087461,0.59,0.59,1,1699738
120088921,0.6,0.598,1,1699738
120090381,0.41,0.4476,1,1699774
120091841,0.42,0.42552,1,1699774
120093301,0.27,0.301104,1,1699809
120094761,0.28,0.284221,1,1699809
120096221,0.17,0.192844,1,1699851
120097681,0.18,0.182569,1,1699851
120099141,0.01,0.0445138,1,1699936
120100601,0.02,0.0249028,1,1699936
120102061,0.05,0.0449806,1,1699968
120103521,0.06,0.0569961,1,1699968
120104981,0.03,0.0353992,1,1699995
120106441,0.04,0.0390798,1,1699995
120107901,0.01,0.015816,1,1700021
120109361,0.02,0.0191632,1,1700021
120110821,0.03,0.0278326,1,1700044
120112281,0.04,0.0375665,1,1700044
120113741,0.04,0.0395133,1,1700044
120115201,0.07,0.0639027,1,1700093
120116661,0.08,0.0767805,1,1700093
120118121,0.07,0.0713561,1,1700189
120119581,0.08,0.0782712,1,1700189
120121041,0.09,0.0876542,1,1700216
120122501,0.1,0.0975308,1,1700216
120123961,0.09,0.0915062,1,1700244
120125421,0.1,0.0983012,1,1700244
120126881,0.03,0.0436602,1,1700281
120128341,0.04,0.040732,1,1700281
120129801,0.01,0.0161464,1,1700358
120131261,0.02,0.0192293,1,1700358
120132721,0.01,0.0118459,1,1700392
120134181,0.02,0.0183692,1,1700392
120135641,0.01,0.0116738,1,1700418
120137101,0.02,0.0183348,1,1700418
120138561,0.01,0.011667,1,1700443
120140021,0.02,0.0183334,1,1700443
120141481,0,0.00366668,1,1700467
120142941,0,0.000733336,1,1700467
120144401,0.03,0.0241467,1,1700517
120145861,0.04,0.0368293,1,1700517
120147321,0.17,0.143366,1,1700613
120148781,0.18,0.172673,1,1700613
120150241,0.17,0.170535,1,1700641
120151701,0.18,0.178107,1,1700641
120153161,0.17,0.171621,1,1700669
120154621,0.18,0.178324,1,1700669
120156081,0.17,0.171665,1,1700703
120157541,0.18,0.178333,1,1700703
120159001,0.19,0.187667,1,1700779
120160461,0.2,0.197533,1,1700779
120161921,0.15,0.159507,1,1700813
120163381,0.16,0.159901,1,1700813
120164841,0.15,0.15198,1,1700839
120166301,0.16,0.158396,1,1700839
120167761,0.13,0.135679,1,1700864
120169221,0.14,0.139136,1,1700864
120170681,0.11,0.115827,1,1700888
120172141,0.12,0.119165,1,1700888
120173601,0.11,0.111833,1,1700939
120175061,0.12,0.118367,1,1700939
120176521,0.17,0.159673,1,1701042
120177981,0.18,0.175935,1,1701042
120179441,0.18,0.179187,1,1701042
120180901,0.21,0.203837,1,1701070
120182361,0.22,0.216767,1,1701070
120183821,0.21,0.211354,1,1701098
120185281,0.22,0.218271,1,1701098
120186741,0.23,0.227654,1,1701132
120188201,0.24,0.237531,1,1701132
120189661,0.21,0.215506,1,1701209
120191121,0.22,0.219101,1,1701209
120192581,0.25,0.24382,1,1701241
120194041,0.26,0.256764,1,1701241
120195501,0.27,0.267353,1,1701267
120196961,0.28,0.277471,1,1701267
120198421,0.27,0.271494,1,1701291
120199881,0.28,0.278299,1,1701291
120201341,0.27,0.27166,1,1701314
120202801,0.28,0.278332,1,1701314
120204261,0.31,0.303666,1,1701365
120205721,0.32,0.316733,1,1701365
120207181,0.35,0.343347,1,1701471
120208641,0.36,0.356669,1,1701471
120210101,0.35,0.351334,1,1701473
120211561,0.36,0.358267,1,1701473
120213021,0.37,0.367653,1,1701502
120214481,0.38,0.377531,1,1701502
120215941,0.37,0.371506,1,1701530
120217401,0.38,0.378301,1,1701530
120218861,0.41,0.40366,1,1701565
120220321,0.42,0.416732,1,1701565
120221781,0.43,0.427346,1,1701641
120223241,0.44,0.437469,1,1701641
120224701,0.43,0.431494,1,1701675
120226161,0.44,0.438299,1,1701675
120227621,0.41,0.41566,1,1701702
120229081,0.42,0.419132,1,1701702
120230541,0.43,0.427826,1,1701726
120232001,0.44,0.437565,1,1701726
120233461,0.41,0.415513,1,1701749
120234921,0.42,0.419103,1,1701749
120236381,0.45,0.443821,1,1701802
120237841,0.46,0.456764,1,1701802
120239301,0.43,0.435353,1,1701910
120240761,0.44,0.439071,1,1701910
120242221,0.43,0.431814,1,1701912
120243681,0.44,0.438363,1,1701912
120245141,0.43,0.431673,1,1701942
120246601,0.44,0.438335,1,1701942
120248061,0.44,0.439667,1,1701942
120249521,0.47,0.463933,1,1701970
120250981,0.48,0.476787,1,1701970
120252441,0.55,0.535357,1,1702007
120253901,0.56,0.555071,1,1702007
120255361,0.59,0.583014,1,1702084
120256821,0.6,0.596603,1,1702084
120258281,0.59,0.591321,1,1702118
120259741,0.6,0.598264,1,1702118
120261201,0.59,0.591653,1,1702144
120262661,0.6,0.598331,1,1702144
120264121,0.57,0.575666,1,1702169
120265581,0.58,0.579133,1,1702169
120267041,0.59,0.587827,1,1702191
120268501,0.6,0.597565,1,1702191
120269961,0.57,0.575513,1,1702246
120271421,0.58,0.579103,1,1702246
120272881,0.59,0.587821,1,1702353
120274341,0.6,0.597564,1,1702353
120275801,0.59,0.591513,1,1702355
120277261,0.6,0.598303,1,1702355
120278721,0.61,0.60766,1,1702385
120280181,0.62,0.617532,1,1702385
120281641,0.67,0.659506,1,1702414
120283101,0.68,0.675901,1,1702414
120284561,0.65,0.65518,1,1702455
120286021,0.66,0.659036,1,1702455
120287481,0.73,0.715807,1,1702534
120288941,0.74,0.735161,1,1702534
120290401,0.73,0.731032,1,1702568
120291861,0.74,0.738206,1,1702568
120293321,0.73,0.731641,1,1702594
120294781,0.74,0.738328,1,1702594
120296241,0.73,0.731666,1,1702618
120297701,0.74,0.738333,1,1702618
120299161,0.75,0.747667,1,1702641
120300621,0.76,0.757533,2,1702641
120302081,0.79,0.783507,2,1702695
120303541,0.8,0.796701,2,1702695
120305001,0.89,0.87134,2,1702803
120306461,0.9,0.894268,2,1702803
120307921,0.89,0.890854,2,1702805
120309381,0.9,0.898171,2,1702805
120310841,0.91,0.907634,2,1702836
120312301,0.92,0.917527,2,1702836
120313761,0.91,0.911505,2,1702868
120315221,0.92,0.918301,2,1702868
120316681,0.92,0.91966,2,1702868
120318141,0.95,0.943932,2,1702908
120445161,0.92,0.92,2,1704696
120446621,0.93,0.928,2,1704696
120448081,0.86,0.8736,2,1704725
120449541,0.87,0.87072,2,1704725
120451001,0.87,0.870144,2,1704750
120452461,0.88,0.878029,2,1704750
120453921,0.85,0.855606,2,1704775
120455381,0.86,0.859121,2,1704775
120456841,0.73,0.755824,2,1704818
120458301,0.74,0.743165,1,1704818
120459761,0.69,0.700633,1,1704843
120461221,0.7,0.700127,1,1704843
120462681,0.63,0.644025,1,1704877
120464141,0.64,0.640805,1,1704877
120465601,0.43,0.472161,1,1704920
120467061,0.44,0.446432,1,1704920
120468521,0.44,0.441286,1,1704920
120469981,0.35,0.368257,1,1704948
120471441,0.36,0.361651,1,1704948
120472901,0.31,0.32033,1,1704982
120474361,0.32,0.320066,1,1704982
120475821,0.21,0.232013,1,1705014
120477281,0.22,0.222403,1,1705014
120478741,0.13,0.148481,1,1705057
120480201,0.14,0.141696,1,1705057
120481661,0.03,0.0523392,1,1705166
120483121,0.04,0.0424678,1,1705166
120484581,0.03,0.0324936,1,1705189
120486041,0.04,0.0384987,1,1705189
120487501,0.03,0.0316997,1,1705214
120488961,0.04,0.0383399,1,1705214
120490421,0.03,0.031668,1,1705238
120491881,0.04,0.0383336,1,1705238
120493341,0.07,0.0636667,1,1705275
120494801,0.08,0.0767333,1,1705275
120496261,0.05,0.0553467,1,1705298
120497721,0.06,0.0590693,1,1705298
120499181,0.03,0.0358139,1,1705329
120500641,0.04,0.0391628,1,1705329
120502101,0.09,0.0798326,1,1705362
120503561,0.1,0.0959665,1,1705362
120505021,0.09,0.0911933,1,1705364
120506481,0.1,0.0982387,1,1705364
120507941,0.07,0.0756477,1,1705387
120509401,0.08,0.0791295,1,1705387
120510861,0.03,0.0398259,1,1705419
120512321,0.04,0.0399652,1,1705419
120513781,0.05,0.047993,1,1705446
120515241,0.06,0.0575986,1,1705446
120516701,0.07,0.0675197,1,1705485
120518161,0.08,0.0775039,1,1705485
120519621,0.01,0.0235008,1,1705589
120521081,0.02,0.0207002,1,1705589
120522541,0.01,0.01214,1,1705612
120524001,0.02,0.018428,1,1705612
120525461,0.03,0.0276856,1,1705637
120526921,0.04,0.0375371,1,1705637
120528381,0.05,0.0475074,1,1705661
120529841,0.06,0.0575015,1,1705661
120531301,0.01,0.0195003,1,1705700
120532761,0.02,0.0199001,1,1705700
120534221,0.03,0.02798,1,1705722
120535681,0.04,0.037596,1,1705722
120537141,0.05,0.0475192,1,1705752
120538601,0.06,0.0575038,1,1705752
120540061,0.01,0.0195008,1,1705788
120541521,0.02,0.0199002,1,1705788
120542981,0.01,0.01198,1,1705790
120544441,0.02,0.018396,1,1705790
120545901,0.01,0.0116792,1,1705812
120547361,0.02,0.0183358,1,1705812
120548821,0.02,0.0196672,1,1705812
120550281,0.03,0.0279334,1,1705842
120551741,0.04,0.0375867,1,1705842
120553201,0.03,0.0315173,1,1705870
120554661,0.04,0.0383035,1,1705870
120556121,0.09,0.0796607,1,1705910
120557581,0.1,0.0959321,1,1705910
120559041,0.05,0.0591864,1,1706011
120560501,0.06,0.0598373,1,1706011
120561961,0.01,0.0199675,1,1706034
120563421,0.02,0.0199935,1,1706034
120564881,0.05,0.0439987,1,1706060
120566341,0.06,0.0567997,1,1706060
120567801,0.09,0.08336,1,1706085
120569261,0.1,0.096672,1,1706085
120570721,0.07,0.0753344,1,1706122
120572181,0.08,0.0790669,1,1706122
120573641,0.05,0.0558134,1,1706145
120575101,0.06,0.0591627,1,1706145
120576561,0.03,0.0358325,1,1706176
120578021,0.04,0.0391665,1,1706176
120579481,0.03,0.0318333,1,1706210
120580941,0.04,0.0383667,1,1706210
120582401,0.03,0.0316733,1,1706212
120583861,0.04,0.0383347,1,1706212
120585321,0.03,0.0316669,1,1706234
120586781,0.04,0.0383334,1,1706234
120588241,0.09,0.0796667,1,1706264
120589701,0.1,0.0959333,1,1706264
120591161,0.09,0.0911867,1,1706292
120592621,0.1,0.0982373,1,1706292
120594081,0.07,0.0756475,1,1706335
120595541,0.08,0.0791295,1,1706335
120597001,0.13,0.119826,1,1706434
120598461,0.14,0.135965,1,1706434
120599921,0.11,0.115193,1,1706455
120601381,0.12,0.119039,1,1706455
120602841,0.11,0.111808,1,1706483
120604301,0.12,0.118362,1,1706483
120605761,0.11,0.111672,1,1706510
120607221,0.12,0.118334,1,1706510
120608681,0.17,0.159667,1,1706546
120610141,0.18,0.175933,1,1706546
120611601,0.17,0.171187,1,1706568
120613061,0.18,0.178237,1,1706568
120614521,0.19,0.187647,1,1706598
120615981,0.2,0.197529,1,1706598
120617441,0.21,0.207506,1,1706632
120618901,0.22,0.217501,1,1706632
120620361,0.21,0.2115,1,1706634
120621821,0.22,0.2183,1,1706634
120623281,0.21,0.21166,1,1706656
120624741,0.22,0.218332,1,1706656
120626201,0.29,0.275666,1,1706689
120627661,0.3,0.295133,1,1706689
120629121,0.3,0.299027,1,1706689
120630581,0.31,0.307805,1,1706717
120632041,0.32,0.317561,1,1706717
120633501,0.31,0.311512,1,1706759
120634961,0.32,0.318302,1,1706759
120636421,0.41,0.39166,1,1706861
120637881,0.42,0.414332,1,1706861
120639341,0.41,0.410866,1,1706881
120640801,0.42,0.418173,1,1706881
120642261,0.43,0.427635,1,1706909
120643721,0.44,0.437527,1,1706909
120645181,0.41,0.415505,1,1706936
120646641,0.42,0.419101,1,1706936
120648101,0.39,0.39582,1,1706975
120649561,0.4,0.399164,1,1706975
120651021,0.39,0.391833,1,1706997
120652481,0.4,0.398367,1,1706997
120653941,0.37,0.375673,1,1707028
120655401,0.38,0.379135,1,1707028
120656861,0.41,0.403827,1,1707063
120658321,0.42,0.416765,1,1707063
120659781,0.41,0.411353,1,1707065
120661241,0.42,0.418271,1,1707065
120662701,0.41,0.411654,1,1707087
120664161,0.42,0.418331,1,1707087
120665621,0.43,0.427666,1,1707124
120667081,0.44,0.437533,1,1707124
120668541,0.43,0.431507,1,1707126
120670001,0.44,0.438301,1,1707126
120671461,0.47,0.46366,1,1707154
120672921,0.48,0.476732,1,1707154
120674381,0.49,0.487346,1,1707196
120675841,0.5,0.497469,1,1707196
120677301,0.49,0.491494,1,1707303
120678761,0.5,0.498299,1,1707303
120680221,0.51,0.50766,1,1707323
120681681,0.52,0.517532,1,1707323
120683141,0.53,0.527506,1,1707352
120684601,0.54,0.537501,1,1707352
120686061,0.53,0.5315,1,1707378
120687521,0.54,0.5383,1,1707378
120688981,0.53,0.53166,1,1707416
120690441,0.54,0.538332,1,1707416
120691901,0.55,0.547666,1,1707438
120693361,0.56,0.557533,1,1707438
120694821,0.59,0.583507,1,1707468
120696281,0.6,0.596701,1,1707468
120697741,0.61,0.60734,1,1707505
120699201,0.62,0.617468,1,1707505
120700661,0.61,0.611494,1,1707507
120702121,0.62,0.618299,1,1707507
120703581,0.65,0.64366,1,1707529
120705041,0.66,0.656732,1,1707529
120706501,0.65,0.651346,1,1707567
120707961,0.66,0.658269,1,1707567
120709421,0.65,0.651654,1,1707569
120710881,0.66,0.658331,1,1707569
120712341,0.63,0.635666,1,1707599
120713801,0.64,0.639133,1,1707599
120715261,0.64,0.639827,1,1707599
120716721,0.63,0.631965,1,1707642
120718181,0.64,0.638393,1,1707642
120719641,0.69,0.679679,1,1707749
120721101,0.7,0.695936,1,1707749
120722561,0.71,0.707187,1,1707770
120724021,0.72,0.717437,1,1707770
120725481,0.73,0.727487,1,1707800
120726941,0.74,0.737497,1,1707800
120728401,0.73,0.7315,1,1707826
120729861,0.74,0.7383,1,1707826
120731321,0.73,0.73166,1,1707864
120732781,0.74,0.738332,1,1707864
120734241,0.77,0.763666,2,1707887
120735701,0.78,0.776733,2,1707887
120737161,0.79,0.787347,2,1707919
120738621,0.8,0.797469,2,1707919
120740081,0.81,0.807494,2,1707957
120741541,0.82,0.817499,2,1707957
120743001,0.81,0.8115,2,1707959
120744461,0.82,0.8183,2,1707959
120745921,0.81,0.81166,2,1707983
120747381,0.82,0.818332,2,1707983
120748841,0.81,0.811666,2,1708021
120750301,0.82,0.818333,2,1708021
120751761,0.81,0.811667,2,1708023
120753221,0.82,0.818333,2,1708023
120754681,0.83,0.827667,2,1708052
120756141,0.84,0.837533,2,1708052
120757601,0.83,0.831507,2,1708094
120759061,0.84,0.838301,2,1708094
120760521,0.91,0.89566,2,1708204
120761981,0.92,0.915132,2,1708204
120763441,0.91,0.911026,2,1708226
120764901,0.92,0.918205,2,1708226
120766361,0.89,0.895641,2,1708257
120767821,0.9,0.899128,2,1708257
120769281,0.89,0.891826,2,1708283
120770741,0.9,0.898365,2,1708283
120772201,0.91,0.907673,2,1708321
120773661,0.92,0.917535,2,1708321
120775121,0.89,0.895507,2,1708346
120776581,0.9,0.899101,2,1708346
120778041,0.93,0.92382,2,1708379
120779501,0.94,0.936764,2,1708379
120780961,0.95,0.947353,2,1708418
120783881,0.95,0.95,2,1708420
120929881,0.93,0.93,2,1710205
120903601,0.77,0.77,2,1710313
120934261,0.61,0.642,1,1710343
120935721,0.51,0.5364,1,1710372
120937181,0.35,0.38728,1,1710428
120938641,0.31,0.325456,1,1710444
120940101,0.21,0.233091,1,1710461
120941561,0.19,0.198618,1,1710480
120943021,0.11,0.127724,1,1710498
120944481,0.09,0.0975447,1,1710562
120945941,0.03,0.0435089,1,1710611
120947401,0.05,0.0487018,1,1710653
120948861,0.09,0.0817404,1,1710681
120950321,0.13,0.120348,1,1710706
120951781,0.05,0.0640696,1,1710732
120953241,0.09,0.0848139,1,1710772
120954701,0.03,0.0409628,1,1710818
120956161,0.04,0.0401926,1,1710818
120957621,0.07,0.0640385,1,1710880
120959081,0.08,0.0768077,1,1710880
120960541,0.09,0.0873615,1,1710910
120962001,0.1,0.0974723,1,1710910
120963461,0.03,0.0434945,1,1710987
120964921,0.04,0.0406989,1,1710987
120966381,0.09,0.0801398,1,1711076
120967841,0.1,0.096028,1,1711076
120969301,0.05,0.0592056,1,1711133
120970761,0.06,0.0598411,1,1711133
120972221,0.11,0.0999682,1,1711197
120973681,0.12,0.115994,1,1711197
120975141,0.12,0.119199,1,1711197
120976601,0.09,0.0958397,1,1711241
120978061,0.1,0.0991679,1,1711241
120979521,0.15,0.139834,1,1711305
120980981,0.16,0.155967,1,1711305
120982441,0.21,0.199193,1,1711336
120983901,0.22,0.215839,1,1711336
120985361,0.17,0.179168,1,1711410
120986821,0.18,0.179834,1,1711410
120988281,0.17,0.171967,1,1711502
120989741,0.18,0.178393,1,1711502
120991201,0.09,0.107679,1,1711557
120992661,0.1,0.101536,1,1711557
120994121,0.13,0.124307,1,1711624
120995581,0.14,0.136861,1,1711624
120997041,0.13,0.131372,1,1711666
120998501,0.14,0.138274,1,1711666
120999961,0.21,0.195655,1,1711733
121001421,0.22,0.215131,1,1711733
121002881,0.25,0.243026,1,1711767
121004341,0.26,0.256605,1,1711767
121005801,0.27,0.267321,1,1711839
121007261,0.28,0.277464,1,1711839
121008721,0.33,0.319493,1,1711931
121010181,0.34,0.335899,1,1711931
121011641,0.31,0.31518,1,1711982
121013101,0.32,0.319036,1,1711982
121014561,0.35,0.343807,1,1712051
121016021,0.36,0.356761,1,1712051
121017481,0.39,0.383352,1,1712093
121018941,0.4,0.39667,1,1712093
121020401,0.4,0.399334,1,1712093
121021861,0.41,0.407867,1,1712164
121023321,0.42,0.417573,1,1712164
121024781,0.41,0.411515,1,1712200
121026241,0.42,0.418303,1,1712200
121027701,0.45,0.443661,1,1712273
121029161,0.46,0.456732,1,1712273
121030621,0.47,0.467346,1,1712368
121032081,0.48,0.477469,1,1712368
121033541,0.49,0.487494,1,1712418
121035001,0.5,0.497499,1,1712418
121036461,0.49,0.4915,1,1712489
121037921,0.5,0.4983,1,1712489
121039381,0.55,0.53966,1,1712533
121040841,0.56,0.555932,1,1712533
121042301,0.55,0.551186,1,1712535
121043761,0.56,0.558237,1,1712535
121045221,0.57,0.567647,1,1712606
121046681,0.58,0.57753,1,1712606
121048141,0.59,0.587506,1,1712642
121049601,0.6,0.597501,1,1712642
121051061,0.63,0.6235,1,1712717
121052521,0.64,0.6367,1,1712717
121053981,0.67,0.66334,1,1712813
121055441,0.68,0.676668,1,1712813
121056901,0.67,0.671334,1,1712864
121058361,0.68,0.678267,1,1712864
121059821,0.69,0.687653,1,1712935
121061281,0.7,0.697531,1,1712935
121062741,0.69,0.691506,1,1712982
121064201,0.7,0.698301,1,1712982
121065661,0.69,0.69166,1,1712984
121067121,0.7,0.698332,1,1712984
121068581,0.73,0.723666,1,1713056
121070041,0.74,0.736733,1,1713056
121071501,0.74,0.739347,1,1713056
121072961,0.73,0.731869,1,1713093
121074421,0.74,0.738374,1,1713093
121075881,0.77,0.763675,2,1713170
121077341,0.78,0.776735,2,1713170
121078801,0.81,0.803347,2,1713268
121080261,0.82,0.816669,2,1713268
121081721,0.85,0.843334,2,1713319
121083181,0.86,0.856667,2,1713319
121084641,0.89,0.883333,2,1713391
121086101,0.9,0.896667,2,1713391
121087561,0.87,0.875333,2,1713438
121089021,0.88,0.879067,2,1713438
121090481,0.87,0.871813,2,1713440
121091941,0.88,0.878363,2,1713440
121093401,0.89,0.887673,2,1713514
121094861,0.9,0.897535,2,1713514
121096321,0.93,0.923507,2,1713550
121097781,0.94,0.936701,2,1713550
121183921,0.94,0.94,2,1715212
121185381,0.95,0.948,2,1715212
121186841,0.83,0.8536,2,1715294
121188301,0.84,0.84272,2,1715294
121189761,0.59,0.640544,1,1715342
121191221,0.6,0.608109,1,1715342
121192681,0.51,0.529622,1,1715379
121194141,0.52,0.521924,1,1715379
121195601,0.33,0.368385,1,1715412
121197061,0.34,0.345677,1,1715412
121198521,0.13,0.173135,1,1715464
121199981,0.14,0.146627,1,1715464
121201441,0.01,0.0373254,1,1715523
121202901,0.02,0.0234651,1,1715523
121204361,0.07,0.060693,1,1715559
121205821,0.08,0.0761386,1,1715559
121207281,0.09,0.0872277,1,1715636
121208741,0.1,0.0974455,1,1715636
121210201,0.01,0.0274891,1,1715684
121211661,0.02,0.0214978,1,1715684
121213121,0.03,0.0282996,1,1715756
121214581,0.04,0.0376599,1,1715756
121216041,0.09,0.079532,1,1715792
121217501,0.1,0.0959064,1,1715792
121218961,0.09,0.0911813,1,1715825
121220421,0.1,0.0982363,1,1715825
121221881,0.11,0.107647,1,1715849
121223341,0.12,0.117529,1,1715849
121224801,0.07,0.0795059,1,1715891
121226261,0.08,0.0799012,1,1715891
121227721,0.09,0.0879802,1,1715944
121229181,0.1,0.097596,1,1715944
121230641,0.07,0.0755192,1,1715983
121232101,0.08,0.0791038,1,1715983
121233561,0.03,0.0398208,1,1716061
121235021,0.04,0.0399642,1,1716061
121236481,0.03,0.0319928,1,1716105
121237941,0.04,0.0383986,1,1716105
121239401,0.04,0.0396797,1,1716105
121240861,0.07,0.0639359,1,1716178
121242321,0.08,0.0767872,1,1716178
121243781,0.07,0.0713574,1,1716217
121245241,0.08,0.0782715,1,1716217
121246701,0.05,0.0556543,1,1716250
121248161,0.06,0.0591309,1,1716250
121249621,0.05,0.0518262,1,1716275
121251081,0.06,0.0583652,1,1716275
121252541,0.07,0.067673,1,1716315
121254001,0.08,0.0775346,1,1716315
121255461,0.11,0.103507,1,1716369
121256921,0.12,0.116701,1,1716369
121258381,0.15,0.14334,1,1716407
121259841,0.16,0.156668,1,1716407
121261301,0.03,0.0553336,1,1716483
121262761,0.04,0.0430667,1,1716483
121264221,0.07,0.0646133,1,1716527
121265681,0.08,0.0769227,1,1716527
121267141,0.07,0.0713845,1,1716529
121268601,0.08,0.0782769,1,1716529
121270061,0.07,0.0716554,1,1716603
121271521,0.08,0.0783311,1,1716603
121272981,0.05,0.0556662,1,1716642
121274441,0.06,0.0591332,1,1716642
121275901,0.09,0.0838267,1,1716674
121277361,0.1,0.0967653,1,1716674
121278821,0.07,0.0753531,1,1716699
121280281,0.08,0.0790706,1,1716699
121281741,0.05,0.0558141,1,1716740
121283201,0.06,0.0591628,1,1716740
121284661,0.07,0.0678326,1,1716796
121286121,0.08,0.0775665,1,1716796
121287581,0.07,0.0715133,1,1716836
121289041,0.08,0.0783027,1,1716836
121290501,0.09,0.0876605,1,1716906
121291961,0.1,0.0975321,1,1716906
121293421,0.07,0.0755064,1,1716952
121294881,0.08,0.0791013,1,1716952
121296341,0.07,0.0718203,1,1716954
121297801,0.08,0.0783641,1,1716954
121299261,0.08,0.0796728,1,1716954
121300721,0.07,0.0719346,1,1717028
121302181,0.08,0.0783869,1,1717028
121303641,0.07,0.0716774,1,1717066
121305101,0.08,0.0783355,1,1717066
121306561,0.07,0.0716671,1,1717100
121308021,0.08,0.0783334,1,1717100
121309481,0.09,0.0876667,1,1717124
121310941,0.1,0.0975333,1,1717124
121312401,0.11,0.107507,1,1717164
121313861,0.12,0.117501,1,1717164
121315321,0.15,0.1435,1,1717221
121316781,0.16,0.1567,1,1717221
121318241,0.15,0.15134,1,1717261
121319701,0.16,0.158268,1,1717261
121321161,0.19,0.183654,1,1717332
121322621,0.2,0.196731,1,1717332
121324081,0.25,0.239346,1,1717377
121325541,0.26,0.255869,1,1717377
121327001,0.25,0.251174,1,1717379
121328461,0.26,0.258235,1,1717379
121329921,0.29,0.283647,1,1717452
121331381,0.3,0.296729,1,1717452
121332841,0.33,0.323346,1,1717490
121334301,0.34,0.336669,1,1717490
121335761,0.35,0.347334,1,1717524
121337221,0.36,0.357467,1,1717524
121338681,0.35,0.351493,1,1717549
121340141,0.36,0.358299,1,1717549
121341601,0.39,0.38366,1,1717590
121343061,0.4,0.396732,1,1717590
121344521,0.45,0.439346,1,1717649
121345981,0.46,0.455869,1,1717649
121347441,0.45,0.451174,1,1717689
121348901,0.46,0.458235,1,1717689
121350361,0.45,0.451647,1,1717762
121351821,0.46,0.458329,1,1717762
121353281,0.43,0.435666,1,1717810
121354741,0.44,0.439133,1,1717810
121356201,0.43,0.431827,1,1717812
121357661,0.44,0.438365,1,1717812
121359121,0.47,0.463673,1,1717887
121360581,0.48,0.476735,1,1717887
121362041,0.51,0.503347,1,1717927
121363501,0.52,0.516669,1,1717927
121364961,0.52,0.519334,1,1717927
121366421,0.55,0.543867,1,1717962
121367881,0.56,0.556773,1,1717962
121369341,0.57,0.567355,1,1717987
121370801,0.58,0.577471,1,1717987
121372261,0.57,0.571494,1,1718030
121373721,0.58,0.578299,1,1718030
121375181,0.61,0.60366,1,1718092
121376641,0.62,0.616732,1,1718092
121378101,0.63,0.627346,1,1718132
121379561,0.64,0.637469,1,1718132
121381021,0.67,0.663494,1,1718205
121382481,0.68,0.676699,1,1718205
121383941,0.65,0.65534,1,1718252
121385401,0.66,0.659068,1,1718252
121386861,0.65,0.651814,1,1718254
121388321,0.66,0.658363,1,1718254
121389781,0.69,0.683673,1,1718331
121391241,0.7,0.696734,1,1718331
121392701,0.73,0.723347,1,1718373
121394161,0.74,0.736669,1,1718373
121395621,0.73,0.731334,1,1718375
121397081,0.74,0.738267,1,1718375
121398541,0.77,0.763653,2,1718411
121400001,0.78,0.776731,2,1718411
121401461,0.79,0.787346,2,1718437
121402921,0.8,0.797469,2,1718437
121404381,0.77,0.775494,2,1718480
121405841,0.78,0.779099,2,1718480
121407301,0.77,0.77182,2,1718544
121408761,0.78,0.778364,2,1718544
121410221,0.83,0.819673,2,1718585
121411681,0.84,0.835935,2,1718585
121413141,0.81,0.815187,2,1718660
121414601,0.82,0.819037,2,1718660
121416061,0.83,0.827807,2,1718706
121417521,0.84,0.837562,2,1718706
121418981,0.83,0.831512,2,1718708
121420441,0.84,0.838302,2,1718708
121421901,0.87,0.86366,2,1718787
121423361,0.88,0.876732,2,1718787
121424821,0.87,0.871346,2,1718831
121426281,0.88,0.878269,2,1718831
121427741,0.87,0.871654,2,1718833
121429201,0.88,0.878331,2,1718833
121430661,0.85,0.855666,2,1718871
121432121,0.86,0.859133,2,1718871
121433581,0.86,0.859827,2,1718871
121435041,0.85,0.851965,2,1718898
121436501,0.86,0.858393,2,1718898
121437961,0.87,0.867679,2,1718940
121439421,0.88,0.877536,2,1718940
121440881,0.87,0.871507,2,1719004
121442341,0.88,0.878301,2,1719004
121443801,0.91,0.90366,2,1719048
121445261,0.92,0.916732,2,1719048
121446721,0.93,0.927346,2,1719122
121448181,0.94,0.937469,2,1719122
121449641,0.93,0.931494,2,1719169
121451101,0.94,0.938299,2,1719169
121452561,0.93,0.93166,2,1719171
121454021,0.94,0.938332,2,1719171
121455481,0.95,0.947666,2,1719252
121567901,0.93,0.93,2,1720815
121569361,0.94,0.938,2,1720815
121573741,0.91,0.91,2,1720871
121575201,0.92,0.918,2,1720871
121576661,0.92,0.9196,2,1720871
121578121,0.79,0.81592,2,1720916
121579581,0.8,0.803184,2,1720916
121581041,0.77,0.776637,2,1720956
121582501,0.78,0.779327,2,1720956
121583961,0.45,0.515865,1,1721023
121585421,0.46,0.471173,1,1721023
121586881,0.29,0.326235,1,1721070
121588341,0.3,0.305247,1,1721070
121589801,0.15,0.181049,1,1721106
121591261,0.16,0.16421,1,1721106
121592721,0.05,0.072842,1,1721154
121594181,0.06,0.0625684,1,1721154
121595641,0.05,0.0525137,1,1721214
121597101,0.06,0.0585027,1,1721214
121598561,0.05,0.0517005,1,1721242
121600021,0.06,0.0583401,1,1721242
121601481,0.11,0.099668,1,1721268
121602941,0.12,0.115934,1,1721268
121604401,0.09,0.0951867,1,1721291
121605861,0.1,0.0990373,1,1721291
121607321,0.09,0.0918075,1,1721310
121608781,0.1,0.0983615,1,1721310
121610241,0.09,0.0916723,1,1721338
121611701,0.1,0.0983345,1,1721338
121613161,0.01,0.0276669,1,1721376
121614621,0.02,0.0215334,1,1721376
121616081,0.05,0.0443067,1,1721415
121617541,0.06,0.0568613,1,1721415
121619001,0.11,0.0993723,1,1721466
121620461,0.12,0.115874,1,1721466
121621921,0.05,0.0631749,1,1721505
121623381,0.06,0.060635,1,1721505
121624841,0.05,0.052127,1,1721534
121626301,0.06,0.0584254,1,1721534
121627761,0.13,0.115685,1,1721577
121629221,0.14,0.135137,1,1721577
121630681,0.03,0.0510274,1,1721637
121632141,0.04,0.0422055,1,1721637
121633601,0.09,0.0804411,1,1721665
121635061,0.1,0.0960882,1,1721665
121636521,0.01,0.0272176,1,1721694
121637981,0.02,0.0214435,1,1721694
121639441,0.07,0.0602887,1,1721716
121640901,0.08,0.0760577,1,1721716
121642361,0.09,0.0872116,1,1721735
121643821,0.1,0.0974423,1,1721735
121645281,0.05,0.0594885,1,1721763
121646741,0.06,0.0598977,1,1721763
121648201,0.07,0.0679795,1,1721797
121649661,0.08,0.0775959,1,1721797
121651121,0.09,0.0875192,1,1721838
121652581,0.1,0.0975038,1,1721838
121654041,0.1,0.0995008,1,1721838
121655501,0.19,0.1719,1,1721892
121656961,0.2,0.19438,1,1721892
121658421,0.15,0.158876,1,1721928
121659881,0.16,0.159775,1,1721928
121661341,0.21,0.199955,1,1721957
121662801,0.22,0.215991,1,1721957
121664261,0.19,0.195198,1,1722004
121665721,0.2,0.19904,1,1722004
121667181,0.09,0.111808,1,1722059
121668641,0.1,0.102362,1,1722059
121670101,0.07,0.0764723,1,1722090
121671561,0.08,0.0792945,1,1722090
121673021,0.03,0.0398589,1,1722115
121674481,0.04,0.0399718,1,1722115
121675941,0.03,0.0319944,1,1722140
121677401,0.04,0.0383989,1,1722140
121678861,0.05,0.0476798,1,1722160
121680321,0.06,0.057536,1,1722160
121681781,0.05,0.0515072,1,1722186
121683241,0.06,0.0583014,1,1722186
121684701,0.09,0.0836603,1,1722221
121686161,0.1,0.0967321,1,1722221
121687621,0.05,0.0593464,1,1722263
121689081,0.06,0.0598693,1,1722263
121690541,0.05,0.0519739,1,1722265
121692001,0.06,0.0583948,1,1722265
121693461,0.11,0.099679,1,1722323
121694921,0.12,0.115936,1,1722323
121696381,0.17,0.159187,1,1722357
121697841,0.18,0.175837,1,1722357
121699301,0.19,0.187167,1,1722389
121700761,0.2,0.197433,1,1722389
121702221,0.19,0.191487,1,1722435
121703681,0.2,0.198297,1,1722435
121705141,0.23,0.223659,1,1722485
121706601,0.24,0.236732,1,1722485
121708061,0.25,0.247346,1,1722515
121709521,0.26,0.257469,1,1722515
121710981,0.23,0.235494,1,1722538
121712441,0.24,0.239099,1,1722538
121713901,0.17,0.18382,1,1722563
121715361,0.18,0.180764,1,1722563
121716821,0.17,0.172153,1,1722584
121718281,0.18,0.178431,1,1722584
121719741,0.17,0.171686,1,1722610
121721201,0.18,0.178337,1,1722610
121722661,0.19,0.187667,1,1722647
121724121,0.2,0.197533,1,1722647
121725581,0.21,0.207507,1,1722687
121727041,0.22,0.217501,1,1722687
121728501,0.21,0.2115,1,1722689
121729961,0.22,0.2183,1,1722689
121731421,0.22,0.21966,1,1722689
121732881,0.21,0.211932,1,1722750
121734341,0.22,0.218386,1,1722750
121735801,0.21,0.211677,1,1722787
121737261,0.22,0.218335,1,1722787
121738721,0.19,0.195667,1,1722820
121740181,0.2,0.199133,1,1722820
121741641,0.21,0.207827,1,1722866
121743101,0.22,0.217565,1,1722866
121744561,0.29,0.275513,1,1722918
121746021,0.3,0.295103,1,1722918
121747481,0.31,0.307021,1,1722949
121748941,0.32,0.317404,1,1722949
121750401,0.31,0.311481,1,1722971
121751861,0.32,0.318296,1,1722971
121753321,0.31,0.311659,1,1722993
121754781,0.32,0.318332,1,1722993
121756241,0.29,0.295666,1,1723014
121757701,0.3,0.299133,1,1723014
121759161,0.29,0.291827,1,1723040
121760621,0.3,0.298365,1,1723040
121762081,0.31,0.307673,1,1723078
121763541,0.32,0.317535,1,1723078
121765001,0.37,0.359507,1,1723119
121766461,0.38,0.375901,1,1723119
121767921,0.37,0.37118,1,1723121
121769381,0.38,0.378236,1,1723121
121770841,0.39,0.387647,1,1723181
121772301,0.4,0.397529,1,1723181
121773761,0.37,0.375506,1,1723218
121775221,0.38,0.379101,1,1723218
121776681,0.39,0.38782,1,1723250
121778141,0.4,0.397564,1,1723250
121779601,0.45,0.439513,1,1723297
121781061,0.46,0.455903,1,1723297
121782521,0.49,0.483181,1,1723353
121783981,0.5,0.496636,1,1723353
121785441,0.51,0.507327,1,1723385
121786901,0.52,0.517465,1,1723385
121788361,0.51,0.511493,1,1723407
121789821,0.52,0.518299,1,1723407
121791281,0.53,0.52766,1,1723429
121792741,0.54,0.537532,1,1723429
121794201,0.53,0.531506,1,1723449
121795661,0.54,0.538301,1,1723449
121797121,0.53,0.53166,1,1723475
121798581,0.54,0.538332,1,1723475
121800041,0.53,0.531666,1,1723514
121801501,0.54,0.538333,1,1723514
121802961,0.49,0.499667,1,1723558
121804421,0.5,0.499933,1,1723558
121805881,0.49,0.491987,1,1723560
121807341,0.5,0.498397,1,1723560
121808801,0.53,0.523679,1,1723621
121810261,0.54,0.536736,1,1723621
121811721,0.53,0.531347,1,1723657
121813181,0.54,0.538269,1,1723657
121814641,0.54,0.539654,1,1723657
121816101,0.53,0.531931,1,1723690
121817561,0.54,0.538386,1,1723690
121819021,0.63,0.611677,1,1723740
121820481,0.64,0.634335,1,1723740
121821941,0.65,0.646867,1,1723798
121823401,0.66,0.657373,1,1723798
121824861,0.65,0.651475,1,1723831
121826321,0.66,0.658295,1,1723831
121827781,0.67,0.667659,1,1723853
121829241,0.68,0.677532,1,1723853
121830701,0.65,0.655506,1,1723876
121832161,0.66,0.659101,1,1723876
121833621,0.67,0.66782,1,1723896
121835081,0.68,0.677564,1,1723896
121836541,0.67,0.671513,1,1723922
121838001,0.68,0.678303,1,1723922
121839461,0.69,0.687661,1,1723961
121840921,0.7,0.697532,1,1723961
121842381,0.69,0.691506,1,1724003
121843841,0.7,0.698301,1,1724003
121845301,0.69,0.69166,1,1724005
121846761,0.7,0.698332,1,1724005
121848221,0.71,0.707666,1,1724068
121849681,0.72,0.717533,1,1724068
121851141,0.73,0.727507,1,1724104
121852601,0.74,0.737501,1,1724104
121854061,0.73,0.7315,1,1724106
121855521,0.74,0.7383,1,1724106
121856981,0.75,0.74766,1,1724138
121858441,0.76,0.757532,2,1724138
121859901,0.81,0.799506,2,1724193
121861361,0.82,0.815901,2,1724193
121862821,0.85,0.84318,2,1724252
121864281,0.86,0.856636,2,1724252
121865741,0.91,0.899327,2,1724285
121867201,0.92,0.915865,2,1724285
121868661,0.93,0.927173,2,1724308
121870121,0.94,0.937435,2,1724308
121871581,0.95,0.947487,2,1724330
121874501,0.93,0.93,2,1724351
121875961,0.94,0.938,2,1724351
121877421,0.93,0.9316,2,1724377
121878881,0.94,0.93832,2,1724377
121880341,0.93,0.931664,2,1724417
121881801,0.94,0.938333,2,1724417
121883261,0.95,0.947667,2,1724459
121886181,0.95,0.95,2,1724461
122048241,0.93,0.93,2,1726429
122049701,0.86,0.874,2,1726452
122051161,0.79,0.8068,2,1726477
122052621,0.67,0.69736,1,1726508
122054081,0.49,0.531472,1,1726609
122055541,0.37,0.402294,1,1726646
122057001,0.31,0.328459,1,1726685
122058461,0.19,0.217692,1,1726728
122059921,0.27,0.259538,1,1726744
122061381,0.19,0.203908,1,1726762
122062841,0.23,0.224782,1,1726778
122064301,0.15,0.164956,1,1726793
122065761,0.23,0.216991,1,1726861
122067221,0.24,0.235398,1,1726861
122068681,0.17,0.18308,1,1726916
122070141,0.18,0.180616,1,1726916
122071601,0.19,0.188123,1,1726962
122073061,0.2,0.197625,1,1726962
122074521,0.23,0.223525,1,1727085
122075981,0.24,0.236705,1,1727085
122077441,0.23,0.231341,1,1727158
122078901,0.24,0.238268,1,1727158
122080361,0.21,0.215654,1,1727192
122081821,0.22,0.219131,1,1727192
122083281,0.29,0.275826,1,1727221
122084741,0.3,0.295165,1,1727221
122086201,0.37,0.355033,1,1727294
122087661,0.38,0.375007,1,1727294
122089121,0.39,0.387001,1,1727346
122090581,0.4,0.3974,1,1727346
122092041,0.37,0.37548,1,1727393
122093501,0.38,0.379096,1,1727393
122094961,0.41,0.403819,1,1727518
122096421,0.42,0.416764,1,1727518
122097881,0.39,0.395353,1,1727591
122099341,0.4,0.399071,1,1727591
122100801,0.41,0.407814,1,1727624
122102261,0.42,0.417563,1,1727624
122103721,0.39,0.395513,1,1727657
122105181,0.4,0.399103,1,1727657
122106641,0.4,0.39982,1,1727657
122108101,0.49,0.471964,1,1727734
122109561,0.5,0.494393,1,1727734
122111021,0.53,0.522879,1,1727787
122112481,0.54,0.536576,1,1727787
122113941,0.53,0.531315,1,1727833
122115401,0.54,0.538263,1,1727833
122116861,0.57,0.563653,1,1727960
122118321,0.58,0.576731,1,1727960
122119781,0.63,0.619346,1,1728032
122121241,0.64,0.635869,1,1728032
122122701,0.63,0.631174,1,1728066
122124161,0.64,0.638235,1,1728066
122125621,0.65,0.647647,1,1728098
122127081,0.66,0.657529,1,1728098
122128541,0.75,0.731506,1,1728179
122130001,0.76,0.754301,2,1728179
122131461,0.81,0.79886,2,1728234
122132921,0.82,0.815772,2,1728234
122134381,0.81,0.811154,2,1728280
122135841,0.82,0.818231,2,1728280
122137301,0.79,0.795646,2,1728409
122138761,0.8,0.799129,2,1728409
122140221,0.85,0.839826,2,1728484
122141681,0.86,0.855965,2,1728484
122143141,0.85,0.851193,2,1728518
122144601,0.86,0.858239,2,1728518
122146061,0.83,0.835648,2,1728551
122147521,0.84,0.83913,2,1728551
122148981,0.79,0.799826,2,1728637
122150441,0.8,0.799965,2,1728637
122151901,0.83,0.823993,2,1728695
122153361,0.84,0.836799,2,1728695
122154821,0.84,0.83936,2,1728695
122156281,0.87,0.863872,2,1728741
122157741,0.88,0.876774,2,1728741
122159201,0.95,0.935355,2,1728869
122242421,0.88,0.88,2,1730534
122243881,0.89,0.888,2,1730534
122245341,0.89,0.8896,2,1730581
122246801,0.9,0.89792,2,1730581
122248261,0.81,0.827584,2,1730609
122249721,0.82,0.821517,2,1730609
122251181,0.71,0.732303,1,1730651
122252641,0.72,0.722461,1,1730651
122254101,0.49,0.536492,1,1730771
122255561,0.5,0.507298,1,1730771
122257021,0.5,0.50146,1,1730771
122258481,0.37,0.396292,1,1730838
122259941,0.38,0.383258,1,1730838
122261401,0.21,0.244652,1,1730875
122262861,0.22,0.22493,1,1730875
122264321,0.21,0.212986,1,1730920
122265781,0.22,0.218597,1,1730920
122267241,0.11,0.131719,1,1730999
122268701,0.12,0.122344,1,1730999
122270161,0.01,0.0324688,1,1731046
122271621,0.02,0.0224938,1,1731046
122273081,0.01,0.0124988,1,1731070
122274541,0.02,0.0184998,1,1731070
122276001,0.03,0.0277,1,1731107
122277461,0.04,0.03754,1,1731107
122278921,0.07,0.063508,1,1731216
122280381,0.08,0.0767016,1,1731216
122281841,0.07,0.0713403,1,1731218
122283301,0.08,0.0782681,1,1731218
122284761,0.09,0.0876536,1,1731278
122286221,0.1,0.0975307,1,1731278
122287681,0.09,0.0915061,1,1731307
122289141,0.1,0.0983012,1,1731307
122290601,0.11,0.10766,1,1731352
122292061,0.12,0.117532,1,1731352
122293521,0.15,0.143506,1,1731426
122294981,0.16,0.156701,1,1731426
122296441,0.11,0.11934,1,1731468
122297901,0.12,0.119868,1,1731468
122299361,0.09,0.0959736,1,1731492
122300821,0.1,0.0991947,1,1731492
122302281,0.05,0.0598389,1,1731530
122303741,0.06,0.0599678,1,1731530
122305201,0.07,0.0679936,1,1731641
122306661,0.08,0.0775987,1,1731641
122308121,0.07,0.0715197,1,1731643
122309581,0.08,0.0783039,1,1731643
122311041,0.08,0.0796608,1,1731643
122312501,0.07,0.0719322,1,1731704
122313961,0.08,0.0783864,1,1731704
122315421,0.05,0.0556773,1,1731733
122316881,0.06,0.0591355,1,1731733
122318341,0.05,0.0518271,1,1731779
122319801,0.06,0.0583654,1,1731779
122321261,0.11,0.0996731,1,1731855
122322721,0.12,0.115935,1,1731855
122324181,0.17,0.159187,1,1731895
122325641,0.18,0.175837,1,1731895
122327101,0.15,0.155167,1,1731918
122328561,0.16,0.159033,1,1731918
122330021,0.15,0.151807,1,1731954
122331481,0.16,0.158361,1,1731954
122332941,0.21,0.199672,1,1732066
122334401,0.22,0.215934,1,1732066
122335861,0.21,0.211187,1,1732068
122337321,0.22,0.218237,1,1732068
122338781,0.23,0.227647,1,1732128
122340241,0.24,0.237529,1,1732128
122341701,0.23,0.231506,1,1732156
122343161,0.24,0.238301,1,1732156
122344621,0.31,0.29566,1,1732202
122346081,0.32,0.315132,1,1732202
122347541,0.25,0.263026,1,1732281
122349001,0.26,0.260605,1,1732281
122350461,0.29,0.284121,1,1732324
122351921,0.3,0.296824,1,1732324
122353381,0.29,0.291365,1,1732346
122354841,0.3,0.298273,1,1732346
122356301,0.29,0.291655,1,1732382
122357761,0.3,0.298331,1,1732382
122359221,0.35,0.339666,1,1732497
122360681,0.36,0.355933,1,1732497
122362141,0.35,0.351187,1,1732499
122363601,0.36,0.358237,1,1732499
122365061,0.41,0.399647,1,1732560
122366521,0.42,0.41593,1,1732560
122367981,0.43,0.427186,1,1732588
122369441,0.44,0.437437,1,1732588
122370901,0.44,0.439487,1,1732588
122372361,0.49,0.479897,1,1732638
122373821,0.5,0.495979,1,1732638
122375281,0.49,0.491196,1,1732714
122376741,0.5,0.498239,1,1732714
122378201,0.53,0.523648,1,1732759
122379661,0.54,0.53673,1,1732759
122381121,0.57,0.563346,1,1732781
122382581,0.58,0.576669,1,1732781
122384041,0.59,0.587334,1,1732817
122385501,0.6,0.597467,1,1732817
122386961,0.63,0.623493,1,1732935
122388421,0.64,0.636699,1,1732935
122389881,0.63,0.63134,1,1732937
122391341,0.64,0.638268,1,1732937
122392801,0.61,0.615654,1,1733001
122394261,0.62,0.619131,1,1733001
122395721,0.63,0.627826,1,1733030
122397181,0.64,0.637565,1,1733030
122398641,0.63,0.631513,1,1733032
122400101,0.64,0.638303,1,1733032
122401561,0.69,0.679661,1,1733084
122403021,0.7,0.695932,1,1733084
122404481,0.69,0.691186,1,1733160
122405941,0.7,0.698237,1,1733160
122407401,0.75,0.739647,1,1733207
122408861,0.76,0.755929,2,1733207
122410321,0.75,0.751186,2,1733231
122411781,0.76,0.758237,2,1733231
122413241,0.73,0.735647,1,1733268
122414701,0.74,0.739129,1,1733268
122416161,0.77,0.763826,2,1733388
122417621,0.78,0.776765,2,1733388
122419081,0.77,0.771353,2,1733390
122420541,0.78,0.778271,2,1733390
122422001,0.81,0.803654,2,1733453
122423461,0.82,0.816731,2,1733453
122424921,0.89,0.875346,2,1733483
122426381,0.9,0.895069,2,1733483
122427841,0.89,0.891014,2,1733485
122429301,0.9,0.898203,2,1733485
122430761,0.87,0.875641,2,1733540
122432221,0.88,0.879128,2,1733540
122433681,0.88,0.879826,2,1733540
122435141,0.89,0.887965,2,1733616
122436601,0.9,0.897593,2,1733616
122438061,0.85,0.859519,2,1733666
122439521,0.86,0.859904,2,1733666
122440981,0.87,0.867981,2,1733690
122442441,0.88,0.877596,2,1733690
122443901,0.89,0.887519,2,1733726
122445361,0.9,0.897504,2,1733726
122566541,0.91,0.91,2,1735613
122568001,0.92,0.918,2,1735613
122569461,0.8,0.8236,2,1735645
122570921,0.81,0.81272,2,1735645
122572381,0.67,0.698544,1,1735761
122573841,0.68,0.683709,1,1735761
122575301,0.65,0.656742,1,1735789
122576761,0.66,0.659348,1,1735789
122578221,0.59,0.60387,1,1735825
122579681,0.6,0.600774,1,1735825
122581141,0.63,0.624155,1,1735874
122582601,0.64,0.636831,1,1735874
122584061,0.59,0.599366,1,1735907
122585521,0.6,0.599873,1,1735907
122586981,0.47,0.495975,1,1735924
122588441,0.48,0.483195,1,1735924
122589901,0.41,0.424639,1,1735992
122591361,0.42,0.420928,1,1735992
122592821,0.43,0.428186,1,1736024
122594281,0.44,0.437637,1,1736024
122595741,0.41,0.415527,1,1736049
122597201,0.42,0.419106,1,1736049
122598661,0.39,0.395821,1,1736079
122600121,0.4,0.399164,1,1736079
122601581,0.37,0.375833,1,1736106
122603041,0.38,0.379167,1,1736106
122604501,0.39,0.387833,1,1736215
122605961,0.4,0.397567,1,1736215
122607421,0.41,0.407513,1,1736242
122608881,0.42,0.417503,1,1736242
122610341,0.39,0.395501,1,1736275
122611801,0.4,0.3991,1,1736275
122613261,0.41,0.40782,1,1736326
122614721,0.42,0.417564,1,1736326
122616181,0.31,0.331513,1,1736357
122617641,0.32,0.322303,1,1736357
122619101,0.33,0.328461,1,1736368
122620561,0.34,0.337692,1,1736368
122622021,0.37,0.363538,1,1736433
122623481,0.38,0.376708,1,1736433
122624941,0.41,0.403342,1,1736466
122626401,0.42,0.416668,1,1736466
122627861,0.43,0.427334,1,1736490
122629321,0.44,0.437467,1,1736490
122630781,0.43,0.431493,1,1736519
122632241,0.44,0.438299,1,1736519
122633701,0.44,0.43966,1,1736519
122635161,0.47,0.463932,1,1736545
122636621,0.48,0.476786,1,1736545
122638081,0.55,0.535357,1,1736655
122639541,0.56,0.555071,1,1736655
122641001,0.55,0.551014,1,1736683
122642461,0.56,0.558203,1,1736683
122643921,0.57,0.567641,1,1736715
122645381,0.58,0.577528,1,1736715
122646841,0.59,0.587506,1,1736767
122648301,0.6,0.597501,1,1736767
122649761,0.63,0.6235,1,1736793
122651221,0.64,0.6367,1,1736793
122652681,0.63,0.63134,1,1736805
122654141,0.64,0.638268,1,1736805
122655601,0.65,0.647654,1,1736872
122657061,0.66,0.657531,1,1736872
122658521,0.63,0.635506,1,1736907
122659981,0.64,0.639101,1,1736907
122661441,0.63,0.63182,1,1736932
122662901,0.64,0.638364,1,1736932
122664361,0.65,0.647673,1,1736961
122665821,0.66,0.657535,1,1736961
122667281,0.65,0.651507,1,1736963
122668741,0.66,0.658301,1,1736963
122670201,0.69,0.68366,1,1736990
122671661,0.7,0.696732,1,1736990
122673121,0.79,0.771346,2,1737104
122674581,0.8,0.794269,2,1737104
122676041,0.79,0.790854,2,1737132
122677501,0.8,0.798171,2,1737132
122678961,0.79,0.791634,2,1737165
122680421,0.8,0.798327,2,1737165
122681881,0.77,0.775665,2,1737218
122683341,0.78,0.779133,2,1737218
122684801,0.81,0.803827,2,1737246
122686261,0.82,0.816765,2,1737246
122687721,0.81,0.811353,2,1737258
122689181,0.82,0.818271,2,1737258
122690641,0.85,0.843654,2,1737326
122692101,0.86,0.856731,2,1737326
122693561,0.85,0.851346,2,1737360
122695021,0.86,0.858269,2,1737360
122696481,0.85,0.851654,2,1737385
122697941,0.86,0.858331,2,1737385
122699401,0.89,0.883666,2,1737415
122700861,0.9,0.896733,2,1737415
122702321,0.89,0.891347,2,1737417
122703781,0.9,0.898269,2,1737417
122705241,0.89,0.891654,2,1737446
122706701,0.9,0.898331,2,1737446
122708161,0.9,0.899666,2,1737446
122709621,0.91,0.907933,2,1737565
122711081,0.92,0.917587,2,1737565
122712541,0.91,0.911517,2,1737593
122714001,0.92,0.918303,2,1737593
122715461,0.89,0.895661,2,1737626
122716921,0.9,0.899132,2,1737626
122718381,0.93,0.923826,2,1737678
122719841,0.94,0.936765,2,1737678
122721301,0.93,0.931353,2,1737708
122722761,0.94,0.938271,2,1737708
122724221,0.95,0.947654,2,1737720
122854161,0.86,0.86,2,1739464
122855621,0.87,0.868,2,1739464
122857081,0.89,0.8856,2,1739496
122858541,0.9,0.89712,2,1739496
122860001,0.81,0.827424,2,1739528
122861461,0.82,0.821485,2,1739528
122862921,0.75,0.764297,2,1739553
122864381,0.76,0.760859,2,1739553
122865841,0.76,0.760172,2,1739553
122867301,0.65,0.672034,1,1739592
122868761,0.66,0.662407,1,1739592
122870221,0.55,0.572481,1,1739629
122871681,0.56,0.562496,1,1739629
122873141,0.37,0.408499,1,1739668
122874601,0.38,0.3857,1,1739668
122876061,0.21,0.24514,1,1739709
122877521,0.22,0.225028,1,1739709
122878981,0,0.0450056,1,1739764
122880441,0,0.00900112,1,1739764
122881901,0.03,0.0258002,1,1739786
122883361,0.04,0.03716,1,1739786
122884821,0.03,0.031432,1,1739806
122886281,0.04,0.0382864,1,1739806
122887741,0.01,0.0156573,1,1739829
122889201,0.02,0.0191315,1,1739829
122890661,0,0.00382629,1,1739865
122892121,0,0.000765258,1,1739865
122893581,0.01,0.00815305,1,1739932
122895041,0.02,0.0176306,1,1739932
122896501,0.01,0.0115261,1,1739962
122897961,0.02,0.0183052,1,1739962
122899421,0,0.00366104,1,1739990
122900881,0,0.000732209,1,1739990
122902341,0,0.000146442,1,1740012
122903801,0,2.92884e-05,1,1740012
122905261,0.07,0.0560059,1,1740045
122906721,0.08,0.0752012,1,1740045
122908181,0.03,0.0390402,1,1740077
122909641,0.04,0.039808,1,1740077
122911101,0.11,0.0959616,1,1740107
122912561,0.12,0.115192,1,1740107
122914021,0.03,0.0470385,1,1740140
122915481,0.04,0.0414077,1,1740140
122916941,0.07,0.0642815,1,1740185
122918401,0.08,0.0768563,1,1740185
122919861,0.05,0.0553713,1,1740208
122921321,0.06,0.0590743,1,1740208
122922781,0.03,0.0358149,1,1740228
122924241,0.04,0.039163,1,1740228
122925701,0.03,0.0318326,1,1740250
122927161,0.04,0.0383665,1,1740250
122928621,0,0.0076733,1,1740286
122930081,0,0.00153466,1,1740286
122931541,0.03,0.0243069,1,1740353
122933001,0.04,0.0368614,1,1740353
122934461,0.01,0.0153723,1,1740383
122935921,0.02,0.0190745,1,1740383
122937381,0.03,0.0278149,1,1740411
122938841,0.04,0.037563,1,1740411
122940301,0.01,0.0155126,1,1740433
122941761,0.02,0.0191025,1,1740433
122943221,0.03,0.0278205,1,1740469
122944681,0.04,0.0375641,1,1740469
122946141,0.04,0.0395128,1,1740469
122947601,0.05,0.0479026,1,1740499
122949061,0.06,0.0575805,1,1740499
122950521,0.09,0.0835161,1,1740533
122951981,0.1,0.0967032,1,1740533
122953441,0.07,0.0753406,1,1740562
122954901,0.08,0.0790681,1,1740562
122956361,0.11,0.103814,1,1740609
122957821,0.12,0.116763,1,1740609
122959281,0.13,0.127353,1,1740631
122960741,0.14,0.137471,1,1740631
122962201,0.03,0.0514941,1,1740650
122963661,0.04,0.0422988,1,1740650
122965121,0.01,0.0164598,1,1740672
122966581,0.02,0.019292,1,1740672
122968041,0.03,0.0278584,1,1740707
122969501,0.04,0.0375717,1,1740707
122970961,0.03,0.0315143,1,1740775
122972421,0.04,0.0383029,1,1740775
122973881,0.01,0.0156606,1,1740804
122975341,0.02,0.0191321,1,1740804
122976801,0.03,0.0278264,1,1740833
122978261,0.04,0.0375653,1,1740833
122979721,0.03,0.0315131,1,1740854
122981181,0.04,0.0383026,1,1740854
122982641,0.03,0.0316605,1,1740891
122984101,0.04,0.0383321,1,1740891
122985561,0.03,0.0316664,1,1740893
122987021,0.04,0.0383333,1,1740893
122988481,0.11,0.0956667,1,1740923
122989941,0.12,0.115133,1,1740923
122991401,0.17,0.159027,1,1740959
122992861,0.18,0.175805,1,1740959
122994321,0.19,0.187161,1,1740987
122995781,0.2,0.197432,1,1740987
122997241,0.19,0.191486,1,1741036
122998701,0.2,0.198297,1,1741036
123000161,0.21,0.207659,1,1741059
123001621,0.22,0.217532,1,1741059
123003081,0.23,0.227506,1,1741073
123004541,0.24,0.237501,1,1741073
123006001,0.17,0.1835,1,1741094
123007461,0.18,0.1807,1,1741094
123008921,0.13,0.14014,1,1741130
123010381,0.14,0.140028,1,1741130
123011841,0.09,0.100006,1,1741198
123013301,0.1,0.100001,1,1741198
123014761,0.05,0.0600002,1,1741226
123016221,0.06,0.06,1,1741226
123017681,0.05,0.052,1,1741256
123019141,0.06,0.0584,1,1741256
123020601,0,0.01168,1,1741277
123022061,0,0.002336,1,1741277
123023521,0.03,0.0244672,1,1741314
123024981,0.04,0.0368934,1,1741314
123026441,0.03,0.0313787,1,1741316
123027901,0.04,0.0382757,1,1741316
123029361,0.03,0.0316551,1,1741350
123030821,0.04,0.038331,1,1741350
123032281,0.04,0.0396662,1,1741350
123033741,0.09,0.0799332,1,1741389
123035201,0.1,0.0959866,1,1741389
123036661,0.11,0.107197,1,1741418
123038121,0.12,0.117439,1,1741418
123039581,0.13,0.127488,1,1741467
123041041,0.14,0.137498,1,1741467
123042501,0.13,0.1315,1,1741491
123043961,0.14,0.1383,1,1741491
123045421,0.11,0.11566,1,1741506
123046881,0.12,0.119132,1,1741506
123048341,0.13,0.127826,1,1741524
123049801,0.14,0.137565,1,1741524
123051261,0.13,0.131513,1,1741558
123052721,0.14,0.138303,1,1741558
123054181,0.19,0.179661,1,1741624
123055641,0.2,0.195932,1,1741624
123057101,0.21,0.207186,1,1741650
123058561,0.22,0.217437,1,1741650
123060021,0.21,0.211487,1,1741680
123061481,0.22,0.218297,1,1741680
123062941,0.15,0.163659,1,1741699
123064401,0.16,0.160732,1,1741699
123065861,0.11,0.120146,1,1741737
123067321,0.12,0.120029,1,1741737
123068781,0.11,0.112006,1,1741739
123070241,0.12,0.118401,1,1741739
123071701,0.13,0.12768,1,1741773
123073161,0.14,0.137536,1,1741773
123074621,0.19,0.179507,1,1741814
123076081,0.2,0.195901,1,1741814
123077541,0.25,0.23918,1,1741844
123079001,0.26,0.255836,1,1741844
123080461,0.23,0.235167,1,1741894
123081921,0.24,0.239033,1,1741894
123083381,0.23,0.231807,1,1741918
123084841,0.24,0.238361,1,1741918
123086301,0.23,0.231672,1,1741932
123087761,0.24,0.238334,1,1741932
123089221,0.25,0.247667,1,1741951
123090681,0.26,0.257533,1,1741951
123092141,0.25,0.251507,1,1741985
123093601,0.26,0.258301,1,1741985
123095061,0.23,0.23566,1,1742054
123096521,0.24,0.239132,1,1742054
123097981,0.21,0.215826,1,1742081
123099441,0.22,0.219165,1,1742081
123100901,0.21,0.211833,1,1742111
123102361,0.22,0.218367,1,1742111
123103821,0.21,0.211673,1,1742127
123105281,0.22,0.218335,1,1742127
123106741,0.23,0.227667,1,1742163
123108201,0.24,0.237533,1,1742163
123109661,0.23,0.231507,1,1742165
123111121,0.24,0.238301,1,1742165
123112581,0.21,0.21566,1,1742200
123114041,0.22,0.219132,1,1742200
123115501,0.21,0.211826,1,1742244
123116961,0.22,0.218365,1,1742244
123118421,0.23,0.227673,1,1742277
123119881,0.24,0.237535,1,1742277
123121341,0.24,0.239507,1,1742277
123122801,0.23,0.231901,1,1742326
123124261,0.24,0.23838,1,1742326
123125721,0.25,0.247676,1,1742350
123127181,0.26,0.257535,1,1742350
123128641,0.25,0.251507,1,1742364
123130101,0.26,0.258301,1,1742364
123131561,0.25,0.25166,1,1742384
123133021,0.26,0.258332,1,1742384
123134481,0.29,0.283666,1,1742418
123135941,0.3,0.296733,1,1742418
123137401,0.33,0.323347,1,1742486
123138861,0.34,0.336669,1,1742486
123140321,0.35,0.347334,1,1742512
123141781,0.36,0.357467,1,1742512
123143241,0.41,0.399493,1,1742542
123144701,0.42,0.415899,1,1742542
123146161,0.41,0.41118,1,1742558
123147621,0.42,0.418236,1,1742558
123149081,0.39,0.395647,1,1742595
123150541,0.4,0.399129,1,1742595
123152001,0.39,0.391826,1,1742597
123153461,0.4,0.398365,1,1742597
123154921,0.39,0.391673,1,1742631
123156381,0.4,0.398335,1,1742631
123157841,0.39,0.391667,1,1742675
123159301,0.4,0.398333,1,1742675
123160761,0.41,0.407667,1,1742709
123162221,0.42,0.417533,1,1742709
123163681,0.41,0.411507,1,1742711
123165141,0.42,0.418301,1,1742711
123166601,0.47,0.45966,1,1742759
123168061,0.48,0.475932,1,1742759
123169521,0.49,0.487186,1,1742784
123170981,0.5,0.497437,1,1742784
123172441,0.49,0.491487,1,1742798
123173901,0.5,0.498297,1,1742798
123175361,0.49,0.491659,1,1742818
123176821,0.5,0.498332,1,1742818
123178281,0.51,0.507666,1,1742854
123179741,0.52,0.517533,1,1742854
123181201,0.59,0.575507,1,1742924
123182661,0.6,0.595101,1,1742924
123184121,0.61,0.60702,1,1742951
123185581,0.62,0.617404,1,1742951
123187041,0.67,0.659481,1,1742984
123188501,0.68,0.675896,1,1742984
123189961,0.67,0.671179,1,1743000
123191421,0.68,0.678236,1,1743000
123192881,0.67,0.671647,1,1743036
123194341,0.68,0.678329,1,1743036
123195801,0.67,0.671666,1,1743038
123197261,0.68,0.678333,1,1743038
123198721,0.67,0.671667,1,1743072
123200181,0.68,0.678333,1,1743072
123201641,0.69,0.687667,1,1743116
123203101,0.7,0.697533,1,1743116
123204561,0.71,0.707507,1,1743151
123206021,0.72,0.717501,1,1743151
123207481,0.71,0.7115,1,1743153
123208941,0.72,0.7183,1,1743153
123210401,0.73,0.72766,1,1743204
123211861,0.74,0.737532,1,1743204
123213321,0.74,0.739506,1,1743204
123214781,0.75,0.747901,1,1743230
123216241,0.76,0.75758,2,1743230
123217701,0.77,0.767516,2,1743244
123219161,0.78,0.777503,2,1743244
123220621,0.77,0.771501,2,1743264
123222081,0.78,0.7783,2,1743264
123223541,0.81,0.80366,2,1743301
123225001,0.82,0.816732,2,1743301
123226461,0.81,0.811346,2,1743375
123227921,0.82,0.818269,2,1743375
123229381,0.83,0.827654,2,1743403
123230841,0.84,0.837531,2,1743403
123232301,0.85,0.847506,2,1743439
123233761,0.86,0.857501,2,1743439
123235221,0.89,0.8835,2,1743455
123236681,0.9,0.8967,2,1743455
123238141,0.91,0.90734,2,1743491
123239601,0.92,0.917468,2,1743491
123241061,0.91,0.911494,2,1743493
123242521,0.92,0.918299,2,1743493
123243981,0.93,0.92766,2,1743527
123245441,0.94,0.937532,2,1743527
123246901,0.91,0.915506,2,1743572
123248361,0.92,0.919101,2,1743572
123249821,0.95,0.94382,2,1743608
123252741,0.95,0.95,2,1743610
123433781,0.91,0.91,2,1745525
123435241,0.92,0.918,2,1745525
123436701,0.81,0.8316,2,1745563
123438161,0.82,0.82232,2,1745563
123439621,0.75,0.764464,2,1745590
123441081,0.76,0.760893,2,1745590
123442541,0.71,0.720179,1,1745613
123444001,0.72,0.720036,1,1745613
123445461,0.69,0.696007,1,1745629
123446921,0.7,0.699201,1,1745629
123448381,0.49,0.53184,1,1745670
123449841,0.5,0.506368,1,1745670
123451301,0.47,0.477274,1,1745702
123452761,0.48,0.479455,1,1745702
123454221,0.41,0.423891,1,1745733
123455681,0.42,0.420778,1,1745733
123457141,0.35,0.364156,1,1745762
123458601,0.36,0.360831,1,1745762
123460061,0.19,0.224166,1,1745777
123410421,0.29,0.276833,1,1745793
123461521,0.13,0.159367,1,1745858
123462981,0.09,0.103873,1,1745878
123464441,0.05,0.0607747,1,1745938
123465901,0,0.0121549,1,1745963
123467361,0.05,0.042431,1,1745992
123468821,0.01,0.0164862,1,1746024
123470281,0,0.00329724,1,1746049
123471741,0.01,0.00865945,1,1746070
123473201,0,0.00173189,1,1746085
123474661,0.03,0.0243464,1,1746116
123476121,0.01,0.0128693,1,1746175
123477581,0.05,0.0425739,1,1746200
123479041,0.05,0.0485148,1,1746201
123480501,0.07,0.065703,1,1746207
123481961,0.07,0.0691406,1,1746228
123483421,0.03,0.0378281,1,1746303
123484881,0.04,0.0395656,1,1746303
123486341,0.05,0.0479131,1,1746384
123487801,0.06,0.0575826,1,1746384
123489261,0.03,0.0355165,1,1746445
123490721,0.04,0.0391033,1,1746445
123492181,0.07,0.0638207,1,1746491
123493641,0.08,0.0767641,1,1746491
123495101,0.03,0.0393528,1,1746538
123496561,0.04,0.0398706,1,1746538
123498021,0.07,0.0639741,1,1746623
123499481,0.08,0.0767948,1,1746623
123500941,0.07,0.071359,1,1746631
123502401,0.08,0.0782718,1,1746631
123503861,0.08,0.0796544,1,1746631
123505321,0.07,0.0719309,1,1746725
123506781,0.08,0.0783862,1,1746725
123508241,0.11,0.103677,1,1746807
123509701,0.12,0.116735,1,1746807
123511161,0.07,0.0793471,1,1746867
123512621,0.08,0.0798694,1,1746867
123514081,0.05,0.0559739,1,1746915
123515541,0.06,0.0591948,1,1746915
123517001,0.03,0.035839,1,1746960
123518461,0.04,0.0391678,1,1746960
123519921,0.03,0.0318336,1,1747047
123521381,0.04,0.0383667,1,1747047
123522841,0.03,0.0316733,1,1747055
123524301,0.04,0.0383347,1,1747055
123525761,0.03,0.0316669,1,1747057
123527221,0.04,0.0383334,1,1747057
123528681,0.09,0.0796667,1,1747150
123530141,0.1,0.0959333,1,1747150
123531601,0.15,0.139187,1,1747234
123533061,0.16,0.155837,1,1747234
123534521,0.09,0.103167,1,1747292
123535981,0.1,0.100633,1,1747292
123537441,0.09,0.0921267,1,1747339
123538901,0.1,0.0984253,1,1747339
123540361,0.11,0.107685,1,1747383
123541821,0.12,0.117537,1,1747383
123543281,0.07,0.0795074,1,1747470
123544741,0.08,0.0799015,1,1747470
123546201,0.07,0.0719803,1,1747478
123547661,0.08,0.0783961,1,1747478
123549121,0.07,0.0716792,1,1747480
123550581,0.08,0.0783358,1,1747480
123552041,0.15,0.135667,1,1747576
123553501,0.16,0.155133,1,1747576
123554961,0.16,0.159027,1,1747576
123556421,0.19,0.183805,1,1747663
123557881,0.2,0.196761,1,1747663
123559341,0.25,0.239352,1,1747718
123560801,0.26,0.25587,1,1747718
123562261,0.25,0.251174,1,1747765
123563721,0.26,0.258235,1,1747765
123565181,0.23,0.235647,1,1747810
123566641,0.24,0.239129,1,1747810
123568101,0.25,0.247826,1,1747895
123569561,0.26,0.257565,1,1747895
123571021,0.25,0.251513,1,1747903
123572481,0.26,0.258303,1,1747903
123573941,0.25,0.251661,1,1747905
123575401,0.26,0.258332,1,1747905
123576861,0.27,0.267666,1,1748005
123578321,0.28,0.277533,1,1748005
123579781,0.25,0.255507,1,1748093
123581241,0.26,0.259101,1,1748093
123582701,0.27,0.26782,1,1748151
123584161,0.28,0.277564,1,1748151
123585621,0.31,0.303513,1,1748198
123587081,0.32,0.316703,1,1748198
123588541,0.37,0.359341,1,1748242
123590001,0.38,0.375868,1,1748242
123591461,0.39,0.387174,1,1748328
123592921,0.4,0.397435,1,1748328
123594381,0.39,0.391487,1,1748336
123595841,0.4,0.398297,1,1748336
123597301,0.39,0.391659,1,1748338
123598761,0.4,0.398332,1,1748338
123600221,0.39,0.391666,1,1748439
123601681,0.4,0.398333,1,1748439
123603141,0.43,0.423667,1,1748526
123604601,0.44,0.436733,1,1748526
123606061,0.49,0.479347,1,1748585
123607521,0.5,0.495869,1,1748585
123608981,0.5,0.499174,1,1748585
123610441,0.57,0.555835,1,1748634
123611901,0.58,0.575167,1,1748634
123613361,0.61,0.603033,1,1748681
123614821,0.62,0.616607,1,1748681
123616281,0.65,0.643321,1,1748768
123617741,0.66,0.656664,1,1748768
123619201,0.65,0.651333,1,1748776
123620661,0.66,0.658267,1,1748776
123622121,0.65,0.651653,1,1748778
123623581,0.66,0.658331,1,1748778
123625041,0.65,0.651666,1,1748879
123626501,0.66,0.658333,1,1748879
123627961,0.75,0.731667,1,1748968
123629421,0.76,0.754333,2,1748968
123630881,0.75,0.750867,2,1749030
123632341,0.76,0.758173,2,1749030
123633801,0.75,0.751635,2,1749032
123635261,0.76,0.758327,2,1749032
123636721,0.77,0.767665,2,1749084
123638181,0.78,0.777533,2,1749084
123639641,0.77,0.771507,2,1749133
123641101,0.78,0.778301,2,1749133
123642561,0.87,0.85166,2,1749222
123644021,0.88,0.874332,2,1749222
123645481,0.87,0.870866,2,1749230
123646941,0.88,0.878173,2,1749230
123648401,0.87,0.871635,2,1749232
123649861,0.88,0.878327,2,1749232
123651321,0.85,0.855665,2,1749333
123652781,0.86,0.859133,2,1749333
123664461,0.95,0.95,2,1749544
123776881,0.93,0.93,2,1751494
123778341,0.94,0.938,2,1751494
123779801,0.93,0.9316,2,1751526
123781261,0.94,0.93832,2,1751526
123782721,0.94,0.939664,2,1751526
123784181,0.81,0.835933,2,1751599
123785641,0.82,0.823187,2,1751599
123787101,0.77,0.780637,2,1751627
123788561,0.78,0.780127,2,1751627
123790021,0.77,0.772026,2,1751659
123791481,0.78,0.778405,2,1751659
123792941,0.63,0.659681,1,1751714
123794401,0.64,0.643936,1,1751714
123795861,0.53,0.552787,1,1751803
123797321,0.54,0.542557,1,1751803
123798781,0.57,0.564512,1,1751871
123800241,0.58,0.576902,1,1751871
123801701,0.59,0.58738,1,1751905
123803161,0.6,0.597476,1,1751905
123804621,0.59,0.591495,1,1751928
123806081,0.6,0.598299,1,1751928
123807541,0.55,0.55966,1,1751962
123809001,0.56,0.559932,1,1751962
123810461,0.55,0.551986,1,1751994
123811921,0.56,0.558397,1,1751994
123813381,0.57,0.567679,1,1752060
123814841,0.58,0.577536,1,1752060
123816301,0.61,0.603507,1,1752086
123817761,0.62,0.616701,1,1752086
123819221,0.61,0.61134,1,1752118
123820681,0.62,0.618268,1,1752118
123822141,0.63,0.627654,1,1752166
123823601,0.64,0.637531,1,1752166
123825061,0.71,0.695506,1,1752250
123826521,0.72,0.715101,1,1752250
123827981,0.73,0.72702,1,1752320
123829441,0.74,0.737404,1,1752320
123830901,0.77,0.763481,2,1752355
123832361,0.78,0.776696,2,1752355
123833821,0.79,0.787339,2,1752378
123835281,0.8,0.797468,2,1752378
123836741,0.81,0.807494,2,1752410
123838201,0.82,0.817499,2,1752410
123839661,0.81,0.8115,2,1752442
123841121,0.82,0.8183,2,1752442
123842581,0.83,0.82766,2,1752509
123844041,0.84,0.837532,2,1752509
123845501,0.83,0.831506,2,1752537
123846961,0.84,0.838301,2,1752537
123848421,0.84,0.83966,2,1752537
123849881,0.87,0.863932,2,1752569
123851341,0.88,0.876786,2,1752569
123852801,0.93,0.919357,2,1752618
123854261,0.94,0.935871,2,1752618
124007561,0.74,0.74,1,1754914
124009021,0.75,0.748,1,1754914
124010481,0.63,0.6536,1,1754948
124011941,0.64,0.64272,1,1754948
124013401,0.49,0.520544,1,1754982
124014861,0.5,0.504109,1,1754982
124016321,0.41,0.428822,1,1755022
124017781,0.42,0.421764,1,1755022
124019241,0.25,0.284353,1,1755052
124020701,0.26,0.264871,1,1755052
124022161,0.11,0.140974,1,1755083
124023621,0.12,0.124195,1,1755083
124025081,0.01,0.032839,1,1755160
124026541,0.02,0.0225678,1,1755160
124028001,0.07,0.0605136,1,1755197
124029461,0.08,0.0761027,1,1755197
124030921,0.01,0.0232205,1,1755233
124032381,0.02,0.0206441,1,1755233
124033841,0.01,0.0121288,1,1755272
124035301,0.02,0.0184258,1,1755272
124036761,0.01,0.0116852,1,1755307
124038221,0.02,0.018337,1,1755307
124039681,0.01,0.0116674,1,1755326
124041141,0.02,0.0183335,1,1755326
124042601,0.01,0.0116667,1,1755373
124044061,0.02,0.0183333,1,1755373
124045521,0.01,0.0116667,1,1755401
124046981,0.02,0.0183333,1,1755401
124048441,0.03,0.0276667,1,1755428
124049901,0.04,0.0375333,1,1755428
124051361,0.09,0.0795067,1,1755464
124052821,0.1,0.0959013,1,1755464
124054281,0.09,0.0911803,1,1755486
124055741,0.1,0.0982361,1,1755486
124057201,0.05,0.0596472,1,1755510
124058661,0.06,0.0599294,1,1755510
124060121,0.06,0.0599859,1,1755510
124061581,0,0.0119972,1,1755582
124063041,0,0.00239944,1,1755582
124064501,0.05,0.0404799,1,1755622
124065961,0.06,0.056096,1,1755622
124067421,0.07,0.0672192,1,1755655
124068881,0.08,0.0774438,1,1755655
124070341,0.01,0.0234888,1,1755694
124071801,0.02,0.0206978,1,1755694
124073261,0.01,0.0121396,1,1755729
124074721,0.02,0.0184279,1,1755729
124076181,0,0.00368558,1,1755748
124077641,0,0.000737116,1,1755748
124079101,0.05,0.0401474,1,1755795
124080561,0.06,0.0560295,1,1755795
124082021,0.03,0.0352059,1,1755823
124083481,0.04,0.0390412,1,1755823
124084941,0,0.00780824,1,1755851
124086401,0,0.00156165,1,1755851
124087861,0.03,0.0243123,1,1755890
124089321,0.04,0.0368625,1,1755890
124090781,0.01,0.0153725,1,1755912
124092241,0.02,0.0190745,1,1755912
124093701,0.03,0.0278149,1,1755934
124095161,0.04,0.037563,1,1755934
124096621,0,0.0075126,1,1756003
124098081,0,0.00150252,1,1756003
124099541,0.03,0.0243005,1,1756045
124101001,0.04,0.0368601,1,1756045
124102461,0.07,0.063372,1,1756079
124103921,0.08,0.0766744,1,1756079
124105381,0.03,0.0393349,1,1756115
124106841,0.04,0.039867,1,1756115
124108301,0.03,0.0319734,1,1756150
124109761,0.04,0.0383947,1,1756150
124111221,0.01,0.0156789,1,1756169
124112681,0.02,0.0191358,1,1756169
124114141,0.07,0.0598272,1,1756218
124115601,0.08,0.0759654,1,1756218
124117061,0.13,0.119193,1,1756245
124118521,0.14,0.135839,1,1756245
124119981,0.11,0.115168,1,1756272
124121441,0.12,0.119034,1,1756272
124122901,0.11,0.111807,1,1756312
124124361,0.12,0.118361,1,1756312
124125821,0.13,0.127672,1,1756333
124127281,0.14,0.137534,1,1756333
124128741,0.15,0.147507,1,1756356
124130201,0.16,0.157501,1,1756356
124131661,0.01,0.0395003,1,1756424
124133121,0.02,0.0239001,1,1756424
124134581,0.03,0.02878,1,1756467
124136041,0.04,0.037756,1,1756467
124137501,0.04,0.0395512,1,1756467
124138961,0.05,0.0479102,1,1756503
124140421,0.06,0.057582,1,1756503
124141881,0.03,0.0355164,1,1756537
124143341,0.04,0.0391033,1,1756537
124144801,0.03,0.0318207,1,1756572
124146261,0.04,0.0383641,1,1756572
124147721,0.03,0.0316728,1,1756590
124149181,0.04,0.0383346,1,1756590
124150641,0.07,0.0636669,1,1756642
124152101,0.08,0.0767334,1,1756642
124153561,0.09,0.0873467,1,1756672
124155021,0.1,0.0974693,1,1756672
124156481,0.11,0.107494,1,1756698
124157941,0.12,0.117499,1,1756698
124159401,0.07,0.0794998,1,1756738
124160861,0.08,0.0799,1,1756738
124162321,0.07,0.07198,1,1756760
124163781,0.08,0.078396,1,1756760
124165241,0.13,0.119679,1,1756784
124166701,0.14,0.135936,1,1756784
124168161,0.07,0.0831872,1,1756845
124169621,0.08,0.0806374,1,1756845
124171081,0.01,0.0241275,1,1756889
124172541,0.02,0.0208255,1,1756889
124174001,0.01,0.0121651,1,1756891
124175461,0.02,0.018433,1,1756891
124176921,0.01,0.0116866,1,1756927
124178381,0.02,0.0183373,1,1756927
124179841,0,0.00366746,1,1756960
124181301,0,0.000733493,1,1756960
124182761,0.01,0.0081467,1,1756995
124184221,0.02,0.0176293,1,1756995
124185681,0.01,0.0115259,1,1757013
124187141,0.02,0.0183052,1,1757013
124188601,0.01,0.011661,1,1757067
124190061,0.02,0.0183322,1,1757067
124191521,0,0.00366644,1,1757098
124192981,0,0.000733288,1,1757098
124194441,0.09,0.0721467,1,1757125
124195901,0.1,0.0944293,1,1757125
124197361,0.09,0.0908859,1,1757163
124198821,0.1,0.0981772,1,1757163
124200281,0.09,0.0916354,1,1757185
124201741,0.1,0.0983271,1,1757185
124203201,0.09,0.0916654,1,1757212
124204661,0.1,0.0983331,1,1757212
124206121,0.13,0.123667,1,1757270
124207581,0.14,0.136733,1,1757270
124209041,0.03,0.0513467,1,1757311
124210501,0.04,0.0422693,1,1757311
124211961,0.03,0.0324539,1,1757313
124213421,0.04,0.0384908,1,1757313
124214881,0.04,0.0396982,1,1757313
124216341,0.07,0.0639396,1,1757349
124217801,0.08,0.0767879,1,1757349
124219261,0.01,0.0233576,1,1757382
124220721,0.02,0.0206715,1,1757382
124222181,0.01,0.0121343,1,1757417
124223641,0.02,0.0184269,1,1757417
124225101,0.01,0.0116854,1,1757435
124226561,0.02,0.0183371,1,1757435
124228021,0.01,0.0116674,1,1757489
124229481,0.02,0.0183335,1,1757489
124230941,0,0.0036667,1,1757520
124232401,0,0.000733339,1,1757520
124233861,0.01,0.00814667,1,1757551
124235321,0.02,0.0176293,1,1757551
124236781,0.05,0.0435259,1,1757589
124238241,0.06,0.0567052,1,1757589
124239701,0.07,0.067341,1,1757611
124241161,0.08,0.0774682,1,1757611
124242621,0.09,0.0874936,1,1757638
124244081,0.1,0.0974987,1,1757638
124245541,0.13,0.1235,1,1757698
124247001,0.14,0.1367,1,1757698
124248461,0.13,0.13134,1,1757734
124249921,0.14,0.138268,1,1757734
124251381,0.13,0.131654,1,1757736
124252841,0.14,0.138331,1,1757736
124254301,0.11,0.115666,1,1757773
124255761,0.12,0.119133,1,1757773
124257221,0.13,0.127827,1,1757803
124258681,0.14,0.137565,1,1757803
124260141,0.11,0.115513,1,1757838
124261601,0.12,0.119103,1,1757838
124263061,0.07,0.0798205,1,1757856
124264521,0.08,0.0799641,1,1757856
124265981,0.09,0.0879928,1,1757910
124267441,0.1,0.0975986,1,1757910
124268901,0.07,0.0755197,1,1757941
124270361,0.08,0.0791039,1,1757941
124271821,0.03,0.0398208,1,1757972
124273281,0.04,0.0399642,1,1757972
124274741,0.11,0.0959928,1,1758012
124276201,0.12,0.115199,1,1758012
124277661,0.11,0.11104,1,1758035
124279121,0.12,0.118208,1,1758035
124280581,0.13,0.127642,1,1758063
124282041,0.14,0.137528,1,1758063
124283501,0.19,0.179506,1,1758125
124284961,0.2,0.195901,1,1758125
124286421,0.23,0.22318,1,1758161
124287881,0.24,0.236636,1,1758161
124289341,0.23,0.231327,1,1758163
124290801,0.24,0.238265,1,1758163
124292261,0.25,0.247653,1,1758199
124293721,0.26,0.257531,1,1758199
124295181,0.23,0.235506,1,1758230
124296641,0.24,0.239101,1,1758230
124298101,0.24,0.23982,1,1758230
124299561,0.29,0.279964,1,1758264
124301021,0.3,0.295993,1,1758264
124302481,0.29,0.291199,1,1758280
124303941,0.3,0.29824,1,1758280
124305401,0.31,0.307648,1,1758335
124306861,0.32,0.31753,1,1758335
124308321,0.31,0.311506,1,1758365
124309781,0.32,0.318301,1,1758365
124311241,0.29,0.29566,1,1758394
124312701,0.3,0.299132,1,1758394
124314161,0.35,0.339826,1,1758438
124315621,0.36,0.355965,1,1758438
124317081,0.37,0.367193,1,1758461
124318541,0.38,0.377439,1,1758461
124320001,0.37,0.371488,1,1758490
124321461,0.38,0.378298,1,1758490
124322921,0.41,0.403659,1,1758555
124324381,0.42,0.416732,1,1758555
124325841,0.37,0.379346,1,1758593
124327301,0.38,0.379869,1,1758593
124328761,0.37,0.371974,1,1758595
124330221,0.38,0.378395,1,1758595
124331681,0.39,0.387679,1,1758632
124333141,0.4,0.397536,1,1758632
124334601,0.39,0.391507,1,1758662
124336061,0.4,0.398301,1,1758662
124337521,0.39,0.39166,1,1758664
124338981,0.4,0.398332,1,1758664
124340441,0.45,0.439666,1,1758700
124341901,0.46,0.455933,1,1758700
124343361,0.45,0.451187,1,1758716
124344821,0.46,0.458237,1,1758716
124346281,0.45,0.451647,1,1758772
124347741,0.46,0.458329,1,1758772
124349201,0.45,0.451666,1,1758802
124350661,0.46,0.458333,1,1758802
124352121,0.47,0.467667,1,1758830
124353581,0.48,0.477533,1,1758830
124355041,0.47,0.471507,1,1758877
124356501,0.48,0.478301,1,1758877
124357961,0.49,0.48766,1,1758901
124359421,0.5,0.497532,1,1758901
124360881,0.47,0.475506,1,1758930
124362341,0.48,0.479101,1,1758930
124363801,0.49,0.48782,1,1758997
124365261,0.5,0.497564,1,1758997
124366721,0.49,0.491513,1,1759033
124368181,0.5,0.498303,1,1759033
124369641,0.49,0.491661,1,1759035
124371101,0.5,0.498332,1,1759035
124372561,0.51,0.507666,1,1759073
124374021,0.52,0.517533,1,1759073
124375481,0.53,0.527507,1,1759103
124376941,0.54,0.537501,1,1759103
124378401,0.53,0.5315,1,1759105
124379861,0.54,0.5383,1,1759105
124381321,0.59,0.57966,1,1759144
124382781,0.6,0.595932,1,1759144
124384241,0.6,0.599186,1,1759144
124385701,0.61,0.607837,1,1759160
124387161,0.62,0.617567,1,1759160
124388621,0.65,0.643513,1,1759216
124390081,0.66,0.656703,1,1759216
124391541,0.69,0.683341,1,1759246
124393001,0.7,0.696668,1,1759246
124394461,0.71,0.707334,1,1759275
124395921,0.72,0.717467,1,1759275
124397381,0.69,0.695493,1,1759322
124398841,0.7,0.699099,1,1759322
124400301,0.67,0.67582,1,1759347
124401761,0.68,0.679164,1,1759347
124403221,0.67,0.671833,1,1759375
124404681,0.68,0.678367,1,1759375
124406141,0.73,0.719673,1,1759443
124407601,0.74,0.735935,1,1759443
124409061,0.73,0.731187,1,1759479
124410521,0.74,0.738237,1,1759479
124411981,0.73,0.731647,1,1759481
124413441,0.74,0.738329,1,1759481
124414901,0.73,0.731666,1,1759520
124416361,0.74,0.738333,1,1759520
124417821,0.75,0.747667,1,1759551
124419281,0.76,0.757533,2,1759551
124420741,0.75,0.751507,2,1759553
124422201,0.76,0.758301,2,1759553
124423661,0.79,0.78366,2,1759595
124425121,0.8,0.796732,2,1759595
124426581,0.81,0.807346,2,1759611
124428041,0.82,0.817469,2,1759611
124429501,0.79,0.795494,2,1759669
124430961,0.8,0.799099,2,1759669
124432421,0.79,0.79182,2,1759701
124433881,0.8,0.798364,2,1759701
124435341,0.81,0.807673,2,1759731
124436801,0.82,0.817535,2,1759731
124438261,0.81,0.811507,2,1759777
124439721,0.82,0.818301,2,1759777
124441181,0.83,0.82766,2,1759801
124442641,0.84,0.837532,2,1759801
124444101,0.83,0.831506,2,1759829
124445561,0.84,0.838301,2,1759829
124447021,0.89,0.87966,2,1759900
124448481,0.9,0.895932,2,1759900
124449941,0.91,0.907186,2,1759936
124451401,0.92,0.917437,2,1759936
124452861,0.91,0.911487,2,1759938
124454321,0.92,0.918297,2,1759938
124455781,0.93,0.927659,2,1759977
124457241,0.94,0.937532,2,1759977
124458701,0.95,0.947506,2,1760009
124461621,0.95,0.95,2,1760011
124593021,0.91,0.91,2,1761465
124594481,0.92,0.918,2,1761465
124601781,0.84,0.84,2,1761565
124603241,0.85,0.848,2,1761565
124604701,0.95,0.9296,2,1761597
124607621,0.95,0.95,2,1761629
124610541,0.87,0.87,2,1761656
124612001,0.88,0.878,2,1761656
124613461,0.86,0.8636,2,1761684
124614921,0.87,0.86872,2,1761684
124616381,0.81,0.821744,2,1761713
124617841,0.82,0.820349,2,1761713
124619301,0.79,0.79607,2,1761742
124620761,0.8,0.799214,2,1761742
124622221,0.69,0.711843,1,1761811
124623681,0.7,0.702369,1,1761811
124625141,0.73,0.724474,1,1761842
124626601,0.74,0.736895,1,1761842
124628061,0.63,0.651379,1,1761869
124629521,0.64,0.642276,1,1761869
124630981,0.59,0.600455,1,1761896
124632441,0.6,0.600091,1,1761896
124633901,0.55,0.560018,1,1761919
124635361,0.56,0.560004,1,1761919
124636821,0.49,0.504001,1,1761942
124638281,0.5,0.5008,1,1761942
124639741,0.43,0.44416,1,1761966
124641201,0.44,0.440832,1,1761966
124642661,0.45,0.448166,1,1762000
124644121,0.46,0.457633,1,1762000
124645581,0.39,0.403527,1,1762038
124647041,0.4,0.400705,1,1762038
124648501,0.43,0.424141,1,1762070
124649961,0.44,0.436828,1,1762070
124651421,0.37,0.383366,1,1762097
124652881,0.38,0.380673,1,1762097
124654341,0.39,0.388135,1,1762121
124655801,0.4,0.397627,1,1762121
124657261,0.4,0.399525,1,1762121
124658721,0.35,0.359905,1,1762148
124660181,0.36,0.359981,1,1762148
124661641,0.33,0.335996,1,1762174
124663101,0.34,0.339199,1,1762174
124664561,0.29,0.29984,1,1762202
124666021,0.3,0.299968,1,1762202
124667481,0.27,0.275994,1,1762266
124668941,0.28,0.279199,1,1762266
124670401,0.27,0.27184,1,1762299
124671861,0.28,0.278368,1,1762299
124673321,0.25,0.255674,1,1762321
124674781,0.26,0.259135,1,1762321
124676241,0.27,0.267827,1,1762346
124677701,0.28,0.277565,1,1762346
124679161,0.29,0.287513,1,1762367
124680621,0.3,0.297503,1,1762367
124682081,0.33,0.323501,1,1762387
124683541,0.34,0.3367,1,1762387
124685001,0.31,0.31534,1,1762408
124686461,0.32,0.319068,1,1762408
124687921,0.25,0.263814,1,1762443
124689381,0.26,0.260763,1,1762443
124690841,0.29,0.284153,1,1762478
124692301,0.3,0.296831,1,1762478
124693761,0.33,0.323366,1,1762512
124695221,0.34,0.336673,1,1762512
124696681,0.27,0.283335,1,1762536
124698141,0.28,0.280667,1,1762536
124699601,0.29,0.288133,1,1762561
124701061,0.3,0.297627,1,1762561
124702521,0.29,0.291525,1,1762563
124703981,0.3,0.298305,1,1762563
124705441,0.25,0.259661,1,1762587
124706901,0.26,0.259932,1,1762587
124708361,0.31,0.299986,1,1762612
124709821,0.32,0.315997,1,1762612
124711281,0.27,0.279199,1,1762638
124712741,0.28,0.27984,1,1762638
124714201,0.39,0.367968,1,1762701
124715661,0.4,0.393594,1,1762701
124717121,0.37,0.374719,1,1762734
124718581,0.38,0.378944,1,1762734
124720041,0.35,0.355789,1,1762755
124721501,0.36,0.359158,1,1762755
124722961,0.37,0.367832,1,1762781
124724421,0.38,0.377566,1,1762781
124725881,0.35,0.355513,1,1762803
124727341,0.36,0.359103,1,1762803
124728801,0.35,0.351821,1,1762825
124730261,0.36,0.358364,1,1762825
124731721,0.35,0.351673,1,1762845
124733181,0.36,0.358335,1,1762845
124734641,0.37,0.367667,1,1762877
124736101,0.38,0.377533,1,1762877
124737561,0.41,0.403507,1,1762914
124739021,0.42,0.416701,1,1762914
124740481,0.41,0.41134,1,1762950
124741941,0.42,0.418268,1,1762950
124743401,0.39,0.395654,1,1762971
124744861,0.4,0.399131,1,1762971
124746321,0.39,0.391826,1,1762997
124747781,0.4,0.398365,1,1762997
124749241,0.39,0.391673,1,1762999
124750701,0.4,0.398335,1,1762999
124752161,0.39,0.391667,1,1763021
124753621,0.4,0.398333,1,1763021
124755081,0.4,0.399667,1,1763021
124756541,0.43,0.423933,1,1763049
124758001,0.44,0.436787,1,1763049
124759461,0.47,0.463357,1,1763073
124760921,0.48,0.476671,1,1763073
124762381,0.53,0.519334,1,1763142
124763841,0.54,0.535867,1,1763142
124765301,0.55,0.547173,1,1763174
124766761,0.56,0.557435,1,1763174
124768221,0.57,0.567487,1,1763194
124769681,0.58,0.577497,1,1763194
124771141,0.59,0.587499,1,1763221
124772601,0.6,0.5975,1,1763221
124774061,0.59,0.5915,1,1763242
124775521,0.6,0.5983,1,1763242
124776981,0.59,0.59166,1,1763264
124778441,0.6,0.598332,1,1763264
124779901,0.61,0.607666,1,1763284
124781361,0.62,0.617533,1,1763284
124782821,0.59,0.595507,1,1763317
124784281,0.6,0.599101,1,1763317
124785741,0.65,0.63982,1,1763356
124787201,0.66,0.655964,1,1763356
124788661,0.65,0.651193,1,1763392
124790121,0.66,0.658239,1,1763392
124791581,0.67,0.667648,1,1763412
124793041,0.68,0.67753,1,1763412
124794501,0.69,0.687506,1,1763438
124795961,0.7,0.697501,1,1763438
124797421,0.69,0.6915,1,1763440
124798881,0.7,0.6983,1,1763440
124800341,0.69,0.69166,1,1763462
124801801,0.7,0.698332,1,1763462
124803261,0.71,0.707666,1,1763491
124804721,0.72,0.717533,1,1763491
124806181,0.71,0.711507,1,1763517
124807641,0.72,0.718301,1,1763517
124809101,0.73,0.72766,1,1763589
124810561,0.74,0.737532,1,1763589
124812021,0.71,0.715506,1,1763622
124813481,0.72,0.719101,1,1763622
124814941,0.73,0.72782,1,1763643
124816401,0.74,0.737564,1,1763643
124817861,0.75,0.747513,1,1763671
124819321,0.76,0.757503,2,1763671
124820781,0.77,0.767501,2,1763692
124822241,0.78,0.7775,2,1763692
124823701,0.79,0.7875,2,1763714
124825161,0.8,0.7975,2,1763714
124826621,0.83,0.8235,2,1763735
124828081,0.84,0.8367,2,1763735
124829541,0.83,0.83134,2,1763767
124831001,0.84,0.838268,2,1763767
124832461,0.85,0.847654,2,1763809
124833921,0.86,0.857531,2,1763809
124835381,0.87,0.867506,2,1763845
124836841,0.88,0.877501,2,1763845
124838301,0.87,0.8715,2,1763866
124839761,0.88,0.8783,2,1763866
124841221,0.89,0.88766,2,1763893
124842681,0.9,0.897532,2,1763893
124844141,0.89,0.891506,2,1763895
124845601,0.9,0.898301,2,1763895
124847061,0.89,0.89166,2,1763917
124848521,0.9,0.898332,2,1763917
124849981,0.89,0.891666,2,1763947
124851441,0.9,0.898333,2,1763947
124852901,0.93,0.923667,2,1763973
124854361,0.94,0.936733,2,1763973
124855821,0.94,0.939347,2,1763973
125020801,0.84,0.84,2,1765844
125022261,0.75,0.768,2,1765913
125023721,0.63,0.6576,1,1765928
125025181,0.67,0.66752,1,1765940
125026641,0.57,0.589504,1,1765957
125028101,0.49,0.509901,1,1765982
125029561,0.41,0.42998,1,1766017
125004741,0.29,0.317996,1,1766047
125031021,0.21,0.231599,1,1766079
125032481,0.17,0.18232,1,1766093
125033941,0.07,0.092464,1,1766131
125035401,0.03,0.0424928,1,1766165
125036861,0.01,0.0164986,1,1766227
125038321,0.01,0.0112997,1,1766257
125039781,0.05,0.0422599,1,1766282
125041241,0.09,0.080452,1,1766309
125042701,0.07,0.0720904,1,1766371
125044161,0.07,0.0704181,1,1766380
125045621,0.07,0.0700836,1,1766394
125047081,0.03,0.0380167,1,1766406
125048541,0.09,0.0796033,1,1766427
125050001,0.07,0.0719207,1,1766458
125051461,0.09,0.0863841,1,1766482
125052921,0.1,0.0972768,1,1766482
125054381,0.01,0.0274554,1,1766522
125055841,0.02,0.0214911,1,1766522
125057301,0.07,0.0602982,1,1766587
125058761,0.08,0.0760596,1,1766587
125060221,0.03,0.0392119,1,1766678
125061681,0.04,0.0398424,1,1766678
125063141,0.05,0.0479685,1,1766734
125064601,0.06,0.0575937,1,1766734
125066061,0.01,0.0195187,1,1766804
125067521,0.02,0.0199037,1,1766804
125068981,0.05,0.0439807,1,1766828
125070441,0.06,0.0567962,1,1766828
125071901,0.05,0.0513592,1,1766882
125073361,0.06,0.0582718,1,1766882
125074821,0.05,0.0516544,1,1766908
125076281,0.06,0.0583309,1,1766908
125077741,0.06,0.0596662,1,1766908
125079201,0.09,0.0839332,1,1766944
125080661,0.1,0.0967866,1,1766944
125082121,0.13,0.123357,1,1767012
125083581,0.14,0.136671,1,1767012
125085041,0.07,0.0833343,1,1767101
125086501,0.08,0.0806669,1,1767101
125087961,0.01,0.0241334,1,1767158
125089421,0.02,0.0208267,1,1767158
125090881,0.05,0.0441653,1,1767226
125092341,0.06,0.0568331,1,1767226
125093801,0.05,0.0513666,1,1767252
125095261,0.06,0.0582733,1,1767252
125096721,0.09,0.0836547,1,1767306
125098181,0.1,0.0967309,1,1767306
125099641,0.09,0.0913462,1,1767332
125101101,0.1,0.0982692,1,1767332
125102561,0.11,0.107654,1,1767369
125104021,0.12,0.117531,1,1767369
125105481,0.13,0.127506,1,1767439
125106941,0.14,0.137501,1,1767439
125108401,0.15,0.1475,1,1767525
125109861,0.16,0.1575,1,1767525
125111321,0.11,0.1195,1,1767579
125112781,0.12,0.1199,1,1767579
125114241,0.23,0.20798,1,1767649
125115701,0.24,0.233596,1,1767649
125117161,0.25,0.246719,1,1767675
125118621,0.26,0.257344,1,1767675
125120081,0.25,0.251469,1,1767731
125121541,0.26,0.258294,1,1767731
125123001,0.25,0.251659,1,1767757
125124461,0.26,0.258332,1,1767757
125125921,0.27,0.267666,1,1767795
125127381,0.28,0.277533,1,1767795
125128841,0.28,0.279507,1,1767795
125130301,0.33,0.319901,1,1767866
125131761,0.34,0.33598,1,1767866
125133221,0.35,0.347196,1,1767953
125134681,0.36,0.357439,1,1767953
125136141,0.37,0.367488,1,1768005
125137601,0.38,0.377498,1,1768005
125139061,0.41,0.403499,1,1768081
125140521,0.42,0.4167,1,1768081
125141981,0.43,0.42734,1,1768108
125143441,0.44,0.437468,1,1768108
125144901,0.47,0.463494,1,1768164
125146361,0.48,0.476699,1,1768164
125147821,0.47,0.47134,1,1768190
125149281,0.48,0.478268,1,1768190
125150741,0.49,0.487654,1,1768229
125152201,0.5,0.497531,1,1768229
125153661,0.49,0.491506,1,1768231
125155121,0.5,0.498301,1,1768231
125156581,0.49,0.49166,1,1768304
125158041,0.5,0.498332,1,1768304
125159501,0.55,0.539666,1,1768392
125160961,0.56,0.555933,1,1768392
125162421,0.53,0.535187,1,1768445
125163881,0.54,0.539037,1,1768445
125165341,0.53,0.531807,1,1768523
125166801,0.54,0.538361,1,1768523
125168261,0.53,0.531672,1,1768551
125169721,0.54,0.538334,1,1768551
125171181,0.59,0.579667,1,1768609
125172641,0.6,0.595933,1,1768609
125174101,0.61,0.607187,1,1768635
125175561,0.62,0.617437,1,1768635
125177021,0.61,0.611487,1,1768675
125178481,0.62,0.618298,1,1768675
125179941,0.61,0.611659,1,1768677
125181401,0.62,0.618332,1,1768677
125182861,0.61,0.611666,1,1768750
125184321,0.62,0.618333,1,1768750
125185781,0.62,0.619667,1,1768750
125187241,0.69,0.675933,1,1768841
125188701,0.7,0.695187,1,1768841
125190161,0.71,0.707037,1,1768893
125191621,0.72,0.717407,1,1768893
125193081,0.73,0.727482,1,1768971
125194541,0.74,0.737496,1,1768971
125196001,0.75,0.747499,1,1768999
125197461,0.76,0.7575,2,1768999
125198921,0.77,0.7675,2,1769060
125200381,0.78,0.7775,2,1769060
125201841,0.81,0.8035,2,1769087
125203301,0.82,0.8167,2,1769087
125204761,0.83,0.82734,2,1769127
125206221,0.84,0.837468,2,1769127
125207681,0.83,0.831494,2,1769129
125209141,0.84,0.838299,2,1769129
125210601,0.87,0.86366,2,1769202
125212061,0.88,0.876732,2,1769202
125213521,0.91,0.903346,2,1769296
125214981,0.92,0.916669,2,1769296
125216441,0.89,0.895334,2,1769349
125217901,0.9,0.899067,2,1769349
125219361,0.93,0.923813,2,1769428
125220821,0.94,0.936763,2,1769428
125222281,0.95,0.947353,2,1769457
125306961,0.87,0.87,2,1770852
125308421,0.88,0.878,2,1770852
125327401,0.77,0.77,2,1771189
125328861,0.78,0.778,2,1771189
125330321,0.79,0.7876,2,1771263
125331781,0.8,0.79752,2,1771263
125333241,0.77,0.775504,2,1771289
125334701,0.78,0.779101,2,1771289
125336161,0.67,0.69182,1,1771330
125337621,0.68,0.682364,1,1771330
125339081,0.69,0.688473,1,1771354
125340541,0.7,0.697695,1,1771354
125342001,0.61,0.627539,1,1771417
125343461,0.62,0.621508,1,1771417
125344921,0.65,0.644302,1,1771461
125346381,0.66,0.65686,1,1771461
125347841,0.71,0.699372,1,1771497
125349301,0.72,0.715874,1,1771497
125350761,0.69,0.695175,1,1771534
125352221,0.7,0.699035,1,1771534
125353681,0.71,0.707807,1,1771575
125355141,0.72,0.717561,1,1771575
125356601,0.75,0.743512,1,1771648
125358061,0.76,0.756702,2,1771648
125359521,0.79,0.78334,2,1771723
125360981,0.8,0.796668,2,1771723
125362441,0.77,0.775334,2,1771748
125363901,0.78,0.779067,2,1771748
125365361,0.79,0.787813,2,1771784
125366821,0.8,0.797563,2,1771784
125368281,0.83,0.823513,2,1771809
125369741,0.84,0.836703,2,1771809
125371201,0.84,0.839341,2,1771809
125372661,0.85,0.847868,2,1771868
125374121,0.86,0.857574,2,1771868
125375581,0.83,0.835515,2,1771914
125377041,0.84,0.839103,2,1771914
125378501,0.85,0.847821,2,1771953
125379961,0.86,0.857564,2,1771953
125381421,0.89,0.883513,2,1771989
125382881,0.9,0.896703,2,1771989
125384341,0.89,0.891341,2,1772031
125385801,0.9,0.898268,2,1772031
125387261,0.93,0.923654,2,1772106
125388721,0.94,0.936731,2,1772106
125565381,0.95,0.95,2,1774722
125571221,0.86,0.86,2,1774794
125572681,0.87,0.868,2,1774794
125574141,0.94,0.9256,2,1774821
125575601,0.95,0.94512,2,1774821
125577061,0.93,0.933024,2,1774854
125578521,0.94,0.938605,2,1774854
125579981,0.95,0.947721,2,1774889
125584361,0.91,0.91,2,1774918
125585821,0.92,0.918,2,1774918
125587281,0.83,0.8476,2,1774938
125588741,0.84,0.84152,2,1774938
125590201,0.77,0.784304,2,1774995
125591661,0.78,0.780861,2,1774995
125593121,0.67,0.692172,1,1775040
125594581,0.68,0.682434,1,1775040
125596041,0.51,0.544487,1,1775120
125597501,0.52,0.524897,1,1775120
125598961,0.45,0.464979,1,1775153
125600421,0.46,0.460996,1,1775153
125601881,0.37,0.388199,1,1775195
125603341,0.38,0.38164,1,1775195
125604801,0.31,0.324328,1,1775233
125606261,0.32,0.320866,1,1775233
125607721,0.29,0.296173,1,1775262
125609181,0.3,0.299235,1,1775262
125610641,0.23,0.243847,1,1775290
125612101,0.24,0.240769,1,1775290
125613561,0.23,0.232154,1,1775322
125615021,0.24,0.238431,1,1775322
125616481,0.17,0.183686,1,1775358
125617941,0.18,0.180737,1,1775358
125619401,0.13,0.140147,1,1775384
125620861,0.14,0.140029,1,1775384
125622321,0.11,0.116006,1,1775400
125623781,0.12,0.119201,1,1775400
125625241,0.15,0.14384,1,1775454
125626701,0.16,0.156768,1,1775454
125628161,0.11,0.119354,1,1775494
125629621,0.12,0.119871,1,1775494
125631081,0.11,0.111974,1,1775566
125632541,0.12,0.118395,1,1775566
125634001,0.15,0.143679,1,1775596
125635461,0.16,0.156736,1,1775596
125636921,0.21,0.199347,1,1775634
125638381,0.22,0.215869,1,1775634
125639841,0.17,0.179174,1,1775669
125641301,0.18,0.179835,1,1775669
125642761,0.25,0.235967,1,1775697
125644221,0.26,0.255193,1,1775697
125645681,0.19,0.203039,1,1775722
125647141,0.2,0.200608,1,1775722
125648601,0.25,0.240122,1,1775754
125650061,0.26,0.256024,1,1775754
125651521,0.29,0.283205,1,1775787
125652981,0.3,0.296641,1,1775787
125654441,0.29,0.291328,1,1775811
125655901,0.3,0.298266,1,1775811
125657361,0.31,0.307653,1,1775826
125658821,0.32,0.317531,1,1775826
125660281,0.32,0.319506,1,1775826
125661741,0.33,0.327901,1,1775882
125663201,0.34,0.33758,1,1775882
125664661,0.35,0.347516,1,1775920
125666121,0.36,0.357503,1,1775920
125667581,0.39,0.383501,1,1775992
125669041,0.4,0.3967,1,1775992
125670501,0.41,0.40734,1,1776024
125671961,0.42,0.417468,1,1776024
125673421,0.43,0.427494,1,1776065
125674881,0.44,0.437499,1,1776065
125676341,0.45,0.4475,1,1776098
125677801,0.46,0.4575,1,1776098
125679261,0.47,0.4675,1,1776130
125680721,0.48,0.4775,1,1776130
125682181,0.47,0.4715,1,1776152
125683641,0.48,0.4783,1,1776152
125685101,0.45,0.45566,1,1776187
125686561,0.46,0.459132,1,1776187
125688021,0.51,0.499826,1,1776222
125689481,0.52,0.515965,1,1776222
125690941,0.51,0.511193,1,1776246
125692401,0.52,0.518239,1,1776246
125693861,0.51,0.511648,1,1776262
125695321,0.52,0.51833,1,1776262
125696781,0.51,0.511666,1,1776264
125698241,0.52,0.518333,1,1776264
125699701,0.51,0.511667,1,1776320
125701161,0.52,0.518333,1,1776320
125702621,0.55,0.543667,1,1776359
125704081,0.56,0.556733,1,1776359
125705541,0.53,0.535347,1,1776433
125707001,0.54,0.539069,1,1776433
125708461,0.57,0.563814,1,1776466
125709921,0.58,0.576763,1,1776466
125711381,0.61,0.603353,1,1776508
125712841,0.62,0.616671,1,1776508
125714301,0.63,0.627334,1,1776542
125715761,0.64,0.637467,1,1776542
125717221,0.65,0.647493,1,1776575
125718681,0.66,0.657499,1,1776575
125720141,0.65,0.6515,1,1776597
125721601,0.66,0.6583,1,1776597
125723061,0.65,0.65166,1,1776631
125724521,0.66,0.658332,1,1776631
125725981,0.63,0.635666,1,1776669
125727441,0.64,0.639133,1,1776669
125728901,0.65,0.647827,1,1776693
125730361,0.66,0.657565,1,1776693
125731821,0.67,0.667513,1,1776709
125733281,0.68,0.677503,1,1776709
125734741,0.67,0.671501,1,1776711
125736201,0.68,0.6783,1,1776711
125737661,0.68,0.67966,1,1776711
125739121,0.69,0.687932,1,1776767
125740581,0.7,0.697586,1,1776767
125742041,0.75,0.739517,1,1776808
125743501,0.76,0.755903,2,1776808
125744961,0.81,0.799181,2,1776881
125746421,0.82,0.815836,2,1776881
125747881,0.87,0.859167,2,1776916
125749341,0.88,0.875833,2,1776916
125750801,0.83,0.839167,2,1776960
125752261,0.84,0.839833,2,1776960
125753721,0.81,0.815967,2,1776995
125755181,0.82,0.819193,2,1776995
125756641,0.81,0.811839,2,1777029
125758101,0.82,0.818368,2,1777029
125759561,0.83,0.827674,2,1777051
125761021,0.84,0.837535,2,1777051
125762481,0.85,0.847507,2,1777085
125763941,0.86,0.857501,2,1777085
125765401,0.83,0.8355,2,1777122
125766861,0.84,0.8391,2,1777122
125768321,0.87,0.86382,2,1777147
125769781,0.88,0.876764,2,1777147
125771241,0.89,0.887353,2,1777164
125772701,0.9,0.897471,2,1777164
125774161,0.89,0.891494,2,1777166
125775621,0.9,0.898299,2,1777166
125777081,0.91,0.90766,2,1777222
125778541,0.92,0.917532,2,1777222
125780001,0.87,0.879506,2,1777266
125781461,0.88,0.879901,2,1777266
125782921,0.89,0.88798,2,1777342
125784381,0.9,0.897596,2,1777342
125785841,0.89,0.891519,2,1777380
125787301,0.9,0.898304,2,1777380
125788761,0.91,0.907661,2,1777422
125790221,0.92,0.917532,2,1777422
125791681,0.93,0.927506,2,1777456
125793141,0.94,0.937501,2,1777456
125797521,0.95,0.95,2,1777513
125904101,0.93,0.93,2,1778771
125905561,0.94,0.938,2,1778771
125907021,0.94,0.9396,2,1778771
125914321,0.75,0.75,2,1778900
125915781,0.76,0.758,2,1778900
125917241,0.73,0.7356,1,1778932
125918701,0.74,0.73912,1,1778932
125920161,0.77,0.763824,2,1778964
125921621,0.78,0.776765,2,1778964
125923081,0.79,0.787353,2,1778984
125924541,0.8,0.797471,2,1778984
125926001,0.71,0.727494,1,1779033
125927461,0.72,0.721499,1,1779033
125928921,0.69,0.6963,1,1779063
125930381,0.7,0.69926,1,1779063
125931841,0.59,0.611852,1,1779085
125933301,0.6,0.60237,1,1779085
125934761,0.59,0.592474,1,1779101
125936221,0.6,0.598495,1,1779101
125937681,0.55,0.559699,1,1779125
125939141,0.56,0.55994,1,1779125
125940601,0.59,0.583988,1,1779163
125942061,0.6,0.596798,1,1779163
125943521,0.55,0.55936,1,1779196
125944981,0.56,0.559872,1,1779196
125946441,0.45,0.471974,1,1779247
125947901,0.46,0.462395,1,1779247
125949361,0.39,0.404479,1,1779277
125950821,0.4,0.400896,1,1779277
125952281,0.49,0.472179,1,1779316
125953741,0.5,0.494436,1,1779316
125955201,0.51,0.506887,1,1779358
125956661,0.52,0.517377,1,1779358
125958121,0.51,0.511475,1,1779389
125959581,0.52,0.518295,1,1779389
125961041,0.51,0.511659,1,1779423
125962501,0.52,0.518332,1,1779423
125963961,0.51,0.511666,1,1779444
125965421,0.52,0.518333,1,1779444
125966881,0.55,0.543667,1,1779489
125968341,0.56,0.556733,1,1779489
125969801,0.53,0.535347,1,1779518
125971261,0.54,0.539069,1,1779518
125972721,0.53,0.531814,1,1779535
125974181,0.54,0.538363,1,1779535
125975641,0.57,0.563673,1,1779551
125977101,0.58,0.576735,1,1779551
125978561,0.57,0.571347,1,1779573
125980021,0.58,0.578269,1,1779573
125981481,0.61,0.603654,1,1779613
125982941,0.62,0.616731,1,1779613
125984401,0.61,0.611346,1,1779644
125985861,0.62,0.618269,1,1779644
125987321,0.63,0.627654,1,1779690
125988781,0.64,0.637531,1,1779690
125990241,0.65,0.647506,1,1779717
125991701,0.66,0.657501,1,1779717
125993161,0.65,0.6515,1,1779761
125994621,0.66,0.6583,1,1779761
125996081,0.66,0.65966,1,1779761
125997541,0.69,0.683932,1,1779804
125999001,0.7,0.696786,1,1779804
126000461,0.67,0.675357,1,1779835
126001921,0.68,0.679071,1,1779835
126003381,0.69,0.687814,1,1779869
126004841,0.7,0.697563,1,1779869
126006301,0.67,0.675513,1,1779890
126007761,0.68,0.679103,1,1779890
126009221,0.75,0.73582,1,1779937
126010681,0.76,0.755164,2,1779937
126012141,0.75,0.751033,2,1779965
126013601,0.76,0.758207,2,1779965
126015061,0.77,0.767641,2,1779982
126016521,0.78,0.777528,2,1779982
126017981,0.79,0.787506,2,1780000
126019441,0.8,0.797501,2,1780000
126020901,0.81,0.8075,2,1780022
126022361,0.82,0.8175,2,1780022
126023821,0.81,0.8115,2,1780064
126025281,0.82,0.8183,2,1780064
126026741,0.85,0.84366,2,1780095
126028201,0.86,0.856732,2,1780095
126029661,0.85,0.851346,2,1780142
126031121,0.86,0.858269,2,1780142
126032581,0.87,0.867654,2,1780170
126034041,0.88,0.877531,2,1780170
126035501,0.87,0.871506,2,1780214
126036961,0.88,0.878301,2,1780214
126038421,0.87,0.87166,2,1780216
126039881,0.88,0.878332,2,1780216
126041341,0.89,0.887666,2,1780260
126042801,0.9,0.897533,2,1780260
126044261,0.89,0.891507,2,1780290
126045721,0.9,0.898301,2,1780290
126047181,0.91,0.90766,2,1780325
126048641,0.92,0.917532,2,1780325
126050101,0.91,0.911506,2,1780345
126051561,0.92,0.918301,2,1780345
126053021,0.95,0.94366,2,1780396
126073461,0.95,0.95,2,1780606
126076381,0.95,0.95,2,1780635
126228221,0.89,0.89,2,1782257
126229681,0.9,0.898,2,1782257
126231141,0.95,0.9396,2,1782290
126185881,0.95,0.95,2,1782321
126235521,0.75,0.79,2,1782380
126236981,0.65,0.678,1,1782410
126238441,0.55,0.5756,1,1782447
126239901,0.43,0.45912,1,1782486
126241361,0.31,0.339824,1,1782515
126242821,0.23,0.251965,1,1782547
126244281,0.11,0.138393,1,1782606
126245741,0.01,0.0356786,1,1782643
126247201,0.05,0.0471357,1,1782668
126248661,0.07,0.0654271,1,1782689
126250121,0.01,0.0210854,1,1782723
126251581,0.05,0.0442171,1,1782758
126253041,0.05,0.0488434,1,1782759
126254501,0.09,0.0817687,1,1782776
126255961,0.01,0.0243537,1,1782789
126257421,0.09,0.0768707,1,1782863
126258881,0.1,0.0953741,1,1782863
126260341,0.17,0.155075,1,1782928
126261801,0.18,0.175015,1,1782928
126263261,0.11,0.123003,1,1782979
126264721,0.12,0.120601,1,1782979
126266181,0.19,0.17612,1,1783064
126267641,0.2,0.195224,1,1783064
126269101,0.13,0.143045,1,1783113
126270561,0.14,0.140609,1,1783113
126272021,0.03,0.0521218,1,1783181
126273481,0.04,0.0424244,1,1783181
126274941,0.03,0.0324849,1,1783201
126276401,0.04,0.038497,1,1783201
126277861,0.09,0.0796994,1,1783288
126279321,0.1,0.0959399,1,1783288
126280781,0.11,0.107188,1,1783357
126282241,0.12,0.117438,1,1783357
126283701,0.11,0.111488,1,1783405
126285161,0.12,0.118298,1,1783405
126286621,0.13,0.12766,1,1783494
126288081,0.14,0.137532,1,1783494
126289541,0.15,0.147506,1,1783540
126291001,0.16,0.157501,1,1783540
126292461,0.17,0.1675,1,1783603
126293921,0.18,0.1775,1,1783603
126295381,0.17,0.1715,1,1783623
126296841,0.18,0.1783,1,1783623
126298301,0.11,0.12366,1,1783713
126299761,0.12,0.120732,1,1783713
126301221,0.12,0.120146,1,1783713
126302681,0.19,0.176029,1,1783783
126304141,0.2,0.195206,1,1783783
126305601,0.19,0.191041,1,1783831
126307061,0.2,0.198208,1,1783831
126308521,0.25,0.239642,1,1783921
126309981,0.26,0.255928,1,1783921
126311441,0.31,0.299186,1,1783968
126312901,0.32,0.315837,1,1783968
126314361,0.33,0.327167,1,1784032
126315821,0.34,0.337433,1,1784032
126317281,0.33,0.331487,1,1784052
126318741,0.34,0.338297,1,1784052
126320201,0.37,0.363659,1,1784139
126321661,0.38,0.376732,1,1784139
126323121,0.37,0.371346,1,1784141
126324581,0.38,0.378269,1,1784141
126326041,0.43,0.419654,1,1784214
126327501,0.44,0.435931,1,1784214
126328961,0.43,0.431186,1,1784262
126330421,0.44,0.438237,1,1784262
126331881,0.49,0.479647,1,1784355
126333341,0.5,0.495929,1,1784355
126334801,0.49,0.491186,1,1784405
126336261,0.5,0.498237,1,1784405
126337721,0.49,0.491647,1,1784470
126339181,0.5,0.498329,1,1784470
126340641,0.49,0.491666,1,1784490
126342101,0.5,0.498333,1,1784490
126343561,0.55,0.539667,1,1784579
126345021,0.56,0.555933,1,1784579
126346481,0.55,0.551187,1,1784581
126347941,0.56,0.558237,1,1784581
126349401,0.55,0.551647,1,1784657
126350861,0.56,0.558329,1,1784657
126352321,0.56,0.559666,1,1784657
126353781,0.63,0.615933,1,1784705
126355241,0.64,0.635187,1,1784705
126356701,0.71,0.695037,1,1784801
126358161,0.72,0.715007,1,1784801
126359621,0.71,0.711001,1,1784851
126361081,0.72,0.7182,1,1784851
126362541,0.75,0.74364,1,1784916
126364001,0.76,0.756728,2,1784916
126365461,0.75,0.751346,2,1784936
126366921,0.76,0.758269,2,1784936
126368381,0.77,0.767654,2,1785028
126369841,0.78,0.777531,2,1785028
126371301,0.77,0.771506,2,1785030
126372761,0.78,0.778301,2,1785030
126374221,0.81,0.80366,2,1785106
126375681,0.82,0.816732,2,1785106
126377141,0.81,0.811346,2,1785157
126378601,0.82,0.818269,2,1785157
126380061,0.85,0.843654,2,1785257
126381521,0.86,0.856731,2,1785257
126382981,0.85,0.851346,2,1785307
126384441,0.86,0.858269,2,1785307
126385901,0.87,0.867654,2,1785374
126387361,0.88,0.877531,2,1785374
126388821,0.87,0.871506,2,1785394
126390281,0.88,0.878301,2,1785394
126391741,0.95,0.93566,2,1785487
126394661,0.95,0.95,2,1785489
126397581,0.91,0.91,2,1785567
126399041,0.92,0.918,2,1785567
126496861,0.95,0.95,2,1787395
126499781,0.87,0.87,2,1787429
126501241,0.88,0.878,2,1787429
126502701,0.87,0.8716,2,1787463
126504161,0.88,0.87832,2,1787463
126505621,0.87,0.871664,2,1787528
126507081,0.88,0.878333,2,1787528
126508541,0.87,0.871667,2,1787560
126510001,0.88,0.878333,2,1787560
126511461,0.81,0.823667,2,1787605
126512921,0.82,0.820733,2,1787605
126514381,0.71,0.732147,1,1787678
126515841,0.72,0.722429,1,1787678
126517301,0.72,0.720486,1,1787678
126518761,0.71,0.712097,1,1787722
126520221,0.72,0.718419,1,1787722
126521681,0.81,0.791684,2,1787779
126523141,0.82,0.814337,2,1787779
126524601,0.77,0.778867,2,1787865
126526061,0.78,0.779773,2,1787865
126527521,0.79,0.787955,2,1787893
126528981,0.8,0.797591,2,1787893
126530441,0.79,0.791518,2,1787927
126531901,0.8,0.798304,2,1787927
126533361,0.87,0.855661,2,1787992
126534821,0.88,0.875132,2,1787992
126536281,0.87,0.871026,2,1788024
126537741,0.88,0.878205,2,1788024
126539201,0.89,0.887641,2,1788066
126540661,0.9,0.897528,2,1788066
126542121,0.93,0.923506,2,1788134
126543581,0.94,0.936701,2,1788134
126545041,0.93,0.93134,2,1788136
126546501,0.94,0.938268,2,1788136
126547961,0.93,0.931654,2,1788179
126549421,0.94,0.938331,2,1788179
126550881,0.95,0.947666,2,1788241
126556721,0.95,0.95,2,1788354
126559641,0.95,0.95,2,1788388
126562561,0.94,0.94,2,1788457
126564021,0.95,0.948,2,1788457
126565481,0.95,0.9496,2,1788489
126619501,0.95,0.95,2,1789324
126685201,0.93,0.93,2,1790354
126686661,0.94,0.938,2,1790354
126804921,0.93,0.93,2,1792094
126806381,0.94,0.938,2,1792094
126807841,0.94,0.9396,2,1792130
126809301,0.95,0.94792,2,1792130
126810761,0.88,0.893584,2,1792167
126812221,0.89,0.890717,2,1792167
126813681,0.95,0.938143,2,1792194
126968441,0.95,0.95,2,1794243
126971361,0.95,0.95,2,1794280
126974281,0.87,0.87,2,1794327
126975741,0.88,0.878,2,1794327
126977201,0.87,0.8716,2,1794364
126978661,0.88,0.87832,2,1794364
126980121,0.83,0.839664,2,1794394
126981581,0.84,0.839933,2,1794394
126983041,0.77,0.783987,2,1794425
126984501,0.78,0.780797,2,1794425
126985961,0.79,0.788159,2,1794473
126987421,0.8,0.797632,2,1794473
126988881,0.69,0.711526,1,1794514
126990341,0.7,0.702305,1,1794514
126991801,0.79,0.772461,2,1794562
126993261,0.8,0.794492,2,1794562
126994721,0.77,0.774898,2,1794592
126996181,0.78,0.77898,2,1794592
126997641,0.79,0.787796,2,1794625
126999101,0.8,0.797559,2,1794625
127000561,0.69,0.711512,1,1794654
127002021,0.7,0.702302,1,1794654
127003481,0.71,0.70846,1,1794678
127004941,0.72,0.717692,1,1794678
127006401,0.65,0.663538,1,1794712
127007861,0.66,0.660708,1,1794712
127009321,0.63,0.636142,1,1794749
127010781,0.64,0.639228,1,1794749
127012241,0.64,0.639846,1,1794749
127013701,0.63,0.631969,1,1794792
127015161,0.64,0.638394,1,1794792
127016621,0.65,0.647679,1,1794829
127018081,0.66,0.657536,1,1794829
127019541,0.63,0.635507,1,1794857
127021001,0.64,0.639101,1,1794857
127022461,0.69,0.67982,1,1794885
127023921,0.7,0.695964,1,1794885
127025381,0.65,0.659193,1,1794934
127026841,0.66,0.659839,1,1794934
127028301,0.65,0.651968,1,1794970
127029761,0.66,0.658394,1,1794970
127031221,0.59,0.603679,1,1795023
127032681,0.6,0.600736,1,1795023
127034141,0.61,0.608147,1,1795052
127035601,0.62,0.617629,1,1795052
127037061,0.63,0.627526,1,1795086
127038521,0.64,0.637505,1,1795086
127039981,0.63,0.631501,1,1795110
127041441,0.64,0.6383,1,1795110
127042901,0.61,0.61566,1,1795135
127044361,0.62,0.619132,1,1795135
127045821,0.63,0.627826,1,1795166
127047281,0.64,0.637565,1,1795166
127048741,0.63,0.631513,1,1795202
127050201,0.64,0.638303,1,1795202
127051661,0.67,0.663661,1,1795244
127053121,0.68,0.676732,1,1795244
127054581,0.69,0.687346,1,1795282
127056041,0.7,0.697469,1,1795282
127057501,0.71,0.707494,1,1795309
127058961,0.72,0.717499,1,1795309
127060421,0.69,0.6955,1,1795340
127061881,0.7,0.6991,1,1795340
127063341,0.73,0.72382,1,1795387
127064801,0.74,0.736764,1,1795387
127066261,0.73,0.731353,1,1795423
127067721,0.74,0.738271,1,1795423
127069181,0.75,0.747654,1,1795473
127070641,0.76,0.757531,2,1795473
127072101,0.71,0.719506,1,1795503
127073561,0.72,0.719901,1,1795503
127075021,0.79,0.77598,2,1795538
127076481,0.8,0.795196,2,1795538
127077941,0.79,0.791039,2,1795562
127079401,0.8,0.798208,2,1795562
127080861,0.79,0.791642,2,1795586
127082321,0.8,0.798328,2,1795586
127083781,0.79,0.791666,2,1795618
127085241,0.8,0.798333,2,1795618
127086701,0.81,0.807667,2,1795654
127088161,0.82,0.817533,2,1795654
127089621,0.87,0.859507,2,1795698
127091081,0.88,0.875901,2,1795698
127092541,0.91,0.90318,2,1795737
127094001,0.92,0.916636,2,1795737
127095461,0.92,0.919327,2,1795737
127096921,0.93,0.927865,2,1795765
127098381,0.94,0.937573,2,1795765
127155321,0.95,0.95,2,1796472
127258981,0.95,0.95,2,1797686
127261901,0.88,0.88,2,1797722
127263361,0.89,0.888,2,1797722
127264821,0.89,0.8896,2,1797743
127266281,0.9,0.89792,2,1797743
127267741,0.9,0.899584,2,1797743
127269201,0.79,0.811917,2,1797765
127270661,0.8,0.802383,2,1797765
127272121,0.79,0.792477,2,1797800
127273581,0.8,0.798495,2,1797800
127275041,0.77,0.775699,2,1797837
127276501,0.78,0.77914,2,1797837
127277961,0.63,0.659828,1,1797870
127279421,0.64,0.643966,1,1797870
127280881,0.61,0.616793,1,1797904
127282341,0.62,0.619359,1,1797904
127283801,0.57,0.579872,1,1797934
127285261,0.58,0.579974,1,1797934
127286721,0.51,0.523995,1,1797974
127288181,0.52,0.520799,1,1797974
127289641,0.55,0.54416,1,1798000
127291101,0.56,0.556832,1,1798000
127292561,0.53,0.535366,1,1798036
127294021,0.54,0.539073,1,1798036
127295481,0.37,0.403815,1,1798064
127296941,0.38,0.384763,1,1798064
127298401,0.29,0.308953,1,1798131
127299861,0.3,0.301791,1,1798131
127301321,0.29,0.292358,1,1798155
127302781,0.3,0.298472,1,1798155
127304241,0.31,0.307694,1,1798188
127305701,0.32,0.317539,1,1798188
127307161,0.23,0.247508,1,1798209
127308621,0.24,0.241502,1,1798209
127310081,0.23,0.2323,1,1798211
127311541,0.24,0.23846,1,1798211
127313001,0.25,0.247692,1,1798226
127314461,0.26,0.257538,1,1798226
127315921,0.21,0.219508,1,1798261
127317381,0.22,0.219902,1,1798261
127318841,0.19,0.19598,1,1798297
127320301,0.2,0.199196,1,1798297
127321761,0.17,0.175839,1,1798323
127323221,0.18,0.179168,1,1798323
127324681,0.13,0.139834,1,1798356
127326141,0.14,0.139967,1,1798356
127327601,0.15,0.147993,1,1798384
127329061,0.16,0.157599,1,1798384
127330521,0.11,0.11952,1,1798421
127331981,0.12,0.119904,1,1798421
127333441,0.13,0.127981,1,1798449
127334901,0.14,0.137596,1,1798449
127336361,0.11,0.115519,1,1798484
127337821,0.12,0.119104,1,1798484
127339281,0.19,0.175821,1,1798504
127340741,0.2,0.195164,1,1798504
127342201,0.17,0.175033,1,1798567
127343661,0.18,0.179007,1,1798567
127345121,0.21,0.203801,1,1798591
127346581,0.22,0.21676,1,1798591
127348041,0.23,0.227352,1,1798625
127349501,0.24,0.23747,1,1798625
127350961,0.25,0.247494,1,1798642
127352421,0.26,0.257499,1,1798642
127353881,0.25,0.2515,1,1798644
127355341,0.26,0.2583,1,1798644
127356801,0.25,0.25166,1,1798660
127358261,0.26,0.258332,1,1798660
127359721,0.26,0.259666,1,1798660
127361181,0.21,0.219933,1,1798693
127362641,0.22,0.219987,1,1798693
127364101,0.29,0.275997,1,1798728
127365561,0.3,0.295199,1,1798728
127367021,0.27,0.27504,1,1798753
127368481,0.28,0.279008,1,1798753
127369941,0.31,0.303802,1,1798784
127371401,0.32,0.31676,1,1798784
127372861,0.33,0.327352,1,1798813
127374321,0.34,0.33747,1,1798813
127375781,0.37,0.363494,1,1798848
127377241,0.38,0.376699,1,1798848
127378701,0.39,0.38734,1,1798877
127380161,0.4,0.397468,1,1798877
127381621,0.41,0.407494,1,1798911
127383081,0.42,0.417499,1,1798911
127384541,0.37,0.3795,1,1798935
127386001,0.38,0.3799,1,1798935
127387461,0.33,0.33998,1,1798997
127388921,0.34,0.339996,1,1798997
127390381,0.35,0.347999,1,1799023
127391841,0.36,0.3576,1,1799023
127393301,0.37,0.36752,1,1799058
127394761,0.38,0.377504,1,1799058
127396221,0.37,0.371501,1,1799076
127397681,0.38,0.3783,1,1799076
127399141,0.37,0.37166,1,1799078
127400601,0.38,0.378332,1,1799078
127402061,0.37,0.371666,1,1799094
127403521,0.38,0.378333,1,1799094
127404981,0.37,0.371667,1,1799124
127406441,0.38,0.378333,1,1799124
127407901,0.41,0.403667,1,1799163
127409361,0.42,0.416733,1,1799163
127410821,0.43,0.427347,1,1799187
127412281,0.44,0.437469,1,1799187
127413741,0.49,0.479494,1,1799220
127415201,0.5,0.495899,1,1799220
127416661,0.49,0.49118,1,1799250
127418121,0.5,0.498236,1,1799250
127419581,0.47,0.475647,1,1799287
127421041,0.48,0.479129,1,1799287
127422501,0.47,0.471826,1,1799317
127423961,0.48,0.478365,1,1799317
127425421,0.47,0.471673,1,1799352
127426881,0.48,0.478335,1,1799352
127428341,0.47,0.471667,1,1799374
127429801,0.48,0.478333,1,1799374
127431261,0.49,0.487667,1,1799434
127432721,0.5,0.497533,1,1799434
127434181,0.49,0.491507,1,1799461
127435641,0.5,0.498301,1,1799461
127437101,0.53,0.52366,1,1799497
127438561,0.54,0.536732,1,1799497
127440021,0.53,0.531346,1,1799515
127441481,0.54,0.538269,1,1799515
127442941,0.53,0.531654,1,1799517
127444401,0.54,0.538331,1,1799517
127445861,0.53,0.531666,1,1799533
127447321,0.54,0.538333,1,1799533
127448781,0.55,0.547667,1,1799563
127450241,0.56,0.557533,1,1799563
127451701,0.53,0.535507,1,1799604
127453161,0.54,0.539101,1,1799604
127454621,0.54,0.53982,1,1799604
127456081,0.59,0.579964,1,1799629
127457541,0.6,0.595993,1,1799629
127459001,0.67,0.655199,1,1799665
127460461,0.68,0.67504,1,1799665
127461921,0.69,0.687008,1,1799695
127463381,0.7,0.697402,1,1799695
127464841,0.69,0.69148,1,1799731
127466301,0.7,0.698296,1,1799731
127467761,0.71,0.707659,1,1799761
127469221,0.72,0.717532,1,1799761
127470681,0.71,0.711506,1,1799796
127472141,0.72,0.718301,1,1799796
127473601,0.71,0.71166,1,1799818
127475061,0.72,0.718332,1,1799818
127476521,0.75,0.743666,1,1799879
127477981,0.76,0.756733,2,1799879
127479441,0.77,0.767347,2,1799906
127480901,0.78,0.777469,2,1799906
127482361,0.79,0.787494,2,1799944
127483821,0.8,0.797499,2,1799944
127485281,0.81,0.8075,2,1799962
127486741,0.82,0.8175,2,1799962
127488201,0.81,0.8115,2,1799964
127489661,0.82,0.8183,2,1799964
127491121,0.81,0.81166,2,1799980
127492581,0.82,0.818332,2,1799980
127494041,0.83,0.827666,2,1800011
127495501,0.84,0.837533,2,1800011
127496961,0.83,0.831507,2,1800051
127498421,0.84,0.838301,2,1800051
127499881,0.83,0.83166,2,1800053
127501341,0.84,0.838332,2,1800053
127502801,0.81,0.815666,2,1800080
127504261,0.82,0.819133,2,1800080
127505721,0.83,0.827827,2,1800120
127507181,0.84,0.837565,2,1800120
127508641,0.83,0.831513,2,1800151
127510101,0.84,0.838303,2,1800151
127511561,0.85,0.847661,2,1800187
127513021,0.86,0.857532,2,1800187
127514481,0.85,0.851506,2,1800218
127515941,0.86,0.858301,2,1800218
127517401,0.87,0.86766,2,1800253
127518861,0.88,0.877532,2,1800253
127520321,0.87,0.871506,2,1800275
127521781,0.88,0.878301,2,1800275
127523241,0.91,0.90366,2,1800338
127524701,0.92,0.916732,2,1800338
127526161,0.95,0.943346,2,1800366
127739321,0.92,0.92,2,1802484
127740781,0.93,0.928,2,1802484
127742241,0.94,0.9376,2,1802500
127743701,0.95,0.94752,2,1802500
127753921,0.94,0.94,2,1802608
127755381,0.95,0.948,2,1802608
127756841,0.95,0.9496,2,1802608
127758301,0.94,0.94192,2,1802630
127759761,0.95,0.948384,2,1802630
127764141,0.93,0.93,2,1802673
127765601,0.94,0.938,2,1802673
127767061,0.87,0.8836,2,1802709
127768521,0.88,0.88072,2,1802709
127769981,0.83,0.840144,2,1802749
127771441,0.84,0.840029,2,1802749
127772901,0.73,0.752006,2,1802794
127774361,0.74,0.742401,1,1802794
127775821,0.67,0.68448,1,1802828
127777281,0.68,0.680896,1,1802828
127778741,0.77,0.752179,2,1802846
127780201,0.78,0.774436,2,1802846
127781661,0.61,0.642887,1,1802896
127783121,0.62,0.624577,1,1802896
127784581,0.65,0.644915,1,1802926
127786041,0.66,0.656983,1,1802926
127787501,0.75,0.731397,1,1802947
127788961,0.76,0.754279,2,1802947
127790421,0.75,0.750856,2,1802962
127791881,0.76,0.758171,2,1802962
127793341,0.75,0.751634,2,1802976
127794801,0.76,0.758327,2,1802976
127796261,0.73,0.735665,1,1802999
127797721,0.74,0.739133,1,1802999
127799181,0.75,0.747827,1,1803034
127800641,0.76,0.757565,2,1803034
127802101,0.75,0.751513,2,1803063
127803561,0.76,0.758303,2,1803063
127805021,0.75,0.751661,2,1803079
127806481,0.76,0.758332,2,1803079
127807941,0.73,0.735666,1,1803098
127809401,0.74,0.739133,1,1803098
127810861,0.71,0.715827,1,1803107
127812321,0.72,0.719165,1,1803107
127813781,0.77,0.759833,2,1803140
127815241,0.78,0.775967,2,1803140
127816701,0.77,0.771193,2,1803173
127818161,0.78,0.778239,2,1803173
127819621,0.83,0.819648,2,1803211
127821081,0.84,0.83593,2,1803211
127822541,0.83,0.831186,2,1803251
127824001,0.84,0.838237,2,1803251
127825461,0.87,0.863647,2,1803282
127826921,0.88,0.876729,2,1803282
127828381,0.87,0.871346,2,1803305
127829841,0.88,0.878269,2,1803305
127831301,0.89,0.887654,2,1803347
127832761,0.9,0.897531,2,1803347
127834221,0.89,0.891506,2,1803379
127835681,0.9,0.898301,2,1803379
127837141,0.89,0.89166,2,1803405
127838601,0.9,0.898332,2,1803405
127840061,0.91,0.907666,2,1803420
127841521,0.92,0.917533,2,1803420
127842981,0.91,0.911507,2,1803434
127844441,0.92,0.918301,2,1803434
127845901,0.91,0.91166,2,1803456
127847361,0.92,0.918332,2,1803456
127848821,0.93,0.927666,2,1803492
127850281,0.94,0.937533,2,1803492
127851741,0.91,0.915507,2,1803521
127853201,0.92,0.919101,2,1803521
127854661,0.91,0.91182,2,1803537
127856121,0.92,0.918364,2,1803537
127857581,0.91,0.911673,2,1803555
127859041,0.92,0.918335,2,1803555
127860501,0.91,0.911667,2,1803563
127861961,0.92,0.918333,2,1803563
127863421,0.92,0.919667,2,1803563
128040081,0.85,0.85,2,1805477
128041541,0.83,0.834,2,1805510
128012341,0.63,0.6708,1,1805562
128043001,0.69,0.68616,1,1805579
128044461,0.53,0.561232,1,1805591
128045921,0.61,0.600246,1,1805602
128047381,0.57,0.576049,1,1805607
128048841,0.45,0.47521,1,1805628
128050301,0.47,0.471042,1,1805650
128051761,0.55,0.534208,1,1805681
128053221,0.23,0.290842,1,1805732
128054681,0.17,0.194168,1,1805762
128056141,0.13,0.142834,1,1805783
128057601,0.05,0.0685667,1,1805813
128059061,0.05,0.0537133,1,1805864
128060521,0.09,0.0827427,1,1805886
128061981,0.15,0.136549,1,1805914
128063441,0.09,0.0993097,1,1805947
128064901,0.09,0.0918619,1,1805972
128066361,0.13,0.122372,1,1806014
128067821,0.03,0.0484745,1,1806038
128069281,0.04,0.0416949,1,1806038
128070741,0.05,0.048339,1,1806056
128072201,0.06,0.0576678,1,1806056
128073661,0.05,0.0515336,1,1806094
128075121,0.06,0.0583067,1,1806094
128076581,0.09,0.0836613,1,1806164
128078041,0.1,0.0967323,1,1806164
128079501,0.11,0.107346,1,1806210
128080961,0.12,0.117469,1,1806210
128082421,0.03,0.0474939,1,1806287
128083881,0.04,0.0414988,1,1806287
128085341,0.03,0.0322998,1,1806342
128086801,0.04,0.03846,1,1806342
128088261,0.11,0.095692,1,1806397
128089721,0.12,0.115138,1,1806397
128091181,0.12,0.119028,1,1806397
128092641,0.15,0.143806,1,1806460
128094101,0.16,0.156761,1,1806460
128095561,0.13,0.135352,1,1806479
128097021,0.14,0.13907,1,1806479
128098481,0.15,0.147814,1,1806517
128099941,0.16,0.157563,1,1806517
128101401,0.21,0.199513,1,1806589
128102861,0.22,0.215903,1,1806589
128104321,0.25,0.243181,1,1806636
128105781,0.26,0.256636,1,1806636
128107241,0.25,0.251327,1,1806709
128108701,0.26,0.258265,1,1806709
128110161,0.29,0.283653,1,1806764
128111621,0.3,0.296731,1,1806764
128113081,0.29,0.291346,1,1806823
128114541,0.3,0.298269,1,1806823
128116001,0.29,0.291654,1,1806825
128117461,0.3,0.298331,1,1806825
128118921,0.31,0.307666,1,1806889
128120381,0.32,0.317533,1,1806889
128121841,0.31,0.311507,1,1806907
128123301,0.32,0.318301,1,1806907
128124761,0.33,0.32766,1,1806946
128126221,0.34,0.337532,1,1806946
128127681,0.35,0.347506,1,1807021
128129141,0.36,0.357501,1,1807021
128130601,0.39,0.3835,1,1807070
128132061,0.4,0.3967,1,1807070
128133521,0.45,0.43934,1,1807143
128134981,0.46,0.455868,1,1807143
128136441,0.45,0.451174,1,1807200
128137901,0.46,0.458235,1,1807200
128139361,0.49,0.483647,1,1807259
128140821,0.5,0.496729,1,1807259
128142281,0.49,0.491346,1,1807261
128143741,0.5,0.498269,1,1807261
128145201,0.53,0.523654,1,1807326
128146661,0.54,0.536731,1,1807326
128148121,0.54,0.539346,1,1807326
128149581,0.55,0.547869,1,1807344
128151041,0.56,0.557574,1,1807344
128152501,0.61,0.599515,1,1807384
128153961,0.62,0.615903,1,1807384
128155421,0.67,0.659181,1,1807460
128156881,0.68,0.675836,1,1807460
128158341,0.71,0.703167,1,1807511
128159801,0.72,0.716633,1,1807511
128161261,0.71,0.711327,1,1807587
128162721,0.72,0.718265,1,1807587
128164181,0.71,0.711653,1,1807644
128165641,0.72,0.718331,1,1807644
128167101,0.77,0.759666,2,1807705
128168561,0.78,0.775933,2,1807705
128170021,0.77,0.771187,2,1807707
128171481,0.78,0.778237,2,1807707
128172941,0.77,0.771647,2,1807774
128174401,0.78,0.77833,2,1807774
128175861,0.77,0.771666,2,1807792
128177321,0.78,0.778333,2,1807792
128178781,0.75,0.755667,2,1807835
128180241,0.76,0.759133,2,1807835
128181701,0.73,0.735827,1,1807914
128183161,0.74,0.739165,1,1807914
128184621,0.73,0.731833,1,1807967
128186081,0.74,0.738367,1,1807967
128187541,0.75,0.747673,1,1808043
128189001,0.76,0.757535,2,1808043
128190461,0.75,0.751507,2,1808100
128191921,0.76,0.758301,2,1808100
128193381,0.75,0.75166,2,1808164
128194841,0.76,0.758332,2,1808164
128196301,0.75,0.751666,2,1808166
128197761,0.76,0.758333,2,1808166
128199221,0.77,0.767667,2,1808233
128200681,0.78,0.777533,2,1808233
128202141,0.77,0.771507,2,1808251
128203601,0.78,0.778301,2,1808251
128205061,0.79,0.78766,2,1808293
128206521,0.8,0.797532,2,1808293
128207981,0.8,0.799506,2,1808293
128209441,0.87,0.855901,2,1808371
128210901,0.88,0.87518,2,1808371
128313101,0.91,0.91,2,1810086
128314561,0.92,0.918,2,1810086
128316021,0.84,0.8556,2,1810119
128317481,0.85,0.85112,2,1810119
128318941,0.69,0.722224,1,1810162
128320401,0.7,0.704445,1,1810162
128321861,0.65,0.660889,1,1810191
128323321,0.66,0.660178,1,1810191
128324781,0.59,0.604036,1,1810224
128326241,0.6,0.600807,1,1810224
128327701,0.41,0.448161,1,1810258
128329161,0.42,0.425632,1,1810258
128330621,0.25,0.285126,1,1810322
128332081,0.26,0.265025,1,1810322
128333541,0.26,0.261005,1,1810322
128335001,0.17,0.188201,1,1810386
128336461,0.18,0.18164,1,1810386
128337921,0.03,0.060328,1,1810446
128339381,0.04,0.0440656,1,1810446
128340841,0,0.00881312,1,1810531
128342301,0,0.00176262,1,1810531
128343761,0.03,0.0243525,1,1810552
128345221,0.04,0.0368705,1,1810552
128346681,0.05,0.0473741,1,1810582
128348141,0.06,0.0574748,1,1810582
128349601,0.03,0.035495,1,1810617
128351061,0.04,0.039099,1,1810617
128352521,0,0.0078198,1,1810644
128353981,0,0.00156396,1,1810644
128355441,0.09,0.0723128,1,1810674
128356901,0.1,0.0944626,1,1810674
128358361,0.11,0.106893,1,1810699
128359821,0.12,0.117379,1,1810699
128361281,0.05,0.0634757,1,1810755
128362741,0.06,0.0606951,1,1810755
128364201,0.05,0.052139,1,1810757
128365661,0.06,0.0584278,1,1810757
128367121,0.11,0.0996856,1,1810816
128368581,0.12,0.115937,1,1810816
128370041,0.03,0.0471874,1,1810869
128371501,0.04,0.0414375,1,1810869
128372961,0,0.0082875,1,1810953
128374421,0,0.0016575,1,1810953
128375881,0.03,0.0243315,1,1810975
128377341,0.04,0.0368663,1,1810975
128378801,0.07,0.0633733,1,1811006
128380261,0.08,0.0766747,1,1811006
128381721,0.09,0.0873349,1,1811040
128383181,0.1,0.097467,1,1811040
128384641,0.05,0.0594934,1,1811066
128386101,0.06,0.0598987,1,1811066
128387561,0.07,0.0679797,1,1811100
128389021,0.08,0.0775959,1,1811100
128390481,0.07,0.0715192,1,1811126
128391941,0.08,0.0783038,1,1811126
128393401,0.09,0.0876608,1,1811179
128394861,0.1,0.0975322,1,1811179
128396321,0.09,0.0915064,1,1811181
128397781,0.1,0.0983013,1,1811181
128399241,0.11,0.10766,1,1811243
128400701,0.12,0.117532,1,1811243
128402161,0.12,0.119506,1,1811243
128403621,0.21,0.191901,1,1811292
128405081,0.22,0.21438,1,1811292
128406541,0.13,0.146876,1,1811375
128408001,0.14,0.141375,1,1811375
128409461,0.17,0.164275,1,1811398
128410921,0.18,0.176855,1,1811398
128412381,0.15,0.155371,1,1811431
128413841,0.16,0.159074,1,1811431
128415301,0.13,0.135815,1,1811466
128416761,0.14,0.139163,1,1811466
128418221,0.13,0.131833,1,1811490
128419681,0.14,0.138367,1,1811490
128421141,0.11,0.115673,1,1811525
128422601,0.12,0.119135,1,1811525
128424061,0.13,0.127827,1,1811551
128425521,0.14,0.137565,1,1811551
128426981,0.13,0.131513,1,1811605
128428441,0.14,0.138303,1,1811605
128429901,0.13,0.131661,1,1811607
128431361,0.14,0.138332,1,1811607
128432821,0.13,0.131666,1,1811670
128434281,0.14,0.138333,1,1811670
128435741,0.13,0.131667,1,1811723
128437201,0.14,0.138333,1,1811723
128438661,0.09,0.0996667,1,1811802
128440121,0.1,0.0999333,1,1811802
128441581,0.11,0.107987,1,1811827
128443041,0.12,0.117597,1,1811827
128444501,0.13,0.127519,1,1811859
128445961,0.14,0.137504,1,1811859
128447421,0.15,0.147501,1,1811893
128448881,0.16,0.1575,1,1811893
128450341,0.15,0.1515,1,1811917
128451801,0.16,0.1583,1,1811917
128453261,0.15,0.15166,1,1811951
128454721,0.16,0.158332,1,1811951
128456181,0.17,0.167666,1,1811978
128457641,0.18,0.177533,1,1811978
128459101,0.21,0.203507,1,1812032
128460561,0.22,0.216701,1,1812032
128462021,0.21,0.21134,1,1812034
128463481,0.22,0.218268,1,1812034
128464941,0.25,0.243654,1,1812097
128466401,0.26,0.256731,1,1812097
128467861,0.25,0.251346,1,1812150
128469321,0.26,0.258269,1,1812150
128470781,0.26,0.259654,1,1812150
128472241,0.37,0.347931,1,1812227
128473701,0.38,0.373586,1,1812227
128475161,0.37,0.370717,1,1812253
128476621,0.38,0.378143,1,1812253
128478081,0.39,0.387629,1,1812286
128479541,0.4,0.397526,1,1812286
128481001,0.41,0.407505,1,1812321
128482461,0.42,0.417501,1,1812321
128483921,0.41,0.4115,1,1812345
128485381,0.42,0.4183,1,1812345
128486841,0.43,0.42766,1,1812379
128488301,0.44,0.437532,1,1812379
128489761,0.43,0.431506,1,1812407
128491221,0.44,0.438301,1,1812407
128492681,0.43,0.43166,1,1812463
128494141,0.44,0.438332,1,1812463
128495601,0.43,0.431666,1,1812465
128497061,0.44,0.438333,1,1812465
128498521,0.43,0.431667,1,1812530
128499981,0.44,0.438333,1,1812530
128501441,0.47,0.463667,1,1812583
128502901,0.48,0.476733,1,1812583
128504361,0.47,0.471347,1,1812585
128505821,0.48,0.478269,1,1812585
128507281,0.53,0.519654,1,1812667
128508741,0.54,0.535931,1,1812667
128510201,0.53,0.531186,1,1812693
128511661,0.54,0.538237,1,1812693
128513121,0.53,0.531647,1,1812727
128514581,0.54,0.538329,1,1812727
128516041,0.55,0.547666,1,1812763
128517501,0.56,0.557533,1,1812763
128518961,0.57,0.567507,1,1812787
128520421,0.58,0.577501,1,1812787
128521881,0.61,0.6035,1,1812822
128523341,0.62,0.6167,1,1812822
128524801,0.61,0.61134,1,1812850
128526261,0.62,0.618268,1,1812850
128527721,0.63,0.627654,1,1812906
128529181,0.64,0.637531,1,1812906
128530641,0.63,0.631506,1,1812908
128532101,0.64,0.638301,1,1812908
128533561,0.71,0.69566,1,1812973
128535021,0.72,0.715132,1,1812973
128536481,0.71,0.711026,1,1813028
128537941,0.72,0.718205,1,1813028
128539401,0.71,0.711641,1,1813030
128540861,0.72,0.718328,1,1813030
128542321,0.79,0.775666,2,1813115
128543781,0.8,0.795133,2,1813115
128545241,0.8,0.799027,2,1813115
128546701,0.85,0.839805,2,1813141
128548161,0.86,0.855961,2,1813141
128549621,0.85,0.851192,2,1813175
128551081,0.86,0.858238,2,1813175
128552541,0.83,0.835648,2,1813212
128554001,0.84,0.83913,2,1813212
128555461,0.87,0.863826,2,1813237
128556921,0.88,0.876765,2,1813237
128558381,0.89,0.887353,2,1813274
128559841,0.9,0.897471,2,1813274
128561301,0.89,0.891494,2,1813302
128562761,0.9,0.898299,2,1813302
128564221,0.87,0.87566,2,1813359
128565681,0.88,0.879132,2,1813359
128567141,0.87,0.871826,2,1813361
128568601,0.88,0.878365,2,1813361
128570061,0.91,0.903673,2,1813430
128571521,0.92,0.916735,2,1813430
128572981,0.93,0.927347,2,1813485
128574441,0.94,0.937469,2,1813485
128575901,0.93,0.931494,2,1813487
128577361,0.94,0.938299,2,1813487
128578821,0.93,0.93166,2,1813576
128580281,0.94,0.938332,2,1813576
128581741,0.89,0.899666,2,1813604
128583201,0.9,0.899933,2,1813604
128584661,0.91,0.907987,2,1813638
128586121,0.92,0.917597,2,1813638
128587581,0.91,0.911519,2,1813674
128589041,0.92,0.918304,2,1813674
128590501,0.95,0.943661,2,1813701
128593421,0.93,0.93,2,1813739
128594881,0.94,0.938,2,1813739
128596341,0.95,0.9476,2,1813767
128599261,0.95,0.95,2,1813823
128602181,0.95,0.95,2,1813825
128605101,0.95,0.95,2,1813896
128676641,0.95,0.95,2,1814791
128718981,0.86,0.86,2,1815320
128720441,0.87,0.868,2,1815320
128724821,0.84,0.84,2,1815434
128726281,0.85,0.848,2,1815434
128727741,0.81,0.8176,2,1815487
128729201,0.82,0.81952,2,1815487
128730661,0.71,0.731904,1,1815519
128732121,0.72,0.722381,1,1815519
128733581,0.69,0.696476,1,1815554
128735041,0.7,0.699295,1,1815554
128736501,0.59,0.611859,1,1815586
128737961,0.6,0.602372,1,1815586
128739421,0.51,0.528474,1,1815611
128740881,0.52,0.521695,1,1815611
128742341,0.61,0.592339,1,1815645
128743801,0.62,0.614468,1,1815645
128745261,0.63,0.626894,1,1815673
128746721,0.64,0.637379,1,1815673
128748181,0.61,0.615476,1,1815689
128749641,0.62,0.619095,1,1815689
128751101,0.61,0.611819,1,1815723
128752561,0.62,0.618364,1,1815723
128754021,0.61,0.611673,1,1815744
128755481,0.62,0.618335,1,1815744
128756941,0.51,0.531667,1,1815789
128758401,0.52,0.522333,1,1815789
128759861,0.45,0.464467,1,1815869
128761321,0.46,0.460893,1,1815869
128762781,0.45,0.452179,1,1815898
128764241,0.46,0.458436,1,1815898
128765701,0.39,0.403687,1,1815948
128767161,0.4,0.400737,1,1815948
128768621,0.39,0.392147,1,1815975
128770081,0.4,0.398429,1,1815975
128771541,0.41,0.407686,1,1816009
128773001,0.42,0.417537,1,1816009
128774461,0.39,0.395507,1,1816036
128775921,0.4,0.399101,1,1816036
128777381,0.37,0.37582,1,1816057
128778841,0.38,0.379164,1,1816057
128780301,0.37,0.371833,1,1816096
128781761,0.38,0.378367,1,1816096
128783221,0.38,0.379673,1,1816096
128784681,0.37,0.371935,1,1816125
128786141,0.38,0.378387,1,1816125
128787601,0.39,0.387677,1,1816140
128789061,0.4,0.397535,1,1816140
128790521,0.43,0.423507,1,1816174
128791981,0.44,0.436701,1,1816174
128793441,0.41,0.41534,1,1816195
128794901,0.42,0.419068,1,1816195
128796361,0.49,0.475814,1,1816235
128797821,0.5,0.495163,1,1816235
128799281,0.47,0.475033,1,1816312
128800741,0.48,0.479007,1,1816312
128802201,0.47,0.471801,1,1816341
128803661,0.48,0.47836,1,1816341
128805121,0.49,0.487672,1,1816388
128806581,0.5,0.497534,1,1816388
128808041,0.51,0.507507,1,1816415
128809501,0.52,0.517501,1,1816415
128810961,0.49,0.4955,1,1816450
128812421,0.5,0.4991,1,1816450
128813881,0.49,0.49182,1,1816476
128815341,0.5,0.498364,1,1816476
128816801,0.49,0.491673,1,1816496
128818261,0.5,0.498335,1,1816496
128819721,0.47,0.475667,1,1816535
128821181,0.48,0.479133,1,1816535
128822641,0.47,0.471827,1,1816537
128824101,0.48,0.478365,1,1816537
128825561,0.53,0.519673,1,1816565
128827021,0.54,0.535935,1,1816565
128828481,0.59,0.579187,1,1816581
128829941,0.6,0.595837,1,1816581
128831401,0.55,0.559167,1,1816617
128832861,0.56,0.559833,1,1816617
128834321,0.65,0.631967,1,1816637
128835781,0.66,0.654393,1,1816637
128837241,0.69,0.682879,1,1816681
128838701,0.7,0.696576,1,1816681
128840161,0.69,0.691315,1,1816757
128841621,0.7,0.698263,1,1816757
128843081,0.71,0.707653,1,1816786
128844541,0.72,0.717531,1,1816786
128846001,0.71,0.711506,1,1816834
128847461,0.72,0.718301,1,1816834
128848921,0.75,0.74366,1,1816862
128850381,0.76,0.756732,2,1816862
128851841,0.77,0.767346,2,1816896
128853301,0.78,0.777469,2,1816896
128854761,0.77,0.771494,2,1816922
128856221,0.78,0.778299,2,1816922
128857681,0.81,0.80366,2,1816942
128859141,0.82,0.816732,2,1816942
128860601,0.81,0.811346,2,1816980
128862061,0.82,0.818269,2,1816980
128863521,0.81,0.811654,2,1816982
128864981,0.82,0.818331,2,1816982
128866441,0.87,0.859666,2,1817013
128867901,0.88,0.875933,2,1817013
128869361,0.88,0.879187,2,1817013
128870821,0.89,0.887837,2,1817032
128872281,0.9,0.897567,2,1817032
128873741,0.89,0.891514,2,1817066
128875201,0.9,0.898303,2,1817066
128876661,0.89,0.891661,2,1817091
128878121,0.9,0.898332,2,1817091
128879581,0.91,0.907666,2,1817137
128881041,0.92,0.917533,2,1817137
128882501,0.93,0.927507,2,1817213
128883961,0.94,0.937501,2,1817213
128885421,0.93,0.9315,2,1817243
128886881,0.94,0.9383,2,1817243
128888341,0.95,0.94766,2,1817291
128891261,0.95,0.95,2,1817321
128894181,0.93,0.93,2,1817356
128895641,0.94,0.938,2,1817356
128897101,0.93,0.9316,2,1817382
128898561,0.94,0.93832,2,1817382
128900021,0.95,0.947664,2,1817404
128902941,0.95,0.95,2,1817442
128905861,0.95,0.95,2,1817444
129054781,0.9,0.9,2,1819302
129056241,0.81,0.828,2,1819340
129057701,0.71,0.7336,1,1819395
129059161,0.63,0.65072,1,1819418
129060621,0.63,0.634144,1,1819439
129062081,0.45,0.486829,1,1819488
129063541,0.49,0.489366,1,1819505
129065001,0.43,0.441873,1,1819520
129066461,0.49,0.480375,1,1819532
129067921,0.39,0.408075,1,1819541
129069381,0.39,0.393615,1,1819675
129070841,0.4,0.398723,1,1819675
129072301,0.45,0.439745,1,1819745
129073761,0.46,0.455949,1,1819745
129075221,0.43,0.43519,1,1819801
129076681,0.44,0.439038,1,1819801
129078141,0.41,0.415808,1,1819870
129079601,0.42,0.419162,1,1819870
129081061,0.53,0.507832,1,1819931
129082521,0.54,0.533566,1,1819931
129083981,0.51,0.514713,1,1819962
129085441,0.52,0.518943,1,1819962
129086901,0.57,0.559789,1,1819981
129088361,0.58,0.575958,1,1819981
129089821,0.63,0.619192,1,1820116
129091281,0.64,0.635838,1,1820116
129092741,0.61,0.615168,1,1820189
129094201,0.62,0.619034,1,1820189
129095661,0.63,0.627807,1,1820244
129097121,0.64,0.637561,1,1820244
129098581,0.65,0.647512,1,1820312
129100041,0.66,0.657502,1,1820312
129101501,0.69,0.6835,1,1820379
129102961,0.7,0.6967,1,1820379
129104421,0.69,0.69134,1,1820409
129105881,0.7,0.698268,1,1820409
129107341,0.69,0.691654,1,1820431
129108801,0.7,0.698331,1,1820431
129110261,0.7,0.699666,1,1820431
129111721,0.81,0.787933,2,1820569
129113181,0.82,0.813587,2,1820569
129114641,0.83,0.826717,2,1820641
129116101,0.84,0.837344,2,1820641
129117561,0.85,0.847469,2,1820697
129119021,0.86,0.857494,2,1820697
129120481,0.89,0.883499,2,1820766
129121941,0.9,0.8967,2,1820766
129225601,0.81,0.81,2,1823018
129227061,0.82,0.818,2,1823018
129228521,0.73,0.7476,1,1823069
129229981,0.74,0.74152,1,1823069
129231441,0.53,0.572304,1,1823101
129232901,0.54,0.546461,1,1823101
129234361,0.41,0.437292,1,1823139
129235821,0.42,0.423458,1,1823139
129237281,0.21,0.252692,1,1823226
129238741,0.22,0.226538,1,1823226
129240201,0.15,0.165308,1,1823277
129241661,0.16,0.161062,1,1823277
129243121,0.13,0.136212,1,1823300
129244581,0.14,0.139242,1,1823300
129246041,0.03,0.0518485,1,1823399
129247501,0.04,0.0423697,1,1823399
129248961,0.07,0.0644739,1,1823484
129250421,0.08,0.0768948,1,1823484
129251881,0.11,0.103379,1,1823526
129253341,0.12,0.116676,1,1823526
129254801,0.13,0.127335,1,1823548
129256261,0.14,0.137467,1,1823548
129257721,0.07,0.0834934,1,1823580
129259181,0.08,0.0806987,1,1823580
129260641,0.08,0.0801397,1,1823580
129262101,0.15,0.136028,1,1823657
129263561,0.16,0.155206,1,1823657
129265021,0.13,0.135041,1,1823705
129266481,0.14,0.139008,1,1823705
129267941,0.19,0.179802,1,1823727
129269401,0.2,0.19596,1,1823727
129270861,0.01,0.0471921,1,1823821
129272321,0.02,0.0254384,1,1823821
129273781,0.05,0.0450877,1,1823908
129275241,0.06,0.0570175,1,1823908
129276701,0.11,0.0994035,1,1823952
129278161,0.12,0.115881,1,1823952
129279621,0.11,0.111176,1,1823975
129281081,0.12,0.118235,1,1823975
129282541,0.09,0.095647,1,1824004
129284001,0.1,0.0991294,1,1824004
129285461,0.09,0.0918259,1,1824006
129286921,0.1,0.0983652,1,1824006
129288381,0.15,0.139673,1,1824086
129289841,0.16,0.155935,1,1824086
129291301,0.09,0.103187,1,1824133
129292761,0.1,0.100637,1,1824133
129294221,0.11,0.108127,1,1824158
129295681,0.12,0.117625,1,1824158
129297141,0.13,0.127525,1,1824243
129298601,0.14,0.137505,1,1824243
129300061,0.07,0.083501,1,1824332
129301521,0.08,0.0807002,1,1824332
129302981,0.13,0.12014,1,1824379
129304441,0.14,0.136028,1,1824379
129305901,0.13,0.131206,1,1824402
129307361,0.14,0.138241,1,1824402
129308821,0.15,0.147648,1,1824430
129310281,0.16,0.15753,1,1824430
129311741,0.15,0.151506,1,1824432
129313201,0.16,0.158301,1,1824432
129314661,0.16,0.15966,1,1824432
129316121,0.25,0.231932,1,1824515
129317581,0.26,0.254386,1,1824515
129319041,0.27,0.266877,1,1824559
129320501,0.28,0.277375,1,1824559
129321961,0.27,0.271475,1,1824585
129323421,0.28,0.278295,1,1824585
129324881,0.33,0.319659,1,1824671
129326341,0.34,0.335932,1,1824671
129327801,0.37,0.363186,1,1824757
129329261,0.38,0.376637,1,1824757
129330721,0.43,0.419327,1,1824807
129332181,0.44,0.435865,1,1824807
129333641,0.41,0.415173,1,1824830
129335101,0.42,0.419035,1,1824830
129336561,0.43,0.427807,1,1824859
129338021,0.44,0.437561,1,1824859
129339481,0.43,0.431512,1,1824861
129340941,0.44,0.438302,1,1824861
129342401,0.47,0.463661,1,1824948
129343861,0.48,0.476732,1,1824948
129345321,0.49,0.487346,1,1824993
129346781,0.5,0.497469,1,1824993
129348241,0.49,0.491494,1,1825019
129349701,0.5,0.498299,1,1825019
129351161,0.47,0.47566,1,1825108
129352621,0.48,0.479132,1,1825108
129354081,0.49,0.487826,1,1825196
129355541,0.5,0.497565,1,1825196
129357001,0.51,0.507513,1,1825249
129358461,0.52,0.517503,1,1825249
129359921,0.53,0.527501,1,1825271
129361381,0.54,0.5375,1,1825271
129362841,0.57,0.5635,1,1825301
129364301,0.58,0.5767,1,1825301
129365761,0.57,0.57134,1,1825303
129367221,0.58,0.578268,1,1825303
129368681,0.59,0.587654,1,1825392
129370141,0.6,0.597531,1,1825392
129371601,0.61,0.607506,1,1825438
129373061,0.62,0.617501,1,1825438
129374521,0.62,0.6195,1,1825438
129375981,0.67,0.6599,1,1825464
129377441,0.68,0.67598,1,1825464
129378901,0.73,0.719196,1,1825552
129380361,0.74,0.735839,1,1825552
129381821,0.73,0.731168,1,1825641
129383281,0.74,0.738234,1,1825641
129384741,0.77,0.763647,2,1825695
129386201,0.78,0.776729,2,1825695
129387661,0.81,0.803346,2,1825718
129389121,0.82,0.816669,2,1825718
129390581,0.81,0.811334,2,1825750
129392041,0.82,0.818267,2,1825750
129393501,0.81,0.811653,2,1825752
129394961,0.82,0.818331,2,1825752
129396421,0.85,0.843666,2,1825842
129397881,0.86,0.856733,2,1825842
129399341,0.83,0.835347,2,1825889
129400801,0.84,0.839069,2,1825889
129402261,0.83,0.831814,2,1825891
129403721,0.84,0.838363,2,1825891
129405181,0.85,0.847673,2,1825919
129406641,0.86,0.857535,2,1825919
129408101,0.83,0.835507,2,1826010
129409561,0.84,0.839101,2,1826010
129411021,0.87,0.86382,2,1826099
129412481,0.88,0.876764,2,1826099
129413941,0.87,0.871353,2,1826155
129415401,0.88,0.878271,2,1826155
129416861,0.87,0.871654,2,1826180
129418321,0.88,0.878331,2,1826180
129419781,0.87,0.871666,2,1826212
129421241,0.88,0.878333,2,1826212
129422701,0.87,0.871667,2,1826214
129424161,0.88,0.878333,2,1826214
129425621,0.93,0.919667,2,1826306
129427081,0.94,0.935933,2,1826306
129428541,0.93,0.931187,2,1826352
129430001,0.94,0.938237,2,1826352
129431461,0.93,0.931647,2,1826354
129432921,0.94,0.93833,2,1826354
129548261,0.94,0.94,2,1828193
129549721,0.95,0.948,2,1828193
129551181,0.73,0.7736,2,1828266
129552641,0.74,0.74672,1,1828266
129554101,0.55,0.589344,1,1828304
129555561,0.56,0.565869,1,1828304
129557021,0.47,0.489174,1,1828339
129558481,0.48,0.481835,1,1828339
129559941,0.31,0.344367,1,1828395
129561401,0.32,0.324873,1,1828395
129562861,0.25,0.264975,1,1828429
129564321,0.26,0.260995,1,1828429
129565781,0.13,0.156199,1,1828474
129567241,0.14,0.14324,1,1828474
129568701,0.14,0.140648,1,1828474
129570161,0.07,0.0841296,1,1828535
129571621,0.08,0.0808259,1,1828535
129573081,0.01,0.0241652,1,1828581
129574541,0.02,0.020833,1,1828581
129576001,0.07,0.0601666,1,1828614
129577461,0.08,0.0760333,1,1828614
129578921,0.09,0.0872067,1,1828644
129580381,0.1,0.0974413,1,1828644
129581841,0.01,0.0274883,1,1828667
129583301,0.02,0.0214977,1,1828667
129584761,0.01,0.0122995,1,1828724
129586221,0.02,0.0184599,1,1828724
129587681,0.01,0.011692,1,1828753
129589141,0.02,0.0183384,1,1828753
129590601,0.03,0.0276677,1,1828784
129592061,0.04,0.0375335,1,1828784
129593521,0.01,0.0155067,1,1828832
129594981,0.02,0.0191013,1,1828832
129596441,0.01,0.0118203,1,1828863
129597901,0.02,0.0183641,1,1828863
129599361,0.03,0.0276728,1,1828902
129600821,0.04,0.0375346,1,1828902
129602281,0.05,0.0475069,1,1828959
129603741,0.06,0.0575014,1,1828959
129605201,0.05,0.0515003,1,1829002
129606661,0.06,0.0583001,1,1829002
129608121,0.03,0.03566,1,1829038
129609581,0.04,0.039132,1,1829038
129611041,0.09,0.0798264,1,1829069
129612501,0.1,0.0959653,1,1829069
129613961,0.07,0.0751931,1,1829088
129615421,0.08,0.0790386,1,1829088
129616881,0.03,0.0398077,1,1829145
129618341,0.04,0.0399615,1,1829145
129619801,0.05,0.0479923,1,1829174
129621261,0.06,0.0575985,1,1829174
129622721,0.03,0.0355197,1,1829206
129624181,0.04,0.0391039,1,1829206
129625641,0.07,0.0638208,1,1829253
129627101,0.08,0.0767642,1,1829253
129628561,0.03,0.0393528,1,1829284
129630021,0.04,0.0398706,1,1829284
129631481,0.07,0.0639741,1,1829324
129632941,0.08,0.0767948,1,1829324
129634401,0.05,0.055359,1,1829382
129635861,0.06,0.0590718,1,1829382
129637321,0.06,0.0598144,1,1829382
129638781,0.01,0.0199629,1,1829425
129640241,0.02,0.0199926,1,1829425
129641701,0.03,0.0279985,1,1829460
129643161,0.04,0.0375997,1,1829460
129644621,0.07,0.0635199,1,1829494
129646081,0.08,0.076704,1,1829494
129647541,0.07,0.0713408,1,1829512
129649001,0.08,0.0782682,1,1829512
129650461,0.03,0.0396536,1,1829567
129651921,0.04,0.0399307,1,1829567
129653381,0.05,0.0479861,1,1829597
129654841,0.06,0.0575972,1,1829597
129656301,0.03,0.0355194,1,1829628
129657761,0.04,0.0391039,1,1829628
129659221,0.03,0.0318208,1,1829677
129660681,0.04,0.0383642,1,1829677
129662141,0.03,0.0316728,1,1829706
129663601,0.04,0.0383346,1,1829706
129665061,0.01,0.0156669,1,1829748
129666521,0.02,0.0191334,1,1829748
129667981,0.09,0.0758267,1,1829805
129669441,0.1,0.0951653,1,1829805
129670901,0.09,0.0910331,1,1829807
129672361,0.1,0.0982066,1,1829807
129673821,0.01,0.0276413,1,1829847
129675281,0.02,0.0215283,1,1829847
129676741,0.01,0.0123057,1,1829883
129678201,0.02,0.0184611,1,1829883
129679661,0.01,0.0116922,1,1829919
129681121,0.02,0.0183384,1,1829919
129682581,0.03,0.0276677,1,1829937
129684041,0.04,0.0375335,1,1829937
129685501,0.01,0.0155067,1,1829990
129686961,0.02,0.0191013,1,1829990
129688421,0.03,0.0278203,1,1830021
129689881,0.04,0.0375641,1,1830021
129691341,0.03,0.0315128,1,1830051
129692801,0.04,0.0383026,1,1830051
129694261,0.03,0.0316605,1,1830100
129695721,0.04,0.0383321,1,1830100
129697181,0.07,0.0636664,1,1830129
129698641,0.08,0.0767333,1,1830129
129700101,0.01,0.0233467,1,1830170
129701561,0.02,0.0206693,1,1830170
129703021,0.07,0.0601339,1,1830231
129704481,0.08,0.0760268,1,1830231
129705941,0.07,0.0712054,1,1830233
129707401,0.08,0.0782411,1,1830233
129708861,0.07,0.0716482,1,1830269
129710321,0.08,0.0783296,1,1830269
129711781,0.08,0.0796659,1,1830269
129713241,0.01,0.0239332,1,1830305
129714701,0.02,0.0207866,1,1830305
129716161,0.01,0.0121573,1,1830341
129717621,0.02,0.0184315,1,1830341
129719081,0.07,0.0596863,1,1830360
129720541,0.08,0.0759373,1,1830360
129722001,0.11,0.103187,1,1830412
129723461,0.12,0.116637,1,1830412
129724921,0.07,0.0793275,1,1830444
129726381,0.08,0.0798655,1,1830444
129727841,0.09,0.0879731,1,1830474
129729301,0.1,0.0975946,1,1830474
129730761,0.07,0.0755189,1,1830523
129732221,0.08,0.0791038,1,1830523
129733681,0.11,0.103821,1,1830554
129735141,0.12,0.116764,1,1830554
129736601,0.11,0.111353,1,1830592
129738061,0.12,0.118271,1,1830592
129739521,0.11,0.111654,1,1830656
129740981,0.12,0.118331,1,1830656
129742441,0.11,0.111666,1,1830658
129743901,0.12,0.118333,1,1830658
129745361,0.13,0.127667,1,1830694
129746821,0.14,0.137533,1,1830694
129748281,0.13,0.131507,1,1830726
129749741,0.14,0.138301,1,1830726
129751201,0.13,0.13166,1,1830762
129752661,0.14,0.138332,1,1830762
129754121,0.13,0.131666,1,1830784
129755581,0.14,0.138333,1,1830784
129757041,0.15,0.147667,1,1830838
129758501,0.16,0.157533,1,1830838
129759961,0.19,0.183507,1,1830868
129761421,0.2,0.196701,1,1830868
129762881,0.17,0.17534,1,1830899
129764341,0.18,0.179068,1,1830899
129765801,0.17,0.171814,1,1830947
129767261,0.18,0.178363,1,1830947
129768721,0.21,0.203673,1,1830980
129770181,0.22,0.216735,1,1830980
129771641,0.23,0.227347,1,1831018
129773101,0.24,0.237469,1,1831018
129774561,0.21,0.215494,1,1831082
129776021,0.22,0.219099,1,1831082
129777481,0.21,0.21182,1,1831084
129778941,0.22,0.218364,1,1831084
129780401,0.25,0.243673,1,1831121
129781861,0.26,0.256735,1,1831121
129783321,0.29,0.283347,1,1831153
129784781,0.3,0.296669,1,1831153
129786241,0.29,0.291334,1,1831189
129787701,0.3,0.298267,1,1831189
129789161,0.3,0.299653,1,1831189
129790621,0.31,0.307931,1,1831211
129792081,0.32,0.317586,1,1831211
129793541,0.35,0.343517,1,1831266
129795001,0.36,0.356703,1,1831266
129796461,0.33,0.335341,1,1831298
129797921,0.34,0.339068,1,1831298
129799381,0.35,0.347814,1,1831328
129800841,0.36,0.357563,1,1831328
129802301,0.37,0.367513,1,1831376
129803761,0.38,0.377503,1,1831376
129805221,0.41,0.4035,1,1831411
129806681,0.42,0.4167,1,1831411
129808141,0.39,0.39534,1,1831450
129809601,0.4,0.399068,1,1831450
129811061,0.39,0.391814,1,1831513
129812521,0.4,0.398363,1,1831513
129813981,0.39,0.391673,1,1831515
129815441,0.4,0.398335,1,1831515
129816901,0.45,0.439667,1,1831554
129818361,0.46,0.455933,1,1831554
129819821,0.45,0.451187,1,1831588
129821281,0.46,0.458237,1,1831588
129822741,0.45,0.451647,1,1831624
129824201,0.46,0.458329,1,1831624
129825661,0.45,0.451666,1,1831626
129827121,0.46,0.458333,1,1831626
129828581,0.45,0.451667,1,1831648
129830041,0.46,0.458333,1,1831648
129831501,0.43,0.435667,1,1831705
129832961,0.44,0.439133,1,1831705
129834421,0.45,0.447827,1,1831736
129835881,0.46,0.457565,1,1831736
129837341,0.43,0.435513,1,1831767
129838801,0.44,0.439103,1,1831767
129840261,0.51,0.495821,1,1831816
129841721,0.52,0.515164,1,1831816
129843181,0.53,0.527033,1,1831853
129844641,0.54,0.537407,1,1831853
129846101,0.57,0.563481,1,1831891
129847561,0.58,0.576696,1,1831891
129849021,0.57,0.571339,1,1831954
129850481,0.58,0.578268,1,1831954
129851941,0.57,0.571654,1,1831956
129853401,0.58,0.578331,1,1831956
129854861,0.57,0.571666,1,1831998
129856321,0.58,0.578333,1,1831998
129857781,0.57,0.571667,1,1832032
129859241,0.58,0.578333,1,1832032
129860701,0.61,0.603667,1,1832068
129862161,0.62,0.616733,1,1832068
129863621,0.61,0.611347,1,1832070
129865081,0.62,0.618269,1,1832070
129866541,0.61,0.611654,1,1832092
129868001,0.62,0.618331,1,1832092
129869461,0.62,0.619666,1,1832092
129870921,0.69,0.675933,1,1832148
129872381,0.7,0.695187,1,1832148
129873841,0.73,0.723037,1,1832180
129875301,0.74,0.736607,1,1832180
129876761,0.75,0.747321,1,1832210
129878221,0.76,0.757464,2,1832210
129879681,0.79,0.783493,2,1832263
129881141,0.8,0.796699,2,1832263
129882601,0.79,0.79134,2,1832301
129884061,0.8,0.798268,2,1832301
129885521,0.81,0.807654,2,1832341
129886981,0.82,0.817531,2,1832341
129888441,0.85,0.843506,2,1832404
129889901,0.86,0.856701,2,1832404
129891361,0.85,0.85134,2,1832406
129892821,0.86,0.858268,2,1832406
129894281,0.87,0.867654,2,1832448
129895741,0.88,0.877531,2,1832448
129897201,0.87,0.871506,2,1832482
129898661,0.88,0.878301,2,1832482
129900121,0.85,0.85566,2,1832520
129901581,0.86,0.859132,2,1832520
129903041,0.85,0.851826,2,1832522
129904501,0.86,0.858365,2,1832522
129905961,0.85,0.851673,2,1832544
129907421,0.86,0.858335,2,1832544
129908881,0.91,0.899667,2,1832603
129910341,0.92,0.915933,2,1832603
129911801,0.91,0.911187,2,1832637
129913261,0.92,0.918237,2,1832637
129914721,0.89,0.895647,2,1832668
129916181,0.9,0.899129,2,1832668
129917641,0.95,0.939826,2,1832723
129926401,0.95,0.95,2,1832867
129929321,0.95,0.95,2,1832869
130084081,0.92,0.92,2,1834666
130085541,0.93,0.928,2,1834666
130087001,0.79,0.8176,2,1834710
130088461,0.8,0.80352,2,1834710
130089921,0.67,0.696704,1,1834793
130091381,0.68,0.683341,1,1834793
130092841,0.57,0.592668,1,1834816
130094301,0.58,0.582534,1,1834816
130095761,0.55,0.556507,1,1834846
130097221,0.56,0.559301,1,1834846
130098681,0.43,0.45586,1,1834873
130100141,0.44,0.443172,1,1834873
130101601,0.35,0.368634,1,1834904
130103061,0.36,0.361727,1,1834904
130104521,0.23,0.256345,1,1834928
130105981,0.24,0.243269,1,1834928
130107441,0.13,0.152654,1,1834965
130108901,0.14,0.142531,1,1834965
130110361,0.09,0.100506,1,1834988
130111821,0.1,0.100101,1,1834988
130113281,0.03,0.0440202,1,1835014
130114741,0.04,0.040804,1,1835014
130116201,0.03,0.0321608,1,1835041
130117661,0.04,0.0384322,1,1835041
130119121,0.03,0.0316864,1,1835069
130120581,0.04,0.0383373,1,1835069
130122041,0.05,0.0476675,1,1835105
130123501,0.06,0.0575335,1,1835105
130124961,0.06,0.0595067,1,1835105
130126421,0.05,0.0519013,1,1835134
130127881,0.06,0.0583803,1,1835134
130129341,0.03,0.0356761,1,1835170
130130801,0.04,0.0391352,1,1835170
130132261,0.03,0.031827,1,1835247
130133721,0.04,0.0383654,1,1835247
130135181,0,0.00767308,1,1835265
130136641,0,0.00153462,1,1835265
130138101,0.09,0.0723069,1,1835294
130139561,0.1,0.0944614,1,1835294
130141021,0.03,0.0428923,1,1835315
130142481,0.04,0.0405785,1,1835315
130143941,0.07,0.0641157,1,1835342
130145401,0.08,0.0768231,1,1835342
130146861,0.13,0.119365,1,1835360
130148321,0.14,0.135873,1,1835360
130149781,0.13,0.131175,1,1835392
130151241,0.14,0.138235,1,1835392
130152701,0.11,0.115647,1,1835413
130154161,0.12,0.119129,1,1835413
130155621,0.09,0.0958259,1,1835436
130157081,0.1,0.0991652,1,1835436
130158541,0.11,0.107833,1,1835463
130160001,0.12,0.117567,1,1835463
130161461,0.07,0.0795133,1,1835491
130162921,0.08,0.0799027,1,1835491
130164381,0.03,0.0399805,1,1835528
130165841,0.04,0.0399961,1,1835528
130167301,0.03,0.0319992,1,1835530
130168761,0.04,0.0383998,1,1835530
130170221,0.01,0.01568,1,1835558
130171681,0.02,0.019136,1,1835558
130173141,0.05,0.0438272,1,1835593
130174601,0.06,0.0567654,1,1835593
130176061,0.07,0.0673531,1,1835670
130177521,0.08,0.0774706,1,1835670
130178981,0.01,0.0234941,1,1835687
130180441,0.02,0.0206988,1,1835687
130181901,0.01,0.0121398,1,1835720
130183361,0.02,0.018428,1,1835720
130184821,0.01,0.0116856,1,1835738
130186281,0.02,0.0183371,1,1835738
130187741,0.05,0.0436674,1,1835767
130189201,0.06,0.0567335,1,1835767
130190661,0.09,0.0833467,1,1835788
130192121,0.1,0.0966693,1,1835788
130193581,0.11,0.107334,1,1835820
130195041,0.12,0.117467,1,1835820
130196501,0.11,0.111493,1,1835840
130197961,0.12,0.118299,1,1835840
130199421,0.11,0.11166,1,1835862
130200881,0.12,0.118332,1,1835862
130202341,0.13,0.127666,1,1835890
130203801,0.14,0.137533,1,1835890
130205261,0.13,0.131507,1,1835916
130206721,0.14,0.138301,1,1835916
130208181,0.13,0.13166,1,1835951
130209641,0.14,0.138332,1,1835951
130211101,0.13,0.131666,1,1835953
130212561,0.14,0.138333,1,1835953
130214021,0.11,0.115667,1,1835980
130215481,0.12,0.119133,1,1835980
130216941,0.12,0.119827,1,1835980
130218401,0.15,0.143965,1,1836017
130219861,0.16,0.156793,1,1836017
130221321,0.21,0.199359,1,1836095
130222781,0.22,0.215872,1,1836095
130224241,0.23,0.227174,1,1836109
130225701,0.24,0.237435,1,1836109
130227161,0.25,0.247487,1,1836142
130228621,0.26,0.257497,1,1836142
130230081,0.25,0.251499,1,1836160
130231541,0.26,0.2583,1,1836160
130233001,0.29,0.28366,1,1836191
130234461,0.3,0.296732,1,1836191
130235921,0.31,0.307346,1,1836214
130237381,0.32,0.317469,1,1836214
130238841,0.31,0.311494,1,1836247
130240301,0.32,0.318299,1,1836247
130241761,0.31,0.31166,1,1836267
130243221,0.32,0.318332,1,1836267
130244681,0.31,0.311666,1,1836289
130246141,0.32,0.318333,1,1836289
130247601,0.29,0.295667,1,1836318
130249061,0.3,0.299133,1,1836318
130250521,0.29,0.291827,1,1836344
130251981,0.3,0.298365,1,1836344
130253441,0.27,0.275673,1,1836379
130254901,0.28,0.279135,1,1836379
130256361,0.27,0.271827,1,1836381
130257821,0.28,0.278365,1,1836381
130259281,0.29,0.287673,1,1836407
130260741,0.3,0.297535,1,1836407
130262201,0.29,0.291507,1,1836445
130263661,0.3,0.298301,1,1836445
130265121,0.31,0.30766,1,1836526
130266581,0.32,0.317532,1,1836526
130268041,0.33,0.327506,1,1836541
130269501,0.34,0.337501,1,1836541
130270961,0.37,0.3635,1,1836575
130272421,0.38,0.3767,1,1836575
130273881,0.37,0.37134,1,1836593
130275341,0.38,0.378268,1,1836593
130276801,0.37,0.371654,1,1836626
130278261,0.38,0.378331,1,1836626
130279721,0.41,0.403666,1,1836650
130281181,0.42,0.416733,1,1836650
130282641,0.41,0.411347,1,1836683
130284101,0.42,0.418269,1,1836683
130285561,0.41,0.411654,1,1836703
130287021,0.42,0.418331,1,1836703
130288481,0.41,0.411666,1,1836725
130289941,0.42,0.418333,1,1836725
130291401,0.43,0.427667,1,1836753
130292861,0.44,0.437533,1,1836753
130294321,0.43,0.431507,1,1836779
130295781,0.44,0.438301,1,1836779
130297241,0.43,0.43166,1,1836813
130298701,0.44,0.438332,1,1836813
130300161,0.43,0.431666,1,1836815
130301621,0.44,0.438333,1,1836815
130303081,0.41,0.415667,1,1836842
130304541,0.42,0.419133,1,1836842
130306001,0.43,0.427827,1,1836880
130307461,0.44,0.437565,1,1836880
130308921,0.44,0.439513,1,1836880
130310381,0.47,0.463903,1,1836962
130311841,0.48,0.476781,1,1836962
130313301,0.47,0.471356,1,1836978
130314761,0.48,0.478271,1,1836978
130316221,0.49,0.487654,1,1837014
130317681,0.5,0.497531,1,1837014
130319141,0.51,0.507506,1,1837032
130320601,0.52,0.517501,1,1837032
130322061,0.49,0.4955,1,1837065
130323521,0.5,0.4991,1,1837065
130324981,0.47,0.47582,1,1837091
130326441,0.48,0.479164,1,1837091
130327901,0.47,0.471833,1,1837124
130329361,0.48,0.478367,1,1837124
130330821,0.47,0.471673,1,1837144
130332281,0.48,0.478335,1,1837144
130333741,0.47,0.471667,1,1837166
130335201,0.48,0.478333,1,1837166
130336661,0.53,0.519667,1,1837195
130338121,0.54,0.535933,1,1837195
130339581,0.55,0.547187,1,1837221
130341041,0.56,0.557437,1,1837221
130342501,0.55,0.551487,1,1837255
130343961,0.56,0.558297,1,1837255
130345421,0.55,0.551659,1,1837257
130346881,0.56,0.558332,1,1837257
130348341,0.55,0.551666,1,1837283
130349801,0.56,0.558333,1,1837283
130351261,0.57,0.567667,1,1837322
130352721,0.58,0.577533,1,1837322
130354181,0.57,0.571507,1,1837324
130355641,0.58,0.578301,1,1837324
130357101,0.57,0.57166,1,1837407
130358561,0.58,0.578332,1,1837407
130360021,0.59,0.587666,1,1837423
130361481,0.6,0.597533,1,1837423
130362941,0.61,0.607507,1,1837460
130364401,0.62,0.617501,1,1837460
130365861,0.59,0.5955,1,1837479
130367321,0.6,0.5991,1,1837479
130368781,0.61,0.60782,1,1837511
130370241,0.62,0.617564,1,1837511
130371701,0.63,0.627513,1,1837536
130373161,0.64,0.637503,1,1837536
130374621,0.69,0.679501,1,1837569
130376081,0.7,0.6959,1,1837569
130377541,0.71,0.70718,1,1837589
130379001,0.72,0.717436,1,1837589
130380461,0.73,0.727487,1,1837611
130381921,0.74,0.737497,1,1837611
130383381,0.77,0.7635,2,1837643
130384841,0.78,0.7767,2,1837643
130386301,0.81,0.80334,2,1837670
130387761,0.82,0.816668,2,1837670
130389221,0.81,0.811334,2,1837704
130390681,0.82,0.818267,2,1837704
130392141,0.81,0.811653,2,1837706
130393601,0.82,0.818331,2,1837706
130395061,0.81,0.811666,2,1837732
130396521,0.82,0.818333,2,1837732
130397981,0.81,0.811667,2,1837772
130399441,0.82,0.818333,2,1837772
130400901,0.81,0.811667,2,1837774
130402361,0.82,0.818333,2,1837774
130403821,0.87,0.859667,2,1837857
130405281,0.88,0.875933,2,1837857
130406741,0.88,0.879187,2,1837857
130408201,0.87,0.871837,2,1837874
130409661,0.88,0.878367,2,1837874
130411121,0.89,0.887674,2,1837912
130412581,0.9,0.897535,2,1837912
130414041,0.89,0.891507,2,1837930
130415501,0.9,0.898301,2,1837930
130416961,0.87,0.87566,2,1837963
130418421,0.88,0.879132,2,1837963
130419881,0.89,0.887826,2,1837989
130421341,0.9,0.897565,2,1837989
130654941,0.89,0.89,2,1840461
130616981,0.74,0.77,2,1840501
130656401,0.63,0.658,1,1840537
130657861,0.49,0.5236,1,1840562
130628661,0.37,0.40072,1,1840619
130631581,0.23,0.264144,1,1840650
130659321,0.05,0.0928288,1,1840687
130660781,0.05,0.0585658,1,1840706
130662241,0.05,0.0517132,1,1840726
130663701,0.01,0.0183426,1,1840746
130665161,0.05,0.0436685,1,1840762
130666621,0.05,0.0487337,1,1840780
130668081,0.03,0.0337467,1,1840800
130669541,0.13,0.110749,1,1840816
130671001,0.01,0.0301499,1,1840871
130672461,0.05,0.04603,1,1840899
130673921,0.01,0.017206,1,1840926
130675381,0.03,0.0274412,1,1840959
130676841,0.03,0.0294882,1,1840989
130678301,0.01,0.0138976,1,1841007
130679761,0.03,0.0267795,1,1841058
130681221,0.03,0.0293559,1,1841082
130682681,0.01,0.0138712,1,1841129
130684141,0.02,0.0187742,1,1841129
130685601,0.03,0.0277548,1,1841167
130687061,0.04,0.037551,1,1841167
130688521,0.05,0.0475102,1,1841203
130689981,0.06,0.057502,1,1841203
130691441,0.09,0.0835004,1,1841243
130692901,0.1,0.0967001,1,1841243
130694361,0.01,0.02734,1,1841322
130695821,0.02,0.021468,1,1841322
130697281,0.03,0.0282936,1,1841381
130698741,0.04,0.0376587,1,1841381
130700201,0.05,0.0475317,1,1841428
130701661,0.06,0.0575064,1,1841428
130703121,0.03,0.0355013,1,1841504
130704581,0.04,0.0391003,1,1841504
130706041,0.04,0.0398201,1,1841504
130707501,0.03,0.031964,1,1841551
130708961,0.04,0.0383928,1,1841551
130710421,0.01,0.0156786,1,1841590
130711881,0.02,0.0191357,1,1841590
130713341,0.01,0.0118271,1,1841627
130714801,0.02,0.0183654,1,1841627
130716261,0.03,0.0276731,1,1841669
130717721,0.04,0.0375346,1,1841669
130719181,0.05,0.0475069,1,1841744
130720641,0.06,0.0575014,1,1841744
130722101,0.01,0.0195003,1,1841804
130723561,0.02,0.0199001,1,1841804
130725021,0.01,0.01198,1,1841852
130726481,0.02,0.018396,1,1841852
130727941,0.01,0.0116792,1,1841927
130729401,0.02,0.0183358,1,1841927
130730861,0.07,0.0596672,1,1841973
130732321,0.08,0.0759334,1,1841973
130733781,0.17,0.151187,1,1842011
130735241,0.18,0.174237,1,1842011
130736701,0.05,0.0748475,1,1842048
130738161,0.06,0.0629695,1,1842048
130739621,0.03,0.0365939,1,1842091
130741081,0.04,0.0393188,1,1842091
130742541,0.03,0.0318638,1,1842167
130744001,0.04,0.0383728,1,1842167
130745461,0.03,0.0316746,1,1842225
130746921,0.04,0.0383349,1,1842225
130748381,0.05,0.047667,1,1842273
130749841,0.06,0.0575334,1,1842273
130751301,0.03,0.0355067,1,1842348
130752761,0.04,0.0391013,1,1842348
130754221,0.05,0.0478203,1,1842397
130755681,0.06,0.0575641,1,1842397
130757141,0.06,0.0595128,1,1842397
130758601,0.09,0.0839026,1,1842440
130760061,0.1,0.0967805,1,1842440
130761521,0.09,0.0913561,1,1842471
130762981,0.1,0.0982712,1,1842471
130764441,0.03,0.0436542,1,1842513
130765901,0.04,0.0407308,1,1842513
130767361,0.03,0.0321462,1,1842589
130768821,0.04,0.0384292,1,1842589
130770281,0.03,0.0316858,1,1842647
130771741,0.04,0.0383372,1,1842647
130773201,0.05,0.0476674,1,1842696
130774661,0.06,0.0575335,1,1842696
130776121,0.03,0.0355067,1,1842770
130777581,0.04,0.0391013,1,1842770
130779041,0.03,0.0318203,1,1842820
130780501,0.04,0.0383641,1,1842820
130781961,0.03,0.0316728,1,1842822
130783421,0.04,0.0383346,1,1842822
130784881,0.03,0.0316669,1,1842866
130786341,0.04,0.0383334,1,1842866
130787801,0.01,0.0156667,1,1842897
130789261,0.02,0.0191333,1,1842897
130790721,0.01,0.0118267,1,1842936
130792181,0.02,0.0183653,1,1842936
130793641,0.03,0.0276731,1,1843012
130795101,0.04,0.0375346,1,1843012
130796561,0.01,0.0155069,1,1843070
130798021,0.02,0.0191014,1,1843070
130799481,0.01,0.0118203,1,1843120
130800941,0.02,0.0183641,1,1843120
130802401,0.03,0.0276728,1,1843193
130803861,0.04,0.0375346,1,1843193
130805321,0.01,0.0155069,1,1843243
130806781,0.02,0.0191014,1,1843243
130808241,0.01,0.0118203,1,1843245
130809701,0.02,0.0183641,1,1843245
130811161,0.01,0.0116728,1,1843289
130812621,0.02,0.0183346,1,1843289
130814081,0.02,0.0196669,1,1843289
130815541,0.09,0.0759334,1,1843319
130817001,0.1,0.0951867,1,1843319
130818461,0.03,0.0430373,1,1843358
130819921,0.04,0.0406075,1,1843358
130821381,0.03,0.0321215,1,1843435
130822841,0.04,0.0384243,1,1843435
130824301,0,0.00768486,1,1843492
130825761,0,0.00153697,1,1843492
130827221,0.03,0.0243074,1,1843542
130828681,0.04,0.0368615,1,1843542
130830141,0.05,0.0473723,1,1843616
130831601,0.06,0.0574745,1,1843616
130833061,0.01,0.0194949,1,1843665
130834521,0.02,0.019899,1,1843665
130835981,0.01,0.0119798,1,1843667
130837441,0.02,0.018396,1,1843667
130838901,0,0.00367919,1,1843711
130840361,0,0.000735838,1,1843711
130841821,0.11,0.0881472,1,1843744
130843281,0.12,0.113629,1,1843744
130844741,0.17,0.158726,1,1843780
130846201,0.18,0.175745,1,1843780
130847661,0.27,0.251149,1,1843857
130849121,0.28,0.27423,1,1843857
130850581,0.21,0.222846,1,1843913
130852041,0.22,0.220569,1,1843913
130853501,0.15,0.164114,1,1843964
130854961,0.16,0.160823,1,1843964
130856421,0.17,0.168165,1,1844039
130857881,0.18,0.177633,1,1844039
130859341,0.15,0.155527,1,1844086
130860801,0.16,0.159105,1,1844086
130862261,0.15,0.151821,1,1844088
130863721,0.16,0.158364,1,1844088
130865181,0.11,0.119673,1,1844132
130866641,0.12,0.119935,1,1844132
130868101,0.09,0.0959869,1,1844170
130869561,0.1,0.0991974,1,1844170
130871021,0.15,0.139839,1,1844209
130872481,0.16,0.155968,1,1844209
130873941,0.16,0.159194,1,1844209
130875401,0.23,0.215839,1,1844291
130876861,0.24,0.235168,1,1844291
130878321,0.21,0.215034,1,1844344
130879781,0.22,0.219007,1,1844344
130881241,0.23,0.227801,1,1844392
130882701,0.24,0.23756,1,1844392
130884161,0.25,0.247512,1,1844468
130885621,0.26,0.257502,1,1844468
130887081,0.27,0.2675,1,1844514
130888541,0.28,0.2775,1,1844514
130890001,0.27,0.2715,1,1844516
130891461,0.28,0.2783,1,1844516
130892921,0.27,0.27166,1,1844558
130894381,0.28,0.278332,1,1844558
130895841,0.27,0.271666,1,1844595
130897301,0.28,0.278333,1,1844595
130898761,0.31,0.303667,1,1844637
130900221,0.32,0.316733,1,1844637
130901681,0.31,0.311347,1,1844639
130903141,0.32,0.318269,1,1844639
130904601,0.25,0.263654,1,1844724
130906061,0.26,0.260731,1,1844724
130907521,0.29,0.284146,1,1844776
130908981,0.3,0.296829,1,1844776
130910441,0.29,0.291366,1,1844825
130911901,0.3,0.298273,1,1844825
130913361,0.29,0.291655,1,1844902
130914821,0.3,0.298331,1,1844902
130916281,0.33,0.323666,1,1844949
130917741,0.34,0.336733,1,1844949
130919201,0.33,0.331347,1,1844951
130920661,0.34,0.338269,1,1844951
130922121,0.33,0.331654,1,1844993
130923581,0.34,0.338331,1,1844993
130925041,0.35,0.347666,1,1845030
130926501,0.36,0.357533,1,1845030
130927961,0.43,0.415507,1,1845074
130929421,0.44,0.435101,1,1845074
130930881,0.43,0.43102,1,1845076
130932341,0.44,0.438204,1,1845076
130933801,0.44,0.439641,1,1845076
130935261,0.53,0.511928,1,1845158
130936721,0.54,0.534386,1,1845158
130938181,0.61,0.594877,1,1845212
130939641,0.62,0.614975,1,1845212
130941101,0.61,0.610995,1,1845261
130942561,0.62,0.618199,1,1845261
130944021,0.63,0.62764,1,1845338
130945481,0.64,0.637528,1,1845338
130946941,0.65,0.647506,1,1845387
130948401,0.66,0.657501,1,1845387
130949861,0.65,0.6515,1,1845389
130951321,0.66,0.6583,1,1845389
130952781,0.65,0.65166,1,1845431
130954241,0.66,0.658332,1,1845431
130955701,0.69,0.683666,1,1845469
130957161,0.7,0.696733,1,1845469
130958621,0.71,0.707347,1,1845517
130960081,0.72,0.717469,1,1845517
130961541,0.71,0.711494,1,1845519
130963001,0.72,0.718299,1,1845519
130964461,0.79,0.77566,2,1845605
130965921,0.8,0.795132,2,1845605
130967381,0.87,0.855026,2,1845663
130968841,0.88,0.875005,2,1845663
130970301,0.89,0.887001,2,1845712
130971761,0.9,0.8974,2,1845712
130973221,0.93,0.92348,2,1845790
130974681,0.94,0.936696,2,1845790
130976141,0.93,0.931339,2,1845840
130977601,0.94,0.938268,2,1845840
130979061,0.93,0.931654,2,1845842
130980521,0.94,0.938331,2,1845842
130981981,0.95,0.947666,2,1845884
130984901,0.95,0.95,2,1845924
130987821,0.95,0.95,2,1845973
130990741,0.95,0.95,2,1845975
130993661,0.93,0.93,2,1846065
130995121,0.94,0.938,2,1846065
131116301,0.91,0.91,2,1847856
131117761,0.92,0.918,2,1847856
131119221,0.79,0.8156,2,1847891
131120681,0.8,0.80312,2,1847891
131122141,0.88,0.864624,2,1847961
131123601,0.89,0.884925,2,1847961
131125061,0.73,0.760985,2,1848024
131126521,0.74,0.744197,1,1848024
131127981,0.73,0.732839,1,1848060
131129441,0.74,0.738568,1,1848060
131130901,0.53,0.571714,1,1848091
131132361,0.54,0.546343,1,1848091
131133821,0.39,0.421269,1,1848167
131135281,0.4,0.404254,1,1848167
131136741,0.4,0.400851,1,1848167
131138201,0.35,0.36017,1,1848197
131139661,0.36,0.360034,1,1848197
131141121,0.15,0.192007,1,1848241
131142581,0.16,0.166401,1,1848241
131144041,0.19,0.18528,1,1848270
131145501,0.2,0.197056,1,1848270
131146961,0.29,0.271411,1,1848303
131148421,0.3,0.294282,1,1848303
131149881,0.17,0.194856,1,1848325
131151341,0.18,0.182971,1,1848325
131152801,0.09,0.108594,1,1848356
131154261,0.1,0.101719,1,1848356
131155721,0.03,0.0443438,1,1848427
131157181,0.04,0.0408688,1,1848427
131158641,0.03,0.0321738,1,1848481
131160101,0.04,0.0384348,1,1848481
131161561,0.05,0.0476869,1,1848517
131163021,0.06,0.0575374,1,1848517
131164481,0.05,0.0515075,1,1848538
131165941,0.06,0.0583015,1,1848538
131167401,0.11,0.0996603,1,1848607
131168861,0.12,0.115932,1,1848607
131170321,0.11,0.111186,1,1848609
131171781,0.12,0.118237,1,1848609
131173241,0.05,0.0636475,1,1848636
131174701,0.06,0.0607295,1,1848636
131176161,0.11,0.100146,1,1848670
131177621,0.12,0.116029,1,1848670
131179081,0.09,0.0952058,1,1848701
131180541,0.1,0.0990412,1,1848701
131182001,0.11,0.107808,1,1848739
131183461,0.12,0.117562,1,1848739
131184921,0.11,0.111512,1,1848755
131186381,0.12,0.118302,1,1848755
131187841,0.09,0.0956605,1,1848782
131189301,0.1,0.0991321,1,1848782
131190761,0,0.0198264,1,1848850
131192221,0,0.00396528,1,1848850
131193681,0.03,0.0247931,1,1848904
131195141,0.04,0.0369586,1,1848904
131196601,0.03,0.0313917,1,1848941
131198061,0.04,0.0382783,1,1848941
131199521,0,0.00765567,1,1848962
131200981,0,0.00153113,1,1848962
131202441,0.07,0.0563062,1,1849034
131203901,0.08,0.0752612,1,1849034
131205361,0.07,0.0710522,1,1849036
131206821,0.08,0.0782104,1,1849036
131208281,0.07,0.0716421,1,1849060
131209741,0.08,0.0783284,1,1849060
131211201,0.08,0.0796657,1,1849060
131212661,0.17,0.151933,1,1849097
131214121,0.18,0.174387,1,1849097
131215581,0.17,0.170877,1,1849127
131217041,0.18,0.178175,1,1849127
131218501,0.21,0.203635,1,1849166
131219961,0.22,0.216727,1,1849166
131221421,0.21,0.211345,1,1849182
131222881,0.22,0.218269,1,1849182
131224341,0.21,0.211654,1,1849208
131225801,0.22,0.218331,1,1849208
131227261,0.17,0.179666,1,1849272
131228721,0.18,0.179933,1,1849272
131230181,0.15,0.155987,1,1849327
131231641,0.16,0.159197,1,1849327
131233101,0.19,0.183839,1,1849364
131234561,0.2,0.196768,1,1849364
131236021,0.15,0.159354,1,1849384
131237481,0.16,0.159871,1,1849384
131238941,0.19,0.183974,1,1849459
131240401,0.2,0.196795,1,1849459
131241861,0.19,0.191359,1,1849461
131243321,0.2,0.198272,1,1849461
131244781,0.21,0.207654,1,1849485
131246241,0.22,0.217531,1,1849485
131247701,0.29,0.275506,1,1849526
131249161,0.3,0.295101,1,1849526
131250621,0.31,0.30702,1,1849556
131252081,0.32,0.317404,1,1849556
131253541,0.39,0.375481,1,1849597
131255001,0.4,0.395096,1,1849597
131256461,0.39,0.391019,1,1849613
131257921,0.4,0.398204,1,1849613
131259381,0.43,0.423641,1,1849639
131260841,0.44,0.436728,1,1849639
131262301,0.43,0.431346,1,1849701
131263761,0.44,0.438269,1,1849701
131265221,0.43,0.431654,1,1849755
131266681,0.44,0.438331,1,1849755
131268141,0.41,0.415666,1,1849794
131269601,0.42,0.419133,1,1849794
131271061,0.41,0.411827,1,1849812
131272521,0.42,0.418365,1,1849812
131273981,0.45,0.443673,1,1849889
131275441,0.46,0.456735,1,1849889
131276901,0.45,0.451347,1,1849891
131278361,0.46,0.458269,1,1849891
131279821,0.43,0.435654,1,1849916
131281281,0.44,0.439131,1,1849916
131282741,0.41,0.415826,1,1849961
131284201,0.42,0.419165,1,1849961
131285661,0.49,0.475833,1,1849992
131287121,0.5,0.495167,1,1849992
131288581,0.5,0.499033,1,1849992
131290041,0.51,0.507807,1,1850037
131291501,0.52,0.517561,1,1850037
131292961,0.51,0.511512,1,1850053
131294421,0.52,0.518302,1,1850053
131295881,0.49,0.49566,1,1850081
131297341,0.5,0.499132,1,1850081
131298801,0.49,0.491826,1,1850143
131300261,0.5,0.498365,1,1850143
131301721,0.49,0.491673,1,1850197
131303181,0.5,0.498335,1,1850197
131304641,0.51,0.507667,1,1850235
131306101,0.52,0.517533,1,1850235
131307561,0.53,0.527507,1,1850253
131309021,0.54,0.537501,1,1850253
131310481,0.51,0.5155,1,1850332
131311941,0.52,0.5191,1,1850332
131313401,0.51,0.51182,1,1850334
131314861,0.52,0.518364,1,1850334
131316321,0.53,0.527673,1,1850358
131317781,0.54,0.537535,1,1850358
131319241,0.59,0.579507,1,1850402
131320701,0.6,0.595901,1,1850402
131322161,0.55,0.55918,1,1850437
131323621,0.56,0.559836,1,1850437
131325081,0.55,0.551967,1,1850439
131326541,0.56,0.558393,1,1850439
131328001,0.61,0.599679,1,1850484
131329461,0.62,0.615936,1,1850484
131330921,0.63,0.627187,1,1850500
131332381,0.64,0.637437,1,1850500
131333841,0.61,0.615487,1,1850527
131335301,0.62,0.619098,1,1850527
131336761,0.67,0.65982,1,1850589
131338221,0.68,0.675964,1,1850589
131339681,0.67,0.671193,1,1850643
131341141,0.68,0.678239,1,1850643
131342601,0.65,0.655648,1,1850682
131344061,0.66,0.65913,1,1850682
131345521,0.67,0.667826,1,1850701
131346981,0.68,0.677565,1,1850701
131348441,0.67,0.671513,1,1850779
131349901,0.68,0.678303,1,1850779
131351361,0.67,0.671661,1,1850781
131352821,0.68,0.678332,1,1850781
131354281,0.65,0.655666,1,1850806
131355741,0.66,0.659133,1,1850806
131357201,0.67,0.667827,1,1850853
131358661,0.68,0.677565,1,1850853
131360121,0.67,0.671513,1,1850886
131361581,0.68,0.678303,1,1850886
131363041,0.67,0.671661,1,1850888
131364501,0.68,0.678332,1,1850888
131365961,0.68,0.679666,1,1850888
131367421,0.77,0.751933,2,1850936
131368881,0.78,0.774387,2,1850936
131370341,0.79,0.786877,2,1850953
131371801,0.8,0.797375,2,1850953
131373261,0.79,0.791475,2,1850979
131374721,0.8,0.798295,2,1850979
131376181,0.87,0.855659,2,1851044
131377641,0.88,0.875132,2,1851044
131379101,0.87,0.871026,2,1851098
131380561,0.88,0.878205,2,1851098
131382021,0.89,0.887641,2,1851136
131383481,0.9,0.897528,2,1851136
131384941,0.89,0.891506,2,1851156
131386401,0.9,0.898301,2,1851156
131387861,0.91,0.90766,2,1851234
131389321,0.92,0.917532,2,1851234
131390781,0.91,0.911506,2,1851236
131392241,0.92,0.918301,2,1851236
131393701,0.91,0.91166,2,1851260
131395161,0.92,0.918332,2,1851260
131396621,0.91,0.911666,2,1851308
131398081,0.92,0.918333,2,1851308
131554301,0.91,0.91,2,1853201
131555761,0.92,0.918,2,1853201
131557221,0.83,0.8476,2,1853229
131558681,0.84,0.84152,2,1853229
131560141,0.89,0.880304,2,1853256
131561601,0.9,0.896061,2,1853256
131563061,0.87,0.875212,2,1853279
131564521,0.88,0.879042,2,1853279
131565981,0.81,0.823809,2,1853309
131567441,0.82,0.820762,2,1853309
131568901,0.75,0.764152,2,1853339
131570361,0.76,0.76083,2,1853339
131571821,0.63,0.656166,1,1853360
131573281,0.64,0.643233,1,1853360
131574741,0.53,0.552647,1,1853385
131576201,0.54,0.542529,1,1853385
131577661,0.47,0.484506,1,1853422
131579121,0.48,0.480901,1,1853422
131580581,0.45,0.45618,1,1853485
131582041,0.46,0.459236,1,1853485
131583501,0.36,0.379847,1,1853514
131584961,0.37,0.371969,1,1853514
131586421,0.39,0.386394,1,1853549
131587881,0.4,0.397279,1,1853549
131589341,0.47,0.455456,1,1853615
131590801,0.48,0.475091,1,1853615
131592261,0.55,0.535018,1,1853641
131593721,0.56,0.555004,1,1853641
131595181,0.49,0.503001,1,1853668
131596641,0.5,0.5006,1,1853668
131598101,0.49,0.49212,1,1853694
131599561,0.5,0.498424,1,1853694
131601021,0.47,0.475685,1,1853721
131602481,0.48,0.479137,1,1853721
131603941,0.51,0.503827,1,1853743
131605401,0.52,0.516765,1,1853743
131606861,0.45,0.463353,1,1853770
131608321,0.46,0.460671,1,1853770
131609781,0.51,0.500134,1,1853797
131611241,0.52,0.516027,1,1853797
131612701,0.49,0.495205,1,1853812
131614161,0.5,0.499041,1,1853812
131615621,0.47,0.475808,1,1853832
131617081,0.48,0.479162,1,1853832
131618541,0.55,0.535832,1,1853866
131620001,0.56,0.555166,1,1853866
131621461,0.51,0.519033,1,1853928
131622921,0.52,0.519807,1,1853928
131624381,0.52,0.519961,1,1853928
131625841,0.57,0.559992,1,1853953
131627301,0.58,0.575998,1,1853953
131628761,0.63,0.6192,1,1853989
131630221,0.64,0.63584,1,1853989
131631681,0.57,0.583168,1,1854059
131633141,0.58,0.580634,1,1854059
131634601,0.57,0.572127,1,1854089
131636061,0.58,0.578425,1,1854089
131637521,0.61,0.603685,1,1854113
131638981,0.62,0.616737,1,1854113
131640441,0.61,0.611347,1,1854139
131641901,0.62,0.618269,1,1854139
131643361,0.61,0.611654,1,1854165
131644821,0.62,0.618331,1,1854165
131646281,0.61,0.611666,1,1854189
131647741,0.62,0.618333,1,1854189
131649201,0.61,0.611667,1,1854213
131650661,0.62,0.618333,1,1854213
131652121,0.63,0.627667,1,1854243
131653581,0.64,0.637533,1,1854243
131655041,0.63,0.631507,1,1854257
131656501,0.64,0.638301,1,1854257
131657961,0.61,0.61566,1,1854276
131659421,0.62,0.619132,1,1854276
131660881,0.61,0.611826,1,1854314
131662341,0.62,0.618365,1,1854314
131663801,0.61,0.611673,1,1854374
131665261,0.62,0.618335,1,1854374
131666721,0.61,0.611667,1,1854376
131668181,0.62,0.618333,1,1854376
131669641,0.61,0.611667,1,1854403
131671101,0.62,0.618333,1,1854403
131672561,0.65,0.643667,1,1854442
131674021,0.66,0.656733,1,1854442
131675481,0.69,0.683347,1,1854509
131676941,0.7,0.696669,1,1854509
131678401,0.71,0.707334,1,1854539
131679861,0.72,0.717467,1,1854539
131681321,0.71,0.711493,1,1854565
131682781,0.72,0.718299,1,1854565
131684241,0.73,0.72766,1,1854591
131685701,0.74,0.737532,1,1854591
131687161,0.73,0.731506,1,1854617
131688621,0.74,0.738301,1,1854617
131690081,0.73,0.73166,1,1854641
131691541,0.74,0.738332,1,1854641
131693001,0.73,0.731666,1,1854665
131694461,0.74,0.738333,1,1854665
131695921,0.77,0.763667,2,1854696
131697381,0.78,0.776733,2,1854696
131698841,0.77,0.771347,2,1854710
131700301,0.78,0.778269,2,1854710
131701761,0.77,0.771654,2,1854728
131703221,0.78,0.778331,2,1854728
131704681,0.77,0.771666,2,1854766
131706141,0.78,0.778333,2,1854766
131707601,0.75,0.755667,2,1854826
131709061,0.76,0.759133,2,1854826
131710521,0.75,0.751827,2,1854828
131711981,0.76,0.758365,2,1854828
131713441,0.76,0.759673,2,1854828
131714901,0.81,0.799935,2,1854855
131716361,0.82,0.815987,2,1854855
131717821,0.79,0.795197,2,1854896
131719281,0.8,0.799039,2,1854896
131720741,0.85,0.839808,2,1854965
131722201,0.86,0.855962,2,1854965
131723661,0.93,0.915192,2,1854996
131725121,0.94,0.935038,2,1854996
131726581,0.93,0.931008,2,1855022
131728041,0.94,0.938202,2,1855022
131729501,0.95,0.94764,2,1855049
131732421,0.95,0.95,2,1855075
131963101,0.86,0.86,2,1857658
131964561,0.63,0.676,1,1857696
131966021,0.51,0.5432,1,1857737
131967481,0.43,0.45264,1,1857773
131968941,0.37,0.386528,1,1857806
131970401,0.25,0.277306,1,1857824
131971861,0.05,0.0954611,1,1857881
131973321,0.05,0.0590922,1,1857897
131974781,0.05,0.0518184,1,1857913
131976241,0.01,0.0183637,1,1857925
131977701,0.05,0.0436727,1,1857933
131979161,0,0.00873455,1,1858003
131980621,0,0.00174691,1,1858003
131982081,0.09,0.0723494,1,1858094
131983541,0.1,0.0944699,1,1858094
131985001,0.05,0.058894,1,1858148
131986461,0.06,0.0597788,1,1858148
131987921,0.05,0.0519558,1,1858215
131989381,0.06,0.0583912,1,1858215
131990841,0.03,0.0356782,1,1858257
131992301,0.04,0.0391356,1,1858257
131993761,0.03,0.0318271,1,1858320
131995221,0.04,0.0383654,1,1858320
131996681,0.03,0.0316731,1,1858346
131998141,0.04,0.0383346,1,1858346
131999601,0.04,0.0396669,1,1858346
132001061,0.01,0.0159334,1,1858424
132002521,0.02,0.0191867,1,1858424
132003981,0.03,0.0278373,1,1858519
132005441,0.04,0.0375675,1,1858519
132006901,0.13,0.111513,1,1858571
132008361,0.14,0.134303,1,1858571
132009821,0.01,0.0348605,1,1858638
132011281,0.02,0.0229721,1,1858638
132012741,0.03,0.0285944,1,1858679
132014201,0.04,0.0377189,1,1858679
132015661,0.03,0.0315438,1,1858742
132017121,0.04,0.0383088,1,1858742
132018581,0.01,0.0156618,1,1858768
132020041,0.02,0.0191324,1,1858768
132021501,0.01,0.0118265,1,1858770
132022961,0.02,0.0183653,1,1858770
132024421,0,0.00367306,1,1858846
132025881,0,0.000734612,1,1858846
132027341,0.03,0.0241469,1,1858942
132028801,0.04,0.0368294,1,1858942
132030261,0.05,0.0473659,1,1858999
132031721,0.06,0.0574732,1,1858999
132033181,0.03,0.0354946,1,1859060
132034641,0.04,0.0390989,1,1859060
132036101,0.07,0.0638198,1,1859102
132037561,0.08,0.076764,1,1859102
132039021,0.05,0.0553528,1,1859165
132040481,0.06,0.0590706,1,1859165
132041941,0.03,0.0358141,1,1859190
132043401,0.04,0.0391628,1,1859190
132044861,0.03,0.0318326,1,1859192
132046321,0.04,0.0383665,1,1859192
132047781,0,0.0076733,1,1859268
132049241,0,0.00153466,1,1859268
132050701,0,0.000306932,1,1859268
132052161,0.05,0.0400614,1,1859365
132053621,0.06,0.0560123,1,1859365
132055081,0.03,0.0352025,1,1859423
132056541,0.04,0.0390405,1,1859423
132058001,0.07,0.0638081,1,1859483
132059461,0.08,0.0767616,1,1859483
132060921,0.09,0.0873523,1,1859527
132062381,0.1,0.0974705,1,1859527
132063841,0.09,0.0914941,1,1859589
132065301,0.1,0.0982988,1,1859589
132066761,0.13,0.12366,1,1859613
132068221,0.14,0.136732,1,1859613
132069681,0.13,0.131346,1,1859615
132071141,0.14,0.138269,1,1859615
132072601,0.03,0.0516539,1,1859690
132074061,0.04,0.0423308,1,1859690
132075521,0.05,0.0484662,1,1859788
132076981,0.06,0.0576932,1,1859788
132078441,0.07,0.0675386,1,1859845
132079901,0.08,0.0775077,1,1859845
132081361,0.03,0.0395015,1,1859907
132082821,0.04,0.0399003,1,1859907
132084281,0.05,0.0479801,1,1859952
132085741,0.06,0.057596,1,1859952
132087201,0.13,0.115519,1,1860014
132088661,0.14,0.135104,1,1860014
132090121,0.09,0.0990208,1,1860040
132091581,0.1,0.0998042,1,1860040
132093041,0.09,0.0919608,1,1860042
132094501,0.1,0.0983922,1,1860042
132095961,0.07,0.0756784,1,1860112
132097421,0.08,0.0791357,1,1860112
132098881,0.07,0.0718271,1,1860211
132100341,0.08,0.0783654,1,1860211
132101801,0.03,0.0396731,1,1860269
132103261,0.04,0.0399346,1,1860269
132104721,0.04,0.0399869,1,1860269
132106181,0.09,0.0799974,1,1860329
132107641,0.1,0.0959995,1,1860329
132109101,0.15,0.1392,1,1860375
132110561,0.16,0.15584,1,1860375
132112021,0.19,0.183168,1,1860441
132113481,0.2,0.196634,1,1860441
132114941,0.19,0.191327,1,1860465
132116401,0.2,0.198265,1,1860465
132117861,0.19,0.191653,1,1860467
132119321,0.2,0.198331,1,1860467
132120781,0.15,0.159666,1,1860536
132122241,0.16,0.159933,1,1860536
132123701,0.13,0.135987,1,1860635
132125161,0.14,0.139197,1,1860635
132126621,0.15,0.147839,1,1860691
132128081,0.16,0.157568,1,1860691
132129541,0.15,0.151514,1,1860693
132131001,0.16,0.158303,1,1860693
132132461,0.23,0.215661,1,1860755
132133921,0.24,0.235132,1,1860755
132135381,0.25,0.247026,1,1860804
132136841,0.26,0.257405,1,1860804
132138301,0.31,0.299481,1,1860872
132139761,0.32,0.315896,1,1860872
132141221,0.31,0.311179,1,1860896
132142681,0.32,0.318236,1,1860896
132144141,0.31,0.311647,1,1860898
132145601,0.32,0.318329,1,1860898
132147061,0.35,0.343666,1,1860965
132148521,0.36,0.356733,1,1860965
132149981,0.37,0.367347,1,1861063
132151441,0.38,0.377469,1,1861063
132152901,0.37,0.371494,1,1861120
132154361,0.38,0.378299,1,1861120
132155821,0.37,0.37166,1,1861122
132157281,0.38,0.378332,1,1861122
132158741,0.38,0.379666,1,1861122
132160201,0.43,0.419933,1,1861188
132161661,0.44,0.435987,1,1861188
132163121,0.47,0.463197,1,1861238
132164581,0.48,0.476639,1,1861238
132166041,0.45,0.455328,1,1861309
132167501,0.46,0.459066,1,1861309
132168961,0.45,0.451813,1,1861333
132170421,0.46,0.458363,1,1861333
132171881,0.45,0.451673,1,1861335
132173341,0.46,0.458334,1,1861335
132174801,0.49,0.483667,1,1861404
132176261,0.5,0.496733,1,1861404
132177721,0.57,0.555347,1,1861503
132179181,0.58,0.575069,1,1861503
132180641,0.59,0.587014,1,1861560
132182101,0.6,0.597403,1,1861560
132183561,0.59,0.591481,1,1861562
132185021,0.6,0.598296,1,1861562
132186481,0.67,0.655659,1,1861630
132187941,0.68,0.675132,1,1861630
132189401,0.65,0.655026,1,1861682
132190861,0.66,0.659005,1,1861682
132192321,0.61,0.619801,1,1861752
132193781,0.62,0.61996,1,1861752
132195241,0.61,0.611992,1,1861776
132196701,0.62,0.618398,1,1861776
132198161,0.61,0.61168,1,1861778
132199621,0.62,0.618336,1,1861778
132201081,0.67,0.659667,1,1861849
132202541,0.68,0.675933,1,1861849
132204001,0.65,0.655187,1,1861952
132205461,0.66,0.659037,1,1861952
132206921,0.69,0.683807,1,1862010
132208381,0.7,0.696761,1,1862010
132209841,0.69,0.691352,1,1862012
132211301,0.7,0.69827,1,1862012
132212761,0.73,0.723654,1,1862084
132214221,0.74,0.736731,1,1862084
132215681,0.71,0.715346,1,1862135
132217141,0.72,0.719069,1,1862135
132218601,0.72,0.719814,1,1862135
132220061,0.77,0.759963,2,1862203
132221521,0.78,0.775993,2,1862203
132222981,0.77,0.771199,2,1862227
132224441,0.78,0.77824,2,1862227
132225901,0.77,0.771648,2,1862229
132227361,0.78,0.77833,2,1862229
132228821,0.85,0.835666,2,1862303
132230281,0.86,0.855133,2,1862303
132231741,0.87,0.867027,2,1862405
132233201,0.88,0.877405,2,1862405
132234661,0.89,0.887481,2,1862465
132236121,0.9,0.897496,2,1862465
132237581,0.89,0.891499,2,1862467
132239041,0.9,0.8983,2,1862467
132240501,0.95,0.93966,2,1862541
132377741,0.95,0.95,2,1864678
132404021,0.87,0.87,2,1865114
132405481,0.88,0.878,2,1865114
132417161,0.92,0.92,2,1865228
132418621,0.93,0.928,2,1865228
132566081,0.82,0.82,2,1867421
132567541,0.83,0.828,2,1867421
132569001,0.83,0.8296,2,1867454
132570461,0.84,0.83792,2,1867454
132571921,0.73,0.751584,2,1867486
132573381,0.74,0.742317,1,1867486
132574841,0.51,0.556463,1,1867531
132576301,0.52,0.527293,1,1867531
132577761,0.35,0.385459,1,1867565
132579221,0.36,0.365092,1,1867565
132580681,0.31,0.321018,1,1867591
132582141,0.32,0.320204,1,1867591
132583601,0.11,0.152041,1,1867638
132585061,0.12,0.126408,1,1867638
132586521,0.05,0.0652816,1,1867674
132587981,0.06,0.0610563,1,1867674
132589441,0.05,0.0522113,1,1867699
132590901,0.06,0.0584423,1,1867699
132592361,0.03,0.0356885,1,1867727
132593821,0.04,0.0391377,1,1867727
132595281,0.07,0.0638275,1,1867761
132596741,0.08,0.0767655,1,1867761
132598201,0.03,0.0393531,1,1867833
132599661,0.04,0.0398706,1,1867833
132601121,0.03,0.0319741,1,1867886
132602581,0.04,0.0383948,1,1867886
132604041,0.07,0.063679,1,1867916
132605501,0.08,0.0767358,1,1867916
132606961,0.09,0.0873472,1,1867943
132608421,0.1,0.0974694,1,1867943
132609881,0.09,0.0914939,1,1867977
132611341,0.1,0.0982988,1,1867977
132612801,0.07,0.0756598,1,1868003
132614261,0.08,0.079132,1,1868003
132615721,0.09,0.0878264,1,1868027
132617181,0.1,0.0975653,1,1868027
132618641,0.07,0.0755131,1,1868064
132620101,0.08,0.0791026,1,1868064
132621561,0.09,0.0878205,1,1868097
132623021,0.1,0.0975641,1,1868097
132624481,0.07,0.0755128,1,1868122
132625941,0.08,0.0791026,1,1868122
132627401,0.03,0.0398205,1,1868149
132628861,0.04,0.0399641,1,1868149
132630321,0.03,0.0319928,1,1868185
132631781,0.04,0.0383986,1,1868185
132633241,0.04,0.0396797,1,1868185
132634701,0.05,0.0479359,1,1868255
132636161,0.06,0.0575872,1,1868255
132637621,0.03,0.0355174,1,1868308
132639081,0.04,0.0391035,1,1868308
132640541,0.13,0.111821,1,1868340
132642001,0.14,0.134364,1,1868340
132643461,0.13,0.130873,1,1868368
132644921,0.14,0.138175,1,1868368
132646381,0.17,0.163635,1,1868402
132647841,0.18,0.176727,1,1868402
132649301,0.15,0.155345,1,1868427
132650761,0.16,0.159069,1,1868427
132652221,0.15,0.151814,1,1868452
132653681,0.16,0.158363,1,1868452
132655141,0.11,0.119673,1,1868488
132656601,0.12,0.119935,1,1868488
132658061,0.13,0.127987,1,1868522
132659521,0.14,0.137597,1,1868522
132660981,0.15,0.147519,1,1868546
132662441,0.16,0.157504,1,1868546
132663901,0.19,0.183501,1,1868571
132665361,0.2,0.1967,1,1868571
132666821,0.05,0.07934,1,1868607
132668281,0.06,0.063868,1,1868607
132669741,0.05,0.0527736,1,1868609
132671201,0.06,0.0585547,1,1868609
132672661,0.03,0.0357109,1,1868679
132674121,0.04,0.0391422,1,1868679
132675581,0.01,0.0158284,1,1868731
132677041,0.02,0.0191657,1,1868731
132678501,0.03,0.0278331,1,1868768
132679961,0.04,0.0375666,1,1868768
132681421,0.05,0.0475133,1,1868796
132682881,0.06,0.0575027,1,1868796
132684341,0.11,0.0995005,1,1868832
132685801,0.12,0.1159,1,1868832
132687261,0.13,0.12718,1,1868856
132688721,0.14,0.137436,1,1868856
132690181,0.19,0.179487,1,1868881
132691641,0.2,0.195897,1,1868881
132693101,0.21,0.207179,1,1868915
132694561,0.22,0.217436,1,1868915
132696021,0.23,0.227487,1,1868950
132697481,0.24,0.237497,1,1868950
132698941,0.21,0.215499,1,1868975
132700401,0.22,0.2191,1,1868975
132701861,0.19,0.19582,1,1869002
132703321,0.2,0.199164,1,1869002
132704781,0.17,0.175833,1,1869031
132706241,0.18,0.179167,1,1869031
132707701,0.17,0.171833,1,1869033
132709161,0.18,0.178367,1,1869033
132710621,0.18,0.179673,1,1869033
132712081,0.17,0.171935,1,1869102
132713541,0.18,0.178387,1,1869102
132715001,0.15,0.155677,1,1869153
132716461,0.16,0.159135,1,1869153
132717921,0.09,0.103827,1,1869191
132719381,0.1,0.100765,1,1869191
132720841,0.07,0.0761531,1,1869220
132722301,0.08,0.0792306,1,1869220
132723761,0.07,0.0718461,1,1869259
132725221,0.08,0.0783692,1,1869259
132726681,0.11,0.103674,1,1869284
132728141,0.12,0.116735,1,1869284
132729601,0.11,0.111347,1,1869312
132731061,0.12,0.118269,1,1869312
132732521,0.17,0.159654,1,1869347
132733981,0.18,0.175931,1,1869347
132735441,0.17,0.171186,1,1869383
132736901,0.18,0.178237,1,1869383
132738361,0.19,0.187647,1,1869407
132739821,0.2,0.197529,1,1869407
132741281,0.19,0.191506,1,1869433
132742741,0.2,0.198301,1,1869433
132744201,0.21,0.20766,1,1869461
132745661,0.22,0.217532,1,1869461
132747121,0.21,0.211506,1,1869463
132748581,0.22,0.218301,1,1869463
132750041,0.25,0.24366,1,1869531
132751501,0.26,0.256732,1,1869531
132752961,0.25,0.251346,1,1869581
132754421,0.26,0.258269,1,1869581
132755881,0.23,0.235654,1,1869616
132757341,0.24,0.239131,1,1869616
132758801,0.25,0.247826,1,1869644
132760261,0.26,0.257565,1,1869644
132761721,0.29,0.283513,1,1869683
132763181,0.3,0.296703,1,1869683
132764641,0.27,0.275341,1,1869710
132766101,0.28,0.279068,1,1869710
132767561,0.31,0.303814,1,1869738
132769021,0.32,0.316763,1,1869738
132770481,0.29,0.295353,1,1869776
132771941,0.3,0.299071,1,1869776
132773401,0.33,0.323814,1,1869812
132774861,0.34,0.336763,1,1869812
132776321,0.33,0.331353,1,1869837
132777781,0.34,0.338271,1,1869837
132779241,0.33,0.331654,1,1869863
132780701,0.34,0.338331,1,1869863
132782161,0.35,0.347666,1,1869892
132783621,0.36,0.357533,1,1869892
132785081,0.35,0.351507,1,1869894
132786541,0.36,0.358301,1,1869894
132788001,0.39,0.38366,1,1869964
132789461,0.4,0.396732,1,1869964
132790921,0.41,0.407346,1,1870014
132792381,0.42,0.417469,1,1870014
132793841,0.42,0.419494,1,1870014
132795301,0.43,0.427899,1,1870048
132796761,0.44,0.43758,1,1870048
132798221,0.47,0.463516,1,1870077
132799681,0.48,0.476703,1,1870077
132801141,0.51,0.503341,1,1870118
132802601,0.52,0.516668,1,1870118
132804061,0.53,0.527334,1,1870144
132805521,0.54,0.537467,1,1870144
132806981,0.53,0.531493,1,1870174
132808441,0.54,0.538299,1,1870174
132809901,0.55,0.54766,1,1870211
132811361,0.56,0.557532,1,1870211
132812821,0.51,0.519506,1,1870249
132814281,0.52,0.519901,1,1870249
132815741,0.51,0.51198,1,1870274
132817201,0.52,0.518396,1,1870274
132818661,0.53,0.527679,1,1870300
132820121,0.54,0.537536,1,1870300
132821581,0.55,0.547507,1,1870330
132823041,0.56,0.557501,1,1870330
132824501,0.55,0.5515,1,1870332
132825961,0.56,0.5583,1,1870332
132827421,0.61,0.59966,1,1870404
132828881,0.62,0.615932,1,1870404
132830341,0.59,0.595186,1,1870455
132831801,0.6,0.599037,1,1870455
132833261,0.59,0.591807,1,1870457
132834721,0.6,0.598361,1,1870457
132836181,0.61,0.607672,1,1870491
132837641,0.62,0.617534,1,1870491
132839101,0.65,0.643507,1,1870522
132840561,0.66,0.656701,1,1870522
132842021,0.67,0.66734,1,1870565
132843481,0.68,0.677468,1,1870565
132844941,0.69,0.687494,1,1870592
132846401,0.7,0.697499,1,1870592
132847861,0.69,0.6915,1,1870622
132849321,0.7,0.6983,1,1870622
132850781,0.73,0.72366,1,1870660
132852241,0.74,0.736732,1,1870660
132853701,0.75,0.747346,1,1870696
132855161,0.76,0.757469,2,1870696
132856621,0.81,0.799494,2,1870721
132858081,0.82,0.815899,2,1870721
132859541,0.83,0.82718,2,1870748
132861001,0.84,0.837436,2,1870748
132862461,0.85,0.847487,2,1870779
132863921,0.86,0.857497,2,1870779
132865381,0.85,0.851499,2,1870781
132866841,0.86,0.8583,2,1870781
132868301,0.85,0.85166,2,1870856
132869761,0.86,0.858332,2,1870856
132871221,0.85,0.851666,2,1870906
132872681,0.86,0.858333,2,1870906
132874141,0.85,0.851667,2,1870908
132875601,0.86,0.858333,2,1870908
132877061,0.85,0.851667,2,1870943
132878521,0.86,0.858333,2,1870943
132879981,0.86,0.859667,2,1870943
132881441,0.85,0.851933,2,1870976
132882901,0.86,0.858387,2,1870976
132884361,0.89,0.883677,2,1871020
132885821,0.9,0.896735,2,1871020
132887281,0.85,0.859347,2,1871048
132888741,0.86,0.859869,2,1871048
132890201,0.85,0.851974,2,1871078
132891661,0.86,0.858395,2,1871078
132893121,0.81,0.819679,2,1871118
132894581,0.82,0.819936,2,1871118
132896041,0.85,0.843987,2,1871155
132897501,0.86,0.856797,2,1871155
132898961,0.89,0.88336,2,1871183
132900421,0.9,0.896672,2,1871183
132901881,0.91,0.907334,2,1871211
132903341,0.92,0.917467,2,1871211
132904801,0.91,0.911493,2,1871243
132906261,0.92,0.918299,2,1871243
132907721,0.91,0.91166,2,1871245
132909181,0.92,0.918332,2,1871245
133062481,0.91,0.91,2,1873000
133063941,0.92,0.918,2,1873000
133068321,0.94,0.94,2,1873067
133069781,0.95,0.948,2,1873067
133071241,0.9,0.9096,2,1873101
133072701,0.91,0.90992,2,1873101
133074161,0.91,0.909984,2,1873130
133075621,0.92,0.917997,2,1873130
133077081,0.83,0.847599,2,1873162
133078541,0.84,0.84152,2,1873162
133080001,0.81,0.816304,2,1873196
133081461,0.82,0.819261,2,1873196
133082921,0.77,0.779852,2,1873234
133084381,0.78,0.77997,2,1873234
133085841,0.73,0.739994,1,1873264
133087301,0.74,0.739999,1,1873264
133088761,0.67,0.684,1,1873304
133090221,0.68,0.6808,1,1873304
133091681,0.67,0.67216,1,1873332
133093141,0.68,0.678432,1,1873332
133094601,0.63,0.639686,1,1873358
133096061,0.64,0.639937,1,1873358
133097521,0.55,0.567987,1,1873390
133098981,0.56,0.561597,1,1873390
133100441,0.55,0.552319,1,1873421
133101901,0.56,0.558464,1,1873421
133103361,0.47,0.487693,1,1873449
133104821,0.48,0.481539,1,1873449
133106281,0.47,0.472308,1,1873475
133107741,0.48,0.478462,1,1873475
133109201,0.47,0.471692,1,1873509
133110661,0.48,0.478338,1,1873509
133112121,0.41,0.423668,1,1873536
133113581,0.42,0.420734,1,1873536
133115041,0.39,0.396147,1,1873569
133116501,0.4,0.399229,1,1873569
133117961,0.43,0.423846,1,1873596
133119421,0.44,0.436769,1,1873596
133120881,0.47,0.463354,1,1873625
133122341,0.48,0.476671,1,1873625
133123801,0.45,0.455334,1,1873657
133125261,0.46,0.459067,1,1873657
133126721,0.51,0.499813,1,1873693
133128181,0.52,0.515963,1,1873693
133129641,0.49,0.495193,1,1873721
133131101,0.5,0.499039,1,1873721
133132561,0.49,0.491808,1,1873758
133134021,0.5,0.498362,1,1873758
133135481,0.47,0.475672,1,1873786
133136941,0.48,0.479134,1,1873786
133138401,0.51,0.503827,1,1873810
133139861,0.52,0.516765,1,1873810
133141321,0.47,0.479353,1,1873838
133142781,0.48,0.479871,1,1873838
133144241,0.49,0.487974,1,1873869
133145701,0.5,0.497595,1,1873869
133147161,0.49,0.491519,1,1873893
133148621,0.5,0.498304,1,1873893
133150081,0.51,0.507661,1,1873919
133151541,0.52,0.517532,1,1873919
133153001,0.52,0.519506,1,1873919
133154461,0.53,0.527901,1,1873953
133155921,0.54,0.53758,1,1873953
133157381,0.53,0.531516,1,1873977
133158841,0.54,0.538303,1,1873977
133160301,0.55,0.547661,1,1874009
133161761,0.56,0.557532,1,1874009
133163221,0.59,0.583506,1,1874038
133164681,0.6,0.596701,1,1874038
133166141,0.63,0.62334,1,1874069
133167601,0.64,0.636668,1,1874069
133169061,0.61,0.615334,1,1874100
133170521,0.62,0.619067,1,1874100
133171981,0.59,0.595813,1,1874139
133173441,0.6,0.599163,1,1874139
133174901,0.61,0.607833,1,1874166
133176361,0.62,0.617567,1,1874166
133177821,0.59,0.595513,1,1874203
133179281,0.6,0.599103,1,1874203
133180741,0.61,0.607821,1,1874230
133182201,0.62,0.617564,1,1874230
133183661,0.63,0.627513,1,1874256
133185121,0.64,0.637503,1,1874256
133186581,0.65,0.647501,1,1874282
133188041,0.66,0.6575,1,1874282
133189501,0.65,0.6515,1,1874314
133190961,0.66,0.6583,1,1874314
133192421,0.67,0.66766,1,1874338
133193881,0.68,0.677532,1,1874338
133195341,0.65,0.655506,1,1874365
133196801,0.66,0.659101,1,1874365
133198261,0.65,0.65182,1,1874367
133199721,0.66,0.658364,1,1874367
133201181,0.65,0.651673,1,1874401
133202641,0.66,0.658335,1,1874401
133204101,0.65,0.651667,1,1874425
133205561,0.66,0.658333,1,1874425
133207021,0.67,0.667667,1,1874458
133208481,0.68,0.677533,1,1874458
133209941,0.71,0.703507,1,1874489
133211401,0.72,0.716701,1,1874489
133212861,0.77,0.75934,2,1874522
133214321,0.78,0.775868,2,1874522
133215781,0.77,0.771174,2,1874552
133217241,0.78,0.778235,2,1874552
133218701,0.77,0.771647,2,1874590
133220161,0.78,0.778329,2,1874590
133221621,0.77,0.771666,2,1874618
133223081,0.78,0.778333,2,1874618
133224541,0.79,0.787667,2,1874654
133226001,0.8,0.797533,2,1874654
133227461,0.85,0.839507,2,1874682
133228921,0.86,0.855901,2,1874682
133230381,0.89,0.88318,2,1874709
133231841,0.9,0.896636,2,1874709
133233301,0.91,0.907327,2,1874736
133234761,0.92,0.917465,2,1874736
133236221,0.93,0.927493,2,1874768
133237681,0.94,0.937499,2,1874768
133239141,0.93,0.9315,2,1874793
133240601,0.94,0.9383,2,1874793
133242061,0.93,0.93166,2,1874819
133243521,0.94,0.938332,2,1874819
133244981,0.93,0.931666,2,1874821
133246441,0.94,0.938333,2,1874821
133247901,0.93,0.931667,2,1874855
133249361,0.94,0.938333,2,1874855
133250821,0.94,0.939667,2,1874855
133252281,0.95,0.947933,2,1874879
133258121,0.95,0.95,2,1874946
133261041,0.95,0.95,2,1874982
133399741,0.95,0.95,2,1876423
133402661,0.95,0.95,2,1876483
133404121,0.93,0.934,2,1876532
133405581,0.91,0.9148,2,1876562
133407041,0.93,0.92696,2,1876592
133408501,0.83,0.849392,2,1876621
133409961,0.73,0.753878,2,1876673
133411421,0.71,0.718776,1,1876707
133412881,0.69,0.695755,1,1876734
133414341,0.63,0.643151,1,1876756
133415801,0.55,0.56863,1,1876794
133417261,0.67,0.649726,1,1876810
133418721,0.55,0.569945,1,1876826
133420181,0.69,0.665989,1,1876842
133421641,0.69,0.685198,1,1876853
133423101,0.59,0.60904,1,1876915
133424561,0.6,0.601808,1,1876915
133426021,0.67,0.656362,1,1876999
133427481,0.68,0.675272,1,1876999
133428941,0.67,0.671054,1,1877059
133430401,0.68,0.678211,1,1877059
133431861,0.69,0.687642,1,1877130
133433321,0.7,0.697528,1,1877130
133434781,0.73,0.723506,1,1877189
133436241,0.74,0.736701,1,1877189
133437701,0.75,0.74734,1,1877242
133439161,0.76,0.757468,2,1877242
133440621,0.77,0.767494,2,1877274
133442081,0.78,0.777499,2,1877274
133443541,0.81,0.8035,2,1877308
133445001,0.82,0.8167,2,1877308
133446461,0.81,0.81134,2,1877366
133447921,0.82,0.818268,2,1877366
133449381,0.81,0.811654,2,1877454
133450841,0.82,0.818331,2,1877454
133452301,0.87,0.859666,2,1877514
133453761,0.88,0.875933,2,1877514
133455221,0.93,0.919187,2,1877586
133456681,0.94,0.935837,2,1877586
133458141,0.95,0.947167,2,1877647
133582241,0.8,0.8,2,1879953
133583701,0.81,0.808,2,1879953
133585161,0.39,0.4736,1,1880039
133586621,0.4,0.41472,1,1880039
133588081,0.27,0.298944,1,1880088
133589541,0.28,0.283789,1,1880088
133591001,0.11,0.144758,1,1880128
133592461,0.12,0.124952,1,1880128
133593921,0,0.0249903,1,1880189
133595381,0,0.00499806,1,1880189
133596841,0,0.000999612,1,1880222
133598301,0,0.000199922,1,1880222
133599761,0.05,0.04004,1,1880292
133601221,0.06,0.056008,1,1880292
133602681,0.03,0.0352016,1,1880328
133604141,0.04,0.0390403,1,1880328
133605601,0.05,0.0478081,1,1880380
133607061,0.06,0.0575616,1,1880380
133608521,0.03,0.0355123,1,1880414
133609981,0.04,0.0391025,1,1880414
133611441,0.03,0.0318205,1,1880479
133612901,0.04,0.0383641,1,1880479
133614361,0.07,0.0636728,1,1880522
133615821,0.08,0.0767346,1,1880522
133617281,0.09,0.0873469,1,1880554
133618741,0.1,0.0974694,1,1880554
133620201,0.07,0.0754939,1,1880610
133621661,0.08,0.0790988,1,1880610
133623121,0.01,0.0238198,1,1880643
133624581,0.02,0.020764,1,1880643
133626041,0.03,0.0281528,1,1880715
133627501,0.04,0.0376306,1,1880715
133628961,0.07,0.0635261,1,1880750
133630421,0.08,0.0767052,1,1880750
133631881,0.07,0.071341,1,1880803
133633341,0.08,0.0782682,1,1880803
133634801,0.03,0.0396536,1,1880836
133636261,0.04,0.0399307,1,1880836
133637721,0.04,0.0399861,1,1880836
133639181,0.05,0.0479972,1,1880901
133640641,0.06,0.0575994,1,1880901
133642101,0.03,0.0355199,1,1880946
133643561,0.04,0.039104,1,1880946
133645021,0.03,0.0318208,1,1880979
133646481,0.04,0.0383642,1,1880979
133647941,0.11,0.0956728,1,1881034
133649401,0.12,0.115135,1,1881034
133650861,0.07,0.0790269,1,1881064
133652321,0.08,0.0798054,1,1881064
133653781,0.03,0.0399611,1,1881137
133655241,0.04,0.0399922,1,1881137
133656701,0.05,0.0479984,1,1881174
133658161,0.06,0.0575997,1,1881174
133659621,0.07,0.0675199,1,1881227
133661081,0.08,0.077504,1,1881227
133662541,0.05,0.0555008,1,1881258
133664001,0.06,0.0591002,1,1881258
133665461,0.05,0.05182,1,1881260
133666921,0.06,0.058364,1,1881260
133668381,0.05,0.0516728,1,1881325
133669841,0.06,0.0583346,1,1881325
133671301,0.07,0.0676669,1,1881369
133672761,0.08,0.0775334,1,1881369
133674221,0.07,0.0715067,1,1881402
133675681,0.08,0.0783013,1,1881402
133677141,0.13,0.11966,1,1881461
133678601,0.14,0.135932,1,1881461
133680061,0.13,0.131186,1,1881489
133681521,0.14,0.138237,1,1881489
133682981,0.15,0.147647,1,1881560
133684441,0.16,0.157529,1,1881560
133685901,0.11,0.119506,1,1881598
133687361,0.12,0.119901,1,1881598
133688821,0.07,0.0799802,1,1881652
133690281,0.08,0.079996,1,1881652
133691741,0.07,0.0719992,1,1881682
133693201,0.08,0.0783998,1,1881682
133694661,0.07,0.07168,1,1881684
133696121,0.08,0.078336,1,1881684
133697581,0.08,0.0796672,1,1881684
133699041,0.15,0.135933,1,1881749
133700501,0.16,0.155187,1,1881749
133701961,0.19,0.183037,1,1881794
133703421,0.2,0.196607,1,1881794
133704881,0.23,0.223321,1,1881827
133706341,0.24,0.236664,1,1881827
133707801,0.19,0.199333,1,1881889
133709261,0.2,0.199867,1,1881889
133710721,0.21,0.207973,1,1881917
133712181,0.22,0.217595,1,1881917
133713641,0.25,0.243519,1,1881989
133715101,0.26,0.256704,1,1881989
133716561,0.25,0.251341,1,1882025
133718021,0.26,0.258268,1,1882025
133719481,0.29,0.283654,1,1882077
133720941,0.3,0.296731,1,1882077
133722401,0.31,0.307346,1,1882107
133723861,0.32,0.317469,1,1882107
133725321,0.31,0.311494,1,1882109
133726781,0.32,0.318299,1,1882109
133728241,0.33,0.32766,1,1882177
133729701,0.34,0.337532,1,1882177
133731161,0.35,0.347506,1,1882224
133732621,0.36,0.357501,1,1882224
133734081,0.37,0.3675,1,1882259
133735541,0.38,0.3775,1,1882259
133737001,0.39,0.3875,1,1882319
133738461,0.4,0.3975,1,1882319
133739921,0.43,0.4235,1,1882348
133741381,0.44,0.4367,1,1882348
133742841,0.51,0.49534,1,1882422
133744301,0.52,0.515068,1,1882422
133745761,0.51,0.511014,1,1882458
133747221,0.52,0.518203,1,1882458
133748681,0.57,0.559641,1,1882512
133750141,0.58,0.575928,1,1882512
133751601,0.59,0.587186,1,1882543
133753061,0.6,0.597437,1,1882543
133754521,0.59,0.591487,1,1882545
133755981,0.6,0.598297,1,1882545
133757441,0.61,0.607659,1,1882614
133758901,0.62,0.617532,1,1882614
133760361,0.63,0.627506,1,1882662
133761821,0.64,0.637501,1,1882662
133763281,0.64,0.6395,1,1882662
133764741,0.63,0.6319,1,1882698
133766201,0.64,0.63838,1,1882698
133767661,0.61,0.615676,1,1882759
133769121,0.62,0.619135,1,1882759
133770581,0.59,0.595827,1,1882790
133772041,0.6,0.599165,1,1882790
133773501,0.67,0.655833,1,1882868
133774961,0.68,0.675167,1,1882868
133776421,0.67,0.671033,1,1882904
133777881,0.68,0.678207,1,1882904
133779341,0.73,0.719641,1,1882961
133780801,0.74,0.735928,1,1882961
133782261,0.75,0.747186,1,1882993
133783721,0.76,0.757437,2,1882993
133785181,0.75,0.751487,2,1882995
133786641,0.76,0.758297,2,1882995
133788101,0.79,0.783659,2,1883065
133789561,0.8,0.796732,2,1883065
133791021,0.79,0.791346,2,1883114
133792481,0.8,0.798269,2,1883114
133793941,0.79,0.791654,2,1883116
133795401,0.8,0.798331,2,1883116
133796861,0.77,0.775666,2,1883151
133798321,0.78,0.779133,2,1883151
133799781,0.77,0.771827,2,1883211
133801241,0.78,0.778365,2,1883211
133802701,0.81,0.803673,2,1883241
133804161,0.82,0.816735,2,1883241
133805621,0.87,0.859347,2,1883323
133807081,0.88,0.875869,2,1883323
133808541,0.91,0.903174,2,1883359
133810001,0.92,0.916635,2,1883359
133811461,0.95,0.943327,2,1883419
133814381,0.93,0.93,2,1883452
133815841,0.94,0.938,2,1883452
133817301,0.93,0.9316,2,1883454
133818761,0.94,0.93832,2,1883454
133820221,0.89,0.899664,2,1883526
133821681,0.9,0.899933,2,1883526
133823141,0.87,0.875987,2,1883575
133824601,0.88,0.879197,2,1883575
133826061,0.87,0.871839,2,1883577
133827521,0.88,0.878368,2,1883577
133828981,0.87,0.871674,2,1883611
133830441,0.88,0.878335,2,1883611
133831901,0.88,0.879667,2,1883611
133833361,0.91,0.903933,2,1883671
133834821,0.92,0.916787,2,1883671
133842121,0.95,0.95,2,1883826
133939941,0.93,0.93,2,1885215
133941401,0.94,0.938,2,1885215
133945781,0.95,0.95,2,1885310
133951621,0.95,0.95,2,1885388
133954541,0.91,0.91,2,1885425
133956001,0.92,0.918,2,1885425
133957461,0.94,0.9356,2,1885457
133958921,0.95,0.94712,2,1885457
133963301,0.95,0.95,2,1885531
133966221,0.95,0.95,2,1885555
133969141,0.87,0.87,2,1885596
133970601,0.88,0.878,2,1885596
133972061,0.83,0.8396,2,1885630
133973521,0.84,0.83992,2,1885630
133974981,0.84,0.839984,2,1885630
133976441,0.81,0.815997,2,1885693
133977901,0.82,0.819199,2,1885693
133979361,0.77,0.77984,2,1885733
133980821,0.78,0.779968,2,1885733
133982281,0.79,0.787994,2,1885781
133983741,0.8,0.797599,2,1885781
133985201,0.75,0.75952,2,1885824
133986661,0.76,0.759904,2,1885824
133988121,0.69,0.703981,1,1885857
133989581,0.7,0.700796,1,1885857
133991041,0.71,0.708159,1,1885892
133992501,0.72,0.717632,1,1885892
133993961,0.73,0.727526,1,1885926
133995421,0.74,0.737505,1,1885926
133996881,0.67,0.683501,1,1885969
133998341,0.68,0.6807,1,1885969
133999801,0.67,0.67214,1,1886000
134001261,0.68,0.678428,1,1886000
134002721,0.71,0.703686,1,1886024
134004181,0.72,0.716737,1,1886024
134005641,0.71,0.711347,1,1886061
134007101,0.72,0.718269,1,1886061
134008561,0.75,0.743654,1,1886093
134010021,0.76,0.756731,2,1886093
134011481,0.81,0.799346,2,1886154
134012941,0.82,0.815869,2,1886154
134014401,0.83,0.827174,2,1886192
134015861,0.84,0.837435,2,1886192
134017321,0.87,0.863487,2,1886241
134018781,0.88,0.876697,2,1886241
134020241,0.85,0.855339,2,1886282
134021701,0.86,0.859068,2,1886282
134023161,0.87,0.867814,2,1886312
134024621,0.88,0.877563,2,1886312
134026081,0.91,0.903513,2,1886348
134027541,0.92,0.916702,2,1886348
134029001,0.91,0.911341,2,1886383
134030461,0.92,0.918268,2,1886383
134031921,0.89,0.895654,2,1886423
134033381,0.9,0.899131,2,1886423
134034841,0.93,0.923826,2,1886454
134036301,0.94,0.936765,2,1886454
134037761,0.93,0.931353,2,1886480
134039221,0.94,0.938271,2,1886480
134040681,0.95,0.947654,2,1886517
134046521,0.95,0.95,2,1886615
134049441,0.93,0.93,2,1886654
134050901,0.94,0.938,2,1886654
134052361,0.94,0.9396,2,1886654
134053821,0.95,0.94792,2,1886705
134056741,0.95,0.95,2,1886745
134059661,0.93,0.93,2,1886776
134061121,0.94,0.938,2,1886776
134169161,0.9,0.9,2,1888162
134170621,0.91,0.908,2,1888162
134175001,0.93,0.93,2,1888215
134176461,0.94,0.938,2,1888215
134177921,0.89,0.8996,2,1888249
134179381,0.9,0.89992,2,1888249
134180841,0.75,0.779984,2,1888286
134182301,0.76,0.763997,2,1888286
134183761,0.75,0.752799,2,1888321
134185221,0.76,0.75856,2,1888321
134186681,0.73,0.735712,1,1888370
134188141,0.74,0.739142,1,1888370
134189601,0.71,0.715828,1,1888404
134191061,0.72,0.719166,1,1888404
134192521,0.69,0.695833,1,1888438
134193981,0.7,0.699167,1,1888438
134195441,0.65,0.659833,1,1888467
134196901,0.66,0.659967,1,1888467
134198361,0.65,0.651993,1,1888526
134199821,0.66,0.658399,1,1888526
134201281,0.57,0.58768,1,1888560
134202741,0.58,0.581536,1,1888560
134204201,0.67,0.652307,1,1888610
134205661,0.68,0.674461,1,1888610
134207121,0.63,0.638892,1,1888632
134208581,0.64,0.639778,1,1888632
134210041,0.63,0.631956,1,1888652
134211501,0.64,0.638391,1,1888652
134212961,0.64,0.639678,1,1888652
134214421,0.65,0.647936,1,1888682
134215881,0.66,0.657587,1,1888682
134217341,0.61,0.619517,1,1888714
134218801,0.62,0.619903,1,1888714
134220261,0.61,0.611981,1,1888744
134221721,0.62,0.618396,1,1888744
134223181,0.61,0.611679,1,1888779
134224641,0.62,0.618336,1,1888779
134226101,0.65,0.643667,1,1888827
134227561,0.66,0.656733,1,1888827
134229021,0.69,0.683347,1,1888860
134230481,0.7,0.696669,1,1888860
134231941,0.71,0.707334,1,1888893
134233401,0.72,0.717467,1,1888893
134234861,0.73,0.727493,1,1888920
134236321,0.74,0.737499,1,1888920
134237781,0.75,0.7475,1,1888979
134239241,0.76,0.7575,2,1888979
134240701,0.75,0.7515,2,1889009
134242161,0.76,0.7583,2,1889009
134243621,0.83,0.81566,2,1889064
134245081,0.84,0.835132,2,1889064
134246541,0.83,0.831026,2,1889084
134248001,0.84,0.838205,2,1889084
134249461,0.83,0.831641,2,1889104
134250921,0.84,0.838328,2,1889104
134252381,0.83,0.831666,2,1889106
134253841,0.84,0.838333,2,1889106
134255301,0.83,0.831667,2,1889136
134256761,0.84,0.838333,2,1889136
134258221,0.83,0.831667,2,1889166
134259681,0.84,0.838333,2,1889166
134261141,0.83,0.831667,2,1889196
134262601,0.84,0.838333,2,1889196
134264061,0.85,0.847667,2,1889231
134265521,0.86,0.857533,2,1889231
134266981,0.89,0.883507,2,1889281
134268441,0.9,0.896701,2,1889281
134269901,0.93,0.92334,2,1889316
134271361,0.94,0.936668,2,1889316
134427581,0.94,0.94,2,1891132
134429041,0.95,0.948,2,1891132
134442181,0.93,0.93,2,1891429
134443641,0.88,0.89,2,1891465
134445101,0.87,0.874,2,1891508
134446561,0.81,0.8228,2,1891556
134448021,0.83,0.82856,2,1891592
134449481,0.85,0.845712,2,1891620
134450941,0.83,0.833142,2,1891654
134452401,0.75,0.766628,2,1891671
134453861,0.81,0.801326,2,1891687
134455321,0.75,0.760265,2,1891700
134456781,0.81,0.800053,2,1891710
134458241,0.85,0.840011,2,1891784
134459701,0.86,0.856002,2,1891784
134461161,0.79,0.8032,2,1891896
134462621,0.8,0.80064,2,1891896
134464081,0.85,0.840128,2,1891972
134465541,0.86,0.856026,2,1891972
134467001,0.85,0.851205,2,1892054
134468461,0.86,0.858241,2,1892054
134469921,0.91,0.899648,2,1892116
134471381,0.92,0.91593,2,1892116
134472841,0.91,0.911186,2,1892148
134474301,0.92,0.918237,2,1892148
134475761,0.93,0.927647,2,1892171
134477221,0.94,0.93753,2,1892171
134557521,0.91,0.91,2,1894031
134558981,0.92,0.918,2,1894031
134560441,0.93,0.9276,2,1894071
134561901,0.94,0.93752,2,1894071
134563361,0.79,0.819504,2,1894118
134564821,0.8,0.803901,2,1894118
134566281,0.25,0.36078,1,1894235
134567741,0.26,0.280156,1,1894235
134569201,0.19,0.208031,1,1894266
134570661,0.2,0.201606,1,1894266
134572121,0.01,0.0483212,1,1894337
134573581,0.02,0.0256642,1,1894337
134575041,0.01,0.0131328,1,1894412
134576501,0.02,0.0186266,1,1894412
134577961,0.01,0.0117253,1,1894470
134579421,0.02,0.0183451,1,1894470
134580881,0,0.00366901,1,1894500
134582341,0,0.000733802,1,1894500
134583801,0,0.00014676,1,1894539
134585261,0,2.93521e-05,1,1894539
134586721,0.01,0.00800587,1,1894579
134588181,0.02,0.0176012,1,1894579
134589641,0.01,0.0115202,1,1894669
134591101,0.02,0.018304,1,1894669
134592561,0,0.00366081,1,1894697
134594021,0,0.000732162,1,1894697
134595481,0,0.000146432,1,1894697
134596941,0.01,0.00802929,1,1894759
134598401,0.02,0.0176059,1,1894759
134599861,0.03,0.0275212,1,1894834
134601321,0.04,0.0375042,1,1894834
134602781,0.09,0.0795008,1,1894892
134604241,0.1,0.0959002,1,1894892
134605701,0,0.01918,1,1894922
134607161,0,0.00383601,1,1894922
134608621,0,0.000767201,1,1894961
134610081,0,0.00015344,1,1894961
134611541,0.01,0.00803069,1,1895001
134613001,0.02,0.0176061,1,1895001
134614461,0.09,0.0755212,1,1895091
134615921,0.1,0.0951042,1,1895091
134617381,0.05,0.0590208,1,1895119
134618841,0.06,0.0598042,1,1895119
134620301,0.03,0.0359608,1,1895180
134621761,0.04,0.0391922,1,1895180
134623221,0.03,0.0318384,1,1895256
134624681,0.04,0.0383677,1,1895256
134626141,0.05,0.0476735,1,1895317
134627601,0.06,0.0575347,1,1895317
134629061,0,0.0115069,1,1895343
134630521,0,0.00230139,1,1895343
134631981,0,0.000460278,1,1895382
134633441,0,9.20555e-05,1,1895382
134634901,0.07,0.0560184,1,1895422
134636361,0.08,0.0752037,1,1895422
134637821,0.07,0.0710407,1,1895516
134639281,0.08,0.0782081,1,1895516
134640741,0.09,0.0876416,1,1895542
134642201,0.1,0.0975283,1,1895542
134643661,0.01,0.0275057,1,1895602
134645121,0.02,0.0215011,1,1895602
134646581,0.03,0.0283002,1,1895678
134648041,0.04,0.03766,1,1895678
134649501,0.04,0.039532,1,1895678
134650961,0.05,0.0479064,1,1895740
134652421,0.06,0.0575813,1,1895740
134653881,0.01,0.0195163,1,1895764
134655341,0.02,0.0199033,1,1895764
134656801,0,0.00398065,1,1895803
134658261,0,0.00079613,1,1895803
134659721,0.07,0.0561592,1,1895846
134661181,0.08,0.0752318,1,1895846
134662641,0.15,0.135046,1,1895940
134664101,0.16,0.155009,1,1895940
134665561,0.13,0.135002,1,1895967
134667021,0.14,0.139,1,1895967
134668481,0.09,0.0998001,1,1896023
134669941,0.1,0.09996,1,1896023
134671401,0.03,0.043992,1,1896100
134672861,0.04,0.0407984,1,1896100
134674321,0.03,0.0321597,1,1896102
134675781,0.04,0.0384319,1,1896102
134677241,0.01,0.0156864,1,1896164
134678701,0.02,0.0191373,1,1896164
134680161,0.03,0.0278275,1,1896186
134681621,0.04,0.0375655,1,1896186
134683081,0,0.0075131,1,1896225
134684541,0,0.00150262,1,1896225
134686001,0.01,0.00830052,1,1896271
134687461,0.02,0.0176601,1,1896271
134688921,0.01,0.011532,1,1896369
134690381,0.02,0.0183064,1,1896369
134691841,0.01,0.0116613,1,1896395
134693301,0.02,0.0183323,1,1896395
134694761,0.07,0.0596665,1,1896449
134696221,0.08,0.0759333,1,1896449
134697681,0.13,0.119187,1,1896523
134699141,0.14,0.135837,1,1896523
134700601,0.13,0.131167,1,1896525
134702061,0.14,0.138233,1,1896525
134703521,0.14,0.139647,1,1896525
134704981,0.13,0.131929,1,1896586
134706441,0.14,0.138386,1,1896586
134707901,0.11,0.115677,1,1896609
134709361,0.12,0.119135,1,1896609
134710821,0.03,0.0478271,1,1896647
134712281,0.04,0.0415654,1,1896647
134713741,0,0.00831308,1,1896693
134715201,0,0.00166262,1,1896693
134716661,0.03,0.0243325,1,1896791
134718121,0.04,0.0368665,1,1896791
134719581,0.09,0.0793733,1,1896817
134721041,0.1,0.0958747,1,1896817
134722501,0.17,0.155175,1,1896874
134723961,0.18,0.175035,1,1896874
134725421,0.19,0.187007,1,1896951
134726881,0.2,0.197401,1,1896951
134728341,0.19,0.19148,1,1896953
134729801,0.2,0.198296,1,1896953
134731261,0.27,0.255659,1,1897013
134732721,0.28,0.275132,1,1897013
134734181,0.27,0.271026,1,1897035
134735641,0.28,0.278205,1,1897035
134737101,0.29,0.287641,1,1897069
134738561,0.3,0.297528,1,1897069
134740021,0.27,0.275506,1,1897114
134741481,0.28,0.279101,1,1897114
134742941,0.29,0.28782,1,1897213
134744401,0.3,0.297564,1,1897213
134745861,0.35,0.339513,1,1897242
134747321,0.36,0.355903,1,1897242
134748781,0.35,0.351181,1,1897303
134750241,0.36,0.358236,1,1897303
134751701,0.31,0.319647,1,1897381
134753161,0.32,0.319929,1,1897381
134754621,0.31,0.311986,1,1897383
134756081,0.32,0.318397,1,1897383
134757541,0.31,0.311679,1,1897447
134759001,0.32,0.318336,1,1897447
134760461,0.33,0.327667,1,1897469
134761921,0.34,0.337533,1,1897469
134763381,0.34,0.339507,1,1897469
134764841,0.33,0.331901,1,1897504
134766301,0.34,0.33838,1,1897504
134767761,0.33,0.331676,1,1897548
134769221,0.34,0.338335,1,1897548
134770681,0.39,0.379667,1,1897648
134772141,0.4,0.395933,1,1897648
134773601,0.43,0.423187,1,1897680
134775061,0.44,0.436637,1,1897680
134776521,0.47,0.463327,1,1897741
134777981,0.48,0.476666,1,1897741
134779441,0.51,0.503333,1,1897817
134780901,0.52,0.516667,1,1897817
134782361,0.51,0.511333,1,1897819
134783821,0.52,0.518267,1,1897819
134785281,0.47,0.479653,1,1897883
134786741,0.48,0.479931,1,1897883
134788201,0.49,0.487986,1,1897906
134789661,0.5,0.497597,1,1897906
134791121,0.49,0.491519,1,1897908
134792581,0.5,0.498304,1,1897908
134794041,0.55,0.539661,1,1897942
134795501,0.56,0.555932,1,1897942
134796961,0.55,0.551186,1,1897986
134798421,0.56,0.558237,1,1897986
134799881,0.61,0.599647,1,1898089
134801341,0.62,0.61593,1,1898089
134802801,0.57,0.579186,1,1898123
134804261,0.58,0.579837,1,1898123
134805721,0.55,0.555967,1,1898186
134807181,0.56,0.559193,1,1898186
134808641,0.57,0.567839,1,1898264
134810101,0.58,0.577568,1,1898264
134811561,0.57,0.571514,1,1898266
134813021,0.58,0.578303,1,1898266
134814481,0.57,0.571661,1,1898328
134815941,0.58,0.578332,1,1898328
134817401,0.57,0.571666,1,1898352
134818861,0.58,0.578333,1,1898352
134820321,0.57,0.571667,1,1898354
134821781,0.58,0.578333,1,1898354
134823241,0.65,0.635667,1,1898391
134824701,0.66,0.655133,1,1898391
134826161,0.66,0.659027,1,1898391
134827621,0.67,0.667805,1,1898435
134829081,0.68,0.677561,1,1898435
134830541,0.73,0.719512,1,1898541
134832001,0.74,0.735902,1,1898541
134833461,0.73,0.73118,1,1898573
134834921,0.74,0.738236,1,1898573
134836381,0.73,0.731647,1,1898635
134837841,0.74,0.738329,1,1898635
134839301,0.87,0.843666,2,1898714
134840761,0.88,0.872733,2,1898714
134842221,0.87,0.870547,2,1898716
134843681,0.88,0.878109,2,1898716
134845141,0.87,0.871622,2,1898778
134846601,0.88,0.878324,2,1898778
134848061,0.87,0.871665,2,1898802
134849521,0.88,0.878333,2,1898802
134850981,0.87,0.871667,2,1898804
134852441,0.88,0.878333,2,1898804
134853901,0.91,0.903667,2,1898845
134855361,0.92,0.916733,2,1898845
134856821,0.93,0.927347,2,1898889
134858281,0.94,0.937469,2,1898889
134961941,0.95,0.95,2,1900536
134964861,0.92,0.92,2,1900619
134966321,0.93,0.928,2,1900619
134973621,0.89,0.89,2,1900720
134975081,0.9,0.898,2,1900720
134976541,0.92,0.9156,2,1900750
134978001,0.93,0.92712,2,1900750
134979461,0.93,0.929424,2,1900773
134980921,0.94,0.937885,2,1900773
134982381,0.91,0.915577,2,1900793
134983841,0.92,0.919115,2,1900793
134985301,0.87,0.879823,2,1900831
134986761,0.88,0.879965,2,1900831
134988221,0.79,0.807993,2,1900932
134989681,0.8,0.801599,2,1900932
134991141,0.85,0.84032,2,1900967
134992601,0.86,0.856064,2,1900967
134994061,0.81,0.819213,2,1901016
134995521,0.82,0.819843,2,1901016
134996981,0.75,0.763968,2,1901092
134998441,0.76,0.760794,2,1901092
134999901,0.77,0.768159,2,1901126
135001361,0.78,0.777632,2,1901126
135002821,0.77,0.771526,2,1901154
135004281,0.78,0.778305,2,1901154
135005741,0.85,0.835661,2,1901188
135007201,0.86,0.855132,2,1901188
135008661,0.81,0.819026,2,1901217
135010121,0.82,0.819805,2,1901217
135011581,0.83,0.827961,2,1901240
135013041,0.84,0.837592,2,1901240
135014501,0.85,0.847518,2,1901259
135015961,0.86,0.857504,2,1901259
135017421,0.85,0.851501,2,1901295
135018881,0.86,0.8583,2,1901295
135020341,0.79,0.80366,2,1901392
135021801,0.8,0.800732,2,1901392
135023261,0.77,0.776146,2,1901430
135024721,0.78,0.779229,2,1901430
135026181,0.78,0.779846,2,1901430
135027641,0.85,0.835969,2,1901477
135029101,0.86,0.855194,2,1901477
135030561,0.85,0.851039,2,1901550
135032021,0.86,0.858208,2,1901550
135033481,0.83,0.835642,2,1901585
135034941,0.84,0.839128,2,1901585
135036401,0.83,0.831826,2,1901613
135037861,0.84,0.838365,2,1901613
135039321,0.87,0.863673,2,1901651
135040781,0.88,0.876735,2,1901651
135042241,0.89,0.887347,2,1901678
135043701,0.9,0.897469,2,1901678
135045161,0.91,0.907494,2,1901702
135046621,0.92,0.917499,2,1901702
135048081,0.93,0.9275,2,1901722
135049541,0.94,0.9375,2,1901722
135051001,0.93,0.9315,2,1901758
135052461,0.94,0.9383,2,1901758
135182401,0.9,0.9,2,1903540
135183861,0.91,0.908,2,1903540
135197001,0.85,0.85,2,1903759
135198461,0.86,0.858,2,1903759
135199921,0.85,0.8516,2,1903794
135201381,0.86,0.85832,2,1903794
135202841,0.75,0.771664,2,1903830
135204301,0.76,0.762333,2,1903830
135205761,0.59,0.624467,1,1903865
135207221,0.6,0.604893,1,1903865
135208681,0.55,0.560979,1,1903910
135210141,0.56,0.560196,1,1903910
135211601,0.49,0.504039,1,1903948
135213061,0.5,0.500808,1,1903948
135214521,0.43,0.444162,1,1903982
135215981,0.44,0.440832,1,1903982
135217441,0.31,0.336166,1,1903996
135218901,0.32,0.323233,1,1903996
135220361,0.25,0.264647,1,1904022
135221821,0.26,0.260929,1,1904022
135223281,0.23,0.236186,1,1904059
135224741,0.24,0.239237,1,1904059
135226201,0.17,0.183847,1,1904085
135227661,0.18,0.180769,1,1904085
135229121,0.05,0.0761539,1,1904102
135230581,0.06,0.0632308,1,1904102
135232041,0,0.0126462,1,1904142
135233501,0,0.00252923,1,1904142
135234961,0,0.000505846,1,1904223
135236421,0,0.000101169,1,1904223
135237881,0.01,0.00802023,1,1904258
135239341,0.02,0.017604,1,1904258
135240801,0,0.00352081,1,1904289
135242261,0,0.000704162,1,1904289
135243721,0,0.000140832,1,1904316
135245181,0,2.81665e-05,1,1904316
135246641,0.03,0.0240056,1,1904359
135248101,0.04,0.0368011,1,1904359
135249561,0.05,0.0473602,1,1904394
135251021,0.06,0.057472,1,1904394
135252481,0.07,0.0674944,1,1904425
135253941,0.08,0.0774989,1,1904425
135255401,0.09,0.0874998,1,1904433
135256861,0.1,0.0975,1,1904433
135258321,0.1,0.0995,1,1904433
135259781,0.09,0.0919,1,1904456
135261241,0.1,0.09838,1,1904456
135262701,0.09,0.091676,1,1904492
135264161,0.1,0.0983352,1,1904492
135265621,0.15,0.139667,1,1904515
135267081,0.16,0.155933,1,1904515
135268541,0.17,0.167187,1,1904526
135270001,0.18,0.177437,1,1904526
135271461,0.09,0.107487,1,1904564
135272921,0.1,0.101497,1,1904564
135274381,0.07,0.0762995,1,1904645
135275841,0.08,0.0792599,1,1904645
135277301,0.11,0.103852,1,1904680
135278761,0.12,0.11677,1,1904680
135280221,0.09,0.0953541,1,1904711
135281681,0.1,0.0990708,1,1904711
135283141,0.07,0.0758142,1,1904738
135284601,0.08,0.0791628,1,1904738
135286061,0.09,0.0878326,1,1904782
135287521,0.1,0.0975665,1,1904782
135288981,0.17,0.155513,1,1904818
135290441,0.18,0.175103,1,1904818
135291901,0.25,0.235021,1,1904850
135293361,0.26,0.255004,1,1904850
135294821,0.23,0.235001,1,1904859
135296281,0.24,0.239,1,1904859
135297741,0.23,0.2318,1,1904881
135299201,0.24,0.23836,1,1904881
135300661,0.25,0.247672,1,1904917
135302121,0.26,0.257534,1,1904917
135303581,0.29,0.283507,1,1904943
135305041,0.3,0.296701,1,1904943
135306501,0.31,0.30734,1,1904955
135307961,0.32,0.317468,1,1904955
135309421,0.31,0.311494,1,1904989
135310881,0.32,0.318299,1,1904989
135312341,0.29,0.29566,1,1905069
135313801,0.3,0.299132,1,1905069
135315261,0.35,0.339826,1,1905106
135316721,0.36,0.355965,1,1905106
135318181,0.35,0.351193,1,1905136
135319641,0.36,0.358239,1,1905136
135321101,0.35,0.351648,1,1905162
135322561,0.36,0.35833,1,1905162
135324021,0.33,0.335666,1,1905207
135325481,0.34,0.339133,1,1905207
135326941,0.33,0.331827,1,1905247
135328401,0.34,0.338365,1,1905247
135329861,0.29,0.299673,1,1905283
135331321,0.3,0.299935,1,1905283
135332781,0.29,0.291987,1,1905291
135334241,0.3,0.298397,1,1905291
135335701,0.29,0.291679,1,1905313
135337161,0.3,0.298336,1,1905313
135338621,0.3,0.299667,1,1905313
135340081,0.31,0.307933,1,1905350
135341541,0.32,0.317587,1,1905350
135343001,0.33,0.327517,1,1905378
135344461,0.34,0.337503,1,1905378
135345921,0.33,0.331501,1,1905391
135347381,0.34,0.3383,1,1905391
135348841,0.35,0.34766,1,1905425
135350301,0.36,0.357532,1,1905425
135351761,0.33,0.335506,1,1905504
135353221,0.34,0.339101,1,1905504
135354681,0.37,0.36382,1,1905544
135356141,0.38,0.376764,1,1905544
135357601,0.39,0.387353,1,1905574
135359061,0.4,0.397471,1,1905574
135360521,0.39,0.391494,1,1905600
135361981,0.4,0.398299,1,1905600
135363441,0.39,0.39166,1,1905644
135364901,0.4,0.398332,1,1905644
135366361,0.43,0.423666,1,1905684
135367821,0.44,0.436733,1,1905684
135369281,0.45,0.447347,1,1905718
135370741,0.46,0.457469,1,1905718
135372201,0.45,0.451494,1,1905726
135373661,0.46,0.458299,1,1905726
135375121,0.47,0.46766,1,1905748
135376581,0.48,0.477532,1,1905748
135378041,0.47,0.471506,1,1905750
135379501,0.48,0.478301,1,1905750
135380961,0.53,0.51966,1,1905787
135382421,0.54,0.535932,1,1905787
135383881,0.51,0.515186,1,1905816
135385341,0.52,0.519037,1,1905816
135386801,0.49,0.495807,1,1905829
135388261,0.5,0.499161,1,1905829
135389721,0.47,0.475832,1,1905864
135391181,0.48,0.479166,1,1905864
135392641,0.53,0.519833,1,1905942
135394101,0.54,0.535967,1,1905942
135395561,0.55,0.547193,1,1905984
135397021,0.56,0.557439,1,1905984
135398481,0.57,0.567488,1,1906015
135399941,0.58,0.577498,1,1906015
135401401,0.59,0.5875,1,1906041
135402861,0.6,0.5975,1,1906041
135404321,0.59,0.5915,1,1906085
135405781,0.6,0.5983,1,1906085
135407241,0.61,0.60766,1,1906127
135408701,0.62,0.617532,1,1906127
135410161,0.59,0.595506,1,1906162
135411621,0.6,0.599101,1,1906162
135413081,0.59,0.59182,1,1906170
135414541,0.6,0.598364,1,1906170
135416001,0.61,0.607673,1,1906193
135417461,0.62,0.617535,1,1906193
135418921,0.61,0.611507,1,1906195
135420381,0.62,0.618301,1,1906195
135421841,0.65,0.64366,1,1906235
135423301,0.66,0.656732,1,1906235
135424761,0.66,0.659346,1,1906235
135426221,0.67,0.667869,1,1906263
135427681,0.68,0.677574,1,1906263
135429141,0.67,0.671515,1,1906275
135430601,0.68,0.678303,1,1906275
135432061,0.69,0.687661,1,1906309
135433521,0.7,0.697532,1,1906309
135434981,0.81,0.787506,2,1906390
135436441,0.82,0.813501,2,1906390
135437901,0.83,0.8267,2,1906433
135439361,0.84,0.83734,2,1906433
135440821,0.87,0.863468,2,1906465
135442281,0.88,0.876694,2,1906465
135443741,0.89,0.887339,2,1906492
135445201,0.9,0.897468,2,1906492
135446661,0.91,0.907494,2,1906536
135448121,0.92,0.917499,2,1906536
135449581,0.89,0.8955,2,1906579
135451041,0.9,0.8991,2,1906579
135452501,0.91,0.90782,2,1906613
135453961,0.92,0.917564,2,1906613
135455421,0.91,0.911513,2,1906621
135456881,0.92,0.918303,2,1906621
135458341,0.93,0.927661,2,1906645
135459801,0.94,0.937532,2,1906645
135461261,0.93,0.931506,2,1906647
135462721,0.94,0.938301,2,1906647
135618941,0.95,0.95,2,1908437
135624781,0.95,0.95,2,1908534
135633541,0.95,0.95,2,1908605
135636461,0.93,0.93,2,1908639
135637921,0.94,0.938,2,1908639
135639381,0.89,0.8996,2,1908665
135640841,0.9,0.89992,2,1908665
135642301,0.81,0.827984,2,1908682
135643761,0.82,0.821597,2,1908682
135645221,0.79,0.796319,2,1908685
135646681,0.8,0.799264,2,1908685
135648141,0.71,0.727853,1,1908716
135649601,0.72,0.721571,1,1908716
135651061,0.69,0.696314,1,1908751
135652521,0.7,0.699263,1,1908751
135653981,0.67,0.675853,1,1908810
135655441,0.68,0.679171,1,1908810
135656901,0.69,0.687834,1,1908840
135658361,0.7,0.697567,1,1908840
135659821,0.67,0.675513,1,1908880
135661281,0.68,0.679103,1,1908880
135662741,0.77,0.751821,2,1908917
135664201,0.78,0.774364,2,1908917
135665661,0.77,0.770873,2,1908966
135667121,0.78,0.778175,2,1908966
135668581,0.77,0.771635,2,1909006
135670041,0.78,0.778327,2,1909006
135671501,0.83,0.819665,2,1909028
135672961,0.84,0.835933,2,1909028
135674421,0.77,0.783187,2,1909043
135675881,0.78,0.780637,2,1909043
135677341,0.81,0.804127,2,1909073
135678801,0.82,0.816825,2,1909073
135680261,0.81,0.811365,2,1909107
135681721,0.82,0.818273,2,1909107
135683181,0.81,0.811655,2,1909130
135684641,0.82,0.818331,2,1909130
135686101,0.83,0.827666,2,1909143
135687561,0.84,0.837533,2,1909143
135689021,0.83,0.831507,2,1909145
135690481,0.84,0.838301,2,1909145
135691941,0.81,0.81566,2,1909172
135693401,0.82,0.819132,2,1909172
135694861,0.85,0.843826,2,1909206
135696321,0.86,0.856765,2,1909206
135697781,0.86,0.859353,2,1909206
135699241,0.87,0.867871,2,1909264
135700701,0.88,0.877574,2,1909264
135702161,0.89,0.887515,2,1909295
135703621,0.9,0.897503,2,1909295
135705081,0.89,0.891501,2,1909334
135706541,0.9,0.8983,2,1909334
135708001,0.87,0.87566,2,1909376
135709461,0.88,0.879132,2,1909376
135710921,0.85,0.855826,2,1909425
135712381,0.86,0.859165,2,1909425
135713841,0.87,0.867833,2,1909465
135715301,0.88,0.877567,2,1909465
135716761,0.87,0.871513,2,1909490
135718221,0.88,0.878303,2,1909490
135719681,0.87,0.871661,2,1909502
135721141,0.88,0.878332,2,1909502
135722601,0.87,0.871666,2,1909534
135724061,0.88,0.878333,2,1909534
135725521,0.87,0.871667,2,1909568
135726981,0.88,0.878333,2,1909568
135728441,0.93,0.919667,2,1909591
135729901,0.94,0.935933,2,1909591
135731361,0.93,0.931187,2,1909605
135732821,0.94,0.938237,2,1909605
135734281,0.93,0.931647,2,1909607
135735741,0.94,0.93833,2,1909607
135737201,0.95,0.947666,2,1909633
135740121,0.95,0.95,2,1909669
135743041,0.95,0.95,2,1909671
135881741,0.88,0.88,2,1911112
135883201,0.89,0.888,2,1911112
135889041,0.94,0.94,2,1911236
135890501,0.93,0.932,2,1911266
135891961,0.81,0.8344,2,1911351
135893421,0.77,0.78288,2,1911384
135894881,0.61,0.644576,1,1911413
135896341,0.57,0.584915,1,1911447
135897801,0.43,0.460983,1,1911485
135899261,0.35,0.372197,1,1911511
135900721,0.19,0.226439,1,1911538
135902181,0.09,0.117288,1,1911551
135903641,0.03,0.0474576,1,1911586
135905101,0.03,0.0334915,1,1911612
135906561,0,0.0066983,1,1911627
135908021,0.05,0.0413397,1,1911641
135909481,0.09,0.0802679,1,1911647
135910941,0.01,0.0240536,1,1911733
135912401,0.02,0.0208107,1,1911733
135913861,0.01,0.0121621,1,1911843
135915321,0.02,0.0184324,1,1911843
135916781,0.05,0.0436865,1,1911896
135918241,0.06,0.0567373,1,1911896
135919701,0.05,0.0513475,1,1911949
135921161,0.06,0.0582695,1,1911949
135922621,0.01,0.0196539,1,1911976
135924081,0.02,0.0199308,1,1911976
135925541,0.03,0.0279862,1,1912034
135927001,0.04,0.0375972,1,1912034
135928461,0.01,0.0155194,1,1912064
135929921,0.02,0.0191039,1,1912064
135931381,0.02,0.0198208,1,1912064
135932841,0.03,0.0279642,1,1912154
135934301,0.04,0.0375928,1,1912154
135935761,0,0.00751857,1,1912264
135937221,0,0.00150371,1,1912264
135938681,0.05,0.0403007,1,1912319
135940141,0.06,0.0560601,1,1912319
135941601,0.05,0.051212,1,1912372
135943061,0.06,0.0582424,1,1912372
135944521,0.07,0.0676485,1,1912397
135945981,0.08,0.0775297,1,1912397
135947441,0.03,0.0395059,1,1912456
135948901,0.04,0.0399012,1,1912456
135950361,0.01,0.0159802,1,1912485
135951821,0.02,0.019196,1,1912485
135953281,0.01,0.0118392,1,1912487
135954741,0.02,0.0183678,1,1912487
135956201,0.01,0.0116736,1,1912577
135957661,0.02,0.0183347,1,1912577
135959121,0,0.00366694,1,1912686
135960581,0,0.000733388,1,1912686
135962041,0.05,0.0401467,1,1912743
135963501,0.06,0.0560293,1,1912743
135964961,0.11,0.0992059,1,1912796
135966421,0.12,0.115841,1,1912796
135967881,0.15,0.143168,1,1912822
135969341,0.16,0.156634,1,1912822
135970801,0.19,0.183327,1,1912879
135972261,0.2,0.196665,1,1912879
135973721,0.09,0.111333,1,1912907
135975181,0.1,0.102267,1,1912907
135976641,0.09,0.0924533,1,1912909
135978101,0.1,0.0984907,1,1912909
135979561,0.01,0.0276981,1,1912999
135981021,0.02,0.0215396,1,1912999
135982481,0.02,0.0203079,1,1912999
135983941,0,0.00406158,1,1913108
135985401,0,0.000812317,1,1913108
135986861,0.07,0.0561625,1,1913167
135988321,0.08,0.0752325,1,1913167
135989781,0.09,0.0870465,1,1913223
135991241,0.1,0.0974093,1,1913223
135992701,0.11,0.107482,1,1913251
135994161,0.12,0.117496,1,1913251
135995621,0.15,0.143499,1,1913310
135997081,0.16,0.1567,1,1913310
135998541,0.17,0.16734,1,1913333
136000001,0.18,0.177468,1,1913333
136001461,0.17,0.171494,1,1913335
136002921,0.18,0.178299,1,1913335
136004381,0,0.0356597,1,1913421
136005841,0,0.00713195,1,1913421
136007301,0.01,0.00942639,1,1913529
136008761,0.02,0.0178853,1,1913529
136010221,0.05,0.0435771,1,1913591
136011681,0.06,0.0567154,1,1913591
136013141,0.09,0.0833431,1,1913648
136014601,0.1,0.0966686,1,1913648
136016061,0.07,0.0753337,1,1913677
136017521,0.08,0.0790667,1,1913677
136018981,0.07,0.0718133,1,1913738
136020441,0.08,0.0783627,1,1913738
136021901,0.09,0.0876725,1,1913762
136023361,0.1,0.0975345,1,1913762
136024821,0.09,0.0915069,1,1913764
136026281,0.1,0.0983014,1,1913764
136027741,0.05,0.0596603,1,1913842
136029201,0.06,0.0599321,1,1913842
136030661,0.05,0.0519864,1,1913950
136032121,0.06,0.0583973,1,1913950
136033581,0.05,0.0516795,1,1914014
136035041,0.06,0.0583359,1,1914014
136036501,0.06,0.0596672,1,1914014
136037961,0.09,0.0839334,1,1914073
136039421,0.1,0.0967867,1,1914073
136040881,0.13,0.123357,1,1914101
136042341,0.14,0.136671,1,1914101
136043801,0.19,0.179334,1,1914162
136045261,0.2,0.195867,1,1914162
136046721,0.23,0.223173,1,1914187
136048181,0.24,0.236635,1,1914187
136049641,0.23,0.231327,1,1914189
136051101,0.24,0.238265,1,1914189
136052561,0.29,0.279653,1,1914265
136054021,0.3,0.295931,1,1914265
136055481,0.13,0.163186,1,1914373
136056941,0.14,0.144637,1,1914373
136058401,0.09,0.100927,1,1914437
136059861,0.1,0.100185,1,1914437
136061321,0.09,0.0920371,1,1914439
136062781,0.1,0.0984074,1,1914439
136064241,0.09,0.0916815,1,1914499
136065701,0.1,0.0983363,1,1914499
136067161,0.11,0.107667,1,1914529
136068621,0.12,0.117533,1,1914529
136070081,0.13,0.127507,1,1914593
136071541,0.14,0.137501,1,1914593
136073001,0.17,0.1635,1,1914620
136074461,0.18,0.1767,1,1914620
136075921,0.17,0.17134,1,1914622
136077381,0.18,0.178268,1,1914622
136078841,0.23,0.219654,1,1914701
136080301,0.24,0.235931,1,1914701
136081761,0.25,0.247186,1,1914801
136083221,0.26,0.257437,1,1914801
136084681,0.31,0.299487,1,1914863
136086141,0.32,0.315897,1,1914863
136087601,0.31,0.31118,1,1914865
136089061,0.32,0.318236,1,1914865
136090521,0.32,0.319647,1,1914865
136091981,0.33,0.327929,1,1914925
136093441,0.34,0.337586,1,1914925
136094901,0.41,0.395517,1,1914956
136096361,0.42,0.415103,1,1914956
136097821,0.41,0.411021,1,1915021
136099281,0.42,0.418204,1,1915021
136100741,0.41,0.411641,1,1915050
136102201,0.42,0.418328,1,1915050
136103661,0.41,0.411666,1,1915052
136105121,0.42,0.418333,1,1915052
136106581,0.41,0.411667,1,1915134
136108041,0.42,0.418333,1,1915134
136109501,0.49,0.475667,1,1915235
136110961,0.5,0.495133,1,1915235
136112421,0.53,0.523027,1,1915300
136113881,0.54,0.536605,1,1915300
136115341,0.53,0.531321,1,1915302
136116801,0.54,0.538264,1,1915302
136118261,0.55,0.547653,1,1915362
136119721,0.56,0.557531,1,1915362
136121181,0.53,0.535506,1,1915397
136122641,0.54,0.539101,1,1915397
136124101,0.51,0.51582,1,1915462
136125561,0.52,0.519164,1,1915462
136127021,0.53,0.527833,1,1915491
136128481,0.54,0.537567,1,1915491
136129941,0.53,0.531513,1,1915493
136131401,0.54,0.538303,1,1915493
136132861,0.59,0.579661,1,1915575
136134321,0.6,0.595932,1,1915575
136135781,0.63,0.623186,1,1915680
136137241,0.64,0.636637,1,1915680
136138701,0.61,0.615327,1,1915747
136140161,0.62,0.619066,1,1915747
136141621,0.61,0.611813,1,1915749
136143081,0.62,0.618363,1,1915749
136144541,0.61,0.611673,1,1915810
136146001,0.62,0.618335,1,1915810
136147461,0.63,0.627667,1,1915844
136148921,0.64,0.637533,1,1915844
136150381,0.64,0.639507,1,1915844
136151841,0.69,0.679901,1,1915908
136153301,0.7,0.69598,1,1915908
136154761,0.69,0.691196,1,1915938
136156221,0.7,0.698239,1,1915938
136157681,0.69,0.691648,1,1915940
136159141,0.7,0.69833,1,1915940
136160601,0.75,0.739666,1,1916025
136162061,0.76,0.755933,2,1916025
136163521,0.85,0.831187,2,1916132
136164981,0.86,0.854237,2,1916132
136166441,0.87,0.866847,2,1916198
136167901,0.88,0.877369,2,1916198
136169361,0.87,0.871474,2,1916200
136170821,0.88,0.878295,2,1916200
136172281,0.87,0.871659,2,1916261
136173741,0.88,0.878332,2,1916261
136175201,0.87,0.871666,2,1916296
136176661,0.88,0.878333,2,1916296
136178121,0.87,0.871667,2,1916298
136179581,0.88,0.878333,2,1916298
136181041,0.91,0.903667,2,1916364
136182501,0.92,0.916733,2,1916364
136183961,0.93,0.927347,2,1916394
136185421,0.94,0.937469,2,1916394
136186881,0.93,0.931494,2,1916396
136188341,0.94,0.938299,2,1916396
136189801,0.93,0.93166,2,1916484
136191261,0.94,0.938332,2,1916484
136289081,0.94,0.94,2,1918112
136290541,0.95,0.948,2,1918112
136297841,0.86,0.86,2,1918217
136299301,0.87,0.868,2,1918217
136300761,0.91,0.9016,2,1918247
136302221,0.92,0.91632,2,1918247
136303681,0.81,0.831264,2,1918292
136305141,0.82,0.822253,2,1918292
136306601,0.79,0.796451,2,1918326
136308061,0.8,0.79929,2,1918326
136309521,0.77,0.775858,2,1918354
136310981,0.78,0.779172,2,1918354
136312441,0.63,0.659834,1,1918391
136313901,0.64,0.643967,1,1918391
136315361,0.73,0.712793,1,1918498
136316821,0.74,0.734559,1,1918498
136318281,0.77,0.762912,2,1918553
136319741,0.78,0.776582,2,1918553
136321201,0.71,0.723316,1,1918584
136322661,0.72,0.720663,1,1918584
136324121,0.77,0.760133,2,1918634
136325581,0.78,0.776027,2,1918634
136327041,0.79,0.787205,2,1918653
136328501,0.8,0.797441,2,1918653
136329961,0.83,0.823488,2,1918683
136331421,0.84,0.836698,2,1918683
136332881,0.77,0.78334,2,1918714
136334341,0.78,0.780668,2,1918714
136335801,0.87,0.852134,2,1918754
136337261,0.88,0.874427,2,1918754
136338721,0.89,0.886885,2,1918787
136340181,0.9,0.897377,2,1918787
136341641,0.93,0.923475,2,1918814
136343101,0.94,0.936695,2,1918814
136344561,0.94,0.939339,2,1918814
136346021,0.93,0.931868,2,1918844
136347481,0.94,0.938374,2,1918844
136348941,0.95,0.947675,2,1918956
136351861,0.93,0.93,2,1919013
136353321,0.94,0.938,2,1919013
136354781,0.95,0.9476,2,1919041
136357701,0.95,0.95,2,1919094
136481801,0.9,0.9,2,1920795
136483261,0.91,0.908,2,1920795
136489101,0.86,0.86,2,1920917
136490561,0.87,0.868,2,1920917
136492021,0.75,0.7736,2,1920960
136493481,0.76,0.76272,2,1920960
136494941,0.65,0.672544,1,1921009
136496401,0.66,0.662509,1,1921009
136497861,0.55,0.572502,1,1921041
136499321,0.56,0.5625,1,1921041
136500781,0.41,0.4405,1,1921078
136502241,0.42,0.4241,1,1921078
136503701,0.43,0.42882,1,1921109
136505161,0.44,0.437764,1,1921109
136506621,0.25,0.287553,1,1921142
136508081,0.26,0.265511,1,1921142
136509541,0.09,0.125102,1,1921171
136511001,0.1,0.10502,1,1921171
136512461,0.05,0.0610041,1,1921206
136513921,0.06,0.0602008,1,1921206
136515381,0,0.0120402,1,1921240
136516841,0,0.00240803,1,1921240
136518301,0.01,0.00848161,1,1921266
136519761,0.02,0.0176963,1,1921266
136521221,0.07,0.0595393,1,1921337
136522681,0.08,0.0759079,1,1921337
136524141,0.05,0.0551816,1,1921383
136525601,0.06,0.0590363,1,1921383
136527061,0.07,0.0678073,1,1921418
136528521,0.08,0.0775615,1,1921418
136529981,0.09,0.0875123,1,1921462
136531441,0.1,0.0975025,1,1921462
136532901,0.15,0.1395,1,1921489
136534361,0.16,0.1559,1,1921489
136535821,0.07,0.08718,1,1921519
136537281,0.08,0.081436,1,1921519
136538741,0.11,0.104287,1,1921551
136540201,0.12,0.116857,1,1921551
136541661,0.11,0.111371,1,1921575
136543121,0.12,0.118274,1,1921575
136544581,0.15,0.143655,1,1921596
136546041,0.16,0.156731,1,1921596
136547501,0.13,0.135346,1,1921629
136548961,0.14,0.139069,1,1921629
136550421,0.05,0.0678138,1,1921661
136551881,0.06,0.0615628,1,1921661
136553341,0.07,0.0683126,1,1921687
136554801,0.08,0.0776625,1,1921687
136556261,0.03,0.0395325,1,1921761
136557721,0.04,0.0399065,1,1921761
136559181,0.05,0.0479813,1,1921806
136560641,0.06,0.0575963,1,1921806
136562101,0.03,0.0355193,1,1921842
136563561,0.04,0.0391039,1,1921842
136565021,0.04,0.0398208,1,1921842
136566481,0.03,0.0319642,1,1921887
136567941,0.04,0.0383928,1,1921887
136569401,0.03,0.0316786,1,1921917
136570861,0.04,0.0383357,1,1921917
136572321,0.07,0.0636671,1,1921943
136573781,0.08,0.0767334,1,1921943
136575241,0.07,0.0713467,1,1921977
136576701,0.08,0.0782693,1,1921977
136578161,0.11,0.103654,1,1922001
136579621,0.12,0.116731,1,1922001
136581081,0.17,0.159346,1,1922024
136582541,0.18,0.175869,1,1922024
136584001,0.19,0.187174,1,1922056
136585461,0.2,0.197435,1,1922056
136586921,0.21,0.207487,1,1922084
136588381,0.22,0.217497,1,1922084
136589841,0.17,0.179499,1,1922111
136591301,0.18,0.1799,1,1922111
136592761,0.07,0.09198,1,1922183
136594221,0.08,0.082396,1,1922183
136595681,0.15,0.136479,1,1922229
136597141,0.16,0.155296,1,1922229
136598601,0.17,0.167059,1,1922264
136600061,0.18,0.177412,1,1922264
136601521,0.17,0.171482,1,1922266
136602981,0.18,0.178296,1,1922266
136604441,0.19,0.187659,1,1922310
136605901,0.2,0.197532,1,1922310
136607361,0.19,0.191506,1,1922340
136608821,0.2,0.198301,1,1922340
136610281,0.15,0.15966,1,1922368
136611741,0.16,0.159932,1,1922368
136613201,0.15,0.151986,1,1922402
136614661,0.16,0.158397,1,1922402
136616121,0.15,0.151679,1,1922428
136617581,0.16,0.158336,1,1922428
136619041,0.13,0.135667,1,1922454
136620501,0.14,0.139133,1,1922454
136621961,0.19,0.179827,1,1922487
136623421,0.2,0.195965,1,1922487
136624881,0.21,0.207193,1,1922516
136626341,0.22,0.217439,1,1922516
136627801,0.23,0.227488,1,1922541
136629261,0.24,0.237498,1,1922541
136630721,0.23,0.2315,1,1922608
136632181,0.24,0.2383,1,1922608
136633641,0.25,0.24766,1,1922658
136635101,0.26,0.257532,1,1922658
136636561,0.25,0.251506,1,1922694
136638021,0.26,0.258301,1,1922694
136639481,0.25,0.25166,1,1922696
136640941,0.26,0.258332,1,1922696
136642401,0.26,0.259666,1,1922696
136643861,0.33,0.315933,1,1922741
136645321,0.34,0.335187,1,1922741
136646781,0.33,0.331037,1,1922771
136648241,0.34,0.338207,1,1922771
136649701,0.33,0.331641,1,1922797
136651161,0.34,0.338328,1,1922797
136652621,0.35,0.347666,1,1922831
136654081,0.36,0.357533,1,1922831
136655541,0.35,0.351507,1,1922857
136657001,0.36,0.358301,1,1922857
136658461,0.33,0.33566,1,1922882
136659921,0.34,0.339132,1,1922882
136661381,0.31,0.315826,1,1922918
136662841,0.32,0.319165,1,1922918
136664301,0.35,0.343833,1,1922948
136665761,0.36,0.356767,1,1922948
136667221,0.41,0.399353,1,1922974
136668681,0.42,0.415871,1,1922974
136670141,0.45,0.443174,1,1923041
136671601,0.46,0.456635,1,1923041
136673061,0.43,0.435327,1,1923092
136674521,0.44,0.439065,1,1923092
136675981,0.47,0.463813,1,1923128
136677441,0.48,0.476763,1,1923128
136678901,0.47,0.471353,1,1923130
136680361,0.48,0.478271,1,1923130
136681821,0.43,0.439654,1,1923178
136683281,0.44,0.439931,1,1923178
136684741,0.47,0.463986,1,1923208
136686201,0.48,0.476797,1,1923208
136687661,0.47,0.471359,1,1923234
136689121,0.48,0.478272,1,1923234
136690581,0.45,0.455654,1,1923269
136692041,0.46,0.459131,1,1923269
136693501,0.45,0.451826,1,1923295
136694961,0.46,0.458365,1,1923295
136696421,0.45,0.451673,1,1923319
136697881,0.46,0.458335,1,1923319
136699341,0.47,0.467667,1,1923354
136700801,0.48,0.477533,1,1923354
136702261,0.47,0.471507,1,1923386
136703721,0.48,0.478301,1,1923386
136705181,0.51,0.50366,1,1923415
136706641,0.52,0.516732,1,1923415
136708101,0.55,0.543346,1,1923484
136709561,0.56,0.556669,1,1923484
136711021,0.55,0.551334,1,1923534
136712481,0.56,0.558267,1,1923534
136713941,0.55,0.551653,1,1923572
136715401,0.56,0.558331,1,1923572
136716861,0.55,0.551666,1,1923574
136718321,0.56,0.558333,1,1923574
136719781,0.55,0.551667,1,1923620
136721241,0.56,0.558333,1,1923620
136722701,0.55,0.551667,1,1923652
136724161,0.56,0.558333,1,1923652
136725621,0.56,0.559667,1,1923652
136727081,0.59,0.583933,1,1923678
136728541,0.6,0.596787,1,1923678
136730001,0.63,0.623357,1,1923712
136731461,0.64,0.636671,1,1923712
136732921,0.63,0.631334,1,1923738
136734381,0.64,0.638267,1,1923738
136735841,0.65,0.647653,1,1923762
136737301,0.66,0.657531,1,1923762
136738761,0.67,0.667506,1,1923798
136740221,0.68,0.677501,1,1923798
136741681,0.69,0.6875,1,1923830
136743141,0.7,0.6975,1,1923830
136744601,0.75,0.7395,1,1923861
136746061,0.76,0.7559,2,1923861
136747521,0.81,0.79918,2,1923932
136748981,0.82,0.815836,2,1923932
136750441,0.81,0.811167,2,1923982
136751901,0.82,0.818233,2,1923982
136753361,0.83,0.827647,2,1924020
136754821,0.84,0.837529,2,1924020
136756281,0.83,0.831506,2,1924022
136757741,0.84,0.838301,2,1924022
136759201,0.85,0.84766,2,1924068
136760661,0.86,0.857532,2,1924068
136762121,0.87,0.867506,2,1924100
136763581,0.88,0.877501,2,1924100
136765041,0.87,0.8715,2,1924102
136766501,0.88,0.8783,2,1924102
136767961,0.91,0.90366,2,1924129
136769421,0.92,0.916732,2,1924129
136782561,0.95,0.95,2,1924286
136785481,0.91,0.91,2,1924320
136786941,0.92,0.918,2,1924320
136916881,0.87,0.87,2,1925867
136918341,0.88,0.878,2,1925867
136919801,0.85,0.8556,2,1925897
136921261,0.86,0.85912,2,1925897
136922721,0.83,0.835824,2,1925923
136924181,0.84,0.839165,2,1925923
136925641,0.77,0.783833,2,1925960
136927101,0.78,0.780767,2,1925960
136928561,0.75,0.756153,2,1925981
136930021,0.76,0.759231,2,1925981
136931481,0.61,0.639846,1,1926003
136932941,0.62,0.623969,1,1926003
136934401,0.59,0.596794,1,1926029
136935861,0.6,0.599359,1,1926029
136937321,0.57,0.575872,1,1926063
136938781,0.58,0.579174,1,1926063
136940241,0.55,0.555835,1,1926088
136941701,0.56,0.559167,1,1926088
136943161,0.63,0.615833,1,1926100
136944621,0.64,0.635167,1,1926100
136946081,0.63,0.631033,1,1926125
136947541,0.64,0.638207,1,1926125
136949001,0.59,0.599641,1,1926161
136950461,0.6,0.599928,1,1926161
136951921,0.65,0.639986,1,1926190
136953381,0.66,0.655997,1,1926190
136954841,0.69,0.683199,1,1926218
136956301,0.7,0.69664,1,1926218
136957761,0.61,0.627328,1,1926268
136959221,0.62,0.621466,1,1926268
136960681,0.61,0.612293,1,1926332
136962141,0.62,0.618459,1,1926332
136963601,0.63,0.627692,1,1926361
136965061,0.64,0.637538,1,1926361
136966521,0.59,0.599508,1,1926386
136967981,0.6,0.599902,1,1926386
136969441,0.63,0.62398,1,1926420
136970901,0.64,0.636796,1,1926420
136972361,0.65,0.647359,1,1926440
136973821,0.66,0.657472,1,1926440
136975281,0.71,0.699494,1,1926455
136976741,0.72,0.715899,1,1926455
136978201,0.69,0.69518,1,1926480
136979661,0.7,0.699036,1,1926480
136981121,0.73,0.723807,1,1926513
136982581,0.74,0.736761,1,1926513
136984041,0.75,0.747352,1,1926537
136985501,0.76,0.75747,2,1926537
136986961,0.71,0.719494,1,1926553
136988421,0.72,0.719899,1,1926553
136989881,0.71,0.71198,1,1926578
136991341,0.72,0.718396,1,1926578
136992801,0.72,0.719679,1,1926578
136994261,0.73,0.727936,1,1926612
136995721,0.74,0.737587,1,1926612
136997181,0.75,0.747517,1,1926644
136998641,0.76,0.757503,2,1926644
137000101,0.79,0.783501,2,1926674
137001561,0.8,0.7967,2,1926674
137003021,0.79,0.79134,2,1926720
137004481,0.8,0.798268,2,1926720
137005941,0.81,0.807654,2,1926784
137007401,0.82,0.817531,2,1926784
137008861,0.81,0.811506,2,1926814
137010321,0.82,0.818301,2,1926814
137011781,0.83,0.82766,2,1926837
137013241,0.84,0.837532,2,1926837
137014701,0.87,0.863506,2,1926873
137016161,0.88,0.876701,2,1926873
137017621,0.91,0.90334,2,1926894
137019081,0.92,0.916668,2,1926894
137020541,0.91,0.911334,2,1926912
137022001,0.92,0.918267,2,1926912
137023461,0.93,0.927653,2,1926936
137024921,0.94,0.937531,2,1926936
137026381,0.91,0.915506,2,1926971
137027841,0.92,0.919101,2,1926971
137029301,0.93,0.92782,2,1926996
137030761,0.94,0.937564,2,1926996
137032221,0.93,0.931513,2,1927010
137033681,0.94,0.938303,2,1927010
137035141,0.91,0.915661,2,1927035
137036601,0.92,0.919132,2,1927035
137038061,0.91,0.911826,2,1927069
137039521,0.92,0.918365,2,1927069
137040981,0.91,0.911673,2,1927102
137042441,0.92,0.918335,2,1927102
137043901,0.87,0.879667,2,1927134
137045361,0.88,0.879933,2,1927134
137046821,0.89,0.887987,2,1927180
137048281,0.9,0.897597,2,1927180
137049741,0.87,0.875519,2,1927245
137051201,0.88,0.879104,2,1927245
137052661,0.87,0.871821,2,1927275
137054121,0.88,0.878364,2,1927275
137055581,0.91,0.903673,2,1927299
137057041,0.92,0.916735,2,1927299
137058501,0.93,0.927347,2,1927337
137059961,0.94,0.937469,2,1927337
137061421,0.95,0.947494,2,1927360
137064341,0.95,0.95,2,1927378
137067261,0.95,0.95,2,1927403
137188441,0.85,0.85,2,1928866
137189901,0.71,0.738,1,1928895
137191361,0.67,0.6836,1,1928925
137192821,0.61,0.62472,1,1928944
137194281,0.57,0.580944,1,1929001
137195741,0.53,0.540189,1,1929019
137197201,0.55,0.548038,1,1929030
137198661,0.53,0.533608,1,1929040
137200121,0.53,0.530722,1,1929048
137201581,0.49,0.498144,1,1929133
137203041,0.5,0.499629,1,1929133
137204501,0.39,0.411926,1,1929234
137205961,0.4,0.402385,1,1929234
137207421,0.35,0.360477,1,1929298
137208881,0.36,0.360095,1,1929298
137210341,0.39,0.384019,1,1929351
137211801,0.4,0.396804,1,1929351
137213261,0.43,0.423361,1,1929395
137214721,0.44,0.436672,1,1929395
137216181,0.49,0.479334,1,1929466
137217641,0.5,0.495867,1,1929466
137219101,0.53,0.523173,1,1929487
137220561,0.54,0.536635,1,1929487
137222021,0.53,0.531327,1,1929578
137223481,0.54,0.538265,1,1929578
137224941,0.65,0.627653,1,1929674
137226401,0.66,0.653531,1,1929674
137227861,0.69,0.682706,1,1929736
137229321,0.7,0.696541,1,1929736
137230781,0.75,0.739308,1,1929791
137232241,0.76,0.755862,2,1929791
137233701,0.79,0.783172,2,1929837
137235161,0.8,0.796634,2,1929837
137236621,0.83,0.823327,2,1929911
137238081,0.84,0.836665,2,1929911
137239541,0.81,0.815333,2,1929934
137241001,0.82,0.819067,2,1929934
137242461,0.85,0.843813,2,1930025
137243921,0.86,0.856763,2,1930025
137245381,0.86,0.859353,2,1930025
137246841,0.89,0.883871,2,1930127
137248301,0.9,0.896774,2,1930127
137249761,0.89,0.891355,2,1930191
137251221,0.9,0.898271,2,1930191
137252681,0.89,0.891654,2,1930249
137254141,0.9,0.898331,2,1930249
137255601,0.91,0.907666,2,1930297
137257061,0.92,0.917533,2,1930297
137258521,0.89,0.895507,2,1930373
137259981,0.9,0.899101,2,1930373
137261441,0.89,0.89182,2,1930395
137262901,0.9,0.898364,2,1930395
137264361,0.93,0.923673,2,1930488
137265821,0.94,0.936735,2,1930488
137267281,0.93,0.931347,2,1930490
137268741,0.94,0.938269,2,1930490
137270201,0.91,0.915654,2,1930593
137271661,0.92,0.919131,2,1930593
137354881,0.75,0.75,2,1932259
137356341,0.76,0.758,2,1932259
137357801,0.75,0.7516,2,1932291
137359261,0.76,0.75832,2,1932291
137360721,0.35,0.431664,1,1932380
137362181,0.36,0.374333,1,1932380
137363641,0.25,0.274867,1,1932413
137365101,0.26,0.262973,1,1932413
137366561,0.03,0.0765947,1,1932492
137368021,0.04,0.0473189,1,1932492
137369481,0.07,0.0654638,1,1932537
137370941,0.08,0.0770928,1,1932537
137372401,0.01,0.0234186,1,1932559
137373861,0.02,0.0206837,1,1932559
137375321,0.01,0.0121367,1,1932623
137376781,0.02,0.0184273,1,1932623
137378241,0.07,0.0596855,1,1932661
137379701,0.08,0.0759371,1,1932661
137381161,0.03,0.0391874,1,1932718
137382621,0.04,0.0398375,1,1932718
137384081,0.01,0.0159675,1,1932750
137385541,0.02,0.0191935,1,1932750
137387001,0.01,0.0118387,1,1932819
137388461,0.02,0.0183677,1,1932819
137389921,0.03,0.0276735,1,1932847
137391381,0.04,0.0375347,1,1932847
137392841,0.01,0.0155069,1,1932915
137394301,0.02,0.0191014,1,1932915
137395761,0.01,0.0118203,1,1932962
137397221,0.02,0.0183641,1,1932962
137398681,0.01,0.0116728,1,1932981
137400141,0.02,0.0183346,1,1932981
137401601,0,0.00366691,1,1933045
137403061,0,0.000733382,1,1933045
137404521,0,0.000146676,1,1933045
137405981,0.03,0.0240293,1,1933086
137407441,0.04,0.0368059,1,1933086
137408901,0.03,0.0313612,1,1933141
137410361,0.04,0.0382722,1,1933141
137411821,0.03,0.0316544,1,1933172
137413281,0.04,0.0383309,1,1933172
137414741,0,0.00766618,1,1933241
137416201,0,0.00153324,1,1933241
137417661,0.01,0.00830665,1,1933270
137419121,0.02,0.0176613,1,1933270
137420581,0.05,0.0435323,1,1933337
137422041,0.06,0.0567065,1,1933337
137423501,0.03,0.0353413,1,1933384
137424961,0.04,0.0390683,1,1933384
137426421,0.01,0.0158137,1,1933403
137427881,0.02,0.0191627,1,1933403
137429341,0,0.00383255,1,1933467
137430801,0,0.000766509,1,1933467
137432261,0.07,0.0561533,1,1933508
137433721,0.08,0.0752307,1,1933508
137435181,0.03,0.0390461,1,1933563
137436641,0.04,0.0398092,1,1933563
137438101,0.07,0.0639618,1,1933594
137439561,0.08,0.0767924,1,1933594
137441021,0.07,0.0713585,1,1933662
137442481,0.08,0.0782717,1,1933662
137443941,0.07,0.0716543,1,1933691
137445401,0.08,0.0783309,1,1933691
137446861,0.11,0.103666,1,1933760
137448321,0.12,0.116733,1,1933760
137449781,0.03,0.0473466,1,1933806
137451241,0.04,0.0414693,1,1933806
137452701,0.05,0.0482939,1,1933824
137454161,0.06,0.0576588,1,1933824
137455621,0.01,0.0195318,1,1933888
137457081,0.02,0.0199064,1,1933888
137458541,0.03,0.0279813,1,1933932
137460001,0.04,0.0375963,1,1933932
137461461,0.04,0.0395193,1,1933932
137462921,0.09,0.0799039,1,1933985
137464381,0.1,0.0959808,1,1933985
137465841,0.13,0.123196,1,1934018
137467301,0.14,0.136639,1,1934018
137468761,0.13,0.131328,1,1934086
137470221,0.14,0.138266,1,1934086
137471681,0.15,0.147653,1,1934115
137473141,0.16,0.157531,1,1934115
137474601,0.19,0.183506,1,1934186
137476061,0.2,0.196701,1,1934186
137477521,0.19,0.19134,1,1934228
137478981,0.2,0.198268,1,1934228
137480441,0.21,0.207654,1,1934247
137481901,0.22,0.217531,1,1934247
137483361,0.05,0.0835061,1,1934309
137484821,0.06,0.0647012,1,1934309
137486281,0.03,0.0369402,1,1934354
137487741,0.04,0.039388,1,1934354
137489201,0.03,0.0318776,1,1934356
137490661,0.04,0.0383755,1,1934356
137492121,0.03,0.0316751,1,1934411
137493581,0.04,0.038335,1,1934411
137495041,0.03,0.031667,1,1934446
137496501,0.04,0.0383334,1,1934446
137497961,0.07,0.0636667,1,1934514
137499421,0.08,0.0767333,1,1934514
137500881,0.07,0.0713467,1,1934544
137502341,0.08,0.0782693,1,1934544
137503801,0.15,0.135654,1,1934617
137505261,0.16,0.155131,1,1934617
137506721,0.19,0.183026,1,1934659
137508181,0.2,0.196605,1,1934659
137509641,0.23,0.223321,1,1934679
137511101,0.24,0.236664,1,1934679
137512561,0.23,0.231333,1,1934733
137514021,0.24,0.238267,1,1934733
137515481,0.15,0.167653,1,1934777
137516941,0.16,0.161531,1,1934777
137518401,0.15,0.152306,1,1934779
137519861,0.16,0.158461,1,1934779
137521321,0.19,0.183692,1,1934834
137522781,0.2,0.196738,1,1934834
137524241,0.2,0.199348,1,1934834
137525701,0.19,0.19187,1,1934869
137527161,0.2,0.198374,1,1934869
137528621,0.19,0.191675,1,1934939
137530081,0.2,0.198335,1,1934939
137531541,0.19,0.191667,1,1934969
137533001,0.2,0.198333,1,1934969
137534461,0.19,0.191667,1,1935046
137535921,0.2,0.198333,1,1935046
137537381,0.19,0.191667,1,1935090
137538841,0.2,0.198333,1,1935090
137540301,0.19,0.191667,1,1935112
137541761,0.2,0.198333,1,1935112
137543221,0.23,0.223667,1,1935166
137544681,0.24,0.236733,1,1935166
137546141,0.29,0.279347,1,1935206
137547601,0.3,0.295869,1,1935206
137549061,0.29,0.291174,1,1935208
137550521,0.3,0.298235,1,1935208
137551981,0.33,0.323647,1,1935265
137553441,0.34,0.336729,1,1935265
137554901,0.33,0.331346,1,1935299
137556361,0.34,0.338269,1,1935299
137557821,0.41,0.395654,1,1935369
137559281,0.42,0.415131,1,1935369
137560741,0.43,0.427026,1,1935399
137562201,0.44,0.437405,1,1935399
137563661,0.47,0.463481,1,1935476
137565121,0.48,0.476696,1,1935476
137566581,0.51,0.503339,1,1935520
137568041,0.52,0.516668,1,1935520
137569501,0.53,0.527334,1,1935542
137570961,0.54,0.537467,1,1935542
137572421,0.49,0.499493,1,1935598
137573881,0.5,0.499899,1,1935598
137575341,0.51,0.50798,1,1935641
137576801,0.52,0.517596,1,1935641
137578261,0.51,0.511519,1,1935643
137579721,0.52,0.518304,1,1935643
137581181,0.51,0.511661,1,1935702
137582641,0.52,0.518332,1,1935702
137584101,0.51,0.511666,1,1935736
137585561,0.52,0.518333,1,1935736
137587021,0.55,0.543667,1,1935810
137588481,0.56,0.556733,1,1935810
137589941,0.56,0.559347,1,1935810
137591401,0.59,0.583869,1,1935841
137592861,0.6,0.596774,1,1935841
137594321,0.61,0.607355,1,1935920
137595781,0.62,0.617471,1,1935920
137597241,0.61,0.611494,1,1935966
137598701,0.62,0.618299,1,1935966
137600161,0.63,0.62766,1,1935989
137601621,0.64,0.637532,1,1935989
137603081,0.65,0.647506,1,1936043
137604541,0.66,0.657501,1,1936043
137606001,0.65,0.6515,1,1936087
137607461,0.66,0.6583,1,1936087
137608921,0.65,0.65166,1,1936089
137610381,0.66,0.658332,1,1936089
137611841,0.69,0.683666,1,1936148
137613301,0.7,0.696733,1,1936148
137614761,0.73,0.723347,1,1936182
137616221,0.74,0.736669,1,1936182
137617681,0.73,0.731334,1,1936258
137619141,0.74,0.738267,1,1936258
137620601,0.73,0.731653,1,1936260
137622061,0.74,0.738331,1,1936260
137623521,0.75,0.747666,1,1936292
137624981,0.76,0.757533,2,1936292
137626441,0.79,0.783507,2,1936372
137627901,0.8,0.796701,2,1936372
137629361,0.81,0.80734,2,1936418
137630821,0.82,0.817468,2,1936418
137632281,0.81,0.811494,2,1936442
137633741,0.82,0.818299,2,1936442
137635201,0.89,0.87566,2,1936497
137636661,0.9,0.895132,2,1936497
137638121,0.91,0.907026,2,1936541
137639581,0.92,0.917405,2,1936541
137641041,0.91,0.911481,2,1936543
137642501,0.92,0.918296,2,1936543
137643961,0.93,0.927659,2,1936604
137645421,0.94,0.937532,2,1936604
137646881,0.95,0.947506,2,1936640
137649801,0.95,0.95,2,1936716
137652721,0.95,0.95,2,1936718
137662941,0.95,0.95,2,1936880
137665861,0.95,0.95,2,1936904
137789961,0.87,0.87,2,1938689
137791421,0.88,0.878,2,1938689
137792881,0.93,0.9196,2,1938733
137794341,0.94,0.93592,2,1938733
137795801,0.95,0.947184,2,1938769
137798721,0.81,0.81,2,1938815
137800181,0.82,0.818,2,1938815
137801641,0.82,0.8196,2,1938815
137803101,0.83,0.82792,2,1938850
137804561,0.84,0.837584,2,1938850
137806021,0.83,0.831517,2,1938883
137807481,0.84,0.838303,2,1938883
137808941,0.81,0.815661,2,1938914
137810401,0.82,0.819132,2,1938914
137811861,0.81,0.811826,2,1938961
137813321,0.82,0.818365,2,1938961
137814781,0.83,0.827673,2,1938997
137816241,0.84,0.837535,2,1938997
137817701,0.79,0.799507,2,1939022
137819161,0.8,0.799901,2,1939022
137820621,0.81,0.80798,2,1939094
137822081,0.82,0.817596,2,1939094
137823541,0.81,0.811519,2,1939122
137825001,0.82,0.818304,2,1939122
137826461,0.81,0.811661,2,1939161
137827921,0.82,0.818332,2,1939161
137829381,0.87,0.859666,2,1939201
137830841,0.88,0.875933,2,1939201
137832301,0.87,0.871187,2,1939238
137833761,0.88,0.878237,2,1939238
137835221,0.91,0.903647,2,1939277
137836681,0.92,0.916729,2,1939277
137838141,0.89,0.895346,2,1939312
137839601,0.9,0.899069,2,1939312
137841061,0.91,0.907814,2,1939345
137842521,0.92,0.917563,2,1939345
137843981,0.91,0.911513,2,1939375
137845441,0.92,0.918302,2,1939375
137846901,0.95,0.94366,2,1939422
137849821,0.93,0.93,2,1939459
137851281,0.94,0.938,2,1939459
137861501,0.95,0.95,2,1939622
137864421,0.93,0.93,2,1939665
137865881,0.94,0.938,2,1939665
138010421,0.86,0.86,2,1941500
138011881,0.87,0.868,2,1941500
138013341,0.89,0.8856,2,1941537
138014801,0.9,0.89712,2,1941537
138016261,0.83,0.843424,2,1941586
138017721,0.84,0.840685,2,1941586
138019181,0.87,0.864137,2,1941610
138020641,0.88,0.876827,2,1941610
138022101,0.83,0.839365,2,1941658
138023561,0.84,0.839873,2,1941658
138025021,0.71,0.735975,1,1941704
138026481,0.72,0.723195,1,1941704
138027941,0.67,0.680639,1,1941734
138029401,0.68,0.680128,1,1941734
138030861,0.73,0.720026,1,1941767
138032321,0.74,0.736005,1,1941767
138033781,0.63,0.651201,1,1941809
138035241,0.64,0.64224,1,1941809
138036701,0.69,0.680448,1,1941833
138038161,0.7,0.69609,1,1941833
138039621,0.7,0.699218,1,1941833
138041081,0.71,0.707844,1,1941853
138042541,0.72,0.717569,1,1941853
138044001,0.77,0.759514,2,1941882
138045461,0.78,0.775903,2,1941882
138046921,0.69,0.707181,1,1941932
138048381,0.7,0.701436,1,1941932
138049841,0.71,0.708287,1,1941966
138051301,0.72,0.717657,1,1941966
138052761,0.67,0.679532,1,1942002
138054221,0.68,0.679906,1,1942002
138055681,0.71,0.703981,1,1942048
138057141,0.72,0.716796,1,1942048
138058601,0.75,0.743359,1,1942074
138060061,0.76,0.756672,2,1942074
138061521,0.73,0.735334,1,1942120
138062981,0.74,0.739067,1,1942120
138064441,0.79,0.779813,2,1942160
138065901,0.8,0.795963,2,1942160
138067361,0.81,0.807193,2,1942188
138068821,0.82,0.817438,2,1942188
138070281,0.83,0.827488,2,1942224
138071741,0.84,0.837498,2,1942224
138073201,0.89,0.8795,2,1942261
138074661,0.9,0.8959,2,1942261
138076121,0.93,0.92318,2,1942288
138077581,0.94,0.936636,2,1942288
138079041,0.93,0.931327,2,1942290
138080501,0.94,0.938265,2,1942290
138081961,0.95,0.947653,2,1942310
138084881,0.95,0.95,2,1942342
138090721,0.95,0.95,2,1942423
138093641,0.95,0.95,2,1942457
138268841,0.93,0.93,2,1944454
138270301,0.94,0.938,2,1944454
138274681,0.92,0.92,2,1944541
138276141,0.93,0.928,2,1944541
138277601,0.94,0.9376,2,1944577
138279061,0.95,0.94752,2,1944577
138283441,0.87,0.87,2,1944644
138284901,0.88,0.878,2,1944644
138286361,0.85,0.8556,2,1944680
138287821,0.86,0.85912,2,1944680
138289281,0.93,0.915824,2,1944703
138290741,0.94,0.935165,2,1944703
138292201,0.85,0.867033,2,1944730
138293661,0.86,0.861407,2,1944730
138295121,0.85,0.852281,2,1944766
138296581,0.86,0.858456,2,1944766
138298041,0.81,0.819691,2,1944798
138299501,0.82,0.819938,2,1944798
138300961,0.79,0.795988,2,1944829
138302421,0.8,0.799198,2,1944829
138303881,0.8,0.799839,2,1944829
138305341,0.85,0.839968,2,1944847
138306801,0.86,0.855994,2,1944847
138308261,0.83,0.835199,2,1944874
138309721,0.84,0.83904,2,1944874
138311181,0.93,0.911808,2,1944899
138312641,0.94,0.934362,2,1944899
138314101,0.91,0.914872,2,1944931
138315561,0.92,0.918974,2,1944931
138317021,0.93,0.927795,2,1944965
138318481,0.94,0.937559,2,1944965
138319941,0.87,0.883512,2,1945012
138321401,0.88,0.880702,2,1945012
138322861,0.91,0.90414,2,1945050
138324321,0.92,0.916828,2,1945050
138325781,0.91,0.911366,2,1945072
138327241,0.92,0.918273,2,1945072
138328701,0.89,0.895655,2,1945109
138330161,0.9,0.899131,2,1945109
138331621,0.91,0.907826,2,1945144
138333081,0.92,0.917565,2,1945144
138334541,0.91,0.911513,2,1945171
138336001,0.92,0.918303,2,1945171
138337461,0.95,0.943661,2,1945194
138340381,0.95,0.95,2,1945230
138500981,0.91,0.91,2,1947030
138505361,0.84,0.84,2,1947121
138506821,0.83,0.832,2,1947180
138508281,0.77,0.7824,2,1947209
138509741,0.67,0.69248,1,1947243
138511201,0.63,0.642496,1,1947261
138512661,0.63,0.632499,1,1947305
138514121,0.53,0.5505,1,1947325
138515581,0.59,0.5821,1,1947337
138517041,0.51,0.52442,1,1947350
138518501,0.55,0.544884,1,1947363
138519961,0.29,0.340977,1,1947458
138521421,0.3,0.308195,1,1947458
138522881,0.25,0.261639,1,1947530
138524341,0.26,0.260328,1,1947530
138525801,0.25,0.252066,1,1947586
138527261,0.26,0.258413,1,1947586
138528721,0.17,0.187683,1,1947668
138530181,0.18,0.181537,1,1947668
138531641,0.21,0.204307,1,1947713
138533101,0.22,0.216861,1,1947713
138534561,0.23,0.227372,1,1947772
138536021,0.24,0.237474,1,1947772
138537481,0.23,0.231495,1,1947796
138538941,0.24,0.238299,1,1947796
138540401,0.25,0.24766,1,1947893
138541861,0.26,0.257532,1,1947893
138543321,0.31,0.299506,1,1947963
138544781,0.32,0.315901,1,1947963
138546241,0.37,0.35918,1,1948019
138547701,0.38,0.375836,1,1948019
138549161,0.37,0.371167,1,1948097
138550621,0.38,0.378233,1,1948097
138552081,0.39,0.387647,1,1948144
138553541,0.4,0.397529,1,1948144
138555001,0.41,0.407506,1,1948204
138556461,0.42,0.417501,1,1948204
138557921,0.43,0.4275,1,1948228
138559381,0.44,0.4375,1,1948228
138560841,0.51,0.4955,1,1948326
138562301,0.52,0.5151,1,1948326
138563761,0.52,0.51902,1,1948326
138565221,0.53,0.527804,1,1948399
138566681,0.54,0.537561,1,1948399
138568141,0.51,0.515512,1,1948458
138569601,0.52,0.519102,1,1948458
138571061,0.53,0.52782,1,1948536
138572521,0.54,0.537564,1,1948536
138573981,0.57,0.563513,1,1948584
138575441,0.58,0.576703,1,1948584
138576901,0.59,0.587341,1,1948645
138578361,0.6,0.597468,1,1948645
138579821,0.59,0.591494,1,1948670
138581281,0.6,0.598299,1,1948670
138582741,0.63,0.62366,1,1948772
138584201,0.64,0.636732,1,1948772
138585661,0.63,0.631346,1,1948774
138587121,0.64,0.638269,1,1948774
138588581,0.67,0.663654,1,1948847
138590041,0.68,0.676731,1,1948847
138591501,0.69,0.687346,1,1948905
138592961,0.7,0.697469,1,1948905
138594421,0.77,0.755494,2,1948984
138595881,0.78,0.775099,2,1948984
138597341,0.79,0.78702,2,1949034
138598801,0.8,0.797404,2,1949034
138600261,0.83,0.823481,2,1949096
138601721,0.84,0.836696,2,1949096
138603181,0.85,0.847339,2,1949121
138604641,0.86,0.857468,2,1949121
138606101,0.93,0.915494,2,1949225
138607561,0.94,0.935099,2,1949225
138609021,0.93,0.93102,2,1949227
138610481,0.94,0.938204,2,1949227
138611941,0.93,0.931641,2,1949302
138613401,0.94,0.938328,2,1949302
138614861,0.94,0.939666,2,1949302
138741881,0.81,0.81,2,1951747
138743341,0.82,0.818,2,1951747
138744801,0.77,0.7796,2,1951783
138746261,0.78,0.77992,2,1951783
138747721,0.59,0.627984,1,1951832
138749181,0.6,0.605597,1,1951832
138750641,0.37,0.417119,1,1951891
138752101,0.38,0.387424,1,1951891
138753561,0.05,0.117485,1,1951937
138755021,0.06,0.071497,1,1951937
138756481,0.05,0.0542994,1,1952004
138757941,0.06,0.0588599,1,1952004
138759401,0.11,0.099772,1,1952076
138760861,0.12,0.115954,1,1952076
138762321,0.01,0.0311909,1,1952128
138763781,0.02,0.0222382,1,1952128
138765241,0.01,0.0124476,1,1952160
138766701,0.02,0.0184895,1,1952160
138768161,0.03,0.0276979,1,1952208
138769621,0.04,0.0375396,1,1952208
138771081,0.03,0.0315079,1,1952242
138772541,0.04,0.0383016,1,1952242
138774001,0.03,0.0316603,1,1952282
138775461,0.04,0.0383321,1,1952282
138776921,0.01,0.0156664,1,1952330
138778381,0.02,0.0191333,1,1952330
138779841,0.02,0.0198267,1,1952330
138781301,0.05,0.0439653,1,1952360
138782761,0.06,0.0567931,1,1952360
138784221,0.05,0.0513586,1,1952427
138785681,0.06,0.0582717,1,1952427
138787141,0.07,0.0676543,1,1952502
138788601,0.08,0.0775309,1,1952502
138790061,0.03,0.0395062,1,1952549
138791521,0.04,0.0399012,1,1952549
138792981,0,0.00798025,1,1952581
138794441,0,0.00159605,1,1952581
138795901,0.03,0.0243192,1,1952630
138797361,0.04,0.0368638,1,1952630
138798821,0.09,0.0793728,1,1952664
138800281,0.1,0.0958746,1,1952664
138801741,0.07,0.0751749,1,1952704
138803201,0.08,0.079035,1,1952704
138804661,0.09,0.087807,1,1952751
138806121,0.1,0.0975614,1,1952751
138807581,0.09,0.0915123,1,1952753
138809041,0.1,0.0983025,1,1952753
138810501,0.07,0.0756605,1,1952784
138811961,0.08,0.0791321,1,1952784
138813421,0.03,0.0398264,1,1952851
138814881,0.04,0.0399653,1,1952851
138816341,0.01,0.0159931,1,1952927
138817801,0.02,0.0191986,1,1952927
138819261,0.01,0.0118397,1,1952972
138820721,0.02,0.0183679,1,1952972
138822181,0,0.00367359,1,1953003
138823641,0,0.000734718,1,1953003
138825101,0.03,0.0241469,1,1953053
138826561,0.04,0.0368294,1,1953053
138828021,0.01,0.0153659,1,1953090
138829481,0.02,0.0190732,1,1953090
138830941,0,0.00381463,1,1953129
138832401,0,0.000762927,1,1953129
138833861,0.03,0.0241526,1,1953177
138835321,0.04,0.0368305,1,1953177
138836781,0.03,0.0313661,1,1953179
138838241,0.04,0.0382732,1,1953179
138839701,0.03,0.0316546,1,1953209
138841161,0.04,0.0383309,1,1953209
138842621,0.04,0.0396662,1,1953209
138844081,0.03,0.0319332,1,1953274
138845541,0.04,0.0383866,1,1953274
138847001,0.01,0.0156773,1,1953349
138848461,0.02,0.0191355,1,1953349
138849921,0.01,0.0118271,1,1953394
138851381,0.02,0.0183654,1,1953394
138852841,0,0.00367308,1,1953425
138854301,0,0.000734617,1,1953425
138855761,0.01,0.00814692,1,1953476
138857221,0.02,0.0176294,1,1953476
138858681,0.01,0.0115259,1,1953512
138860141,0.02,0.0183052,1,1953512
138861601,0,0.00366103,1,1953551
138863061,0,0.000732207,1,1953551
138864521,0.03,0.0241464,1,1953600
138865981,0.04,0.0368293,1,1953600
138867441,0.03,0.0313659,1,1953602
138868901,0.04,0.0382732,1,1953602
138870361,0.09,0.0796546,1,1953632
138871821,0.1,0.0959309,1,1953632
138873281,0.01,0.0271862,1,1953696
138874741,0.02,0.0214372,1,1953696
138876201,0.03,0.0282874,1,1953770
138877661,0.04,0.0376575,1,1953770
138879121,0.05,0.0475315,1,1953815
138880581,0.06,0.0575063,1,1953815
138882041,0,0.0115013,1,1953846
138883501,0,0.00230025,1,1953846
138884961,0.05,0.0404601,1,1953897
138886421,0.06,0.056092,1,1953897
138887881,0.03,0.0352184,1,1953933
138889341,0.04,0.0390437,1,1953933
138890801,0.01,0.0158087,1,1953972
138892261,0.02,0.0191617,1,1953972
138893721,0.03,0.0278324,1,1954022
138895181,0.04,0.0375665,1,1954022
138896641,0.03,0.0315133,1,1954024
138898101,0.04,0.0383027,1,1954024
138899561,0.05,0.0476605,1,1954057
138901021,0.06,0.0575321,1,1954057
138902481,0.03,0.0355064,1,1954117
138903941,0.04,0.0391013,1,1954117
138905401,0.03,0.0318203,1,1954192
138906861,0.04,0.0383641,1,1954192
138908321,0.04,0.0396728,1,1954192
138909781,0.05,0.0479346,1,1954238
138911241,0.06,0.0575869,1,1954238
138912701,0,0.0115174,1,1954267
138914161,0,0.00230348,1,1954267
138915621,0.01,0.0084607,1,1954320
138917081,0.02,0.0176921,1,1954320
138918541,0.03,0.0275384,1,1954355
138920001,0.04,0.0375077,1,1954355
138921461,0.03,0.0315015,1,1954393
138922921,0.04,0.0383003,1,1954393
138924381,0.07,0.0636601,1,1954444
138925841,0.08,0.076732,1,1954444
138927301,0.07,0.0713464,1,1954446
138928761,0.08,0.0782693,1,1954446
138930221,0.09,0.0876539,1,1954480
138931681,0.1,0.0975308,1,1954480
138933141,0.03,0.0435062,1,1954539
138934601,0.04,0.0407012,1,1954539
138936061,0.03,0.0321402,1,1954614
138937521,0.04,0.038428,1,1954614
138938981,0.03,0.0316856,1,1954616
138940441,0.04,0.0383371,1,1954616
138941901,0.01,0.0156674,1,1954662
138943361,0.02,0.0191335,1,1954662
138944821,0,0.0038267,1,1954689
138946281,0,0.000765339,1,1954689
138947741,0.03,0.0241531,1,1954742
138949201,0.04,0.0368306,1,1954742
138950661,0.01,0.0153661,1,1954778
138952121,0.02,0.0190732,1,1954778
138953581,0.07,0.0598146,1,1954816
138955041,0.08,0.0759629,1,1954816
138956501,0.09,0.0871926,1,1954869
138957961,0.1,0.0974385,1,1954869
138959421,0.09,0.0914877,1,1954871
138960881,0.1,0.0982975,1,1954871
138962341,0.07,0.0756595,1,1954906
138963801,0.08,0.0791319,1,1954906
138965261,0.05,0.0558264,1,1954962
138966721,0.06,0.0591653,1,1954962
138968181,0,0.0118331,1,1955037
138969641,0,0.00236661,1,1955037
138971101,0.01,0.00847332,1,1955039
138972561,0.02,0.0176947,1,1955039
138974021,0.02,0.0195389,1,1955039
138975481,0.01,0.0119078,1,1955084
138976941,0.02,0.0183816,1,1955084
138978401,0,0.00367631,1,1955111
138979861,0,0.000735262,1,1955111
138981321,0.01,0.00814705,1,1955165
138982781,0.02,0.0176294,1,1955165
138984241,0.01,0.0115259,1,1955200
138985701,0.02,0.0183052,1,1955200
138987161,0.09,0.075661,1,1955241
138988621,0.1,0.0951322,1,1955241
138990081,0.05,0.0590264,1,1955295
138991541,0.06,0.0598053,1,1955295
138993001,0.05,0.0519611,1,1955297
138994461,0.06,0.0583922,1,1955297
138995921,0.05,0.0516784,1,1955331
138997381,0.06,0.0583357,1,1955331
138998841,0.05,0.0516671,1,1955386
139000301,0.06,0.0583334,1,1955386
139001761,0.11,0.0996667,1,1955459
139003221,0.12,0.115933,1,1955459
139004681,0.11,0.111187,1,1955461
139006141,0.12,0.118237,1,1955461
139007601,0.13,0.127647,1,1955505
139009061,0.14,0.137529,1,1955505
139010521,0.07,0.0835059,1,1955532
139011981,0.08,0.0807012,1,1955532
139013441,0.05,0.0561402,1,1955586
139014901,0.06,0.059228,1,1955586
139016361,0.07,0.0678456,1,1955621
139017821,0.08,0.0775691,1,1955621
139019281,0.07,0.0715138,1,1955666
139020741,0.08,0.0783028,1,1955666
139022201,0.13,0.119661,1,1955718
139023661,0.14,0.135932,1,1955718
139025121,0.13,0.131186,1,1955720
139026581,0.14,0.138237,1,1955720
139028041,0.13,0.131647,1,1955754
139029501,0.14,0.138329,1,1955754
139030961,0.15,0.147666,1,1955809
139032421,0.16,0.157533,1,1955809
139033881,0.23,0.215507,1,1955885
139035341,0.24,0.235101,1,1955885
139036801,0.23,0.23102,1,1955887
139038261,0.24,0.238204,1,1955887
139039721,0.29,0.279641,1,1955932
139041181,0.3,0.295928,1,1955932
139042641,0.29,0.291186,1,1955956
139044101,0.3,0.298237,1,1955956
139045561,0.3,0.299647,1,1955956
139047021,0.17,0.195929,1,1956009
139048481,0.18,0.183186,1,1956009
139049941,0.19,0.188637,1,1956045
139051401,0.2,0.197727,1,1956045
139052861,0.17,0.175545,1,1956090
139054321,0.18,0.179109,1,1956090
139055781,0.17,0.171822,1,1956145
139057241,0.18,0.178364,1,1956145
139058701,0.17,0.171673,1,1956147
139060161,0.18,0.178335,1,1956147
139061621,0.17,0.171667,1,1956181
139063081,0.18,0.178333,1,1956181
139064541,0.21,0.203667,1,1956237
139066001,0.22,0.216733,1,1956237
139067461,0.21,0.211347,1,1956317
139068921,0.22,0.218269,1,1956317
139070381,0.21,0.211654,1,1956319
139071841,0.22,0.218331,1,1956319
139073301,0.25,0.243666,1,1956367
139074761,0.26,0.256733,1,1956367
139076221,0.25,0.251347,1,1956391
139077681,0.26,0.258269,1,1956391
139079141,0.25,0.251654,1,1956393
139080601,0.26,0.258331,1,1956393
139082061,0.27,0.267666,1,1956439
139083521,0.28,0.277533,1,1956439
139084981,0.29,0.287507,1,1956476
139086441,0.3,0.297501,1,1956476
139087901,0.31,0.3075,1,1956520
139089361,0.32,0.3175,1,1956520
139090821,0.37,0.3595,1,1956575
139092281,0.38,0.3759,1,1956575
139093741,0.37,0.37118,1,1956577
139095201,0.38,0.378236,1,1956577
139096661,0.41,0.403647,1,1956611
139098121,0.42,0.416729,1,1956611
139099581,0.47,0.459346,1,1956669
139101041,0.48,0.475869,1,1956669
139102501,0.49,0.487174,1,1956749
139103961,0.5,0.497435,1,1956749
139105421,0.49,0.491487,1,1956751
139106881,0.5,0.498297,1,1956751
139108341,0.47,0.475659,1,1956801
139109801,0.48,0.479132,1,1956801
139111261,0.49,0.487826,1,1956825
139112721,0.5,0.497565,1,1956825
139114181,0.49,0.491513,1,1956827
139115641,0.5,0.498303,1,1956827
139117101,0.49,0.491661,1,1956874
139118561,0.5,0.498332,1,1956874
139120021,0.5,0.499666,1,1956874
139121481,0.53,0.523933,1,1956912
139122941,0.54,0.536787,1,1956912
139124401,0.51,0.515357,1,1956957
139125861,0.52,0.519071,1,1956957
139127321,0.53,0.527814,1,1957015
139128781,0.54,0.537563,1,1957015
139130241,0.53,0.531513,1,1957017
139131701,0.54,0.538303,1,1957017
139133161,0.57,0.563661,1,1957053
139134621,0.58,0.576732,1,1957053
139136081,0.55,0.555346,1,1957114
139137541,0.56,0.559069,1,1957114
139139001,0.57,0.567814,1,1957195
139140461,0.58,0.577563,1,1957195
139141921,0.57,0.571513,1,1957197
139143381,0.58,0.578303,1,1957197
139144841,0.59,0.587661,1,1957246
139146301,0.6,0.597532,1,1957246
139147761,0.63,0.623506,1,1957271
139149221,0.64,0.636701,1,1957271
139150681,0.63,0.63134,1,1957273
139152141,0.64,0.638268,1,1957273
139153601,0.65,0.647654,1,1957320
139155061,0.66,0.657531,1,1957320
139156521,0.63,0.635506,1,1957359
139157981,0.64,0.639101,1,1957359
139159441,0.65,0.64782,1,1957403
139160901,0.66,0.657564,1,1957403
139162361,0.67,0.667513,1,1957462
139163821,0.68,0.677503,1,1957462
139165281,0.67,0.671501,1,1957464
139166741,0.68,0.6783,1,1957464
139168201,0.71,0.70366,1,1957502
139169661,0.72,0.716732,1,1957502
139171121,0.75,0.743346,1,1957562
139172581,0.76,0.756669,2,1957562
139174041,0.81,0.799334,2,1957644
139175501,0.82,0.815867,2,1957644
139176961,0.81,0.811173,2,1957646
139178421,0.82,0.818235,2,1957646
139179881,0.83,0.827647,2,1957696
139181341,0.84,0.837529,2,1957696
139182801,0.85,0.847506,2,1957723
139184261,0.86,0.857501,2,1957723
139185721,0.85,0.8515,2,1957725
139187181,0.86,0.8583,2,1957725
139188641,0.87,0.86766,2,1957773
139190101,0.88,0.877532,2,1957773
139191561,0.89,0.887506,2,1957811
139193021,0.9,0.897501,2,1957811
139194481,0.9,0.8995,2,1957811
139195941,0.95,0.9399,2,1957856
139352161,0.95,0.95,2,1959811
139355081,0.79,0.79,2,1959843
139356541,0.8,0.798,2,1959843
139358001,0.8,0.7996,2,1959843
139359461,0.71,0.72792,1,1959879
139360921,0.72,0.721584,1,1959879
139362381,0.57,0.600317,1,1959919
139363841,0.58,0.584063,1,1959919
139365301,0.19,0.268813,1,1960003
139366761,0.2,0.213763,1,1960003
139368221,0.11,0.130753,1,1960038
139369681,0.12,0.122151,1,1960038
139371141,0.03,0.0484301,1,1960075
139372601,0.04,0.041686,1,1960075
139374061,0.03,0.0323372,1,1960098
139375521,0.04,0.0384674,1,1960098
139376981,0.03,0.0316935,1,1960130
139378441,0.04,0.0383387,1,1960130
139379901,0,0.00766774,1,1960144
139381361,0,0.00153355,1,1960144
139382821,0,0.00030671,1,1960171
139384281,0,6.13419e-05,1,1960171
139385741,0.03,0.0240123,1,1960216
139387201,0.04,0.0368025,1,1960216
139388661,0.05,0.0473605,1,1960243
139390121,0.06,0.0574721,1,1960243
139391581,0.05,0.0514944,1,1960279
139393041,0.06,0.0582989,1,1960279
139394501,0.05,0.0516598,1,1960303
139395961,0.06,0.058332,1,1960303
139397421,0.05,0.0516664,1,1960305
139398881,0.06,0.0583333,1,1960305
139400341,0.03,0.0356667,1,1960336
139401801,0.04,0.0391333,1,1960336
139403261,0.11,0.0958267,1,1960369
139404721,0.12,0.115165,1,1960369
139406181,0.11,0.111033,1,1960434
139407641,0.12,0.118207,1,1960434
139409101,0.09,0.0956413,1,1960465
139410561,0.1,0.0991283,1,1960465
139412021,0.09,0.0918257,1,1960498
139413481,0.1,0.0983651,1,1960498
139414941,0.07,0.075673,1,1960521
139416401,0.08,0.0791346,1,1960521
139417861,0.05,0.0558269,1,1960553
139419321,0.06,0.0591654,1,1960553
139420781,0,0.0118331,1,1960566
139422241,0,0.00236662,1,1960566
139423701,0.01,0.00847332,1,1960593
139425161,0.02,0.0176947,1,1960593
139426621,0.01,0.0115389,1,1960639
139428081,0.02,0.0183078,1,1960639
139429541,0.03,0.0276616,1,1960667
139431001,0.04,0.0375323,1,1960667
139432461,0.07,0.0635065,1,1960703
139433921,0.08,0.0767013,1,1960703
139435381,0.05,0.0553403,1,1960727
139436841,0.06,0.0590681,1,1960727
139438301,0.05,0.0518136,1,1960729
139439761,0.06,0.0583627,1,1960729
139441221,0.09,0.0836725,1,1960759
139442681,0.1,0.0967345,1,1960759
139444141,0.1,0.0993469,1,1960759
139445601,0.07,0.0758694,1,1960796
139447061,0.08,0.0791739,1,1960796
139448521,0.11,0.103835,1,1960861
139449981,0.12,0.116767,1,1960861
139451441,0.13,0.127353,1,1960891
139452901,0.14,0.137471,1,1960891
139454361,0.11,0.115494,1,1960924
139455821,0.12,0.119099,1,1960924
139457281,0.11,0.11182,1,1960946
139458741,0.12,0.118364,1,1960946
139460201,0.13,0.127673,1,1960977
139461661,0.14,0.137535,1,1960977
139463121,0.15,0.147507,1,1960988
139464581,0.16,0.157501,1,1960988
139466041,0.13,0.1355,1,1961015
139467501,0.14,0.1391,1,1961015
139468961,0.13,0.13182,1,1961061
139470421,0.14,0.138364,1,1961061
139471881,0.07,0.0836728,1,1961090
139473341,0.08,0.0807346,1,1961090
139474801,0.09,0.0881469,1,1961128
139476261,0.1,0.0976294,1,1961128
139477721,0.17,0.155526,1,1961151
139479181,0.18,0.175105,1,1961151
139480641,0.17,0.171021,1,1961153
139482101,0.18,0.178204,1,1961153
139483561,0.17,0.171641,1,1961185
139485021,0.18,0.178328,1,1961185
139486481,0.17,0.171666,1,1961220
139487941,0.18,0.178333,1,1961220
139489401,0.21,0.203667,1,1961287
139490861,0.22,0.216733,1,1961287
139492321,0.21,0.211347,1,1961318
139493781,0.22,0.218269,1,1961318
139495241,0.23,0.227654,1,1961350
139496701,0.24,0.237531,1,1961350
139498161,0.23,0.231506,1,1961372
139499621,0.24,0.238301,1,1961372
139501081,0.23,0.23166,1,1961404
139502541,0.24,0.238332,1,1961404
139504001,0.23,0.231666,1,1961416
139505461,0.24,0.238333,1,1961416
139506921,0.31,0.295667,1,1961442
139508381,0.32,0.315133,1,1961442
139509841,0.33,0.327027,1,1961488
139511301,0.34,0.337405,1,1961488
139512761,0.33,0.331481,1,1961514
139514221,0.34,0.338296,1,1961514
139515681,0.31,0.315659,1,1961553
139517141,0.32,0.319132,1,1961553
139518601,0.33,0.327826,1,1961580
139520061,0.34,0.337565,1,1961580
139521521,0.33,0.331513,1,1961582
139522981,0.34,0.338303,1,1961582
139524441,0.37,0.363661,1,1961614
139525901,0.38,0.376732,1,1961614
139527361,0.39,0.387346,1,1961649
139528821,0.4,0.397469,1,1961649
139530281,0.4,0.399494,1,1961649
139531741,0.45,0.439899,1,1961718
139533201,0.46,0.45598,1,1961718
139534661,0.51,0.499196,1,1961749
139536121,0.52,0.515839,1,1961749
139537581,0.55,0.543168,1,1961782
139539041,0.56,0.556634,1,1961782
139540501,0.55,0.551327,1,1961804
139541961,0.56,0.558265,1,1961804
139543421,0.55,0.551653,1,1961836
139544881,0.56,0.558331,1,1961836
139546341,0.55,0.551666,1,1961848
139547801,0.56,0.558333,1,1961848
139549261,0.51,0.519667,1,1961878
139550721,0.52,0.519933,1,1961878
139552181,0.51,0.511987,1,1961925
139553641,0.52,0.518397,1,1961925
139555101,0.51,0.511679,1,1961951
139556561,0.52,0.518336,1,1961951
139558021,0.53,0.527667,1,1961989
139559481,0.54,0.537533,1,1961989
139560941,0.57,0.563507,1,1962017
139562401,0.58,0.576701,1,1962017
139563861,0.57,0.57134,1,1962019
139565321,0.58,0.578268,1,1962019
139566781,0.57,0.571654,1,1962053
139568241,0.58,0.578331,1,1962053
139569701,0.57,0.571666,1,1962089
139571161,0.58,0.578333,1,1962089
139572621,0.57,0.571667,1,1962091
139574081,0.58,0.578333,1,1962091
139575541,0.61,0.603667,1,1962162
139577001,0.62,0.616733,1,1962162
139578461,0.61,0.611347,1,1962196
139579921,0.62,0.618269,1,1962196
139581381,0.63,0.627654,1,1962231
139582841,0.64,0.637531,1,1962231
139584301,0.65,0.647506,1,1962253
139585761,0.66,0.657501,1,1962253
139587221,0.65,0.6515,1,1962285
139588681,0.66,0.6583,1,1962285
139590141,0.65,0.65166,1,1962297
139591601,0.66,0.658332,1,1962297
139593061,0.65,0.651666,1,1962325
139594521,0.66,0.658333,1,1962325
139595981,0.69,0.683667,1,1962372
139597441,0.7,0.696733,1,1962372
139598901,0.73,0.723347,1,1962398
139600361,0.74,0.736669,1,1962398
139601821,0.79,0.779334,2,1962437
139603281,0.8,0.795867,2,1962437
139604741,0.75,0.759173,2,1962467
139606201,0.76,0.759835,2,1962467
139607661,0.75,0.751967,2,1962469
139609121,0.76,0.758393,2,1962469
139610581,0.75,0.751679,2,1962503
139612041,0.76,0.758336,2,1962503
139613501,0.75,0.751667,2,1962539
139614961,0.76,0.758333,2,1962539
139616421,0.75,0.751667,2,1962541
139617881,0.76,0.758333,2,1962541
139619341,0.79,0.783667,2,1962614
139620801,0.8,0.796733,2,1962614
139622261,0.8,0.799347,2,1962614
139623721,0.77,0.775869,2,1962648
139625181,0.78,0.779174,2,1962648
139626641,0.79,0.787835,2,1962684
139628101,0.8,0.797567,2,1962684
139629561,0.77,0.775513,2,1962707
139631021,0.78,0.779103,2,1962707
139632481,0.81,0.803821,2,1962739
139633941,0.82,0.816764,2,1962739
139635401,0.81,0.811353,2,1962751
139636861,0.82,0.818271,2,1962751
139638321,0.81,0.811654,2,1962779
139639781,0.82,0.818331,2,1962779
139641241,0.85,0.843666,2,1962828
139642701,0.86,0.856733,2,1962828
139644161,0.85,0.851347,2,1962856
139645621,0.86,0.858269,2,1962856
139647081,0.9,0.891654,2,1962898
139648541,0.91,0.906331,2,1962898
139650001,0.95,0.941266,2,1962926
139652921,0.95,0.95,2,1962928
139655841,0.95,0.95,2,1962962
139658761,0.95,0.95,2,1962998
139661681,0.95,0.95,2,1963000
139664601,0.93,0.93,2,1963075
139666061,0.94,0.938,2,1963075
139667521,0.95,0.9476,2,1963107
139819361,0.95,0.95,2,1964669
139822281,0.73,0.73,1,1964715
139823741,0.74,0.738,1,1964715
139825201,0.67,0.6836,1,1964748
139826661,0.68,0.68072,1,1964748
139828121,0.59,0.608144,1,1964768
139829581,0.6,0.601629,1,1964768
139831041,0.55,0.560326,1,1964807
139832501,0.56,0.560065,1,1964807
139833961,0.49,0.504013,1,1964835
139835421,0.5,0.500803,1,1964835
139836881,0.41,0.428161,1,1964860
139838341,0.42,0.421632,1,1964860
139839801,0.29,0.316326,1,1964875
139841261,0.3,0.303265,1,1964875
139842721,0.29,0.292653,1,1964904
139844181,0.3,0.298531,1,1964904
139845641,0.15,0.179706,1,1964938
139847101,0.16,0.163941,1,1964938
139848561,0.01,0.0407882,1,1964980
139850021,0.02,0.0241576,1,1964980
139851481,0.09,0.0768315,1,1965023
139852941,0.1,0.0953663,1,1965023
139854401,0.01,0.0270733,1,1965050
139855861,0.02,0.0214147,1,1965050
139857321,0.01,0.0122829,1,1965085
139858781,0.02,0.0184566,1,1965085
139860241,0.07,0.0596913,1,1965113
139861701,0.08,0.0759383,1,1965113
139863161,0.03,0.0391877,1,1965125
139864621,0.04,0.0398375,1,1965125
139866081,0.01,0.0159675,1,1965137
139867541,0.02,0.0191935,1,1965137
139869001,0.03,0.0278387,1,1965172
139870461,0.04,0.0375677,1,1965172
139871921,0.03,0.0315135,1,1965202
139873381,0.04,0.0383027,1,1965202
139874841,0.03,0.0316605,1,1965218
139876301,0.04,0.0383321,1,1965218
139877761,0.05,0.0476664,1,1965255
139879221,0.06,0.0575333,1,1965255
139880681,0.09,0.0835067,1,1965280
139882141,0.1,0.0967013,1,1965280
139883601,0.09,0.0913403,1,1965301
139885061,0.1,0.0982681,1,1965301
139886521,0.07,0.0756536,1,1965310
139887981,0.08,0.0791307,1,1965310
139889441,0.09,0.0878261,1,1965339
139890901,0.1,0.0975652,1,1965339
139892361,0.07,0.075513,1,1965366
139893821,0.08,0.0791026,1,1965366
139895281,0.03,0.0398205,1,1965401
139896741,0.04,0.0399641,1,1965401
139898201,0.07,0.0639928,1,1965448
139899661,0.08,0.0767986,1,1965448
139901121,0.05,0.0553597,1,1965471
139902581,0.06,0.0590719,1,1965471
139904041,0.05,0.0518144,1,1965506
139905501,0.06,0.0583629,1,1965506
139906961,0.07,0.0676726,1,1965537
139908421,0.08,0.0775345,1,1965537
139909881,0.03,0.0395069,1,1965547
139911341,0.04,0.0399014,1,1965547
139912801,0,0.00798028,1,1965558
139914261,0,0.00159606,1,1965558
139915721,0,0.000319211,1,1965558
139917181,0.07,0.0560638,1,1965594
139918641,0.08,0.0752128,1,1965594
139920101,0.05,0.0550426,1,1965624
139921561,0.06,0.0590085,1,1965624
139923021,0.05,0.0518017,1,1965640
139924481,0.06,0.0583603,1,1965640
139925941,0.05,0.0516721,1,1965678
139927401,0.06,0.0583344,1,1965678
139928861,0.03,0.0356669,1,1965705
139930321,0.04,0.0391334,1,1965705
139931781,0.03,0.0318267,1,1965726
139933241,0.04,0.0383653,1,1965726
139934701,0.03,0.0316731,1,1965734
139936161,0.04,0.0383346,1,1965734
139937621,0.05,0.0476669,1,1965764
139939081,0.06,0.0575334,1,1965764
139940541,0.05,0.0515067,1,1965790
139942001,0.06,0.0583013,1,1965790
139943461,0.03,0.0356603,1,1965823
139944921,0.04,0.0391321,1,1965823
139946381,0.01,0.0158264,1,1965872
139947841,0.02,0.0191653,1,1965872
139949301,0.05,0.0438331,1,1965894
139950761,0.06,0.0567666,1,1965894
139952221,0.03,0.0353533,1,1965929
139953681,0.04,0.0390707,1,1965929
139955141,0.05,0.0478141,1,1965961
139956601,0.06,0.0575628,1,1965961
139958061,0.05,0.0515126,1,1965969
139959521,0.06,0.0583025,1,1965969
139960981,0.01,0.0196605,1,1965979
139962441,0.02,0.0199321,1,1965979
139963901,0.01,0.0119864,1,1965981
139965361,0.02,0.0183973,1,1965981
139966821,0.05,0.0436795,1,1966019
139968281,0.06,0.0567359,1,1966019
139969741,0.07,0.0673472,1,1966048
139971201,0.08,0.0774694,1,1966048
139972661,0.09,0.0874939,1,1966064
139974121,0.1,0.0974988,1,1966064
139975581,0.11,0.1075,1,1966102
139977041,0.12,0.1175,1,1966102
139978501,0.11,0.1115,1,1966128
139979961,0.12,0.1183,1,1966128
139981421,0.09,0.09566,1,1966149
139982881,0.1,0.099132,1,1966149
139984341,0.09,0.0918264,1,1966157
139985801,0.1,0.0983653,1,1966157
139987261,0.09,0.0916731,1,1966188
139988721,0.1,0.0983346,1,1966188
139990181,0.15,0.139667,1,1966214
139991641,0.16,0.155933,1,1966214
139993101,0.15,0.151187,1,1966246
139994561,0.16,0.158237,1,1966246
139996021,0.11,0.119647,1,1966294
139997481,0.12,0.119929,1,1966294
139998941,0.07,0.0799859,1,1966318
140000401,0.08,0.0799972,1,1966318
140001861,0.03,0.0399994,1,1966352
140003321,0.04,0.0399999,1,1966352
140004781,0.03,0.032,1,1966385
140006241,0.04,0.0384,1,1966385
140007701,0.03,0.03168,1,1966393
140009161,0.04,0.038336,1,1966393
140010621,0.03,0.0316672,1,1966401
140012081,0.04,0.0383334,1,1966401
140013541,0.03,0.0316667,1,1966403
140015001,0.04,0.0383333,1,1966403
140016461,0,0.00766667,1,1966443
140017921,0,0.00153333,1,1966443
140019381,0,0.000306667,1,1966443
140020841,0.07,0.0560613,1,1966473
140022301,0.08,0.0752123,1,1966473
140023761,0.07,0.0710425,1,1966490
140025221,0.08,0.0782085,1,1966490
140026681,0.07,0.0716417,1,1966529
140028141,0.08,0.0783283,1,1966529
140029601,0.09,0.0876657,1,1966555
140031061,0.1,0.0975331,1,1966555
140032521,0.09,0.0915066,1,1966575
140033981,0.1,0.0983013,1,1966575
140035441,0.09,0.0916603,1,1966583
140036901,0.1,0.0983321,1,1966583
140038361,0.11,0.107666,1,1966614
140039821,0.12,0.117533,1,1966614
140041281,0.15,0.143507,1,1966643
140042741,0.16,0.156701,1,1966643
140044201,0.15,0.15134,1,1966675
140045661,0.16,0.158268,1,1966675
140047121,0.21,0.199654,1,1966721
140048581,0.22,0.215931,1,1966721
140050041,0.21,0.211186,1,1966743
140051501,0.22,0.218237,1,1966743
140052961,0.25,0.243647,1,1966775
140054421,0.26,0.256729,1,1966775
140055881,0.27,0.267346,1,1966808
140057341,0.28,0.277469,1,1966808
140058801,0.27,0.271494,1,1966816
140060261,0.28,0.278299,1,1966816
140061721,0.27,0.27166,1,1966824
140063181,0.28,0.278332,1,1966824
140064641,0.27,0.271666,1,1966826
140066101,0.28,0.278333,1,1966826
140067561,0.21,0.223667,1,1966865
140069021,0.22,0.220733,1,1966865
140070481,0.17,0.180147,1,1966897
140071941,0.18,0.180029,1,1966897
140073401,0.15,0.156006,1,1966914
140074861,0.16,0.159201,1,1966914
140076321,0.15,0.15184,1,1966953
140077781,0.16,0.158368,1,1966953
140079241,0.13,0.135674,1,1966980
140080701,0.14,0.139135,1,1966980
140082161,0.13,0.131827,1,1967000
140083621,0.14,0.138365,1,1967000
140085081,0.13,0.131673,1,1967008
140086541,0.14,0.138335,1,1967008
140088001,0.15,0.147667,1,1967040
140089461,0.16,0.157533,1,1967040
140090921,0.19,0.183507,1,1967071
140092381,0.2,0.196701,1,1967071
140093841,0.23,0.22334,1,1967103
140095301,0.24,0.236668,1,1967103
140096761,0.25,0.247334,1,1967152
140098221,0.26,0.257467,1,1967152
140099681,0.29,0.283493,1,1967174
140101141,0.3,0.296699,1,1967174
140102601,0.29,0.29134,1,1967208
140104061,0.3,0.298268,1,1967208
140105521,0.29,0.291654,1,1967242
140106981,0.3,0.298331,1,1967242
140108441,0.29,0.291666,1,1967250
140109901,0.3,0.298333,1,1967250
140111361,0.29,0.291667,1,1967258
140112821,0.3,0.298333,1,1967258
140114281,0.29,0.291667,1,1967260
140115741,0.3,0.298333,1,1967260
140117201,0.29,0.291667,1,1967296
140118661,0.3,0.298333,1,1967296
140120121,0.31,0.307667,1,1967326
140121581,0.32,0.317533,1,1967326
140123041,0.31,0.311507,1,1967342
140124501,0.32,0.318301,1,1967342
140125961,0.32,0.31966,1,1967342
140127421,0.37,0.359932,1,1967381
140128881,0.38,0.375986,1,1967381
140130341,0.39,0.387197,1,1967407
140131801,0.4,0.397439,1,1967407
140133261,0.43,0.423488,1,1967427
140134721,0.44,0.436698,1,1967427
140136181,0.43,0.43134,1,1967435
140137641,0.44,0.438268,1,1967435
140139101,0.45,0.447654,1,1967468
140140561,0.46,0.457531,1,1967468
140142021,0.49,0.483506,1,1967501
140143481,0.5,0.496701,1,1967501
140144941,0.51,0.50734,1,1967535
140146401,0.52,0.517468,1,1967535
140147861,0.47,0.479494,1,1967585
140149321,0.48,0.479899,1,1967585
140150781,0.43,0.43998,1,1967609
140152241,0.44,0.439996,1,1967609
140153701,0.45,0.447999,1,1967643
140155161,0.46,0.4576,1,1967643
140156621,0.45,0.45152,1,1967677
140158081,0.46,0.458304,1,1967677
140159541,0.45,0.451661,1,1967685
140161001,0.46,0.458332,1,1967685
140162461,0.45,0.451666,1,1967693
140163921,0.46,0.458333,1,1967693
140165381,0.45,0.451667,1,1967695
140166841,0.46,0.458333,1,1967695
140168301,0.47,0.467667,1,1967731
140169761,0.48,0.477533,1,1967731
140171221,0.45,0.455507,1,1967762
140172681,0.46,0.459101,1,1967762
140174141,0.45,0.45182,1,1967778
140175601,0.46,0.458364,1,1967778
140177061,0.45,0.451673,1,1967780
140178521,0.46,0.458335,1,1967780
140179981,0.49,0.483667,1,1967821
140181441,0.5,0.496733,1,1967821
140182901,0.53,0.523347,1,1967848
140184361,0.54,0.536669,1,1967848
140185821,0.57,0.563334,1,1967870
140187281,0.58,0.576667,1,1967870
140188741,0.57,0.571333,1,1967878
140190201,0.58,0.578267,1,1967878
140191661,0.57,0.571653,1,1967912
140193121,0.58,0.578331,1,1967912
140194581,0.61,0.603666,1,1967947
140196041,0.62,0.616733,1,1967947
140197501,0.59,0.595347,1,1967982
140198961,0.6,0.599069,1,1967982
140200421,0.63,0.623814,1,1968030
140201881,0.64,0.636763,1,1968030
140203341,0.63,0.631353,1,1968052
140204801,0.64,0.638271,1,1968052
140206261,0.67,0.663654,1,1968087
140207721,0.68,0.676731,1,1968087
140209181,0.69,0.687346,1,1968121
140210641,0.7,0.697469,1,1968121
140212101,0.71,0.707494,1,1968129
140213561,0.72,0.717499,1,1968129
140215021,0.71,0.7115,1,1968137
140216481,0.72,0.7183,1,1968137
140217941,0.71,0.71166,1,1968139
140219401,0.72,0.718332,1,1968139
140220861,0.77,0.759666,2,1968176
140222321,0.78,0.775933,2,1968176
140223781,0.77,0.771187,2,1968206
140225241,0.78,0.778237,2,1968206
140226701,0.77,0.771647,2,1968222
140228161,0.78,0.77833,2,1968222
140229621,0.77,0.771666,2,1968224
140231081,0.78,0.778333,2,1968224
140232541,0.75,0.755667,2,1968267
140234001,0.76,0.759133,2,1968267
140235461,0.76,0.759827,2,1968267
140236921,0.77,0.767965,2,1968296
140238381,0.78,0.777593,2,1968296
140239841,0.79,0.787519,2,1968320
140241301,0.8,0.797504,2,1968320
140242761,0.79,0.791501,2,1968328
140244221,0.8,0.7983,2,1968328
140245681,0.83,0.82366,2,1968362
140247141,0.84,0.836732,2,1968362
140248601,0.81,0.815346,2,1968399
140250061,0.82,0.819069,2,1968399
140251521,0.85,0.843814,2,1968433
140252981,0.86,0.856763,2,1968433
140254441,0.83,0.835353,2,1968483
140255901,0.84,0.839071,2,1968483
140257361,0.83,0.831814,2,1968505
140258821,0.84,0.838363,2,1968505
140260281,0.85,0.847673,2,1968542
140261741,0.86,0.857535,2,1968542
140263201,0.87,0.867507,2,1968577
140264661,0.88,0.877501,2,1968577
140266121,0.89,0.8875,2,1968586
140267581,0.9,0.8975,2,1968586
140269041,0.89,0.8915,2,1968594
140270501,0.9,0.8983,2,1968594
140271961,0.89,0.89166,2,1968596
140273421,0.9,0.898332,2,1968596
140274881,0.95,0.939666,2,1968636
140304081,0.93,0.93,2,1968896
140305541,0.94,0.938,2,1968896
140307001,0.95,0.9476,2,1968945
140501181,0.84,0.84,2,1970813
140464681,0.79,0.8,2,1970843
140502641,0.65,0.68,1,1970875
140470521,0.53,0.56,1,1970908
140476361,0.33,0.376,1,1970959
140504101,0.21,0.2432,1,1971007
140505561,0.19,0.20064,1,1971023
140507021,0.09,0.112128,1,1971036
140508481,0.09,0.0944256,1,1971052
140509941,0.01,0.0268851,1,1971071
140511401,0.07,0.061377,1,1971089
140512861,0.03,0.0362754,1,1971105
140514321,0.07,0.0632551,1,1971118
140515781,0.03,0.036651,1,1971133
140517241,0.01,0.0153302,1,1971156
140518701,0.09,0.075066,1,1971172
140520161,0.03,0.0390132,1,1971208
140521621,0.05,0.0478026,1,1971255
140523081,0.05,0.0495605,1,1971276
140524541,0.07,0.0659121,1,1971303
140526001,0.11,0.101182,1,1971328
140527461,0.09,0.0922365,1,1971355
140528921,0.11,0.106447,1,1971396
140530381,0.17,0.157289,1,1971453
140531841,0.18,0.175458,1,1971453
140533301,0.21,0.203092,1,1971477
140534761,0.22,0.216618,1,1971477
140536221,0.11,0.131324,1,1971513
140537681,0.12,0.122265,1,1971513
140539141,0.11,0.112453,1,1971542
140540601,0.12,0.118491,1,1971542
140542061,0.01,0.0316981,1,1971577
140543521,0.02,0.0223396,1,1971577
140544981,0.05,0.0444679,1,1971630
140546441,0.06,0.0568936,1,1971630
140547901,0.05,0.0513787,1,1971699
140549361,0.06,0.0582757,1,1971699
140550821,0.11,0.0996552,1,1971754
140552281,0.12,0.115931,1,1971754
140553741,0.17,0.159186,1,1971822
140555201,0.18,0.175837,1,1971822
140556661,0.18,0.179167,1,1971822
140558121,0.23,0.219833,1,1971883
140559581,0.24,0.235967,1,1971883
140561041,0.23,0.231193,1,1971909
140562501,0.24,0.238239,1,1971909
140563961,0.21,0.215648,1,1971940
140565421,0.22,0.21913,1,1971940
140566881,0.23,0.227826,1,1971969
140568341,0.24,0.237565,1,1971969
140569801,0.15,0.167513,1,1971999
140571261,0.16,0.161503,1,1971999
140572721,0.11,0.120301,1,1972054
140574181,0.12,0.12006,1,1972054
140575641,0.19,0.176012,1,1972123
140577101,0.2,0.195202,1,1972123
140578561,0.15,0.15904,1,1972181
140580021,0.16,0.159808,1,1972181
140581481,0.19,0.183962,1,1972252
140582941,0.2,0.196792,1,1972252
140584401,0.21,0.207358,1,1972315
140585861,0.22,0.217472,1,1972315
140587321,0.21,0.211494,1,1972341
140588781,0.22,0.218299,1,1972341
140590241,0.23,0.22766,1,1972371
140591701,0.24,0.237532,1,1972371
140593161,0.25,0.247506,1,1972401
140594621,0.26,0.257501,1,1972401
140596081,0.25,0.2515,1,1972427
140597541,0.26,0.2583,1,1972427
140599001,0.23,0.23566,1,1972480
140600461,0.24,0.239132,1,1972480
140601921,0.31,0.295826,1,1972553
140603381,0.32,0.315165,1,1972553
140604841,0.33,0.327033,1,1972609
140606301,0.34,0.337407,1,1972609
140607761,0.33,0.331481,1,1972682
140609221,0.34,0.338296,1,1972682
140610681,0.31,0.315659,1,1972746
140612141,0.32,0.319132,1,1972746
140613601,0.35,0.343826,1,1972772
140615061,0.36,0.356765,1,1972772
140616521,0.36,0.359353,1,1972772
140617981,0.39,0.383871,1,1972803
140619441,0.4,0.396774,1,1972803
140620901,0.41,0.407355,1,1972834
140622361,0.42,0.417471,1,1972834
140623821,0.41,0.411494,1,1972860
140625281,0.42,0.418299,1,1972860
140626741,0.43,0.42766,1,1972912
140628201,0.44,0.437532,1,1972912
140629661,0.47,0.463506,1,1972989
140631121,0.48,0.476701,1,1972989
140632581,0.51,0.50334,1,1973046
140634041,0.52,0.516668,1,1973046
140635501,0.59,0.575334,1,1973119
140636961,0.6,0.595067,1,1973119
140638421,0.61,0.607013,1,1973182
140639881,0.62,0.617403,1,1973182
140641341,0.67,0.659481,1,1973210
140642801,0.68,0.675896,1,1973210
140644261,0.67,0.671179,1,1973212
140645721,0.68,0.678236,1,1973212
140647181,0.67,0.671647,1,1973244
140648641,0.68,0.678329,1,1973244
140650101,0.69,0.687666,1,1973276
140651561,0.7,0.697533,1,1973276
140653021,0.71,0.707507,1,1973302
140654481,0.72,0.717501,1,1973302
140655941,0.75,0.7435,1,1973355
140657401,0.76,0.7567,2,1973355
140658861,0.71,0.71934,1,1973434
140660321,0.72,0.719868,1,1973434
140661781,0.71,0.711974,1,1973493
140663241,0.72,0.718395,1,1973493
140664701,0.75,0.743679,1,1973570
140666161,0.76,0.756736,2,1973570
140667621,0.77,0.767347,2,1973634
140669081,0.78,0.777469,2,1973634
140670541,0.79,0.787494,2,1973665
140672001,0.8,0.797499,2,1973665
140673461,0.79,0.7915,2,1973667
140674921,0.8,0.7983,2,1973667
140676381,0.8,0.79966,2,1973667
140677841,0.85,0.839932,2,1973699
140679301,0.86,0.855986,2,1973699
140680761,0.85,0.851197,2,1973732
140682221,0.86,0.858239,2,1973732
140683681,0.87,0.867648,2,1973759
140685141,0.88,0.87753,2,1973759
140686601,0.89,0.887506,2,1973814
140688061,0.9,0.897501,2,1973814
140689521,0.89,0.8915,2,1973891
140690981,0.9,0.8983,2,1973891
140692441,0.95,0.93966,2,1973950
140812161,0.81,0.81,2,1975867
140813621,0.45,0.522,1,1975990
140815081,0.37,0.4004,1,1976021
140816541,0.19,0.23208,1,1976060
140818001,0.17,0.182416,1,1976104
140819461,0.05,0.0764832,1,1976130
140820921,0.09,0.0872966,1,1976167
140822381,0,0.0174593,1,1976176
140823841,0.05,0.0434919,1,1976193
140825301,0.01,0.0166984,1,1976209
140826761,0.09,0.0753397,1,1976433
140828221,0.1,0.0950679,1,1976433
140829681,0.11,0.107014,1,1976490
140831141,0.12,0.117403,1,1976490
140832601,0.15,0.143481,1,1976553
140834061,0.16,0.156696,1,1976553
140835521,0.07,0.0873392,1,1976597
140836981,0.08,0.0814678,1,1976597
140838441,0.05,0.0562936,1,1976630
140839901,0.06,0.0592587,1,1976630
140841361,0.06,0.0598517,1,1976630
140842821,0.07,0.0679703,1,1976859
140844281,0.08,0.0775941,1,1976859
140845741,0.13,0.119519,1,1976917
140847201,0.14,0.135904,1,1976917
140848661,0.17,0.163181,1,1976982
140850121,0.18,0.176636,1,1976982
140851581,0.21,0.203327,1,1977022
140853041,0.22,0.216665,1,1977022
140854501,0.13,0.147333,1,1977054
140855961,0.14,0.141467,1,1977054
140857421,0.13,0.132293,1,1977255
140858881,0.15,0.146459,1,1977284
140860341,0.16,0.157292,1,1977284
140861801,0.17,0.167458,1,1977345
140863261,0.18,0.177492,1,1977345
140864721,0.17,0.171498,1,1977412
140866181,0.18,0.1783,1,1977412
140867641,0.19,0.18766,1,1977454
140869101,0.2,0.197532,1,1977454
140870561,0.19,0.191506,1,1977482
140872021,0.2,0.198301,1,1977482
140873481,0.2,0.19966,1,1977482
140874941,0.35,0.319932,1,1977712
140876401,0.36,0.351986,1,1977712
140877861,0.37,0.366397,1,1977774
140879321,0.38,0.377279,1,1977774
140880781,0.47,0.451456,1,1977841
140882241,0.48,0.474291,1,1977841
140883701,0.47,0.470858,1,1977884
140885161,0.48,0.478172,1,1977884
140886621,0.49,0.487634,1,1977912
140888081,0.5,0.497527,1,1977912
140889541,0.49,0.491505,1,1977914
140891001,0.5,0.498301,1,1977914
140892461,0.55,0.53966,1,1978151
140893921,0.56,0.555932,1,1978151
140895381,0.59,0.583186,1,1978214
140896841,0.6,0.596637,1,1978214
140898301,0.69,0.671327,1,1978286
140899761,0.7,0.694265,1,1978286
140901221,0.71,0.706853,1,1978329
140902681,0.72,0.717371,1,1978329
140904141,0.69,0.695474,1,1978358
140905601,0.7,0.699095,1,1978358
140907061,0.69,0.691819,1,1978360
140908521,0.7,0.698364,1,1978360
140909981,0.69,0.691673,1,1978600
140911441,0.7,0.698335,1,1978600
140912901,0.7,0.699667,1,1978600
140914361,0.73,0.723933,1,1978665
140915821,0.74,0.736787,1,1978665
140917281,0.75,0.747357,1,1978742
140918741,0.76,0.757471,2,1978742
140920201,0.83,0.815494,2,1978786
140921661,0.84,0.835099,2,1978786
140923121,0.83,0.83102,2,1978814
140924581,0.84,0.838204,2,1978814
140926041,0.83,0.831641,2,1978816
140927501,0.84,0.838328,2,1978816
140934801,0.95,0.95,2,1979200
140937721,0.91,0.91,2,1979248
140939181,0.92,0.918,2,1979248
140940641,0.93,0.9276,2,1979276
140942101,0.94,0.93752,2,1979276
140943561,0.93,0.931504,2,1979278
140945021,0.94,0.938301,2,1979278
141000501,0.85,0.85,2,1980675
141001961,0.86,0.858,2,1980675
141003421,0.73,0.7556,2,1980721
141004881,0.74,0.74312,1,1980721
141006341,0.63,0.652624,1,1980758
141007801,0.64,0.642525,1,1980758
141009261,0.13,0.232505,1,1980966
141010721,0.14,0.158501,1,1980966
141012181,0.05,0.0717002,1,1980994
141013641,0.06,0.06234,1,1980994
141015101,0,0.012468,1,1981023
141016561,0,0.0024936,1,1981023
141018021,0.03,0.0244987,1,1981099
141019481,0.04,0.0368997,1,1981099
141020941,0.01,0.0153799,1,1981138
141022401,0.02,0.019076,1,1981138
141023861,0.03,0.0278152,1,1981178
141025321,0.04,0.037563,1,1981178
141026781,0.03,0.0315126,1,1981210
141028241,0.04,0.0383025,1,1981210
141029701,0.13,0.111661,1,1981393
141031161,0.14,0.134332,1,1981393
141032621,0.17,0.162866,1,1981417
141034081,0.18,0.176573,1,1981417
141035541,0.03,0.0593147,1,1981444
141037001,0.04,0.0438629,1,1981444
141038461,0.13,0.112773,1,1981521
141039921,0.14,0.134555,1,1981521
141041381,0.09,0.0989109,1,1981559
141042841,0.1,0.0997822,1,1981559
141044301,0.1,0.0999564,1,1981559
141045761,0.01,0.0279913,1,1981600
141047221,0.02,0.0215983,1,1981600
141048681,0.03,0.0283197,1,1981632
141050141,0.04,0.0376639,1,1981632
141051601,0.13,0.111533,1,1981820
141053061,0.14,0.134307,1,1981820
141054521,0.13,0.130861,1,1981846
141055981,0.14,0.138172,1,1981846
141057441,0.13,0.131634,1,1981866
141058901,0.14,0.138327,1,1981866
141060361,0.11,0.115665,1,1981948
141061821,0.12,0.119133,1,1981948
141063281,0.13,0.127827,1,1981984
141064741,0.14,0.137565,1,1981984
141066201,0.13,0.131513,1,1981986
141067661,0.14,0.138303,1,1981986
141069121,0.13,0.131661,1,1982022
141070581,0.14,0.138332,1,1982022
141072041,0.05,0.0676664,1,1982055
141073501,0.06,0.0615333,1,1982055
141074961,0.19,0.164307,1,1982248
141076421,0.2,0.192861,1,1982248
141077881,0.23,0.222572,1,1982274
141079341,0.24,0.236514,1,1982274
141080801,0.23,0.231303,1,1982294
141082261,0.24,0.238261,1,1982294
141083721,0.23,0.231652,1,1982375
141085181,0.24,0.23833,1,1982375
141086641,0.23,0.231666,1,1982412
141088101,0.24,0.238333,1,1982412
141089561,0.23,0.231667,1,1982414
141091021,0.24,0.238333,1,1982414
141092481,0.24,0.239667,1,1982414
141093941,0.27,0.263933,1,1982450
141095401,0.28,0.276787,1,1982450
141096861,0.29,0.287357,1,1982479
141098321,0.3,0.297471,1,1982479
141099781,0.41,0.387494,1,1982679
141101241,0.42,0.413499,1,1982679
141102701,0.37,0.3787,1,1982707
141104161,0.38,0.37974,1,1982707
141105621,0.39,0.387948,1,1982727
141107081,0.4,0.39759,1,1982727
141108541,0.45,0.439518,1,1982808
141110001,0.46,0.455904,1,1982808
141111461,0.49,0.483181,1,1982845
141112921,0.5,0.496636,1,1982845
141114381,0.49,0.491327,1,1982847
141115841,0.5,0.498265,1,1982847
141117301,0.51,0.507653,1,1982884
141118761,0.52,0.517531,1,1982884
141120221,0.51,0.511506,1,1982914
141121681,0.52,0.518301,1,1982914
141123141,0.51,0.51166,1,1983115
141124601,0.53,0.526332,1,1983121
141126061,0.54,0.537266,1,1983121
141127521,0.53,0.531453,1,1983147
141128981,0.54,0.538291,1,1983147
141130441,0.57,0.563658,1,1983168
141131901,0.58,0.576732,1,1983168
141133361,0.61,0.603346,1,1983252
141134821,0.62,0.616669,1,1983252
141136281,0.67,0.659334,1,1983291
141137741,0.68,0.675867,1,1983291
141139201,0.67,0.671173,1,1983293
141140661,0.68,0.678235,1,1983293
141142121,0.69,0.687647,1,1983331
141143581,0.7,0.697529,1,1983331
141145041,0.7,0.699506,1,1983331
141146501,0.71,0.707901,1,1983361
141147961,0.72,0.71758,1,1983361
141149421,0.75,0.743516,1,1983568
141150881,0.76,0.756703,2,1983568
141152341,0.75,0.751341,2,1983594
141153801,0.76,0.758268,2,1983594
141155261,0.79,0.783654,2,1983617
141156721,0.8,0.796731,2,1983617
141158181,0.83,0.823346,2,1983703
141159641,0.84,0.836669,2,1983703
141161101,0.81,0.815334,2,1983745
141162561,0.82,0.819067,2,1983745
141164021,0.81,0.811813,2,1983747
141165481,0.82,0.818363,2,1983747
141166941,0.81,0.811673,2,1983786
141168401,0.82,0.818334,2,1983786
141169861,0.81,0.811667,2,1983788
141171321,0.82,0.818333,2,1983788
141172781,0.81,0.811667,2,1983818
141174241,0.82,0.818333,2,1983818
141175701,0.91,0.891667,2,1984027
141177161,0.92,0.914333,2,1984027
141276441,0.94,0.94,2,1985680
141277901,0.95,0.948,2,1985680
141279361,0.9,0.9096,2,1985713
141280821,0.91,0.90992,2,1985713
141282281,0.85,0.861984,2,1985738
141283741,0.86,0.860397,2,1985738
141285201,0.83,0.836079,2,1985756
141286661,0.84,0.839216,2,1985756
141288121,0.31,0.415843,1,1985929
141289581,0.32,0.339169,1,1985929
141291041,0.25,0.267834,1,1985968
141292501,0.26,0.261567,1,1985968
141293961,0.25,0.252313,1,1986003
141295421,0.26,0.258463,1,1986003
141296881,0.11,0.139693,1,1986068
141298341,0.12,0.123939,1,1986068
141299801,0.09,0.0967877,1,1986108
141301261,0.1,0.0993575,1,1986108
141302721,0.03,0.0438715,1,1986132
141304181,0.04,0.0407743,1,1986132
141305641,0.01,0.0161549,1,1986150
141307101,0.02,0.019231,1,1986150
141308561,0.05,0.0438462,1,1986181
141310021,0.06,0.0567692,1,1986181
141311481,0.03,0.0353538,1,1986204
141312941,0.04,0.0390708,1,1986204
141314401,0.03,0.0318142,1,1986219
141315861,0.04,0.0383628,1,1986219
141317321,0.05,0.0476726,1,1986366
141318781,0.06,0.0575345,1,1986366
141320241,0.06,0.0595069,1,1986366
141321701,0.05,0.0519014,1,1986402
141323161,0.06,0.0583803,1,1986402
141324621,0.13,0.115676,1,1986437
141326081,0.14,0.135135,1,1986437
141327541,0.19,0.179027,1,1986495
141329001,0.2,0.195805,1,1986495
141330461,0.19,0.191161,1,1986534
141331921,0.2,0.198232,1,1986534
141333381,0.17,0.175646,1,1986555
141334841,0.18,0.179129,1,1986555
141336301,0.15,0.155826,1,1986572
141337761,0.16,0.159165,1,1986572
141339221,0.09,0.103833,1,1986605
141340681,0.1,0.100767,1,1986605
141342141,0.13,0.124153,1,1986627
141343601,0.14,0.136831,1,1986627
141345061,0.11,0.115366,1,1986642
141346521,0.12,0.119073,1,1986642
141347981,0.15,0.143815,1,1986790
141349441,0.16,0.156763,1,1986790
141350901,0.17,0.167353,1,1986825
141352361,0.18,0.177471,1,1986825
141353821,0.19,0.187494,1,1986864
141355281,0.2,0.197499,1,1986864
141356741,0.19,0.1915,1,1986925
141358201,0.2,0.1983,1,1986925
141359661,0.23,0.22366,1,1986964
141361121,0.24,0.236732,1,1986964
141362581,0.23,0.231346,1,1986984
141364041,0.24,0.238269,1,1986984
141365501,0.25,0.247654,1,1987000
141366961,0.26,0.257531,1,1987000
141368421,0.27,0.267506,1,1987030
141369881,0.28,0.277501,1,1987030
141371341,0.27,0.2715,1,1987054
141372801,0.28,0.2783,1,1987054
141374261,0.27,0.27166,1,1987068
141375721,0.28,0.278332,1,1987068
141377181,0.37,0.351666,1,1987218
141378641,0.38,0.374333,1,1987218
141380101,0.37,0.370867,1,1987254
141381561,0.38,0.378173,1,1987254
141383021,0.38,0.379635,1,1987254
141384481,0.41,0.403927,1,1987294
141385941,0.42,0.416785,1,1987294
141387401,0.41,0.411357,1,1987355
141388861,0.42,0.418271,1,1987355
141390321,0.37,0.379654,1,1987396
141391781,0.38,0.379931,1,1987396
141393241,0.37,0.371986,1,1987416
141394701,0.38,0.378397,1,1987416
141396161,0.41,0.403679,1,1987433
141397621,0.42,0.416736,1,1987433
141399081,0.43,0.427347,1,1987464
141400541,0.44,0.437469,1,1987464
141402001,0.43,0.431494,1,1987488
141403461,0.44,0.438299,1,1987488
141404921,0.43,0.43166,1,1987502
141406381,0.44,0.438332,1,1987502
141407841,0.47,0.463666,1,1987657
141409301,0.48,0.476733,1,1987657
141410761,0.47,0.471347,1,1987693
141412221,0.48,0.478269,1,1987693
141413681,0.47,0.471654,1,1987695
141415141,0.48,0.478331,1,1987695
141416601,0.47,0.471666,1,1987736
141418061,0.48,0.478333,1,1987736
141419521,0.51,0.503667,1,1987797
141420981,0.52,0.516733,1,1987797
141422441,0.55,0.543347,1,1987836
141423901,0.56,0.556669,1,1987836
141425361,0.55,0.551334,1,1987856
141426821,0.56,0.558267,1,1987856
141428281,0.57,0.567653,1,1987875
141429741,0.58,0.577531,1,1987875
141431201,0.61,0.603506,1,1987907
141432661,0.62,0.616701,1,1987907
141434121,0.63,0.62734,1,1987931
141435581,0.64,0.637468,1,1987931
141437041,0.65,0.647494,1,1987945
141438501,0.66,0.657499,1,1987945
141439961,0.79,0.7635,2,1988102
141441421,0.8,0.7927,2,1988102
141442881,0.81,0.80654,2,1988138
141444341,0.82,0.817308,2,1988138
141445801,0.81,0.811462,2,1988140
141447261,0.82,0.818292,2,1988140
141448721,0.81,0.811658,2,1988181
141450181,0.82,0.818332,2,1988181
141451641,0.82,0.819666,2,1988181
141453101,0.83,0.827933,2,1988244
141454561,0.84,0.837587,2,1988244
141456021,0.87,0.863517,2,1988285
141457481,0.88,0.876703,2,1988285
141458941,0.87,0.871341,2,1988305
141460401,0.88,0.878268,2,1988305
141461861,0.89,0.887654,2,1988325
141463321,0.9,0.897531,2,1988325
141464781,0.89,0.891506,2,1988359
141466241,0.9,0.898301,2,1988359
141467701,0.91,0.90766,2,1988384
141469161,0.92,0.917532,2,1988384
141470621,0.89,0.895506,2,1988399
141472081,0.9,0.899101,2,1988399
141473541,0.91,0.90782,2,1988563
141475001,0.92,0.917564,2,1988563
141476461,0.93,0.927513,2,1988600
141477921,0.94,0.937503,2,1988600
141479381,0.93,0.931501,2,1988602
141480841,0.94,0.9383,2,1988602
141482301,0.95,0.94766,2,1988643
141488141,0.95,0.95,2,1988749
141493981,0.95,0.95,2,1988790
141496901,0.95,0.95,2,1988824
141619541,0.87,0.87,2,1990568
141621001,0.88,0.878,2,1990568
141622461,0.93,0.9196,2,1990623
141623921,0.94,0.93592,2,1990623
141625381,0.89,0.899184,2,1990658
141626841,0.9,0.899837,2,1990658
141628301,0.95,0.939967,2,1990686
141631221,0.87,0.87,2,1990702
141632681,0.88,0.878,2,1990702
141634141,0.89,0.8876,2,1990724
141635601,0.9,0.89752,2,1990724
141637061,0.83,0.843504,2,1990758
141638521,0.84,0.840701,2,1990758
141639981,0.79,0.80014,2,1990792
141641441,0.8,0.800028,2,1990792
141642901,0.79,0.792006,2,1990816
141644361,0.8,0.798401,2,1990816
141645821,0.81,0.80768,2,1990946
141647281,0.82,0.817536,2,1990946
141648741,0.75,0.763507,2,1990974
141650201,0.76,0.760701,2,1990974
141651661,0.75,0.75214,2,1991011
141653121,0.76,0.758428,2,1991011
141654581,0.75,0.751686,2,1991041
141656041,0.76,0.758337,2,1991041
141657501,0.77,0.767667,2,1991090
141658961,0.78,0.777533,2,1991090
141660421,0.75,0.755507,2,1991123
141661881,0.76,0.759101,2,1991123
141663341,0.77,0.76782,2,1991154
141664801,0.78,0.777564,2,1991154
141666261,0.81,0.803513,2,1991166
141667721,0.82,0.816703,2,1991166
141669181,0.79,0.795341,2,1991189
141670641,0.8,0.799068,2,1991189
141672101,0.8,0.799814,2,1991189
141673561,0.89,0.871963,2,1991220
141675021,0.9,0.894393,2,1991220
141676481,0.85,0.858878,2,1991252
141677941,0.86,0.859776,2,1991252
141679401,0.89,0.883955,2,1991276
141680861,0.9,0.896791,2,1991276
141682321,0.89,0.891358,2,1991407
141683781,0.9,0.898272,2,1991407
141685241,0.83,0.843654,2,1991432
141686701,0.84,0.840731,2,1991432
141688161,0.85,0.848146,2,1991469
141689621,0.86,0.857629,2,1991469
141691081,0.85,0.851526,2,1991499
141692541,0.86,0.858305,2,1991499
141694001,0.85,0.851661,2,1991549
141695461,0.86,0.858332,2,1991549
141696921,0.81,0.819666,2,1991581
141698381,0.82,0.819933,2,1991581
141699841,0.83,0.827987,2,1991613
141701301,0.84,0.837597,2,1991613
141702761,0.83,0.831519,2,1991627
141704221,0.84,0.838304,2,1991627
141705681,0.83,0.831661,2,1991649
141707141,0.84,0.838332,2,1991649
141708601,0.83,0.831666,2,1991651
141710061,0.84,0.838333,2,1991651
141711521,0.85,0.847667,2,1991686
141712981,0.86,0.857533,2,1991686
141714441,0.89,0.883507,2,1991716
141715901,0.9,0.896701,2,1991716
141717361,0.89,0.89134,2,1991742
141718821,0.9,0.898268,2,1991742
141720281,0.95,0.939654,2,1991873
141842921,0.95,0.95,2,1993354
142018121,0.95,0.95,2,1995402
142180181,0.9,0.9,2,1997191
142181641,0.91,0.908,2,1997191
142205001,0.81,0.81,2,1997450
142206461,0.82,0.818,2,1997450
142207921,0.75,0.7636,2,1997489
142209381,0.76,0.76072,2,1997489
142210841,0.71,0.720144,1,1997521
142212301,0.72,0.720029,1,1997521
142213761,0.63,0.648006,1,1997562
142215221,0.64,0.641601,1,1997562
142216681,0.57,0.58432,1,1997592
142218141,0.58,0.580864,1,1997592
142219601,0.57,0.572173,1,1997625
142221061,0.58,0.578435,1,1997625
142222521,0.53,0.539687,1,1997654
142223981,0.54,0.539937,1,1997654
142225441,0.55,0.547987,1,1997671
142226901,0.56,0.557597,1,1997671
142228361,0.57,0.56752,1,1997693
142229821,0.58,0.577504,1,1997693
142231281,0.61,0.603501,1,1997729
142232741,0.62,0.6167,1,1997729
142234201,0.51,0.53134,1,1997747
142235661,0.52,0.522268,1,1997747
142237121,0.51,0.512454,1,1997751
142238581,0.52,0.518491,1,1997751
142240041,0.49,0.495698,1,1997781
142241501,0.5,0.49914,1,1997781
142242961,0.53,0.523828,1,1997811
142244421,0.54,0.536766,1,1997811
142245881,0.49,0.499353,1,1997847
142247341,0.5,0.499871,1,1997847
142248801,0.53,0.523974,1,1997886
142250261,0.54,0.536795,1,1997886
142251721,0.49,0.499359,1,1997912
142253181,0.5,0.499872,1,1997912
142254641,0.51,0.507974,1,1997948
142256101,0.52,0.517595,1,1997948
142257561,0.51,0.511519,1,1997978
142259021,0.52,0.518304,1,1997978
142260481,0.53,0.527661,1,1998015
142261941,0.54,0.537532,1,1998015
142263401,0.55,0.547506,1,1998042
142264861,0.56,0.557501,1,1998042
142266321,0.53,0.5355,1,1998075
142267781,0.54,0.5391,1,1998075
142269241,0.59,0.57982,1,1998102
142270701,0.6,0.595964,1,1998102
142272161,0.61,0.607193,1,1998120
142273621,0.62,0.617439,1,1998120
142275081,0.59,0.595488,1,1998143
142276541,0.6,0.599098,1,1998143
142278001,0.65,0.63982,1,1998181
142279461,0.66,0.655964,1,1998181
142280921,0.63,0.635193,1,1998194
142282381,0.64,0.639039,1,1998194
142283841,0.63,0.631808,1,1998198
142285301,0.64,0.638362,1,1998198
142286761,0.63,0.631672,1,1998227
142288221,0.64,0.638334,1,1998227
142289681,0.64,0.639667,1,1998227
142291141,0.69,0.679933,1,1998259
142292601,0.7,0.695987,1,1998259
142294061,0.69,0.691197,1,1998293
142295521,0.7,0.698239,1,1998293
142296981,0.69,0.691648,1,1998334
142298441,0.7,0.69833,1,1998334
142299901,0.69,0.691666,1,1998358
142301361,0.7,0.698333,1,1998358
142302821,0.73,0.723667,1,1998395
142304281,0.74,0.736733,1,1998395
142305741,0.73,0.731347,1,1998425
142307201,0.74,0.738269,1,1998425
142308661,0.69,0.699654,1,1998463
142310121,0.7,0.699931,1,1998463
142311581,0.69,0.691986,1,1998491
142313041,0.7,0.698397,1,1998491
142314501,0.71,0.707679,1,1998523
142315961,0.72,0.717536,1,1998523
142317421,0.75,0.743507,1,1998553
142318881,0.76,0.756701,2,1998553
142320341,0.73,0.73534,1,1998572
142321801,0.74,0.739068,1,1998572
142323261,0.73,0.731814,1,1998594
142324721,0.74,0.738363,1,1998594
142326181,0.75,0.747673,1,1998635
142327641,0.76,0.757534,2,1998635
142329101,0.77,0.767507,2,1998647
142330561,0.78,0.777501,2,1998647
142332021,0.77,0.7715,2,1998651
142333481,0.78,0.7783,2,1998651
142334941,0.79,0.78766,2,1998680
142336401,0.8,0.797532,2,1998680
142337861,0.75,0.759506,2,1998714
142339321,0.76,0.759901,2,1998714
142340781,0.79,0.78398,2,1998748
142342241,0.8,0.796796,2,1998748
142343701,0.81,0.807359,2,1998789
142345161,0.82,0.817472,2,1998789
142346621,0.81,0.811494,2,1998813
142348081,0.82,0.818299,2,1998813
142349541,0.85,0.84366,2,1998852
142351001,0.86,0.856732,2,1998852
142352461,0.85,0.851346,2,1998882
142353921,0.86,0.858269,2,1998882
142355381,0.87,0.867654,2,1998918
142356841,0.88,0.877531,2,1998918
142358301,0.87,0.871506,2,1998946
142359761,0.88,0.878301,2,1998946
142361221,0.89,0.88766,2,1998979
142362681,0.9,0.897532,2,1998979
142364141,0.93,0.923506,2,1999011
142365601,0.94,0.936701,2,1999011
142367061,0.93,0.93134,2,1999029
142368521,0.94,0.938268,2,1999029
142524741,0.92,0.92,2,2000549
142526201,0.93,0.928,2,2000549
142536421,0.93,0.93,2,2000666
142537881,0.94,0.938,2,2000666
142539341,0.87,0.8836,2,2000696
142540801,0.88,0.88072,2,2000696
142542261,0.77,0.792144,2,2000729
142543721,0.78,0.782429,2,2000729
142545181,0.81,0.804486,2,2000749
142492621,0.73,0.744897,1,2000766
142546641,0.55,0.588979,1,2000804
142548101,0.45,0.477796,1,2000851
142549561,0.29,0.327559,1,2000886
142551021,0.13,0.169512,1,2000931
142552481,0.05,0.0739024,1,2000962
142553941,0.03,0.0387805,1,2000995
142555401,0.03,0.0317561,1,2001016
142556861,0,0.00635122,1,2001032
142558321,0.01,0.00927024,1,2001056
142559781,0.11,0.0898541,1,2001067
142561241,0.13,0.121971,1,2001103
142562701,0.03,0.0483942,1,2001161
142564161,0.05,0.0496788,1,2001188
142565621,0.05,0.0499358,1,2001189
142567081,0.09,0.0819872,1,2001210
142568541,0.11,0.104397,1,2001223
142570001,0.13,0.124879,1,2001294
142571461,0.14,0.136976,1,2001294
142572921,0.09,0.0993952,1,2001358
142574381,0.1,0.099879,1,2001358
142575841,0.09,0.0919758,1,2001417
142577301,0.1,0.0983952,1,2001417
142578761,0.07,0.075679,1,2001453
142580221,0.08,0.0791358,1,2001453
142581681,0.07,0.0718272,1,2001493
142583141,0.08,0.0783654,1,2001493
142584601,0.07,0.0716731,1,2001583
142586061,0.08,0.0783346,1,2001583
142587521,0.05,0.0556669,1,2001612
142588981,0.06,0.0591334,1,2001612
142590441,0.03,0.0358267,1,2001649
142591901,0.04,0.0391653,1,2001649
142593361,0.04,0.0398331,1,2001649
142594821,0.15,0.127967,1,2001722
142596281,0.16,0.153593,1,2001722
142597741,0.15,0.150719,1,2001784
142599201,0.16,0.158144,1,2001784
142600661,0.17,0.167629,1,2001843
142602121,0.18,0.177526,1,2001843
142603581,0.19,0.187505,1,2001878
142605041,0.2,0.197501,1,2001878
142606501,0.13,0.1435,1,2001918
142607961,0.14,0.1407,1,2001918
142609421,0.03,0.05214,1,2002008
142610881,0.04,0.042428,1,2002008
142612341,0.05,0.0484856,1,2002036
142613801,0.06,0.0576971,1,2002036
142615261,0.05,0.0515394,1,2002072
142616721,0.06,0.0583079,1,2002072
142618181,0.01,0.0196616,1,2002150
142619641,0.02,0.0199323,1,2002150
142621101,0.05,0.0439865,1,2002212
142622561,0.06,0.0567973,1,2002212
142624021,0.09,0.0833595,1,2002272
142625481,0.1,0.0966719,1,2002272
142626941,0.09,0.0913344,1,2002308
142628401,0.1,0.0982669,1,2002308
142629861,0.11,0.107653,1,2002345
142631321,0.12,0.117531,1,2002345
142632781,0.15,0.143506,1,2002430
142634241,0.16,0.156701,1,2002430
142635701,0.19,0.18334,1,2002459
142637161,0.2,0.196668,1,2002459
142638621,0.21,0.207334,1,2002495
142640081,0.22,0.217467,1,2002495
142641541,0.23,0.227493,1,2002571
142643001,0.24,0.237499,1,2002571
142644461,0.24,0.2395,1,2002571
142645921,0.25,0.2479,1,2002635
142647381,0.26,0.25758,1,2002635
142648841,0.29,0.283516,1,2002697
142650301,0.3,0.296703,1,2002697
142651761,0.31,0.307341,1,2002733
142653221,0.32,0.317468,1,2002733
142654681,0.35,0.343494,1,2002771
142656141,0.36,0.356699,1,2002771
142657601,0.39,0.38334,1,2002858
142659061,0.4,0.396668,1,2002858
142660521,0.41,0.407334,1,2002889
142661981,0.42,0.417467,1,2002889
142663441,0.47,0.459493,1,2002926
142664901,0.48,0.475899,1,2002926
142666361,0.49,0.48718,1,2003003
142667821,0.5,0.497436,1,2003003
142669281,0.49,0.491487,1,2003005
142670741,0.5,0.498297,1,2003005
142672201,0.57,0.55566,1,2003069
142673661,0.58,0.575132,1,2003069
142675121,0.59,0.587026,1,2003133
142676581,0.6,0.597405,1,2003133
142678041,0.57,0.575481,1,2003170
142679501,0.58,0.579096,1,2003170
142680961,0.57,0.571819,1,2003210
142682421,0.58,0.578364,1,2003210
142683881,0.59,0.587673,1,2003299
142685341,0.6,0.597535,1,2003299
142686801,0.59,0.591507,1,2003331
142688261,0.6,0.598301,1,2003331
142689721,0.61,0.60766,1,2003371
142691181,0.62,0.617532,1,2003371
142692641,0.65,0.643506,1,2003449
142694101,0.66,0.656701,1,2003449
142695561,0.65,0.65134,1,2003451
142697021,0.66,0.658268,1,2003451
142698481,0.69,0.683654,1,2003519
142699941,0.7,0.696731,1,2003519
142701401,0.7,0.699346,1,2003519
142702861,0.77,0.755869,2,2003584
142704321,0.78,0.775174,2,2003584
142705781,0.77,0.771035,2,2003620
142707241,0.78,0.778207,2,2003620
142708701,0.79,0.787641,2,2003660
142710161,0.8,0.797528,2,2003660
142711621,0.77,0.775506,2,2003750
142713081,0.78,0.779101,2,2003750
142714541,0.79,0.78782,2,2003782
142716001,0.8,0.797564,2,2003782
142717461,0.83,0.823513,2,2003823
142718921,0.84,0.836703,2,2003823
142720381,0.85,0.847341,2,2003903
142721841,0.86,0.857468,2,2003903
142723301,0.85,0.851494,2,2003905
142724761,0.86,0.858299,2,2003905
142726221,0.83,0.83566,2,2003975
142727681,0.84,0.839132,2,2003975
142729141,0.83,0.831826,2,2004043
142730601,0.84,0.838365,2,2004043
142732061,0.83,0.831673,2,2004079
142733521,0.84,0.838335,2,2004079
142734981,0.85,0.847667,2,2004120
142736441,0.86,0.857533,2,2004120
142737901,0.87,0.867507,2,2004209
142739361,0.88,0.877501,2,2004209
142740821,0.87,0.8715,2,2004242
142742281,0.88,0.8783,2,2004242
142743741,0.89,0.88766,2,2004285
142745201,0.9,0.897532,2,2004285
142752501,0.95,0.95,2,2004437
142845941,0.87,0.87,2,2005988
142847401,0.88,0.878,2,2005988
142848861,0.75,0.7756,2,2006021
142850321,0.76,0.76312,2,2006021
142851781,0.65,0.672624,1,2006058
142853241,0.66,0.662525,1,2006058
142854701,0.45,0.492505,1,2006124
142856161,0.46,0.466501,1,2006124
142857621,0.43,0.4373,1,2006159
142859081,0.44,0.43946,1,2006159
142860541,0.31,0.335892,1,2006192
142862001,0.32,0.323178,1,2006192
142863461,0.21,0.232636,1,2006270
142864921,0.22,0.222527,1,2006270
142866381,0.11,0.132505,1,2006300
142867841,0.12,0.122501,1,2006300
142869301,0.11,0.1125,1,2006361
142870761,0.12,0.1185,1,2006361
142872221,0.05,0.0637,1,2006404
142873681,0.06,0.06074,1,2006404
142875141,0.05,0.052148,1,2006452
142876601,0.06,0.0584296,1,2006452
142878061,0.03,0.0356859,1,2006479
142879521,0.04,0.0391372,1,2006479
142880981,0.01,0.0158274,1,2006511
142882441,0.02,0.0191655,1,2006511
142883901,0.09,0.0758331,1,2006567
142885361,0.1,0.0951666,1,2006567
142886821,0.1,0.0990333,1,2006567
142888281,0.13,0.123807,1,2006601
142889741,0.14,0.136761,1,2006601
142891201,0.11,0.115352,1,2006628
142892661,0.12,0.11907,1,2006628
142894121,0.21,0.191814,1,2006701
142895581,0.22,0.214363,1,2006701
142897041,0.23,0.226873,1,2006726
142898501,0.24,0.237375,1,2006726
142899961,0.31,0.295475,1,2006787
142901421,0.32,0.315095,1,2006787
142902881,0.29,0.295019,1,2006827
142904341,0.3,0.299004,1,2006827
142905801,0.31,0.307801,1,2006875
142907261,0.32,0.31756,1,2006875
142908721,0.31,0.311512,1,2006901
142910181,0.32,0.318302,1,2006901
142911641,0.29,0.29566,1,2006932
142913101,0.3,0.299132,1,2006932
142914561,0.25,0.259826,1,2006992
142916021,0.26,0.259965,1,2006992
142917481,0.25,0.251993,1,2006994
142918941,0.26,0.258399,1,2006994
142920401,0.27,0.26768,1,2007029
142921861,0.28,0.277536,1,2007029
142923321,0.29,0.287507,1,2007055
142924781,0.3,0.297501,1,2007055
142926241,0.29,0.2915,1,2007133
142927701,0.3,0.2983,1,2007133
142929161,0.29,0.29166,1,2007159
142930621,0.3,0.298332,1,2007159
142932081,0.27,0.275666,1,2007224
142933541,0.28,0.279133,1,2007224
142935001,0.29,0.287827,1,2007263
142936461,0.3,0.297565,1,2007263
142937921,0.33,0.323513,1,2007312
142939381,0.34,0.336703,1,2007312
142940841,0.37,0.363341,1,2007338
142942301,0.38,0.376668,1,2007338
142943761,0.37,0.371334,1,2007368
142945221,0.38,0.378267,1,2007368
142946681,0.37,0.371653,1,2007426
142948141,0.38,0.378331,1,2007426
142949601,0.37,0.371666,1,2007428
142951061,0.38,0.378333,1,2007428
142952521,0.41,0.403667,1,2007464
142953981,0.42,0.416733,1,2007464
142955441,0.42,0.419347,1,2007464
142956901,0.49,0.475869,1,2007491
142958361,0.5,0.495174,1,2007491
142959821,0.53,0.523035,1,2007569
142961281,0.54,0.536607,1,2007569
142962741,0.55,0.547321,1,2007595
142964201,0.56,0.557464,1,2007595
142965661,0.53,0.535493,1,2007659
142967121,0.54,0.539099,1,2007659
142968581,0.57,0.56382,1,2007699
142970041,0.58,0.576764,1,2007699
142971501,0.63,0.619353,1,2007750
142972961,0.64,0.635871,1,2007750
142974421,0.61,0.615174,1,2007778
142975881,0.62,0.619035,1,2007778
142977341,0.61,0.611807,1,2007808
142978801,0.62,0.618361,1,2007808
142980261,0.61,0.611672,1,2007866
142981721,0.62,0.618334,1,2007866
142983181,0.61,0.611667,1,2007868
142984641,0.62,0.618333,1,2007868
142986101,0.61,0.611667,1,2007906
142987561,0.62,0.618333,1,2007906
142989021,0.57,0.579667,1,2007936
142990481,0.58,0.579933,1,2007936
142991941,0.59,0.587987,1,2008016
142993401,0.6,0.597597,1,2008016
142994861,0.61,0.607519,1,2008043
142996321,0.62,0.617504,1,2008043
142997781,0.63,0.627501,1,2008106
142999241,0.64,0.6375,1,2008106
143000701,0.65,0.6475,1,2008148
143002161,0.66,0.6575,1,2008148
143003621,0.69,0.6835,1,2008202
143005081,0.7,0.6967,1,2008202
143006541,0.69,0.69134,1,2008229
143008001,0.7,0.698268,1,2008229
143009461,0.71,0.707654,1,2008259
143010921,0.72,0.717531,1,2008259
143012381,0.75,0.743506,1,2008317
143013841,0.76,0.756701,2,2008317
143015301,0.75,0.75134,2,2008319
143016761,0.76,0.758268,2,2008319
143018221,0.75,0.751654,2,2008357
143019681,0.76,0.758331,2,2008357
143021141,0.77,0.767666,2,2008385
143022601,0.78,0.777533,2,2008385
143024061,0.78,0.779507,2,2008385
143025521,0.83,0.819901,2,2008466
143026981,0.84,0.83598,2,2008466
143028441,0.85,0.847196,2,2008494
143029901,0.86,0.857439,2,2008494
143031361,0.89,0.883488,2,2008558
143032821,0.9,0.896698,2,2008558
143034281,0.93,0.92334,2,2008601
143035741,0.94,0.936668,2,2008601
143161301,0.95,0.95,2,2010303
143189041,0.95,0.95,2,2010691
143191961,0.89,0.89,2,2010721
143193421,0.9,0.898,2,2010721
143194881,0.87,0.8756,2,2010752
143196341,0.88,0.87912,2,2010752
143197801,0.87,0.871824,2,2010782
143199261,0.88,0.878365,2,2010782
143200721,0.85,0.855673,2,2010805
143202181,0.86,0.859135,2,2010805
143203641,0.85,0.851827,2,2010825
143205101,0.86,0.858365,2,2010825
143206561,0.81,0.819673,2,2010859
143208021,0.82,0.819935,2,2010859
143209481,0.79,0.795987,2,2010930
143210941,0.8,0.799197,2,2010930
143212401,0.79,0.791839,2,2010954
143213861,0.8,0.798368,2,2010954
143215321,0.75,0.759674,2,2010977
143216781,0.76,0.759935,2,2010977
143218241,0.79,0.783987,2,2011040
143219701,0.8,0.796797,2,2011040
143221161,0.81,0.807359,2,2011068
143222621,0.82,0.817472,2,2011068
143224081,0.77,0.779494,2,2011101
143225541,0.78,0.779899,2,2011101
143227001,0.81,0.80398,2,2011160
143228461,0.82,0.816796,2,2011160
143229921,0.83,0.827359,2,2011187
143231381,0.84,0.837472,2,2011187
143232841,0.81,0.815494,2,2011217
143234301,0.82,0.819099,2,2011217
143235761,0.81,0.81182,2,2011247
143237221,0.82,0.818364,2,2011247
143238681,0.87,0.859673,2,2011269
143240141,0.88,0.875935,2,2011269
143241601,0.85,0.855187,2,2011289
143243061,0.86,0.859037,2,2011289
143244521,0.91,0.899808,2,2011321
143245981,0.92,0.915961,2,2011321
143247441,0.89,0.895192,2,2011391
143248901,0.9,0.899038,2,2011391
143250361,0.91,0.907808,2,2011415
143251821,0.92,0.917562,2,2011415
143253281,0.92,0.919512,2,2011415
143254741,0.95,0.943902,2,2011436
143310221,0.95,0.95,2,2012147
143416801,0.95,0.95,2,2013433
143427021,0.91,0.91,2,2013534
143428481,0.92,0.918,2,2013534
143429941,0.91,0.9116,2,2013582
143431401,0.92,0.91832,2,2013582
143432861,0.83,0.847664,2,2013617
143434321,0.84,0.841533,2,2013617
143435781,0.71,0.736307,1,2013653
143437241,0.72,0.723261,1,2013653
143438701,0.61,0.632652,1,2013685
143440161,0.62,0.62253,1,2013685
143441621,0.55,0.564506,1,2013717
143443081,0.56,0.560901,1,2013717
143444541,0.39,0.42418,1,2013750
143446001,0.4,0.404836,1,2013750
143447461,0.35,0.360967,1,2013772
143448921,0.36,0.360193,1,2013772
143450381,0.29,0.304039,1,2013817
143451841,0.3,0.300808,1,2013817
143453301,0.21,0.228162,1,2013849
143454761,0.22,0.221632,1,2013849
143456221,0.07,0.100326,1,2013891
143457681,0.08,0.0840653,1,2013891
143459141,0.05,0.0568131,1,2013910
143460601,0.06,0.0593626,1,2013910
143462061,0,0.0118725,1,2013942
143463521,0,0.0023745,1,2013942
143464981,0.11,0.0884749,1,2013972
143466441,0.12,0.113695,1,2013972
143467901,0.07,0.078739,1,2014003
143469361,0.08,0.0797478,1,2014003
143470821,0.03,0.0399496,1,2014048
143472281,0.04,0.0399899,1,2014048
143473741,0.07,0.063998,1,2014079
143475201,0.08,0.0767996,1,2014079
143476661,0.01,0.0233599,1,2014109
143478121,0.02,0.020672,1,2014109
143479581,0.05,0.0441344,1,2014136
143481041,0.06,0.0568269,1,2014136
143482501,0.07,0.0673654,1,2014165
143483961,0.08,0.0774731,1,2014165
143485421,0.07,0.0714946,1,2014190
143486881,0.08,0.0782989,1,2014190
143488341,0.09,0.0876598,1,2014210
143489801,0.1,0.097532,1,2014210
143491261,0.07,0.0755064,1,2014252
143492721,0.08,0.0791013,1,2014252
143494181,0.11,0.10382,1,2014280
143495641,0.12,0.116764,1,2014280
143497101,0.09,0.0953528,1,2014315
143498561,0.1,0.0990706,1,2014315
143500021,0.15,0.139814,1,2014333
143501481,0.16,0.155963,1,2014333
143502941,0.07,0.0871926,1,2014363
143504401,0.08,0.0814385,1,2014363
143505861,0.07,0.0722877,1,2014398
143507321,0.08,0.0784575,1,2014398
143508781,0.07,0.0716915,1,2014427
143510241,0.08,0.0783383,1,2014427
143511701,0.08,0.0796677,1,2014427
143513161,0.11,0.103934,1,2014470
143514621,0.12,0.116787,1,2014470
143516081,0.11,0.111357,1,2014503
143517541,0.12,0.118271,1,2014503
143519001,0.11,0.111654,1,2014530
143520461,0.12,0.118331,1,2014530
143521921,0.05,0.0636662,1,2014559
143523381,0.06,0.0607332,1,2014559
143524841,0.15,0.132147,1,2014589
143526301,0.16,0.154429,1,2014589
143527761,0.17,0.166886,1,2014614
143529221,0.18,0.177377,1,2014614
143530681,0.15,0.155475,1,2014635
143532141,0.16,0.159095,1,2014635
143533601,0.17,0.167819,1,2014676
143535061,0.18,0.177564,1,2014676
143536521,0.17,0.171513,1,2014706
143537981,0.18,0.178303,1,2014706
143539441,0.21,0.203661,1,2014740
143540901,0.22,0.216732,1,2014740
143542361,0.23,0.227346,1,2014761
143543821,0.24,0.237469,1,2014761
143545281,0.23,0.231494,1,2014787
143546741,0.24,0.238299,1,2014787
143548201,0.17,0.18366,1,2014822
143549661,0.18,0.180732,1,2014822
143551121,0.17,0.172146,1,2014851
143552581,0.18,0.178429,1,2014851
143554041,0.17,0.171686,1,2014853
143555501,0.18,0.178337,1,2014853
143556961,0.13,0.139667,1,2014897
143558421,0.14,0.139933,1,2014897
143559881,0.13,0.131987,1,2014930
143561341,0.14,0.138397,1,2014930
143562801,0.15,0.147679,1,2014957
143564261,0.16,0.157536,1,2014957
143565721,0.15,0.151507,1,2014983
143567181,0.16,0.158301,1,2014983
143568641,0.13,0.13566,1,2015018
143570101,0.14,0.139132,1,2015018
143571561,0.13,0.131826,1,2015044
143573021,0.14,0.138365,1,2015044
143574481,0.13,0.131673,1,2015064
143575941,0.14,0.138335,1,2015064
143577401,0.13,0.131667,1,2015106
143578861,0.14,0.138333,1,2015106
143580321,0.13,0.131667,1,2015136
143581781,0.14,0.138333,1,2015136
143583241,0.19,0.179667,1,2015172
143584701,0.2,0.195933,1,2015172
143586161,0.21,0.207187,1,2015194
143587621,0.22,0.217437,1,2015194
143589081,0.21,0.211487,1,2015220
143590541,0.22,0.218297,1,2015220
143592001,0.21,0.21166,1,2015252
143593461,0.22,0.218332,1,2015252
143594921,0.19,0.195666,1,2015281
143596381,0.2,0.199133,1,2015281
143597841,0.19,0.191827,1,2015283
143599301,0.2,0.198365,1,2015283
143600761,0.2,0.199673,1,2015283
143602221,0.21,0.207935,1,2015325
143603681,0.22,0.217587,1,2015325
143605141,0.27,0.259517,1,2015358
143606601,0.28,0.275903,1,2015358
143608061,0.31,0.303181,1,2015386
143609521,0.32,0.316636,1,2015386
143610981,0.31,0.311327,1,2015412
143612441,0.32,0.318265,1,2015412
143613901,0.33,0.327653,1,2015446
143615361,0.34,0.337531,1,2015446
143616821,0.35,0.347506,1,2015472
143618281,0.36,0.357501,1,2015472
143619741,0.39,0.3835,1,2015492
143621201,0.4,0.3967,1,2015492
143622661,0.45,0.43934,1,2015534
143624121,0.46,0.455868,1,2015534
143625581,0.45,0.451174,1,2015564
143627041,0.46,0.458235,1,2015564
143628501,0.43,0.435647,1,2015603
143629961,0.44,0.439129,1,2015603
143631421,0.43,0.431826,1,2015626
143632881,0.44,0.438365,1,2015626
143634341,0.43,0.431673,1,2015652
143635801,0.44,0.438335,1,2015652
143637261,0.43,0.431667,1,2015684
143638721,0.44,0.438333,1,2015684
143640181,0.43,0.431667,1,2015712
143641641,0.44,0.438333,1,2015712
143643101,0.43,0.431667,1,2015714
143644561,0.44,0.438333,1,2015714
143646021,0.43,0.431667,1,2015756
143647481,0.44,0.438333,1,2015756
143648941,0.51,0.495667,1,2015792
143650401,0.52,0.515133,1,2015792
143651861,0.55,0.543027,1,2015822
143653321,0.56,0.556605,1,2015822
143654781,0.57,0.567321,1,2015848
143656241,0.58,0.577464,1,2015848
143657701,0.59,0.587493,1,2015883
143659161,0.6,0.597499,1,2015883
143660621,0.57,0.5755,1,2015910
143662081,0.58,0.5791,1,2015910
143663541,0.53,0.53982,1,2015932
143665001,0.54,0.539964,1,2015932
143666461,0.59,0.579993,1,2015977
143667921,0.6,0.595999,1,2015977
143669381,0.59,0.5912,1,2016007
143670841,0.6,0.59824,1,2016007
143672301,0.59,0.591648,1,2016045
143673761,0.6,0.59833,1,2016045
143675221,0.59,0.591666,1,2016068
143676681,0.6,0.598333,1,2016068
143678141,0.61,0.607667,1,2016094
143679601,0.62,0.617533,1,2016094
143681061,0.63,0.627507,1,2016126
143682521,0.64,0.637501,1,2016126
143683981,0.63,0.6315,1,2016154
143685441,0.64,0.6383,1,2016154
143686901,0.63,0.63166,1,2016156
143688361,0.64,0.638332,1,2016156
143689821,0.65,0.647666,1,2016198
143691281,0.66,0.657533,1,2016198
143692741,0.71,0.699507,1,2016238
143694201,0.72,0.715901,1,2016238
143695661,0.72,0.71918,1,2016238
143697121,0.75,0.743836,1,2016270
143698581,0.76,0.756767,2,2016270
143700041,0.75,0.751353,2,2016297
143701501,0.76,0.758271,2,2016297
143702961,0.77,0.767654,2,2016333
143704421,0.78,0.777531,2,2016333
143705881,0.77,0.771506,2,2016359
143707341,0.78,0.778301,2,2016359
143708801,0.81,0.80366,2,2016379
143710261,0.82,0.816732,2,2016379
143711721,0.87,0.859346,2,2016427
143713181,0.88,0.875869,2,2016427
143714641,0.87,0.871174,2,2016457
143716101,0.88,0.878235,2,2016457
143717561,0.87,0.871647,2,2016495
143719021,0.88,0.878329,2,2016495
143720481,0.87,0.871666,2,2016518
143721941,0.88,0.878333,2,2016518
143723401,0.93,0.919667,2,2016545
143724861,0.94,0.935933,2,2016545
143726321,0.95,0.947187,2,2016578
143729241,0.95,0.95,2,2016606
143732161,0.95,0.95,2,2016608
143743841,0.95,0.95,2,2016729
143746761,0.95,0.95,2,2016756
143749681,0.93,0.93,2,2016793
143751141,0.94,0.938,2,2016793
143752601,0.95,0.9476,2,2016819
143755521,0.95,0.95,2,2016841
143758441,0.93,0.93,2,2016892
143759901,0.94,0.938,2,2016892
143761361,0.93,0.9316,2,2016922
143762821,0.94,0.93832,2,2016922
143764281,0.93,0.931664,2,2016960
143765741,0.94,0.938333,2,2016960
143767201,0.91,0.915667,2,2016983
143768661,0.92,0.919133,2,2016983
143770121,0.95,0.943827,2,2017013
143927801,0.91,0.91,2,2018577
143929261,0.92,0.918,2,2018577
143930721,0.89,0.8956,2,2018603
143932181,0.9,0.89912,2,2018603
143933641,0.87,0.875824,2,2018634
143935101,0.88,0.879165,2,2018634
143936561,0.75,0.775833,2,2018655
143938021,0.76,0.763167,2,2018655
143939481,0.63,0.656633,1,2018692
143940941,0.64,0.643327,1,2018692
143942401,0.57,0.584665,1,2018726
143943861,0.58,0.580933,1,2018726
143945321,0.47,0.492187,1,2018752
143946781,0.48,0.482437,1,2018752
143948241,0.47,0.472487,1,2018766
143949701,0.35,0.374497,1,2018782
143898601,0.35,0.354899,1,2018799
143951161,0.01,0.0789799,1,2018869
143952621,0.01,0.023796,1,2018904
143954081,0,0.0047592,1,2018937
143955541,0.09,0.0729518,1,2018977
143957001,0.07,0.0705904,1,2019002
143958461,0.07,0.0701181,1,2019026
143959921,0.01,0.0220236,1,2019049
143961381,0.05,0.0444047,1,2019072
143962841,0.05,0.0488809,1,2019099
143964301,0.01,0.0177762,1,2019114
143965761,0.11,0.0915552,1,2019145
143967221,0.03,0.042311,1,2019196
143968681,0.03,0.0324622,1,2019197
143970141,0.07,0.0624924,1,2019210
143971601,0.09,0.0844985,1,2019220
143973061,0.05,0.0568997,1,2019237
143974521,0.03,0.0353799,1,2019325
143975981,0.04,0.039076,1,2019325
143977441,0.09,0.0798152,1,2019402
143978901,0.1,0.095963,1,2019402
143980361,0.07,0.0751926,1,2019450
143981821,0.08,0.0790385,1,2019450
143983281,0.01,0.0238077,1,2019495
143984741,0.02,0.0207615,1,2019495
143986201,0.03,0.0281523,1,2019535
143987661,0.04,0.0376305,1,2019535
143989121,0.03,0.0315261,1,2019618
143990581,0.04,0.0383052,1,2019618
143992041,0.03,0.031661,1,2019634
143993501,0.04,0.0383322,1,2019634
143994961,0.03,0.0316664,1,2019660
143996421,0.04,0.0383333,1,2019660
143997881,0.11,0.0956667,1,2019748
143999341,0.12,0.115133,1,2019748
144000801,0.03,0.0470267,1,2019828
144002261,0.04,0.0414053,1,2019828
144003721,0.05,0.0482811,1,2019875
144005181,0.06,0.0576562,1,2019875
144006641,0.05,0.0515312,1,2019917
144008101,0.06,0.0583062,1,2019917
144009561,0.01,0.0196612,1,2019958
144011021,0.02,0.0199322,1,2019958
144012481,0.01,0.0119864,1,2020041
144013941,0.02,0.0183973,1,2020041
144015401,0.03,0.0276795,1,2020057
144016861,0.04,0.0375359,1,2020057
144018321,0.03,0.0315072,1,2020083
144019781,0.04,0.0383014,1,2020083
144021241,0.04,0.0396603,1,2020083
144022701,0.07,0.0639321,1,2020175
144024161,0.08,0.0767864,1,2020175
144025621,0.05,0.0553573,1,2020251
144027081,0.06,0.0590715,1,2020251
144028541,0.07,0.0678143,1,2020299
144030001,0.08,0.0775629,1,2020299
144031461,0.13,0.119513,1,2020341
144032921,0.14,0.135903,1,2020341
144034381,0.17,0.163181,1,2020380
144035841,0.18,0.176636,1,2020380
144037301,0.15,0.155327,1,2020463
144038761,0.16,0.159065,1,2020463
144040221,0.17,0.167813,1,2020480
144041681,0.18,0.177563,1,2020480
144043141,0.17,0.171513,1,2020506
144044601,0.18,0.178303,1,2020506
144046061,0.21,0.203661,1,2020599
144047521,0.22,0.216732,1,2020599
144048981,0.21,0.211346,1,2020674
144050441,0.22,0.218269,1,2020674
144051901,0.15,0.163654,1,2020723
144053361,0.16,0.160731,1,2020723
144054821,0.09,0.104146,1,2020768
144056281,0.1,0.100829,1,2020768
144057741,0.07,0.0761658,1,2020809
144059201,0.08,0.0792332,1,2020809
144060661,0.11,0.103847,1,2020891
144062121,0.12,0.116769,1,2020891
144063581,0.11,0.111354,1,2020909
144065041,0.12,0.118271,1,2020909
144066501,0.13,0.127654,1,2020935
144067961,0.14,0.137531,1,2020935
144069421,0.11,0.115506,1,2021030
144070881,0.12,0.119101,1,2021030
144072341,0.15,0.14382,1,2021105
144073801,0.16,0.156764,1,2021105
144075261,0.16,0.159353,1,2021105
144076721,0.21,0.199871,1,2021151
144078181,0.22,0.215974,1,2021151
144079641,0.25,0.243195,1,2021193
144081101,0.26,0.256639,1,2021193
144082561,0.25,0.251328,1,2021233
144084021,0.26,0.258266,1,2021233
144085481,0.35,0.331653,1,2021317
144086941,0.36,0.354331,1,2021317
144088401,0.37,0.366866,1,2021335
144089861,0.38,0.377373,1,2021335
144091321,0.37,0.371475,1,2021362
144092781,0.38,0.378295,1,2021362
144094241,0.39,0.387659,1,2021456
144095701,0.4,0.397532,1,2021456
144097161,0.45,0.439506,1,2021533
144098621,0.46,0.455901,1,2021533
144100081,0.45,0.45118,1,2021535
144101541,0.46,0.458236,1,2021535
144103001,0.45,0.451647,1,2021583
144104461,0.46,0.458329,1,2021583
144105921,0.49,0.483666,1,2021627
144107381,0.5,0.496733,1,2021627
144108841,0.49,0.491347,1,2021667
144110301,0.5,0.498269,1,2021667
144111761,0.61,0.587654,1,2021756
144113221,0.62,0.613531,1,2021756
144114681,0.63,0.626706,1,2021775
144116141,0.64,0.637341,1,2021775
144117601,0.65,0.647468,1,2021802
144119061,0.66,0.657494,1,2021802
144120521,0.69,0.683499,1,2021897
144121981,0.7,0.6967,1,2021897
144123441,0.69,0.69134,1,2021977
144124901,0.7,0.698268,1,2021977
144126361,0.69,0.691654,1,2021979
144127821,0.7,0.698331,1,2021979
144129281,0.7,0.699666,1,2021979
144130741,0.73,0.723933,1,2022027
144132201,0.74,0.736787,1,2022027
144133661,0.75,0.747357,1,2022073
144135121,0.76,0.757471,2,2022073
144136581,0.79,0.783494,2,2022113
144138041,0.8,0.796699,2,2022113
144139501,0.85,0.83934,2,2022208
144140961,0.86,0.855868,2,2022208
144142421,0.89,0.883174,2,2022228
144143881,0.9,0.896635,2,2022228
144145341,0.91,0.907327,2,2022256
144146801,0.92,0.917465,2,2022256
144148261,0.95,0.943493,2,2022353
144157021,0.95,0.95,2,2022484
144165781,0.93,0.93,2,2022671
144167241,0.94,0.938,2,2022671
144168701,0.95,0.9476,2,2022693
144171621,0.93,0.93,2,2022722
144173081,0.94,0.938,2,2022722
144174541,0.93,0.9316,2,2022821
144176001,0.94,0.93832,2,2022821
144177461,0.93,0.931664,2,2022902
144178921,0.94,0.938333,2,2022902
144180381,0.93,0.931667,2,2022904
144181841,0.94,0.938333,2,2022904
144183301,0.93,0.931667,2,2022952
144184761,0.94,0.938333,2,2022952
144186221,0.95,0.947667,2,2023000
144282581,0.79,0.79,2,2024561
144284041,0.8,0.798,2,2024561
144285501,0.63,0.6636,1,2024597
144286961,0.64,0.64472,1,2024597
144288421,0.45,0.488944,1,2024645
144289881,0.46,0.465789,1,2024645
144291341,0,0.0931578,1,2024736
144292801,0,0.0186315,1,2024736
144294261,0.07,0.0597263,1,2024799
144295721,0.08,0.0759453,1,2024799
144297181,0.01,0.0231891,1,2024858
144298641,0.02,0.0206378,1,2024858
144300101,0.11,0.0921276,1,2024885
144301561,0.12,0.114426,1,2024885
144303021,0.09,0.0948851,1,2024913
144304481,0.1,0.098977,1,2024913
144305941,0.03,0.0437954,1,2024946
144307401,0.04,0.0407591,1,2024946
144308861,0.03,0.0321518,1,2024971
144310321,0.04,0.0384304,1,2024971
144311781,0.03,0.0316861,1,2025021
144313241,0.04,0.0383372,1,2025021
144314701,0.04,0.0396674,1,2025021
144316161,0.15,0.127933,1,2025049
144317621,0.16,0.153587,1,2025049
144319081,0.07,0.0867173,1,2025088
144320541,0.08,0.0813435,1,2025088
144322001,0.11,0.104269,1,2025157
144323461,0.12,0.116854,1,2025157
144324921,0.17,0.159371,1,2025223
144326381,0.18,0.175874,1,2025223
144327841,0.05,0.0751748,1,2025279
144329301,0.06,0.063035,1,2025279
144330761,0.03,0.036607,1,2025311
144332221,0.04,0.0393214,1,2025311
144333681,0.07,0.0638643,1,2025338
144335141,0.08,0.0767729,1,2025338
144336601,0.03,0.0393546,1,2025368
144338061,0.04,0.0398709,1,2025368
144339521,0.03,0.0319742,1,2025393
144340981,0.04,0.0383948,1,2025393
144342441,0.03,0.031679,1,2025443
144343901,0.04,0.0383358,1,2025443
144345361,0.03,0.0316672,1,2025445
144346821,0.04,0.0383334,1,2025445
144348281,0.07,0.0636667,1,2025478
144349741,0.08,0.0767333,1,2025478
144351201,0.11,0.103347,1,2025513
144352661,0.12,0.116669,1,2025513
144354121,0.15,0.143334,1,2025584
144355581,0.16,0.156667,1,2025584
144357041,0.17,0.167333,1,2025653
144358501,0.18,0.177467,1,2025653
144359961,0.25,0.235493,1,2025703
144361421,0.26,0.255099,1,2025703
144362881,0.21,0.21902,1,2025734
144364341,0.22,0.219804,1,2025734
144365801,0.19,0.195961,1,2025763
144367261,0.2,0.199192,1,2025763
144368721,0.21,0.207838,1,2025791
144370181,0.22,0.217568,1,2025791
144371641,0.11,0.131514,1,2025816
144373101,0.12,0.122303,1,2025816
144374561,0.03,0.0484605,1,2025866
144376021,0.04,0.0416921,1,2025866
144377481,0.03,0.0323384,1,2025868
144378941,0.04,0.0384677,1,2025868
144380401,0.07,0.0636935,1,2025903
144381861,0.08,0.0767387,1,2025903
144383321,0.08,0.0793477,1,2025903
144384781,0.07,0.0718695,1,2025940
144386241,0.08,0.0783739,1,2025940
144387701,0.09,0.0876748,1,2026013
144389161,0.1,0.097535,1,2026013
144390621,0.13,0.123507,1,2026083
144392081,0.14,0.136701,1,2026083
144393541,0.15,0.14734,1,2026137
144395001,0.16,0.157468,1,2026137
144396461,0.23,0.215494,1,2026166
144397921,0.24,0.235099,1,2026166
144399381,0.23,0.23102,1,2026194
144400841,0.24,0.238204,1,2026194
144402301,0.25,0.247641,1,2026223
144403761,0.26,0.257528,1,2026223
144405221,0.28,0.275506,1,2026243
144406681,0.29,0.287101,1,2026243
144408141,0.29,0.28942,1,2026289
144409601,0.3,0.297884,1,2026289
144411061,0.29,0.291577,1,2026291
144412521,0.3,0.298315,1,2026291
144413981,0.31,0.307663,1,2026328
144415441,0.32,0.317533,1,2026328
144416901,0.33,0.327507,1,2026364
144418361,0.34,0.337501,1,2026364
144419821,0.33,0.3315,1,2026438
144421281,0.34,0.3383,1,2026438
144422741,0.29,0.29966,1,2026510
144424201,0.3,0.299932,1,2026510
144425661,0.29,0.291986,1,2026565
144427121,0.3,0.298397,1,2026565
144428581,0.27,0.275679,1,2026598
144430041,0.28,0.279136,1,2026598
144431501,0.27,0.271827,1,2026626
144432961,0.28,0.278365,1,2026626
144434421,0.29,0.287673,1,2026656
144435881,0.3,0.297535,1,2026656
144437341,0.29,0.291507,1,2026678
144438801,0.3,0.298301,1,2026678
144440261,0.33,0.32366,1,2026724
144441721,0.34,0.336732,1,2026724
144443181,0.33,0.331346,1,2026726
144444641,0.34,0.338269,1,2026726
144446101,0.33,0.331654,1,2026764
144447561,0.34,0.338331,1,2026764
144449021,0.33,0.331666,1,2026801
144450481,0.34,0.338333,1,2026801
144451941,0.34,0.339667,1,2026801
144453401,0.41,0.395933,1,2026875
144454861,0.42,0.415187,1,2026875
144456321,0.43,0.427037,1,2026945
144457781,0.44,0.437407,1,2026945
144459241,0.47,0.463482,1,2027000
144460701,0.48,0.476696,1,2027000
144462161,0.51,0.503339,1,2027032
144463621,0.52,0.516668,1,2027032
144465081,0.55,0.543334,1,2027060
144466541,0.56,0.556667,1,2027060
144468001,0.55,0.551333,1,2027091
144469461,0.56,0.558267,1,2027091
144470921,0.59,0.583653,1,2027113
144472381,0.6,0.596731,1,2027113
144473841,0.59,0.591346,1,2027161
144475301,0.6,0.598269,1,2027161
144476761,0.59,0.591654,1,2027163
144478221,0.6,0.598331,1,2027163
144479681,0.61,0.607666,1,2027201
144481141,0.62,0.617533,1,2027201
144482601,0.59,0.595507,1,2027238
144484061,0.6,0.599101,1,2027238
144485521,0.59,0.59182,1,2027240
144486981,0.6,0.598364,1,2027240
144488441,0.65,0.639673,1,2027317
144489901,0.66,0.655935,1,2027317
144491361,0.69,0.683187,1,2027388
144492821,0.7,0.696637,1,2027388
144494281,0.67,0.675327,1,2027445
144495741,0.68,0.679066,1,2027445
144497201,0.71,0.703813,1,2027479
144498661,0.72,0.716763,1,2027479
144500121,0.77,0.759353,2,2027509
144501581,0.78,0.775871,2,2027509
144503041,0.75,0.755174,2,2027540
144504501,0.76,0.759035,2,2027540
144505961,0.79,0.783807,2,2027564
144507421,0.8,0.796761,2,2027564
144508881,0.83,0.823352,2,2027612
144510341,0.84,0.83667,2,2027612
144511801,0.83,0.831334,2,2027614
144513261,0.84,0.838267,2,2027614
144514721,0.83,0.831653,2,2027653
144516181,0.84,0.838331,2,2027653
144517641,0.83,0.831666,2,2027689
144519101,0.84,0.838333,2,2027689
144520561,0.83,0.831667,2,2027691
144522021,0.84,0.838333,2,2027691
144523481,0.87,0.863667,2,2027771
144524941,0.88,0.876733,2,2027771
144526401,0.88,0.879347,2,2027771
144527861,0.87,0.871869,2,2027844
144529321,0.88,0.878374,2,2027844
144530781,0.89,0.887675,2,2027900
144532241,0.9,0.897535,2,2027900
144533701,0.89,0.891507,2,2027936
144535161,0.9,0.898301,2,2027936
144536621,0.91,0.90766,2,2027969
144538081,0.92,0.917532,2,2027969
144539541,0.95,0.943506,2,2027999
144688461,0.89,0.89,2,2029915
144689921,0.9,0.898,2,2029915
144691381,0.79,0.8116,2,2029947
144692841,0.8,0.80232,2,2029947
144694301,0.65,0.680464,1,2029984
144695761,0.66,0.664093,1,2029984
144697221,0.45,0.492819,1,2030028
144698681,0.46,0.466564,1,2030028
144700141,0.37,0.389313,1,2030064
144701601,0.38,0.381863,1,2030064
144703061,0.31,0.324373,1,2030090
144704521,0.32,0.320875,1,2030090
144705981,0.29,0.296175,1,2030117
144707441,0.3,0.299235,1,2030117
144708901,0.17,0.195847,1,2030149
144710361,0.18,0.183169,1,2030149
144711821,0.05,0.0766339,1,2030224
144713281,0.06,0.0633268,1,2030224
144714741,0.01,0.0206654,1,2030273
144716201,0.02,0.0201331,1,2030273
144717661,0,0.00402661,1,2030292
144719121,0,0.000805323,1,2030292
144720581,0.03,0.0241611,1,2030326
144722041,0.04,0.0368322,1,2030326
144723501,0.01,0.0153664,1,2030354
144724961,0.02,0.0190733,1,2030354
144726421,0.01,0.0118147,1,2030380
144727881,0.02,0.0183629,1,2030380
144729341,0.03,0.0276726,1,2030407
144730801,0.04,0.0375345,1,2030407
144732261,0,0.0075069,1,2030437
144733721,0,0.00150138,1,2030437
144735181,0.09,0.0723003,1,2030471
144736641,0.1,0.0944601,1,2030471
144738101,0.01,0.026892,1,2030503
144739561,0.02,0.0213784,1,2030503
144741021,0.03,0.0282757,1,2030526
144742481,0.04,0.0376551,1,2030526
144743941,0.01,0.015531,1,2030552
144745401,0.02,0.0191062,1,2030552
144746861,0.03,0.0278212,1,2030578
144748321,0.04,0.0375642,1,2030578
144749781,0.07,0.0635128,1,2030647
144751241,0.08,0.0767026,1,2030647
144752701,0.03,0.0393405,1,2030694
144754161,0.04,0.0398681,1,2030694
144755621,0,0.00797362,1,2030713
144757081,0,0.00159472,1,2030713
144758541,0.09,0.0723189,1,2030748
144760001,0.1,0.0944638,1,2030748
144761461,0.03,0.0428928,1,2030775
144762921,0.04,0.0405786,1,2030775
144764381,0.04,0.0401157,1,2030775
144765841,0.05,0.0480231,1,2030801
144767301,0.06,0.0576046,1,2030801
144768761,0.03,0.0355209,1,2030829
144770221,0.04,0.0391042,1,2030829
144771681,0,0.00782084,1,2030858
144773141,0,0.00156417,1,2030858
144774601,0.07,0.0563128,1,2030896
144776061,0.08,0.0752626,1,2030896
144777521,0.03,0.0390525,1,2030924
144778981,0.04,0.0398105,1,2030924
144780441,0.09,0.0799621,1,2030948
144781901,0.1,0.0959924,1,2030948
144783361,0.07,0.0751985,1,2030973
144784821,0.08,0.0790397,1,2030973
144786281,0.09,0.0878079,1,2031000
144787741,0.1,0.0975616,1,2031000
144789201,0.15,0.139512,1,2031071
144790661,0.16,0.155902,1,2031071
144792121,0.13,0.13518,1,2031116
144793581,0.14,0.139036,1,2031116
144795041,0.01,0.0358072,1,2031134
144796501,0.02,0.0231614,1,2031134
144797961,0.05,0.0446323,1,2031173
144799421,0.06,0.0569265,1,2031173
144800881,0.07,0.0673853,1,2031197
144802341,0.08,0.0774771,1,2031197
144803801,0.07,0.0714954,1,2031199
144805261,0.08,0.0782991,1,2031199
144806721,0.03,0.0396598,1,2031225
144808181,0.04,0.039932,1,2031225
144809641,0.06,0.0559864,1,2031252
144811101,0.07,0.0671973,1,2031252
144812561,0.05,0.0534395,1,2031280
144814021,0.06,0.0586879,1,2031280
144815481,0.05,0.0517376,1,2031321
144816941,0.06,0.0583475,1,2031321
144818401,0.05,0.0516695,1,2031347
144819861,0.06,0.0583339,1,2031347
144821321,0.05,0.0516668,1,2031374
144822781,0.06,0.0583334,1,2031374
144824241,0.05,0.0516667,1,2031398
144825701,0.06,0.0583333,1,2031398
144827161,0.11,0.0996667,1,2031426
144828621,0.12,0.115933,1,2031426
144830081,0.13,0.127187,1,2031500
144831541,0.14,0.137437,1,2031500
144833001,0.15,0.147487,1,2031544
144834461,0.16,0.157497,1,2031544
144835921,0.15,0.151499,1,2031556
144837381,0.16,0.1583,1,2031556
144838841,0.13,0.13566,1,2031597
144840301,0.14,0.139132,1,2031597
144841761,0.11,0.115826,1,2031622
144843221,0.12,0.119165,1,2031622
144844681,0.11,0.111833,1,2031624
144846141,0.12,0.118367,1,2031624
144847601,0.11,0.111673,1,2031648
144849061,0.12,0.118335,1,2031648
144850521,0.12,0.119667,1,2031648
144851981,0.17,0.159933,1,2031677
144853441,0.18,0.175987,1,2031677
144854901,0.19,0.187197,1,2031704
144856361,0.2,0.197439,1,2031704
144857821,0.17,0.175488,1,2031745
144859281,0.18,0.179098,1,2031745
144860741,0.17,0.17182,1,2031771
144862201,0.18,0.178364,1,2031771
144863661,0.15,0.155673,1,2031798
144865121,0.16,0.159135,1,2031798
144866581,0.15,0.151827,1,2031822
144868041,0.16,0.158365,1,2031822
144869501,0.13,0.135673,1,2031853
144870961,0.14,0.139135,1,2031853
144872421,0.25,0.227827,1,2031928
144873881,0.26,0.253565,1,2031928
144875341,0.25,0.250713,1,2031973
144876801,0.26,0.258143,1,2031973
144878261,0.25,0.251629,1,2031985
144879721,0.26,0.258326,1,2031985
144881181,0.25,0.251665,1,2032025
144882641,0.26,0.258333,1,2032025
144884101,0.27,0.267667,1,2032049
144885561,0.28,0.277533,1,2032049
144887021,0.27,0.271507,1,2032051
144888481,0.28,0.278301,1,2032051
144889941,0.27,0.27166,1,2032075
144891401,0.28,0.278332,1,2032075
144892861,0.29,0.287666,1,2032106
144894321,0.3,0.297533,1,2032106
144895781,0.29,0.291507,1,2032134
144897241,0.3,0.298301,1,2032134
144898701,0.29,0.29166,1,2032174
144900161,0.3,0.298332,1,2032174
144901621,0.31,0.307666,1,2032200
144903081,0.32,0.317533,1,2032200
144904541,0.31,0.311507,1,2032226
144906001,0.32,0.318301,1,2032226
144907461,0.31,0.31166,1,2032250
144908921,0.32,0.318332,1,2032250
144910381,0.33,0.327666,1,2032280
144911841,0.34,0.337533,1,2032280
144913301,0.31,0.315507,1,2032361
144914761,0.32,0.319101,1,2032361
144916221,0.35,0.34382,1,2032406
144917681,0.36,0.356764,1,2032406
144919141,0.37,0.367353,1,2032418
144920601,0.38,0.377471,1,2032418
144922061,0.39,0.387494,1,2032458
144923521,0.4,0.397499,1,2032458
144924981,0.41,0.4075,1,2032483
144926441,0.42,0.4175,1,2032483
144927901,0.41,0.4115,1,2032485
144929361,0.42,0.4183,1,2032485
144930821,0.41,0.41166,1,2032509
144932281,0.42,0.418332,1,2032509
144933741,0.41,0.411666,1,2032541
144935201,0.42,0.418333,1,2032541
144936661,0.43,0.427667,1,2032569
144938121,0.44,0.437533,1,2032569
144939581,0.44,0.439507,1,2032569
144941041,0.49,0.479901,1,2032609
144942501,0.5,0.49598,1,2032609
144943961,0.51,0.507196,1,2032636
144945421,0.52,0.517439,1,2032636
144946881,0.51,0.511488,1,2032662
144948341,0.52,0.518298,1,2032662
144949801,0.51,0.51166,1,2032686
144951261,0.52,0.518332,1,2032686
144952721,0.53,0.527666,1,2032717
144954181,0.54,0.537533,1,2032717
144955641,0.61,0.595507,1,2032797
144957101,0.62,0.615101,1,2032797
144958561,0.69,0.67502,1,2032844
144960021,0.7,0.695004,1,2032844
144961481,0.69,0.691001,1,2032857
144962941,0.7,0.6982,1,2032857
144964401,0.71,0.70764,1,2032898
144965861,0.72,0.717528,1,2032898
144967321,0.73,0.727506,1,2032924
144968781,0.74,0.737501,1,2032924
144970241,0.73,0.7315,1,2032926
144971701,0.74,0.7383,1,2032926
144973161,0.73,0.73166,1,2032950
144974621,0.74,0.738332,1,2032950
144976081,0.75,0.747666,1,2032982
144977541,0.76,0.757533,2,2032982
144979001,0.75,0.751507,2,2033011
144980461,0.76,0.758301,2,2033011
144981921,0.75,0.75166,2,2033013
144983381,0.76,0.758332,2,2033013
144984841,0.77,0.767666,2,2033055
144986301,0.78,0.777533,2,2033055
144987761,0.77,0.771507,2,2033083
144989221,0.78,0.778301,2,2033083
144990681,0.77,0.77166,2,2033109
144992141,0.78,0.778332,2,2033109
144993601,0.79,0.787666,2,2033133
144995061,0.8,0.797533,2,2033133
144996521,0.81,0.807507,2,2033165
144997981,0.82,0.817501,2,2033165
144999441,0.87,0.8595,2,2033249
145000901,0.88,0.8759,2,2033249
145002361,0.93,0.91918,2,2033300
145003821,0.94,0.935836,2,2033300
145005281,0.91,0.915167,2,2033313
145006741,0.92,0.919033,2,2033313
145008201,0.93,0.927807,2,2033355
145009661,0.94,0.937561,2,2033355
145011121,0.91,0.915512,2,2033382
145012581,0.92,0.919102,2,2033382
145014041,0.91,0.911821,2,2033384
145015501,0.92,0.918364,2,2033384
145016961,0.91,0.911673,2,2033408
145018421,0.92,0.918335,2,2033408
145019881,0.93,0.927667,2,2033441
145021341,0.94,0.937533,2,2033441
145022801,0.91,0.915507,2,2033470
145024261,0.92,0.919101,2,2033470
145025721,0.91,0.91182,2,2033472
145027181,0.92,0.918364,2,2033472
145028641,0.93,0.927673,2,2033515
145030101,0.94,0.937535,2,2033515
145031561,0.94,0.939507,2,2033515
145041781,0.95,0.95,2,2033627
145044701,0.95,0.95,2,2033714
145205301,0.73,0.73,1,2035473
145165881,0.61,0.634,1,2035505
145206761,0.57,0.5828,1,2035539
145208221,0.49,0.50856,1,2035577
145209681,0.33,0.365712,1,2035611
145211141,0.19,0.225142,1,2035674
145212601,0.01,0.0530285,1,2035714
145214061,0.01,0.0186057,1,2035746
145215521,0.03,0.0277211,1,2035772
145216981,0.05,0.0455442,1,2035825
145218441,0.05,0.0491088,1,2035834
145219901,0.05,0.0498218,1,2035855
145221361,0.03,0.0339644,1,2035857
145222821,0.01,0.0147929,1,2035867
145224281,0.05,0.0429586,1,2035870
145225741,0.03,0.0325917,1,2035930
145227201,0.03,0.0305183,1,2035956
145228661,0.07,0.0621037,1,2036022
145230121,0.08,0.0764207,1,2036022
145231581,0.05,0.0552841,1,2036104
145233041,0.06,0.0590568,1,2036104
145234501,0,0.0118114,1,2036167
145235961,0,0.00236227,1,2036167
145237421,0.07,0.0564725,1,2036248
145238881,0.08,0.0752945,1,2036248
145240341,0.03,0.0390589,1,2036278
145241801,0.04,0.0398118,1,2036278
145243261,0.03,0.0319624,1,2036288
145244721,0.04,0.0383925,1,2036288
145246181,0.13,0.111678,1,2036352
145247641,0.14,0.134336,1,2036352
145249101,0.11,0.114867,1,2036446
145250561,0.12,0.118973,1,2036446
145252021,0.13,0.127795,1,2036527
145253481,0.14,0.137559,1,2036527
145254941,0.11,0.115512,1,2036588
145256401,0.12,0.119102,1,2036588
145257861,0.05,0.0638205,1,2036672
145259321,0.06,0.0607641,1,2036672
145260781,0.03,0.0361528,1,2036700
145262241,0.04,0.0392306,1,2036700
145263701,0.03,0.0318461,1,2036710
145265161,0.04,0.0383692,1,2036710
145266621,0.09,0.0796738,1,2036779
145268081,0.1,0.0959348,1,2036779
145269541,0.13,0.123187,1,2036872
145271001,0.14,0.136637,1,2036872
145272461,0.14,0.139327,1,2036872
145273921,0.17,0.163865,1,2036954
145275381,0.18,0.176773,1,2036954
145276841,0.23,0.219355,1,2037014
145278301,0.24,0.235871,1,2037014
145279761,0.31,0.295174,1,2037095
145281221,0.32,0.315035,1,2037095
145282681,0.31,0.311007,1,2037122
145284141,0.32,0.318201,1,2037122
145285601,0.31,0.31164,1,2037132
145287061,0.32,0.318328,1,2037132
145288521,0.27,0.279666,1,2037204
145289981,0.28,0.279933,1,2037204
145291441,0.27,0.271987,1,2037299
145292901,0.28,0.278397,1,2037299
145294361,0.27,0.271679,1,2037301
145295821,0.28,0.278336,1,2037301
145297281,0.27,0.271667,1,2037384
145298741,0.28,0.278333,1,2037384
145300201,0.25,0.255667,1,2037447
145301661,0.26,0.259133,1,2037447
145303121,0.29,0.283827,1,2037532
145304581,0.3,0.296765,1,2037532
145306041,0.27,0.275353,1,2037559
145307501,0.28,0.279071,1,2037559
145308961,0.27,0.271814,1,2037569
145310421,0.28,0.278363,1,2037569
145311881,0.27,0.271673,1,2037639
145313341,0.28,0.278335,1,2037639
145314801,0.31,0.303667,1,2037734
145316261,0.32,0.316733,1,2037734
145317721,0.31,0.311347,1,2037736
145319181,0.32,0.318269,1,2037736
145320641,0.35,0.343654,1,2037819
145322101,0.36,0.356731,1,2037819
145323561,0.36,0.359346,1,2037819
145325021,0.41,0.399869,1,2037881
145326481,0.42,0.415974,1,2037881
145327941,0.43,0.427195,1,2037968
145329401,0.44,0.437439,1,2037968
145330861,0.43,0.431488,1,2037994
145332321,0.44,0.438298,1,2037994
145333781,0.47,0.46366,1,2038004
145335241,0.48,0.476732,1,2038004
145336701,0.55,0.535346,1,2038074
145338161,0.56,0.555069,1,2038074
145339621,0.65,0.631014,1,2038171
145341081,0.66,0.654203,1,2038171
145342541,0.65,0.650841,1,2038173
145344001,0.66,0.658168,1,2038173
145345461,0.69,0.683634,1,2038258
145346921,0.7,0.696727,1,2038258
145348381,0.71,0.707345,1,2038322
145349841,0.72,0.717469,1,2038322
145351301,0.71,0.711494,1,2038410
145352761,0.72,0.718299,1,2038410
145354221,0.71,0.71166,1,2038436
145355681,0.72,0.718332,1,2038436
145357141,0.67,0.679666,1,2038448
145358601,0.68,0.679933,1,2038448
145360061,0.73,0.719987,1,2038522
145361521,0.74,0.735997,1,2038522
145362981,0.81,0.795199,2,2038624
145364441,0.82,0.81504,2,2038624
145365901,0.81,0.811008,2,2038626
145367361,0.82,0.818202,2,2038626
145368821,0.85,0.84364,2,2038713
145370281,0.86,0.856728,2,2038713
145371741,0.87,0.867346,2,2038778
145373201,0.88,0.877469,2,2038778
145374661,0.88,0.879494,2,2038778
145376121,0.95,0.935899,2,2038866
145379041,0.95,0.95,2,2038892
145381961,0.95,0.95,2,2038902
145495841,0.89,0.89,2,2040982
145497301,0.9,0.898,2,2040982
145498761,0.85,0.8596,2,2041018
145500221,0.86,0.85992,2,2041018
145501681,0.55,0.611984,1,2041090
145503141,0.56,0.570397,1,2041090
145504601,0.51,0.522079,1,2041128
145506061,0.52,0.520416,1,2041128
145507521,0.37,0.400083,1,2041181
145508981,0.38,0.384017,1,2041181
145510441,0.31,0.324803,1,2041220
145511901,0.32,0.320961,1,2041220
145513361,0.25,0.264192,1,2041263
145514821,0.26,0.260838,1,2041263
145516281,0.17,0.188168,1,2041289
145517741,0.18,0.181634,1,2041289
145519201,0.09,0.108327,1,2041317
145520661,0.1,0.101665,1,2041317
145522121,0.05,0.0603331,1,2041359
145523581,0.06,0.0600666,1,2041359
145525041,0.07,0.0680133,1,2041448
145526501,0.08,0.0776027,1,2041448
145527961,0.13,0.119521,1,2041482
145529421,0.14,0.135904,1,2041482
145530881,0.11,0.115181,1,2041539
145532341,0.12,0.119036,1,2041539
145533801,0.03,0.0478072,1,2041575
145535261,0.04,0.0415614,1,2041575
145536721,0.11,0.0963123,1,2041621
145538181,0.12,0.115262,1,2041621
145539641,0.11,0.111052,1,2041657
145541101,0.12,0.118211,1,2041657
145542561,0.09,0.0956421,1,2041697
145544021,0.1,0.0991284,1,2041697
145545481,0.15,0.139826,1,2041719
145546941,0.16,0.155965,1,2041719
145548401,0.15,0.151193,1,2041743
145549861,0.16,0.158239,1,2041743
145551321,0.16,0.159648,1,2041743
145552781,0.19,0.18393,1,2041783
145554241,0.2,0.196786,1,2041783
145555701,0.23,0.223357,1,2041873
145557161,0.24,0.236671,1,2041873
145558621,0.25,0.247334,1,2041910
145560081,0.26,0.257467,1,2041910
145561541,0.27,0.267493,1,2041966
145563001,0.28,0.277499,1,2041966
145564461,0.27,0.2715,1,2041998
145565921,0.28,0.2783,1,2041998
145567381,0.37,0.35166,1,2042048
145568841,0.38,0.374332,1,2042048
145570301,0.41,0.402866,1,2042084
145571761,0.42,0.416573,1,2042084
145573221,0.43,0.427315,1,2042123
145574681,0.44,0.437463,1,2042123
145576141,0.45,0.447493,1,2042148
145577601,0.46,0.457499,1,2042148
145579061,0.45,0.4515,1,2042172
145580521,0.46,0.4583,1,2042172
145581981,0.45,0.45166,1,2042213
145583441,0.46,0.458332,1,2042213
145584901,0.47,0.467666,1,2042305
145586361,0.48,0.477533,1,2042305
145587821,0.45,0.455507,1,2042343
145589281,0.46,0.459101,1,2042343
145590741,0.45,0.45182,1,2042400
145592201,0.46,0.458364,1,2042400
145593661,0.45,0.451673,1,2042432
145595121,0.46,0.458335,1,2042432
145596581,0.51,0.499667,1,2042487
145598041,0.52,0.515933,1,2042487
145599501,0.55,0.543187,1,2042525
145600961,0.56,0.556637,1,2042525
145602421,0.57,0.567327,1,2042565
145603881,0.58,0.577466,1,2042565
145605341,0.57,0.571493,1,2042591
145606801,0.58,0.578299,1,2042591
145608261,0.57,0.57166,1,2042615
145609721,0.58,0.578332,1,2042615
145611181,0.57,0.571666,1,2042656
145612641,0.58,0.578333,1,2042656
145614101,0.59,0.587667,1,2042749
145615561,0.6,0.597533,1,2042749
145617021,0.6,0.599507,1,2042749
145618481,0.63,0.623901,1,2042786
145619941,0.64,0.63678,1,2042786
145621401,0.67,0.663356,1,2042843
145622861,0.68,0.676671,1,2042843
145624321,0.69,0.687334,1,2042875
145625781,0.7,0.697467,1,2042875
145627241,0.69,0.691493,1,2042933
145628701,0.7,0.698299,1,2042933
145630161,0.75,0.73966,1,2042973
145631621,0.76,0.755932,2,2042973
145633081,0.75,0.751186,2,2043014
145634541,0.76,0.758237,2,2043014
145636001,0.75,0.751647,2,2043040
145637461,0.76,0.758329,2,2043040
145638921,0.75,0.751666,2,2043064
145640381,0.76,0.758333,2,2043064
145641841,0.75,0.751667,2,2043105
145643301,0.76,0.758333,2,2043105
145644761,0.77,0.767667,2,2043199
145646221,0.78,0.777533,2,2043199
145647681,0.77,0.771507,2,2043201
145649141,0.78,0.778301,2,2043201
145650601,0.77,0.77166,2,2043239
145652061,0.78,0.778332,2,2043239
145653521,0.83,0.819666,2,2043298
145654981,0.84,0.835933,2,2043298
145656441,0.87,0.863187,2,2043331
145657901,0.88,0.876637,2,2043331
145659361,0.91,0.903327,2,2043389
145660821,0.92,0.916665,2,2043389
145662281,0.85,0.863333,2,2043432
145663741,0.86,0.860667,2,2043432
145665201,0.87,0.868133,2,2043473
145666661,0.88,0.877627,2,2043473
145668121,0.87,0.871525,2,2043499
145669581,0.88,0.878305,2,2043499
145671041,0.87,0.871661,2,2043523
145672501,0.88,0.878332,2,2043523
145673961,0.91,0.903666,2,2043564
145675421,0.92,0.916733,2,2043564
145833101,0.87,0.87,2,2045812
145834561,0.88,0.878,2,2045812
145836021,0.83,0.8396,2,2045847
145837481,0.84,0.83992,2,2045847
145838941,0.87,0.863984,2,2045894
145840401,0.88,0.876797,2,2045894
145841861,0.77,0.791359,2,2045928
145843321,0.78,0.782272,2,2045928
145844781,0.89,0.868454,2,2045959
145846241,0.9,0.893691,2,2045959
145847701,0.93,0.922738,2,2046036
145849161,0.94,0.936548,2,2046036
145856461,0.95,0.95,2,2046130
145859381,0.91,0.91,2,2046152
145860841,0.92,0.918,2,2046152
145873981,0.91,0.91,2,2046358
145875441,0.92,0.918,2,2046358
145876901,0.95,0.9436,2,2046387
145879821,0.95,0.95,2,2046424
145993701,0.94,0.94,2,2047873
145995161,0.95,0.948,2,2047873
145999541,0.94,0.94,2,2047987
146001001,0.95,0.948,2,2047987
146002461,0.87,0.8856,2,2048019
146003921,0.88,0.88112,2,2048019
146005381,0.95,0.936224,2,2048051
146008301,0.89,0.89,2,2048089
146009761,0.9,0.898,2,2048089
146011221,0.87,0.8756,2,2048114
146012681,0.88,0.87912,2,2048114
146014141,0.89,0.887824,2,2048133
146015601,0.9,0.897565,2,2048133
146017061,0.95,0.939513,2,2048165
146019981,0.91,0.91,2,2048203
146021441,0.92,0.918,2,2048203
146022901,0.95,0.9436,2,2048235
146025821,0.89,0.89,2,2048268
146027281,0.9,0.898,2,2048268
146031661,0.95,0.95,2,2048344
146034581,0.93,0.93,2,2048420
146036041,0.94,0.938,2,2048420
146195181,0.95,0.95,2,2050314
146198101,0.91,0.91,2,2050347
146199561,0.92,0.918,2,2050347
146206861,0.91,0.91,2,2050459
146208321,0.92,0.918,2,2050459
146209781,0.85,0.8636,2,2050494
146211241,0.86,0.86072,2,2050494
146212701,0.79,0.804144,2,2050532
146214161,0.8,0.800829,2,2050532
146215621,0.69,0.712166,1,2050561
146217081,0.7,0.702433,1,2050561
146218541,0.61,0.628487,1,2050597
146220001,0.62,0.621697,1,2050597
146221461,0.51,0.532339,1,2050631
146222921,0.52,0.522468,1,2050631
146224381,0.45,0.464494,1,2050666
146225841,0.46,0.460899,1,2050666
146227301,0.41,0.42018,1,2050696
146228761,0.42,0.420036,1,2050696
146230221,0.39,0.396007,1,2050730
146231681,0.4,0.399201,1,2050730
146233141,0.33,0.34384,1,2050763
146234601,0.34,0.340768,1,2050763
146236061,0.25,0.268154,1,2050791
146237521,0.26,0.261631,1,2050791
146238981,0.26,0.260326,1,2050791
146240441,0.19,0.204065,1,2050823
146241901,0.2,0.200813,1,2050823
146243361,0.13,0.144163,1,2050856
146244821,0.14,0.140833,1,2050856
146246281,0.09,0.100167,1,2050888
146247741,0.1,0.100033,1,2050888
146249201,0.03,0.0440067,1,2050925
146250661,0.04,0.0408013,1,2050925
146252121,0.05,0.0481603,1,2050957
146253581,0.06,0.0576321,1,2050957
146255041,0.03,0.0355264,1,2050992
146256501,0.04,0.0391053,1,2050992
146257961,0.01,0.0158211,1,2051016
146259421,0.02,0.0191642,1,2051016
146260881,0.01,0.0118328,1,2051048
146262341,0.02,0.0183666,1,2051048
146263801,0.11,0.0916733,1,2051077
146265261,0.12,0.114335,1,2051077
146266721,0.13,0.126867,1,2051109
146268181,0.14,0.137373,1,2051109
146269641,0.09,0.0994747,1,2051137
146271101,0.1,0.0998949,1,2051137
146272561,0.19,0.171979,1,2051170
146274021,0.2,0.194396,1,2051170
146275481,0.11,0.126879,1,2051200
146276941,0.12,0.121376,1,2051200
146278401,0.11,0.112275,1,2051224
146279861,0.12,0.118455,1,2051224
146281321,0.11,0.111691,1,2051226
146282781,0.12,0.118338,1,2051226
146284241,0.15,0.143668,1,2051254
146285701,0.16,0.156734,1,2051254
146287161,0.09,0.103347,1,2051284
146288621,0.1,0.100669,1,2051284
146290081,0.15,0.140134,1,2051314
146291541,0.16,0.156027,1,2051314
146293001,0.05,0.0712054,1,2051348
146294461,0.06,0.0622411,1,2051348
146295921,0.11,0.100448,1,2051381
146297381,0.12,0.11609,1,2051381
146298841,0.15,0.143218,1,2051415
146300301,0.16,0.156644,1,2051415
146301761,0.19,0.183329,1,2051438
146303221,0.2,0.196666,1,2051438
146304681,0.15,0.159333,1,2051470
146306141,0.16,0.159867,1,2051470
146307601,0.07,0.0879733,1,2051504
146309061,0.08,0.0815947,1,2051504
146310521,0.13,0.120319,1,2051537
146311981,0.14,0.136064,1,2051537
146313441,0.13,0.131213,1,2051563
146314901,0.14,0.138243,1,2051563
146316361,0.15,0.147649,1,2051601
146317821,0.16,0.15753,1,2051601
146319281,0.19,0.183506,1,2051627
146320741,0.2,0.196701,1,2051627
146322201,0.19,0.19134,1,2051651
146323661,0.2,0.198268,1,2051651
146325121,0.19,0.191654,1,2051653
146326581,0.2,0.198331,1,2051653
146328041,0.15,0.159666,1,2051683
146329501,0.16,0.159933,1,2051683
146330961,0.16,0.159987,1,2051683
146332421,0.21,0.199997,1,2051710
146333881,0.22,0.215999,1,2051710
146335341,0.23,0.2272,1,2051743
146336801,0.24,0.23744,1,2051743
146338261,0.21,0.215488,1,2051772
146339721,0.22,0.219098,1,2051772
146341181,0.23,0.22782,1,2051808
146342641,0.24,0.237564,1,2051808
146344101,0.29,0.279513,1,2051844
146345561,0.3,0.295903,1,2051844
146347021,0.29,0.291181,1,2051869
146348481,0.3,0.298236,1,2051869
146349941,0.29,0.291647,1,2051899
146351401,0.3,0.298329,1,2051899
146352861,0.29,0.291666,1,2051929
146354321,0.3,0.298333,1,2051929
146355781,0.27,0.275667,1,2051965
146357241,0.28,0.279133,1,2051965
146358701,0.29,0.287827,1,2051991
146360161,0.3,0.297565,1,2051991
146361621,0.27,0.275513,1,2052030
146363081,0.28,0.279103,1,2052030
146364541,0.29,0.287821,1,2052058
146366001,0.3,0.297564,1,2052058
146367461,0.29,0.291513,1,2052082
146368921,0.3,0.298303,1,2052082
146370381,0.29,0.291661,1,2052084
146371841,0.3,0.298332,1,2052084
146373301,0.29,0.291666,1,2052112
146374761,0.3,0.298333,1,2052112
146376221,0.33,0.323667,1,2052141
146377681,0.34,0.336733,1,2052141
146379141,0.35,0.347347,1,2052175
146380601,0.36,0.357469,1,2052175
146382061,0.37,0.367494,1,2052203
146383521,0.38,0.377499,1,2052203
146384981,0.39,0.3875,1,2052240
146386441,0.4,0.3975,1,2052240
146387901,0.37,0.3755,1,2052279
146389361,0.38,0.3791,1,2052279
146390821,0.37,0.37182,1,2052304
146392281,0.38,0.378364,1,2052304
146393741,0.39,0.387673,1,2052334
146395201,0.4,0.397535,1,2052334
146396661,0.43,0.423507,1,2052364
146398121,0.44,0.436701,1,2052364
146399581,0.45,0.44734,1,2052399
146401041,0.46,0.457468,1,2052399
146402501,0.47,0.467494,1,2052426
146403961,0.48,0.477499,1,2052426
146405421,0.49,0.4875,1,2052464
146406881,0.5,0.4975,1,2052464
146408341,0.47,0.4755,1,2052493
146409801,0.48,0.4791,1,2052493
146411261,0.47,0.47182,1,2052517
146412721,0.48,0.478364,1,2052517
146414181,0.47,0.471673,1,2052519
146415641,0.48,0.478335,1,2052519
146417101,0.51,0.503667,1,2052547
146418561,0.52,0.516733,1,2052547
146420021,0.51,0.511347,1,2052578
146421481,0.52,0.518269,1,2052578
146422941,0.53,0.527654,1,2052613
146424401,0.54,0.537531,1,2052613
146425861,0.54,0.539506,1,2052613
146427321,0.53,0.531901,1,2052642
146428781,0.54,0.53838,1,2052642
146430241,0.53,0.531676,1,2052680
146431701,0.54,0.538335,1,2052680
146433161,0.55,0.547667,1,2052718
146434621,0.56,0.557533,1,2052718
146436081,0.57,0.567507,1,2052743
146437541,0.58,0.577501,1,2052743
146439001,0.65,0.6355,1,2052774
146440461,0.66,0.6551,1,2052774
146441921,0.67,0.66702,1,2052806
146443381,0.68,0.677404,1,2052806
146444841,0.67,0.671481,1,2052842
146446301,0.68,0.678296,1,2052842
146447761,0.69,0.687659,1,2052870
146449221,0.7,0.697532,1,2052870
146450681,0.73,0.723506,1,2052909
146452141,0.74,0.736701,1,2052909
146453601,0.73,0.73134,1,2052937
146455061,0.74,0.738268,1,2052937
146456521,0.73,0.731654,1,2052961
146457981,0.74,0.738331,1,2052961
146459441,0.73,0.731666,1,2052963
146460901,0.74,0.738333,1,2052963
146462361,0.77,0.763667,2,2052993
146463821,0.78,0.776733,2,2052993
146465281,0.77,0.771347,2,2053024
146466741,0.78,0.778269,2,2053024
146468201,0.77,0.771654,2,2053060
146469661,0.78,0.778331,2,2053060
146471121,0.77,0.771666,2,2053062
146472581,0.78,0.778333,2,2053062
146474041,0.79,0.787667,2,2053090
146475501,0.8,0.797533,2,2053090
146476961,0.81,0.807507,2,2053128
146478421,0.82,0.817501,2,2053128
146479881,0.81,0.8115,2,2053167
146481341,0.82,0.8183,2,2053167
146482801,0.81,0.81166,2,2053193
146484261,0.82,0.818332,2,2053193
146485721,0.83,0.827666,2,2053228
146487181,0.84,0.837533,2,2053228
146488641,0.89,0.879507,2,2053261
146490101,0.9,0.895901,2,2053261
146491561,0.89,0.89118,2,2053297
146493021,0.9,0.898236,2,2053297
146494481,0.87,0.875647,2,2053326
146495941,0.88,0.879129,2,2053326
146497401,0.89,0.887826,2,2053367
146498861,0.9,0.897565,2,2053367
146500321,0.91,0.907513,2,2053395
146501781,0.92,0.917503,2,2053395
146503241,0.91,0.911501,2,2053419
146504701,0.92,0.9183,2,2053419
146506161,0.91,0.91166,2,2053421
146507621,0.92,0.918332,2,2053421
146509081,0.95,0.943666,2,2053453
146520761,0.95,0.95,2,2053551
146698881,0.88,0.88,2,2055364
146700341,0.89,0.888,2,2055364
146701801,0.85,0.8576,2,2055398
146703261,0.86,0.85952,2,2055398
146704721,0.83,0.835904,2,2055428
146706181,0.84,0.839181,2,2055428
146707641,0.81,0.815836,2,2055449
146709101,0.82,0.819167,2,2055449
146710561,0.77,0.779833,2,2055474
146712021,0.78,0.779967,2,2055474
146713481,0.75,0.755993,2,2055508
146714941,0.76,0.759199,2,2055508
146716401,0.77,0.76784,2,2055540
146717861,0.78,0.777568,2,2055540
146719321,0.79,0.787514,2,2055563
146720781,0.8,0.797503,2,2055563
146722241,0.79,0.791501,2,2055565
146723701,0.8,0.7983,2,2055565
146725161,0.79,0.79166,2,2055596
146726621,0.8,0.798332,2,2055596
146728081,0.8,0.799666,2,2055596
146729541,0.69,0.711933,1,2055643
146731001,0.7,0.702387,1,2055643
146732461,0.71,0.708477,1,2055664
146733921,0.72,0.717695,1,2055664
146735381,0.69,0.695539,1,2055694
146736841,0.7,0.699108,1,2055694
146738301,0.65,0.659822,1,2055721
146739761,0.66,0.659964,1,2055721
146741221,0.71,0.699993,1,2055753
146742681,0.72,0.715999,1,2055753
146744141,0.73,0.7272,1,2055787
146745601,0.74,0.73744,1,2055787
146747061,0.73,0.731488,1,2055812
146748521,0.74,0.738298,1,2055812
146749981,0.75,0.74766,1,2055832
146751441,0.76,0.757532,2,2055832
146752901,0.73,0.735506,1,2055862
146754361,0.74,0.739101,1,2055862
146755821,0.71,0.71582,1,2055891
146757281,0.72,0.719164,1,2055891
146758741,0.71,0.711833,1,2055911
146760201,0.72,0.718367,1,2055911
146761661,0.71,0.711673,1,2055934
146763121,0.72,0.718335,1,2055934
146764581,0.75,0.743667,1,2055967
146766041,0.76,0.756733,2,2055967
146767501,0.69,0.703347,1,2056000
146768961,0.7,0.700669,1,2056000
146770421,0.69,0.692134,1,2056024
146771881,0.7,0.698427,1,2056024
146773341,0.69,0.691685,1,2056026
146774801,0.7,0.698337,1,2056026
146776261,0.71,0.707667,1,2056057
146777721,0.72,0.717533,1,2056057
146779181,0.73,0.727507,1,2056098
146780641,0.74,0.737501,1,2056098
146782101,0.79,0.7795,2,2056120
146783561,0.8,0.7959,2,2056120
146785021,0.77,0.77518,2,2056149
146786481,0.78,0.779036,2,2056149
146787941,0.81,0.803807,2,2056174
146789401,0.82,0.816761,2,2056174
146790861,0.81,0.811352,2,2056209
146792321,0.82,0.81827,2,2056209
146793781,0.85,0.843654,2,2056244
146795241,0.86,0.856731,2,2056244
146796701,0.85,0.851346,2,2056269
146798161,0.86,0.858269,2,2056269
146799621,0.89,0.883654,2,2056290
146801081,0.9,0.896731,2,2056290
146802541,0.91,0.907346,2,2056319
146804001,0.92,0.917469,2,2056319
146805461,0.87,0.879494,2,2056347
146806921,0.88,0.879899,2,2056347
146808381,0.91,0.90398,2,2056367
146809841,0.92,0.916796,2,2056367
146811301,0.89,0.895359,2,2056390
146812761,0.9,0.899072,2,2056390
146814221,0.95,0.939814,2,2056425
146817141,0.93,0.93,2,2056455
146818601,0.94,0.938,2,2056455
146820061,0.95,0.9476,2,2056479
146822981,0.95,0.95,2,2056481
147037601,0.89,0.89,2,2059468
147039061,0.9,0.898,2,2059468
147040521,0.87,0.8756,2,2059502
147041981,0.88,0.87912,2,2059502
147043441,0.82,0.831824,2,2059566
147044901,0.83,0.830365,2,2059566
147046361,0.69,0.718073,1,2059620
147047821,0.7,0.703615,1,2059620
147049281,0.59,0.612723,1,2059660
147050741,0.6,0.602545,1,2059660
147052201,0.53,0.544509,1,2059693
147053661,0.54,0.540902,1,2059693
147055121,0.23,0.29218,1,2059761
147056581,0.24,0.250436,1,2059761
147058041,0.19,0.202087,1,2059819
147059501,0.2,0.200417,1,2059819
147060961,0.13,0.144083,1,2059889
147062421,0.14,0.140817,1,2059889
147063881,0.13,0.132163,1,2059939
147065341,0.14,0.138433,1,2059939
147066801,0.05,0.0676865,1,2059970
147068261,0.06,0.0615373,1,2059970
147069721,0.05,0.0523075,1,2060031
147071181,0.06,0.0584615,1,2060031
147072641,0.06,0.0596923,1,2060031
147074101,0.09,0.0839385,1,2060076
147075561,0.1,0.0967877,1,2060076
147077021,0.01,0.0273575,1,2060111
147078481,0.02,0.0214715,1,2060111
147079941,0.09,0.0762943,1,2060141
147081401,0.1,0.0952589,1,2060141
147082861,0.11,0.107052,1,2060194
147084321,0.12,0.11741,1,2060194
147085781,0.13,0.127482,1,2060250
147087241,0.14,0.137496,1,2060250
147088701,0.11,0.115499,1,2060317
147090161,0.12,0.1191,1,2060317
147091621,0.19,0.17582,1,2060367
147093081,0.2,0.195164,1,2060367
147094541,0.19,0.191033,1,2060394
147096001,0.2,0.198207,1,2060394
147097461,0.27,0.255641,1,2060455
147098921,0.28,0.275128,1,2060455
147100381,0.27,0.271026,1,2060501
147101841,0.28,0.278205,1,2060501
147103301,0.27,0.271641,1,2060532
147104761,0.28,0.278328,1,2060532
147106221,0.29,0.287666,1,2060566
147107681,0.3,0.297533,1,2060566
147109141,0.31,0.307507,1,2060620
147110601,0.32,0.317501,1,2060620
147112061,0.33,0.3275,1,2060677
147113521,0.34,0.3375,1,2060677
147114981,0.35,0.3475,1,2060743
147116441,0.36,0.3575,1,2060743
147117901,0.41,0.3995,1,2060797
147119361,0.42,0.4159,1,2060797
147120821,0.43,0.42718,1,2060824
147122281,0.44,0.437436,1,2060824
147123741,0.47,0.463487,1,2060889
147125201,0.48,0.476697,1,2060889
147126661,0.47,0.47134,1,2060935
147128121,0.48,0.478268,1,2060935
147129581,0.49,0.487654,1,2060966
147131041,0.5,0.497531,1,2060966
147132501,0.5,0.499506,1,2060966
147133961,0.55,0.539901,1,2061001
147135421,0.56,0.55598,1,2061001
147136881,0.53,0.535196,1,2061056
147138341,0.54,0.539039,1,2061056
147139801,0.57,0.563808,1,2061114
147141261,0.58,0.576762,1,2061114
147142721,0.57,0.571352,1,2061181
147144181,0.58,0.57827,1,2061181
147145641,0.65,0.635654,1,2061238
147147101,0.66,0.655131,1,2061238
147148561,0.67,0.667026,1,2061266
147150021,0.68,0.677405,1,2061266
147151481,0.65,0.655481,1,2061333
147152941,0.66,0.659096,1,2061333
147154401,0.71,0.699819,1,2061379
147155861,0.72,0.715964,1,2061379
147157321,0.71,0.711193,1,2061411
147158781,0.72,0.718239,1,2061411
147160241,0.71,0.711648,1,2061413
147161701,0.72,0.71833,1,2061413
147163161,0.75,0.743666,1,2061450
147164621,0.76,0.756733,2,2061450
147166081,0.77,0.767347,2,2061504
147167541,0.78,0.777469,2,2061504
147169001,0.81,0.803494,2,2061564
147170461,0.82,0.816699,2,2061564
147171921,0.81,0.81134,2,2061631
147173381,0.82,0.818268,2,2061631
147174841,0.81,0.811654,2,2061692
147176301,0.82,0.818331,2,2061692
147177761,0.79,0.795666,2,2061721
147179221,0.8,0.799133,2,2061721
147180681,0.87,0.855827,2,2061787
147182141,0.88,0.875165,2,2061787
147183601,0.85,0.855033,2,2061836
147185061,0.86,0.859007,2,2061836
147186521,0.85,0.851801,2,2061868
147187981,0.86,0.85836,2,2061868
147189441,0.85,0.851672,2,2061870
147190901,0.86,0.858334,2,2061870
147192361,0.86,0.859667,2,2061870
147193821,0.85,0.851933,2,2061909
147195281,0.86,0.858387,2,2061909
147196741,0.85,0.851677,2,2061964
147198201,0.86,0.858335,2,2061964
147199661,0.87,0.867667,2,2062026
147201121,0.88,0.877533,2,2062026
147202581,0.93,0.919507,2,2062093
147204041,0.94,0.935901,2,2062093
147205501,0.95,0.94718,2,2062154
147320841,0.92,0.92,2,2063899
147322301,0.93,0.928,2,2063899
147323761,0.89,0.8976,2,2063931
147325221,0.9,0.89952,2,2063931
147326681,0.9,0.899904,2,2063931
147328141,0.89,0.891981,2,2064002
147329601,0.9,0.898396,2,2064002
147331061,0.65,0.699679,1,2064066
147332521,0.66,0.667936,1,2064066
147333981,0.61,0.621587,1,2064097
147335441,0.62,0.620317,1,2064097
147336901,0.43,0.468063,1,2064159
147338361,0.44,0.445613,1,2064159
147339821,0.27,0.305123,1,2064222
147341281,0.28,0.285025,1,2064222
147342741,0.19,0.209005,1,2064259
147344201,0.2,0.201801,1,2064259
147345661,0.09,0.11236,1,2064289
147347121,0.1,0.102472,1,2064289
147348581,0.09,0.0924944,1,2064308
147350041,0.1,0.0984989,1,2064308
147351501,0.09,0.0916998,1,2064339
147352961,0.1,0.09834,1,2064339
147354421,0.09,0.091668,1,2064367
147355881,0.1,0.0983336,1,2064367
147357341,0.05,0.0596667,1,2064400
147358801,0.06,0.0599333,1,2064400
147360261,0.01,0.0199867,1,2064467
147361721,0.02,0.0199973,1,2064467
147363181,0.03,0.0279995,1,2064519
147364641,0.04,0.0375999,1,2064519
147366101,0.07,0.06352,1,2064548
147367561,0.08,0.076704,1,2064548
147369021,0.07,0.0713408,1,2064601
147370481,0.08,0.0782682,1,2064601
147371941,0.05,0.0556536,1,2064656
147373401,0.06,0.0591307,1,2064656
147374861,0.13,0.115826,1,2064689
147376321,0.14,0.135165,1,2064689
147377781,0.13,0.131033,1,2064714
147379241,0.14,0.138207,1,2064714
147380701,0.11,0.115641,1,2064733
147382161,0.12,0.119128,1,2064733
147383621,0.18,0.167826,1,2064764
147385081,0.19,0.185565,1,2064764
147386541,0.23,0.221113,1,2064792
147388001,0.24,0.236223,1,2064792
147389461,0.21,0.215245,1,2064823
147390921,0.22,0.219049,1,2064823
147392381,0.15,0.16381,1,2064888
147393841,0.16,0.160762,1,2064888
147395301,0.16,0.160152,1,2064888
147396761,0.15,0.15203,1,2064941
147398221,0.16,0.158406,1,2064941
147399681,0.15,0.151681,1,2064972
147401141,0.16,0.158336,1,2064972
147402601,0.19,0.183667,1,2065025
147404061,0.2,0.196733,1,2065025
147405521,0.19,0.191347,1,2065079
147406981,0.2,0.198269,1,2065079
147408441,0.17,0.175654,1,2065116
147409901,0.18,0.179131,1,2065116
147411361,0.15,0.155826,1,2065141
147412821,0.16,0.159165,1,2065141
147414281,0.19,0.183833,1,2065159
147415741,0.2,0.196767,1,2065159
147417201,0.21,0.207353,1,2065194
147418661,0.22,0.217471,1,2065194
147420121,0.23,0.227494,1,2065224
147421581,0.24,0.237499,1,2065224
147423041,0.23,0.2315,1,2065254
147424501,0.24,0.2383,1,2065254
147425961,0.27,0.26366,1,2065316
147427421,0.28,0.276732,1,2065316
147428881,0.27,0.271346,1,2065318
147430341,0.28,0.278269,1,2065318
147431801,0.27,0.271654,1,2065370
147433261,0.28,0.278331,1,2065370
147434721,0.31,0.303666,1,2065401
147436181,0.32,0.316733,1,2065401
147437641,0.31,0.311347,1,2065456
147439101,0.32,0.318269,1,2065456
147440561,0.31,0.311654,1,2065510
147442021,0.32,0.318331,1,2065510
147443481,0.33,0.327666,1,2065546
147444941,0.34,0.337533,1,2065546
147446401,0.33,0.331507,1,2065570
147447861,0.34,0.338301,1,2065570
147449321,0.33,0.33166,1,2065590
147450781,0.34,0.338332,1,2065590
147452241,0.35,0.347666,1,2065626
147453701,0.36,0.357533,1,2065626
147455161,0.37,0.367507,1,2065657
147456621,0.38,0.377501,1,2065657
147458081,0.41,0.4035,1,2065687
147459541,0.42,0.4167,1,2065687
147461001,0.41,0.41134,1,2065751
147462461,0.42,0.418268,1,2065751
147463921,0.41,0.411654,1,2065753
147465381,0.42,0.418331,1,2065753
147466841,0.41,0.411666,1,2065805
147468301,0.42,0.418333,1,2065805
147469761,0.42,0.419667,1,2065805
147471221,0.43,0.427933,1,2065838
147472681,0.44,0.437587,1,2065838
147474141,0.51,0.495517,1,2065893
147475601,0.52,0.515103,1,2065893
147477061,0.55,0.543021,1,2065947
147478521,0.56,0.556604,1,2065947
147479981,0.57,0.567321,1,2065984
147481441,0.58,0.577464,1,2065984
147482901,0.57,0.571493,1,2066008
147484361,0.58,0.578299,1,2066008
147485821,0.57,0.57166,1,2066028
147487281,0.58,0.578332,1,2066028
147488741,0.61,0.603666,1,2066065
147490201,0.62,0.616733,1,2066065
147491661,0.63,0.627347,1,2066097
147493121,0.64,0.637469,1,2066097
147494581,0.59,0.599494,1,2066129
147496041,0.6,0.599899,1,2066129
147497501,0.63,0.62398,1,2066193
147498961,0.64,0.636796,1,2066193
147500421,0.63,0.631359,1,2066195
147501881,0.64,0.638272,1,2066195
147503341,0.65,0.647654,1,2066247
147504801,0.66,0.657531,1,2066247
147506261,0.63,0.635506,1,2066280
147507721,0.64,0.639101,1,2066280
147509181,0.65,0.64782,1,2066339
147510641,0.66,0.657564,1,2066339
147512101,0.65,0.651513,1,2066395
147513561,0.66,0.658303,1,2066395
147515021,0.69,0.683661,1,2066433
147516481,0.7,0.696732,1,2066433
147517941,0.71,0.707346,1,2066457
147519401,0.72,0.717469,1,2066457
147520861,0.71,0.711494,1,2066477
147522321,0.72,0.718299,1,2066477
147523781,0.71,0.71166,1,2066516
147525241,0.72,0.718332,1,2066516
147526701,0.75,0.743666,1,2066549
147528161,0.76,0.756733,2,2066549
147529621,0.77,0.767347,2,2066579
147531081,0.78,0.777469,2,2066579
147532541,0.79,0.787494,2,2066645
147534001,0.8,0.797499,2,2066645
147535461,0.79,0.7915,2,2066647
147536921,0.8,0.7983,2,2066647
147538381,0.85,0.83966,2,2066700
147539841,0.86,0.855932,2,2066700
147541301,0.85,0.851186,2,2066732
147542761,0.86,0.858237,2,2066732
147544221,0.85,0.851647,2,2066792
147545681,0.86,0.85833,2,2066792
147547141,0.86,0.859666,2,2066792
147548601,0.93,0.915933,2,2066848
147550061,0.94,0.935187,2,2066848
147551521,0.95,0.947037,2,2066888
147554441,0.95,0.95,2,2066913
147557361,0.95,0.95,2,2066933
147560281,0.93,0.93,2,2066972
147561741,0.94,0.938,2,2066972
147563201,0.93,0.9316,2,2067007
147564661,0.94,0.93832,2,2067007
147566121,0.93,0.931664,2,2067038
147567581,0.94,0.938333,2,2067038
147715041,0.92,0.92,2,2068874
147716501,0.93,0.928,2,2068874
147720881,0.94,0.94,2,2068947
147722341,0.95,0.948,2,2068947
147758841,0.9,0.9,2,2069396
147760301,0.91,0.908,2,2069396
147874181,0.92,0.92,2,2070751
147875641,0.93,0.928,2,2070751
147877101,0.77,0.8016,2,2070781
147878561,0.78,0.78432,2,2070781
147880021,0.83,0.820864,2,2070804
147881481,0.84,0.836173,2,2070804
147882941,0.84,0.839235,2,2070804
147884401,0.85,0.847847,2,2070821
147885861,0.86,0.857569,2,2070821
147887321,0.71,0.739514,1,2070859
147888781,0.72,0.723903,1,2070859
147890241,0.37,0.440781,1,2070935
147891701,0.38,0.392156,1,2070935
147893161,0.19,0.230431,1,2070971
147894621,0.2,0.206086,1,2070971
147896081,0.09,0.113217,1,2071009
147897541,0.1,0.102643,1,2071009
147899001,0.01,0.0285287,1,2071043
147900461,0.02,0.0217057,1,2071043
147901921,0.15,0.124341,1,2071061
147903381,0.16,0.152868,1,2071061
147904841,0.11,0.118574,1,2071097
147906301,0.12,0.119715,1,2071097
147907761,0,0.0239429,1,2071127
147909221,0,0.00478859,1,2071127
147910681,0.07,0.0569577,1,2071158
147912141,0.08,0.0753915,1,2071158
147913601,0.01,0.0230783,1,2071186
147915061,0.02,0.0206157,1,2071186
147916521,0.03,0.0281231,1,2071222
147917981,0.04,0.0376246,1,2071222
147919441,0.01,0.0155249,1,2071243
147920901,0.02,0.019105,1,2071243
147922361,0.05,0.043821,1,2071266
147923821,0.06,0.0567642,1,2071266
147925281,0.05,0.0513528,1,2071268
147926741,0.06,0.0582706,1,2071268
147928201,0.05,0.0516541,1,2071285
147929661,0.06,0.0583308,1,2071285
147931121,0.03,0.0356662,1,2071316
147932581,0.04,0.0391332,1,2071316
147934041,0.07,0.0638266,1,2071375
147935501,0.08,0.0767653,1,2071375
147936961,0.09,0.0873531,1,2071402
147938421,0.1,0.0974706,1,2071402
147939881,0.03,0.0434941,1,2071435
147941341,0.04,0.0406988,1,2071435
147942801,0.05,0.0481398,1,2071465
147944261,0.06,0.057628,1,2071465
147945721,0.03,0.0355256,1,2071490
147947181,0.04,0.0391051,1,2071490
147948641,0.03,0.031821,1,2071524
147950101,0.04,0.0383642,1,2071524
147951561,0.01,0.0156728,1,2071549
147953021,0.02,0.0191346,1,2071549
147954481,0.01,0.0118269,1,2071583
147955941,0.02,0.0183654,1,2071583
147957401,0.03,0.0276731,1,2071608
147958861,0.04,0.0375346,1,2071608
147960321,0.13,0.111507,1,2071645
147961781,0.14,0.134301,1,2071645
147963241,0.09,0.0988603,1,2071665
147964701,0.1,0.0997721,1,2071665
147966161,0.03,0.0439544,1,2071690
147967621,0.04,0.0407909,1,2071690
147969081,0.03,0.0321582,1,2071692
147970541,0.04,0.0384316,1,2071692
147972001,0.04,0.0396863,1,2071692
147973461,0.09,0.0799373,1,2071709
147974921,0.1,0.0959875,1,2071709
147976381,0.09,0.0911975,1,2071739
147977841,0.1,0.0982395,1,2071739
147979301,0.15,0.139648,1,2071800
147980761,0.16,0.15593,1,2071800
147982221,0.15,0.151186,1,2071828
147983681,0.16,0.158237,1,2071828
147985141,0.15,0.151647,1,2071858
147986601,0.16,0.158329,1,2071858
147988061,0.15,0.151666,1,2071889
147989521,0.16,0.158333,1,2071889
147990981,0.11,0.119667,1,2071913
147992441,0.12,0.119933,1,2071913
147993901,0.13,0.127987,1,2071947
147995361,0.14,0.137597,1,2071947
147996821,0.13,0.131519,1,2071971
147998281,0.14,0.138304,1,2071971
147999741,0.05,0.0676608,1,2072005
148001201,0.06,0.0615322,1,2072005
148002661,0.03,0.0363064,1,2072031
148004121,0.04,0.0392613,1,2072031
148005581,0.01,0.0158523,1,2072073
148007041,0.02,0.0191705,1,2072073
148008501,0.05,0.0438341,1,2072091
148009961,0.06,0.0567668,1,2072091
148011421,0.05,0.0513534,1,2072113
148012881,0.06,0.0582707,1,2072113
148014341,0.05,0.0516541,1,2072115
148015801,0.06,0.0583308,1,2072115
148017261,0.09,0.0836662,1,2072134
148018721,0.1,0.0967332,1,2072134
148020181,0.09,0.0913466,1,2072164
148021641,0.1,0.0982693,1,2072164
148023101,0.09,0.0916539,1,2072228
148024561,0.1,0.0983308,1,2072228
148026021,0.09,0.0916662,1,2072256
148027481,0.1,0.0983332,1,2072256
148028941,0.09,0.0916666,1,2072286
148030401,0.1,0.0983333,1,2072286
148031861,0.11,0.107667,1,2072317
148033321,0.12,0.117533,1,2072317
148034781,0.11,0.111507,1,2072339
148036241,0.12,0.118301,1,2072339
148037701,0.17,0.15966,1,2072374
148039161,0.18,0.175932,1,2072374
148040621,0.17,0.171186,1,2072398
148042081,0.18,0.178237,1,2072398
148043541,0.17,0.171647,1,2072428
148045001,0.18,0.178329,1,2072428
148046461,0.17,0.171666,1,2072453
148047921,0.18,0.178333,1,2072453
148049381,0.15,0.155667,1,2072494
148050841,0.16,0.159133,1,2072494
148052301,0.15,0.151827,1,2072514
148053761,0.16,0.158365,1,2072514
148055221,0.19,0.183673,1,2072536
148056681,0.2,0.196735,1,2072536
148058141,0.19,0.191347,1,2072538
148059601,0.2,0.198269,1,2072538
148061061,0.17,0.175654,1,2072559
148062521,0.18,0.179131,1,2072559
148063981,0.19,0.187826,1,2072589
148065441,0.2,0.197565,1,2072589
148066901,0.2,0.199513,1,2072589
148068361,0.25,0.239903,1,2072653
148069821,0.26,0.255981,1,2072653
148071281,0.25,0.251196,1,2072681
148072741,0.26,0.258239,1,2072681
148074201,0.29,0.283648,1,2072711
148075661,0.3,0.29673,1,2072711
148077121,0.29,0.291346,1,2072743
148078581,0.3,0.298269,1,2072743
148080041,0.29,0.291654,1,2072765
148081501,0.3,0.298331,1,2072765
148082961,0.31,0.307666,1,2072803
148084421,0.32,0.317533,1,2072803
148085881,0.33,0.327507,1,2072827
148087341,0.34,0.337501,1,2072827
148088801,0.33,0.3315,1,2072857
148090261,0.34,0.3383,1,2072857
148091721,0.35,0.34766,1,2072882
148093181,0.36,0.357532,1,2072882
148094641,0.35,0.351506,1,2072922
148096101,0.36,0.358301,1,2072922
148097561,0.35,0.35166,1,2072942
148099021,0.36,0.358332,1,2072942
148100481,0.41,0.399666,1,2072966
148101941,0.42,0.415933,1,2072966
148103401,0.41,0.411187,1,2072968
148104861,0.42,0.418237,1,2072968
148106321,0.41,0.411647,1,2072988
148107781,0.42,0.41833,1,2072988
148109241,0.41,0.411666,1,2073019
148110701,0.42,0.418333,1,2073019
148112161,0.41,0.411667,1,2073021
148113621,0.42,0.418333,1,2073021
148115081,0.45,0.443667,1,2073087
148116541,0.46,0.456733,1,2073087
148118001,0.49,0.483347,1,2073115
148119461,0.5,0.496669,1,2073115
148120921,0.55,0.539334,1,2073147
148122381,0.56,0.555867,1,2073147
148123841,0.55,0.551173,1,2073179
148125301,0.56,0.558235,1,2073179
148126761,0.55,0.551647,1,2073201
148128221,0.56,0.558329,1,2073201
148129681,0.53,0.535666,1,2073240
148131141,0.54,0.539133,1,2073240
148132601,0.51,0.515827,1,2073265
148134061,0.52,0.519165,1,2073265
148135521,0.51,0.511833,1,2073295
148136981,0.52,0.518367,1,2073295
148138441,0.55,0.543673,1,2073321
148139901,0.56,0.556735,1,2073321
148141361,0.55,0.551347,1,2073361
148142821,0.56,0.558269,1,2073361
148144281,0.55,0.551654,1,2073381
148145741,0.56,0.558331,1,2073381
148147201,0.55,0.551666,1,2073408
148148661,0.56,0.558333,1,2073408
148150121,0.55,0.551667,1,2073410
148151581,0.56,0.558333,1,2073410
148153041,0.55,0.551667,1,2073430
148154501,0.56,0.558333,1,2073430
148155961,0.61,0.599667,1,2073461
148157421,0.62,0.615933,1,2073461
148158881,0.61,0.611187,1,2073463
148160341,0.62,0.618237,1,2073463
148161801,0.65,0.643647,1,2073531
148163261,0.66,0.656729,1,2073531
148164721,0.66,0.659346,1,2073531
148166181,0.69,0.683869,1,2073561
148167641,0.7,0.696774,1,2073561
148169101,0.73,0.723355,1,2073596
148170561,0.74,0.736671,1,2073596
148172021,0.75,0.747334,1,2073628
148173481,0.76,0.757467,2,2073628
148174941,0.77,0.767493,2,2073650
148176401,0.78,0.777499,2,2073650
148177861,0.79,0.7875,2,2073688
148179321,0.8,0.7975,2,2073688
148180781,0.79,0.7915,2,2073712
148182241,0.8,0.7983,2,2073712
148183701,0.81,0.80766,2,2073742
148185161,0.82,0.817532,2,2073742
148186621,0.83,0.827506,2,2073770
148188081,0.84,0.837501,2,2073770
148189541,0.83,0.8315,2,2073810
148191001,0.84,0.8383,2,2073810
148192461,0.83,0.83166,2,2073830
148193921,0.84,0.838332,2,2073830
148195381,0.81,0.815666,2,2073857
148196841,0.82,0.819133,2,2073857
148198301,0.81,0.811827,2,2073859
148199761,0.82,0.818365,2,2073859
148201221,0.81,0.811673,2,2073879
148202681,0.82,0.818335,2,2073879
148204141,0.79,0.795667,2,2073913
148205601,0.8,0.799133,2,2073913
148207061,0.79,0.791827,2,2073915
148208521,0.8,0.798365,2,2073915
148209981,0.85,0.839673,2,2073985
148211441,0.86,0.855935,2,2073985
148212901,0.85,0.851187,2,2074016
148214361,0.86,0.858237,2,2074016
148215821,0.87,0.867647,2,2074053
148217281,0.88,0.877529,2,2074053
148218741,0.87,0.871506,2,2074086
148220201,0.88,0.878301,2,2074086
148221661,0.87,0.87166,2,2074109
148223121,0.88,0.878332,2,2074109
148224581,0.89,0.887666,2,2074148
148226041,0.9,0.897533,2,2074148
148227501,0.89,0.891507,2,2074172
148228961,0.9,0.898301,2,2074172
148230421,0.91,0.90766,2,2074203
148231881,0.92,0.917532,2,2074203
148233341,0.93,0.927506,2,2074232
148234801,0.94,0.937501,2,2074232
148236261,0.95,0.9475,2,2074272
148407081,0.91,0.91,2,2076063
148408541,0.94,0.934,2,2076094
148411461,0.95,0.95,2,2076177
148412921,0.95,0.95,2,2076216
148414381,0.91,0.918,2,2076242
148415841,0.83,0.8476,2,2076278
148417301,0.79,0.80152,2,2076303
148418761,0.85,0.840304,2,2076320
148420221,0.79,0.800061,2,2076335
148421681,0.89,0.872012,2,2076344
148423141,0.87,0.870402,2,2076388
148424601,0.81,0.822081,2,2076413
148426061,0.83,0.828416,2,2076450
148427521,0.75,0.765683,2,2076496
148428981,0.71,0.721137,1,2076533
148430441,0.69,0.696227,1,2076564
148431901,0.77,0.755245,2,2076586
148433361,0.69,0.703049,1,2076613
148434821,0.59,0.61261,1,2076684
148436281,0.6,0.602522,1,2076684
148437741,0.61,0.608504,1,2076740
148439201,0.62,0.617701,1,2076740
148440661,0.63,0.62754,1,2076783
148442121,0.64,0.637508,1,2076783
148443581,0.59,0.599502,1,2076809
148445041,0.6,0.5999,1,2076809
148446501,0.55,0.55998,1,2076874
148447961,0.56,0.559996,1,2076874
148449421,0.59,0.583999,1,2076954
148450881,0.6,0.5968,1,2076954
148452341,0.59,0.59136,1,2077019
148453801,0.6,0.598272,1,2077019
148455261,0.67,0.655654,1,2077068
148456721,0.68,0.675131,1,2077068
148458181,0.68,0.679026,1,2077068
148459641,0.67,0.671805,1,2077135
148461101,0.68,0.678361,1,2077135
148462561,0.67,0.671672,1,2077192
148464021,0.68,0.678334,1,2077192
148465481,0.71,0.703667,1,2077236
148466941,0.72,0.716733,1,2077236
148468401,0.71,0.711347,1,2077260
148469861,0.72,0.718269,1,2077260
148471321,0.69,0.695654,1,2077323
148472781,0.7,0.699131,1,2077323
148474241,0.77,0.755826,2,2077405
148475701,0.78,0.775165,2,2077405
148477161,0.81,0.803033,2,2077470
148478621,0.82,0.816607,2,2077470
148480081,0.85,0.843321,2,2077523
148481541,0.86,0.856664,2,2077523
148483001,0.89,0.883333,2,2077589
148484461,0.9,0.896667,2,2077589
148485921,0.95,0.939333,2,2077646
148488841,0.95,0.95,2,2077692
148491761,0.95,0.95,2,2077716
148494681,0.95,0.95,2,2077778
148497601,0.95,0.95,2,2077864
148591041,0.91,0.91,2,2079568
148592501,0.92,0.918,2,2079568
148593961,0.92,0.9196,2,2079605
148595421,0.93,0.92792,2,2079605
148596881,0.84,0.857584,2,2079638
148598341,0.85,0.851517,2,2079638
148599801,0.89,0.882303,2,2079692
148601261,0.9,0.896461,2,2079692
148602721,0.69,0.731292,1,2079754
148604181,0.7,0.706258,1,2079754
148605641,0.43,0.485252,1,2079848
148607101,0.44,0.44905,1,2079848
148608561,0.27,0.30581,1,2079896
148610021,0.28,0.285162,1,2079896
148611481,0.07,0.113032,1,2079977
148612941,0.08,0.0866065,1,2079977
148614401,0.01,0.0253213,1,2080006
148615861,0.02,0.0210643,1,2080006
148617321,0.05,0.0442129,1,2080041
148618781,0.06,0.0568426,1,2080041
148620241,0.03,0.0353685,1,2080074
148621701,0.04,0.0390737,1,2080074
148623161,0.03,0.0318147,1,2080103
148624621,0.04,0.0383629,1,2080103
148626081,0.04,0.0396726,1,2080103
148627541,0.11,0.0959345,1,2080157
148629001,0.12,0.115187,1,2080157
148630461,0.05,0.0630374,1,2080209
148631921,0.06,0.0606075,1,2080209
148633381,0.09,0.0841215,1,2080290
148634841,0.1,0.0968243,1,2080290
148636301,0.09,0.0913649,1,2080330
148637761,0.1,0.098273,1,2080330
148639221,0.17,0.155655,1,2080401
148640681,0.18,0.175131,1,2080401
148642141,0.13,0.139026,1,2080427
148643601,0.14,0.139805,1,2080427
148645061,0.03,0.051961,1,2080464
148646521,0.04,0.0423922,1,2080464
148647981,0.03,0.0324784,1,2080496
148649441,0.04,0.0384957,1,2080496
148650901,0.03,0.0316991,1,2080525
148652361,0.04,0.0383398,1,2080525
148653821,0.03,0.031668,1,2080527
148655281,0.04,0.0383336,1,2080527
148656741,0.15,0.127667,1,2080584
148658201,0.16,0.153533,1,2080584
148659661,0.13,0.134707,1,2080633
148661121,0.14,0.138941,1,2080633
148662581,0.17,0.163788,1,2080716
148664041,0.18,0.176758,1,2080716
148665501,0.19,0.187352,1,2080756
148666961,0.2,0.19747,1,2080756
148668421,0.21,0.207494,1,2080831
148669881,0.22,0.217499,1,2080831
148671341,0.21,0.2115,1,2080855
148672801,0.22,0.2183,1,2080855
148674261,0.17,0.17966,1,2080887
148675721,0.18,0.179932,1,2080887
148677181,0.19,0.187986,1,2080919
148678641,0.2,0.197597,1,2080919
148680101,0.19,0.191519,1,2080948
148681561,0.2,0.198304,1,2080948
148683021,0.19,0.191661,1,2080950
148684481,0.2,0.198332,1,2080950
148685941,0.2,0.199666,1,2080950
148687401,0.17,0.175933,1,2081013
148688861,0.18,0.179187,1,2081013
148690321,0.19,0.187837,1,2081061
148691781,0.2,0.197567,1,2081061
148693241,0.21,0.207514,1,2081146
148694701,0.22,0.217503,1,2081146
148696161,0.19,0.195501,1,2081187
148697621,0.2,0.1991,1,2081187
148699081,0.21,0.20782,1,2081263
148700541,0.22,0.217564,1,2081263
148702001,0.23,0.227513,1,2081287
148703461,0.24,0.237503,1,2081287
148704921,0.25,0.247501,1,2081317
148706381,0.26,0.2575,1,2081317
148707841,0.29,0.2835,1,2081350
148709301,0.3,0.2967,1,2081350
148710761,0.31,0.30734,1,2081379
148712221,0.32,0.317468,1,2081379
148713681,0.31,0.311494,1,2081381
148715141,0.32,0.318299,1,2081381
148716601,0.35,0.34366,1,2081442
148718061,0.36,0.356732,1,2081442
148719521,0.33,0.335346,1,2081491
148720981,0.34,0.339069,1,2081491
148722441,0.43,0.411814,1,2081577
148723901,0.44,0.434363,1,2081577
148725361,0.43,0.430873,1,2081617
148726821,0.44,0.438175,1,2081617
148728281,0.41,0.415635,1,2081694
148729741,0.42,0.419127,1,2081694
148731201,0.43,0.427825,1,2081719
148732661,0.44,0.437565,1,2081719
148734121,0.41,0.415513,1,2081750
148735581,0.42,0.419103,1,2081750
148737041,0.43,0.427821,1,2081785
148738501,0.44,0.437564,1,2081785
148739961,0.43,0.431513,1,2081815
148741421,0.44,0.438303,1,2081815
148742881,0.43,0.431661,1,2081817
148744341,0.44,0.438332,1,2081817
148745801,0.49,0.479666,1,2081880
148747261,0.5,0.495933,1,2081880
148748721,0.53,0.523187,1,2081928
148750181,0.54,0.536637,1,2081928
148751641,0.54,0.539327,1,2081928
148753101,0.67,0.643866,1,2082019
148754561,0.68,0.672773,1,2082019
148756021,0.69,0.686555,1,2082059
148757481,0.7,0.697311,1,2082059
148758941,0.71,0.707462,1,2082135
148760401,0.72,0.717492,1,2082135
148761861,0.71,0.711498,1,2082161
148763321,0.72,0.7183,1,2082161
148764781,0.73,0.72766,1,2082191
148766241,0.74,0.737532,1,2082191
148767701,0.75,0.747506,1,2082227
148769161,0.76,0.757501,2,2082227
148770621,0.75,0.7515,2,2082257
148772081,0.76,0.7583,2,2082257
148773541,0.75,0.75166,2,2082259
148775001,0.76,0.758332,2,2082259
148776461,0.75,0.751666,2,2082325
148777921,0.76,0.758333,2,2082325
148779381,0.75,0.751667,2,2082375
148780841,0.76,0.758333,2,2082375
148782301,0.75,0.751667,2,2082377
148783761,0.76,0.758333,2,2082377
148785221,0.83,0.815667,2,2082474
148786681,0.84,0.835133,2,2082474
148788141,0.91,0.895027,2,2082515
148789601,0.92,0.915005,2,2082515
148791061,0.89,0.895001,2,2082592
148792521,0.9,0.899,2,2082592
148793981,0.89,0.8918,2,2082618
148795441,0.9,0.89836,2,2082618
148796901,0.91,0.907672,2,2082649
148798361,0.92,0.917534,2,2082649
148799821,0.91,0.911507,2,2082686
148801281,0.92,0.918301,2,2082686
148802741,0.91,0.91166,2,2082716
148804201,0.92,0.918332,2,2082716
148805661,0.91,0.911666,2,2082718
148807121,0.92,0.918333,2,2082718
148925381,0.93,0.93,2,2084477
148926841,0.94,0.938,2,2084477
148934141,0.89,0.89,2,2084579
148935601,0.9,0.898,2,2084579
148937061,0.94,0.9316,2,2084610
148938521,0.95,0.94632,2,2084610
148939981,0.91,0.917264,2,2084638
148941441,0.92,0.919453,2,2084638
148942901,0.85,0.863891,2,2084681
148944361,0.86,0.860778,2,2084681
148945821,0.69,0.724156,1,2084727
148947281,0.7,0.704831,1,2084727
148948741,0.53,0.564966,1,2084759
148950201,0.54,0.544993,1,2084759
148951661,0.35,0.388999,1,2084833
148953121,0.36,0.3658,1,2084833
148954581,0.09,0.14516,1,2084879
148956041,0.1,0.109032,1,2084879
148957501,0.05,0.0618064,1,2084914
148958961,0.06,0.0603613,1,2084914
148960421,0.03,0.0360723,1,2084961
148961881,0.04,0.0392145,1,2084961
148963341,0.04,0.0398429,1,2084961
148964801,0.03,0.0319686,1,2084990
148966261,0.04,0.0383937,1,2084990
148967721,0,0.00767874,1,2085022
148969181,0,0.00153575,1,2085022
148970641,0.01,0.00830715,1,2085056
148972101,0.02,0.0176614,1,2085056
148973561,0.01,0.0115323,1,2085083
148975021,0.02,0.0183065,1,2085083
148976481,0.01,0.0116613,1,2085105
148977941,0.02,0.0183323,1,2085105
148979401,0.03,0.0276665,1,2085145
148980861,0.04,0.0375333,1,2085145
148982321,0,0.00750666,1,2085183
148983781,0,0.00150133,1,2085183
148985241,0.03,0.0243003,1,2085207
148986701,0.04,0.0368601,1,2085207
148988161,0.03,0.031372,1,2085272
148989621,0.04,0.0382744,1,2085272
148991081,0.11,0.0956549,1,2085305
148992541,0.12,0.115131,1,2085305
148994001,0.05,0.0630262,1,2085338
148995461,0.06,0.0606052,1,2085338
148996921,0.07,0.068121,1,2085384
148998381,0.08,0.0776242,1,2085384
148999841,0.03,0.0395248,1,2085412
149001301,0.04,0.039905,1,2085412
149002761,0.01,0.015981,1,2085443
149004221,0.02,0.0191962,1,2085443
149005681,0.01,0.0118392,1,2085477
149007141,0.02,0.0183678,1,2085477
149008601,0.07,0.0596736,1,2085504
149010061,0.08,0.0759347,1,2085504
149011521,0.03,0.0391869,1,2085526
149012981,0.04,0.0398374,1,2085526
149014441,0.05,0.0479675,1,2085567
149015901,0.06,0.0575935,1,2085567
149017361,0.09,0.0835187,1,2085604
149018821,0.1,0.0967037,1,2085604
149020281,0.07,0.0753407,1,2085629
149021741,0.08,0.0790681,1,2085629
149023201,0.09,0.0878136,1,2085694
149024661,0.1,0.0975627,1,2085694
149026121,0.11,0.107513,1,2085731
149027581,0.12,0.117503,1,2085731
149029041,0.13,0.127501,1,2085761
149030501,0.14,0.1375,1,2085761
149031961,0.11,0.1155,1,2085808
149033421,0.12,0.1191,1,2085808
149034881,0.07,0.07982,1,2085834
149036341,0.08,0.079964,1,2085834
149037801,0.09,0.0879928,1,2085864
149039261,0.1,0.0975986,1,2085864
149040721,0.1,0.0995197,1,2085864
149042181,0.03,0.0439039,1,2085898
149043641,0.04,0.0407808,1,2085898
149045101,0.05,0.0481562,1,2085928
149046561,0.06,0.0576312,1,2085928
149048021,0.05,0.0515262,1,2085948
149049481,0.06,0.0583053,1,2085948
149050941,0.05,0.051661,1,2085990
149052401,0.06,0.0583322,1,2085990
149053861,0.13,0.115666,1,2086029
149055321,0.14,0.135133,1,2086029
149056781,0.13,0.131027,1,2086053
149058241,0.14,0.138205,1,2086053
149059701,0.13,0.131641,1,2086119
149061161,0.14,0.138328,1,2086119
149062621,0.17,0.163666,1,2086157
149064081,0.18,0.176733,1,2086157
149065541,0.15,0.155347,1,2086188
149067001,0.16,0.159069,1,2086188
149068461,0.17,0.167814,1,2086234
149069921,0.18,0.177563,1,2086234
149071381,0.17,0.171513,1,2086258
149072841,0.18,0.178303,1,2086258
149074301,0.21,0.203661,1,2086289
149075761,0.22,0.216732,1,2086289
149077221,0.21,0.211346,1,2086291
149078681,0.22,0.218269,1,2086291
149080141,0.23,0.227654,1,2086321
149081601,0.24,0.237531,1,2086321
149083061,0.21,0.215506,1,2086352
149084521,0.22,0.219101,1,2086352
149085981,0.25,0.24382,1,2086372
149087441,0.26,0.256764,1,2086372
149088901,0.27,0.267353,1,2086414
149090361,0.28,0.277471,1,2086414
149091821,0.21,0.223494,1,2086457
149093281,0.22,0.220699,1,2086457
149094741,0.23,0.22814,1,2086481
149096201,0.24,0.237628,1,2086481
149097661,0.25,0.247526,1,2086547
149099121,0.26,0.257505,1,2086547
149100581,0.25,0.251501,1,2086587
149102041,0.26,0.2583,1,2086587
149103501,0.29,0.28366,1,2086617
149104961,0.3,0.296732,1,2086617
149106421,0.31,0.307346,1,2086664
149107881,0.32,0.317469,1,2086664
149109341,0.33,0.327494,1,2086688
149110801,0.34,0.337499,1,2086688
149112261,0.33,0.3315,1,2086721
149113721,0.34,0.3383,1,2086721
149115181,0.33,0.33166,1,2086723
149116641,0.34,0.338332,1,2086723
149118101,0.34,0.339666,1,2086723
149119561,0.35,0.347933,1,2086754
149121021,0.36,0.357587,1,2086754
149122481,0.37,0.367517,1,2086784
149123941,0.38,0.377503,1,2086784
149125401,0.33,0.339501,1,2086806
149126861,0.34,0.3399,1,2086806
149128321,0.31,0.31598,1,2086849
149129781,0.32,0.319196,1,2086849
149131241,0.31,0.311839,1,2086889
149132701,0.32,0.318368,1,2086889
149134161,0.29,0.295674,1,2086914
149135621,0.3,0.299135,1,2086914
149137081,0.27,0.275827,1,2086981
149138541,0.28,0.279165,1,2086981
149140001,0.31,0.303833,1,2087021
149141461,0.32,0.316767,1,2087021
149142921,0.37,0.359353,1,2087053
149144381,0.38,0.375871,1,2087053
149145841,0.37,0.371174,1,2087101
149147301,0.38,0.378235,1,2087101
149148761,0.41,0.403647,1,2087126
149150221,0.42,0.416729,1,2087126
149151681,0.39,0.395346,1,2087159
149153141,0.4,0.399069,1,2087159
149154601,0.39,0.391814,1,2087161
149156061,0.4,0.398363,1,2087161
149157521,0.39,0.391673,1,2087192
149158981,0.4,0.398335,1,2087192
149160441,0.41,0.407667,1,2087223
149161901,0.42,0.417533,1,2087223
149163361,0.41,0.411507,1,2087243
149164821,0.42,0.418301,1,2087243
149166281,0.45,0.44366,1,2087285
149167741,0.46,0.456732,1,2087285
149169201,0.47,0.467346,1,2087325
149170661,0.48,0.477469,1,2087325
149172121,0.49,0.487494,1,2087349
149173581,0.5,0.497499,1,2087349
149175041,0.51,0.5075,1,2087415
149176501,0.52,0.5175,1,2087415
149177961,0.57,0.5595,1,2087457
149179421,0.58,0.5759,1,2087457
149180881,0.59,0.58718,1,2087492
149182341,0.6,0.597436,1,2087492
149183801,0.63,0.623487,1,2087540
149185261,0.64,0.636697,1,2087540
149186721,0.61,0.615339,1,2087567
149188181,0.62,0.619068,1,2087567
149189641,0.63,0.627814,1,2087599
149191101,0.64,0.637563,1,2087599
149192561,0.63,0.631513,1,2087601
149194021,0.64,0.638303,1,2087601
149195481,0.65,0.64766,1,2087632
149196941,0.66,0.657532,1,2087632
149198401,0.69,0.683506,1,2087664
149199861,0.7,0.696701,1,2087664
149201321,0.7,0.69934,1,2087664
149202781,0.71,0.707868,1,2087684
149204241,0.72,0.717574,1,2087684
149205701,0.77,0.759515,2,2087728
149207161,0.78,0.775903,2,2087728
149208621,0.79,0.787181,2,2087769
149210081,0.8,0.797436,2,2087769
149211541,0.81,0.807487,2,2087794
149213001,0.82,0.817497,2,2087794
149214461,0.83,0.827499,2,2087861
149215921,0.84,0.8375,2,2087861
149217381,0.87,0.8635,2,2087906
149218841,0.88,0.8767,2,2087906
149220301,0.91,0.90334,2,2087942
149221761,0.92,0.916668,2,2087942
149223221,0.93,0.927334,2,2087992
149224681,0.94,0.937467,2,2087992
149226141,0.95,0.947493,2,2088018
149229061,0.95,0.95,2,2088051
149231981,0.95,0.95,2,2088053
149418861,0.86,0.86,2,2090293
149420321,0.93,0.916,2,2090352
149421781,0.92,0.9192,2,2090389
149423241,0.87,0.87984,2,2090436
149424701,0.75,0.775968,2,2090467
149426161,0.73,0.739194,1,2090501
149427621,0.67,0.683839,1,2090528
149429081,0.53,0.560768,1,2090587
149430541,0.57,0.568154,1,2090605
149432001,0.51,0.521631,1,2090621
149433461,0.57,0.560326,1,2090634
149434921,0.57,0.568065,1,2090638
149436381,0.43,0.457613,1,2090705
149437841,0.44,0.443523,1,2090705
149439301,0.47,0.464705,1,2090819
149440761,0.48,0.476941,1,2090819
149442221,0.43,0.439388,1,2090900
149443681,0.44,0.439878,1,2090900
149445141,0.43,0.431976,1,2090958
149446601,0.44,0.438395,1,2090958
149448061,0.51,0.495679,1,2091034
149449521,0.52,0.515136,1,2091034
149450981,0.57,0.559027,1,2091067
149452441,0.58,0.575805,1,2091067
149453901,0.55,0.555161,1,2091087
149455361,0.56,0.559032,1,2091087
149456821,0.57,0.567806,1,2091148
149458281,0.58,0.577561,1,2091148
149459741,0.57,0.571512,1,2091264
149461201,0.58,0.578302,1,2091264
149462661,0.65,0.63566,1,2091343
149464121,0.66,0.655132,1,2091343
149465581,0.67,0.667026,1,2091401
149467041,0.68,0.677405,1,2091401
149468501,0.71,0.703481,1,2091481
149469961,0.72,0.716696,1,2091481
149471421,0.77,0.759339,2,2091517
149472881,0.78,0.775868,2,2091517
149474341,0.75,0.755174,2,2091536
149475801,0.76,0.759035,2,2091536
149477261,0.76,0.759807,2,2091536
149478721,0.79,0.783961,2,2091598
149480181,0.8,0.796792,2,2091598
149481641,0.85,0.839358,2,2091714
149483101,0.86,0.855872,2,2091714
149484561,0.91,0.899174,2,2091797
149486021,0.92,0.915835,2,2091797
149487481,0.95,0.943167,2,2091856
149646621,0.78,0.78,2,2095139
149648081,0.79,0.788,2,2095139
149649541,0.89,0.8696,2,2095176
149651001,0.9,0.89392,2,2095176
149652461,0.85,0.858784,2,2095214
149653921,0.86,0.859757,2,2095214
149655381,0.63,0.675951,1,2095306
149656841,0.64,0.64719,1,2095306
149658301,0.63,0.633438,1,2095340
149659761,0.64,0.638688,1,2095340
149661221,0.53,0.551738,1,2095380
149662681,0.54,0.542348,1,2095380
149664141,0.53,0.53247,1,2095423
149665601,0.54,0.538494,1,2095423
149667061,0.49,0.499699,1,2095528
149668521,0.5,0.49994,1,2095528
149669981,0.53,0.523988,1,2095561
149671441,0.54,0.536798,1,2095561
149672901,0.51,0.51536,1,2095603
149674361,0.52,0.519072,1,2095603
149675821,0.53,0.527814,1,2095642
149677281,0.54,0.537563,1,2095642
149678741,0.49,0.499513,1,2095678
149680201,0.5,0.499903,1,2095678
149681661,0.5,0.49998,1,2095678
149683121,0.59,0.571996,1,2095759
149684581,0.6,0.594399,1,2095759
149686041,0.59,0.59088,1,2095793
149687501,0.6,0.598176,1,2095793
149688961,0.67,0.655635,1,2095828
149690421,0.68,0.675127,1,2095828
149691881,0.65,0.655025,1,2095871
149693341,0.66,0.659005,1,2095871
149694801,0.73,0.715801,1,2095974
149696261,0.74,0.73516,1,2095974
149697721,0.79,0.779032,2,2096009
149699181,0.8,0.795806,2,2096009
149700641,0.81,0.807161,2,2096050
149702101,0.82,0.817432,2,2096050
149703561,0.81,0.811486,2,2096090
149705021,0.82,0.818297,2,2096090
149706481,0.85,0.843659,2,2096124
149707941,0.86,0.856732,2,2096124
149709401,0.85,0.851346,2,2096209
149710861,0.86,0.858269,2,2096209
149712321,0.85,0.851654,2,2096243
149713781,0.86,0.858331,2,2096243
149715241,0.83,0.835666,2,2096282
149716701,0.84,0.839133,2,2096282
149718161,0.85,0.847827,2,2096324
149719621,0.86,0.857565,2,2096324
149721081,0.89,0.883513,2,2096431
149722541,0.9,0.896703,2,2096431
149724001,0.85,0.859341,2,2096469
149725461,0.86,0.859868,2,2096469
149726921,0.85,0.851974,2,2096511
149728381,0.86,0.858395,2,2096511
149729841,0.91,0.899679,2,2096551
149731301,0.92,0.915936,2,2096551
149732761,0.91,0.911187,2,2096587
149734221,0.92,0.918237,2,2096587
149735681,0.95,0.943647,2,2096672
149748821,0.95,0.95,2,2096896
149852481,0.84,0.84,2,2098580
149853941,0.85,0.848,2,2098580
149855401,0.85,0.8496,2,2098614
149856861,0.86,0.85792,2,2098614
149858321,0.81,0.819584,2,2098666
149859781,0.82,0.819917,2,2098666
149861241,0.77,0.779983,2,2098692
149862701,0.78,0.779997,2,2098692
149864161,0.69,0.707999,1,2098727
149865621,0.7,0.7016,1,2098727
149867081,0.7,0.70032,1,2098727
149868541,0.61,0.628064,1,2098794
149870001,0.62,0.621613,1,2098794
149871461,0.47,0.500323,1,2098829
149872921,0.48,0.484065,1,2098829
149874381,0.39,0.408813,1,2098867
149875841,0.4,0.401763,1,2098867
149877301,0.25,0.280353,1,2098919
149878761,0.26,0.264071,1,2098919
149880221,0.19,0.204814,1,2098950
149881681,0.2,0.200963,1,2098950
149883141,0.23,0.224193,1,2099044
149884601,0.24,0.236839,1,2099044
149886061,0.23,0.231368,1,2099077
149887521,0.24,0.238274,1,2099077
149888981,0.19,0.199655,1,2099127
149890441,0.2,0.199931,1,2099127
149891901,0.25,0.239986,1,2099151
149893361,0.26,0.255997,1,2099151
149894821,0.21,0.219199,1,2099182
149896281,0.22,0.21984,1,2099182
149897741,0.21,0.211968,1,2099184
149899201,0.22,0.218394,1,2099184
149900661,0.25,0.243679,1,2099246
149902121,0.26,0.256736,1,2099246
149903581,0.29,0.283347,1,2099274
149905041,0.3,0.296669,1,2099274
149906501,0.29,0.291334,1,2099308
149907961,0.3,0.298267,1,2099308
149909421,0.31,0.307653,1,2099353
149910881,0.32,0.317531,1,2099353
149912341,0.33,0.327506,1,2099381
149913801,0.34,0.337501,1,2099381
149915261,0.35,0.3475,1,2099477
149916721,0.36,0.3575,1,2099477
149918181,0.37,0.3675,1,2099510
149919641,0.38,0.3775,1,2099510
149921101,0.45,0.4355,1,2099558
149922561,0.46,0.4551,1,2099558
149924021,0.43,0.43502,1,2099585
149925481,0.44,0.439004,1,2099585
149926941,0.45,0.447801,1,2099614
149928401,0.46,0.45756,1,2099614
149929861,0.45,0.451512,1,2099616
149931321,0.46,0.458302,1,2099616
149932781,0.51,0.49966,1,2099680
149934241,0.52,0.515932,1,2099680
149935701,0.52,0.519186,1,2099680
149937161,0.53,0.527837,1,2099710
149938621,0.54,0.537567,1,2099710
149940081,0.53,0.531514,1,2099744
149941541,0.54,0.538303,1,2099744
149943001,0.53,0.531661,1,2099790
149944461,0.54,0.538332,1,2099790
149945921,0.55,0.547666,1,2099819
149947381,0.56,0.557533,1,2099819
149948841,0.63,0.615507,1,2099916
149950301,0.64,0.635101,1,2099916
149951761,0.67,0.66302,1,2099950
149953221,0.68,0.676604,1,2099950
149954681,0.67,0.671321,1,2100002
149956141,0.68,0.678264,1,2100002
149957601,0.69,0.687653,1,2100028
149959061,0.7,0.697531,1,2100028
149960521,0.69,0.691506,1,2100058
149961981,0.7,0.698301,1,2100058
149963441,0.69,0.69166,1,2100060
149964901,0.7,0.698332,1,2100060
149966361,0.69,0.691666,1,2100127
149967821,0.7,0.698333,1,2100127
149969281,0.69,0.691667,1,2100157
149970741,0.7,0.698333,1,2100157
149972201,0.71,0.707667,1,2100191
149973661,0.72,0.717533,1,2100191
149975121,0.71,0.711507,1,2100237
149976581,0.72,0.718301,1,2100237
149978041,0.73,0.72766,1,2100267
149979501,0.74,0.737532,1,2100267
149980961,0.73,0.731506,1,2100368
149982421,0.74,0.738301,1,2100368
149983881,0.69,0.69966,1,2100404
149985341,0.7,0.699932,1,2100404
149986801,0.77,0.755986,2,2100456
149988261,0.78,0.775197,2,2100456
149989721,0.79,0.787039,2,2100483
149991181,0.8,0.797408,2,2100483
149992641,0.81,0.807482,2,2100513
149994101,0.82,0.817496,2,2100513
149995561,0.81,0.811499,2,2100515
149997021,0.82,0.8183,2,2100515
149998481,0.83,0.82766,2,2100582
149999941,0.84,0.837532,2,2100582
150001401,0.85,0.847506,2,2100612
150002861,0.86,0.857501,2,2100612
150004321,0.86,0.8595,2,2100612
150005781,0.91,0.8999,2,2100647
150007241,0.92,0.91598,2,2100647
150008701,0.91,0.911196,2,2100693
150010161,0.92,0.918239,2,2100693
150011621,0.89,0.895648,2,2100724
150013081,0.9,0.89913,2,2100724
150014541,0.91,0.907826,2,2100825
150016001,0.92,0.917565,2,2100825
150017461,0.91,0.911513,2,2100859
150018921,0.92,0.918303,2,2100859
150020381,0.93,0.927661,2,2100915
150021841,0.94,0.937532,2,2100915
150023301,0.95,0.947506,2,2100943
150147401,0.87,0.87,2,2102571
150148861,0.88,0.878,2,2102571
150150321,0.77,0.7916,2,2102601
150151781,0.78,0.78232,2,2102601
150153241,0.79,0.788464,2,2102634
150154701,0.8,0.797693,2,2102634
150156161,0.8,0.799539,2,2102634
150157621,0.45,0.519908,1,2102716
150159081,0.46,0.471982,1,2102716
150160541,0.33,0.358396,1,2102751
150162001,0.34,0.343679,1,2102751
150163461,0.13,0.172736,1,2102812
150164921,0.14,0.146547,1,2102812
150166381,0.05,0.0693094,1,2102845
150167841,0.06,0.0618619,1,2102845
150169301,0.13,0.116372,1,2102875
150170761,0.14,0.135274,1,2102875
150172221,0.07,0.0830549,1,2102913
150173681,0.08,0.080611,1,2102913
150175141,0.03,0.0401222,1,2102948
150176601,0.04,0.0400244,1,2102948
150178061,0.03,0.0320049,1,2102982
150179521,0.04,0.038401,1,2102982
150180981,0.05,0.0476802,1,2103008
150182441,0.06,0.057536,1,2103008
150183901,0.01,0.0195072,1,2103036
150185361,0.02,0.0199014,1,2103036
150186821,0.05,0.0439803,1,2103062
150188281,0.06,0.0567961,1,2103062
150189741,0.09,0.0833592,1,2103094
150191201,0.1,0.0966718,1,2103094
150192661,0.09,0.0913344,1,2103096
150194121,0.1,0.0982669,1,2103096
150195581,0.13,0.123653,1,2103160
150197041,0.14,0.136731,1,2103160
150198501,0.07,0.0833461,1,2103189
150199961,0.08,0.0806692,1,2103189
150201421,0.13,0.120134,1,2103240
150202881,0.14,0.136027,1,2103240
150204341,0.17,0.163205,1,2103269
150205801,0.18,0.176641,1,2103269
150207261,0.05,0.0753282,1,2103303
150208721,0.06,0.0630656,1,2103303
150210181,0.05,0.0526131,1,2103338
150211641,0.06,0.0585226,1,2103338
150213101,0.03,0.0357045,1,2103371
150214561,0.04,0.0391409,1,2103371
150216021,0.01,0.0158282,1,2103405
150217481,0.02,0.0191656,1,2103405
150218941,0.01,0.0118331,1,2103432
150220401,0.02,0.0183666,1,2103432
150221861,0.07,0.0596733,1,2103458
150223321,0.08,0.0759347,1,2103458
150224781,0.01,0.0231869,1,2103486
150226241,0.02,0.0206374,1,2103486
150227701,0.05,0.0441275,1,2103520
150229161,0.06,0.0568255,1,2103520
150230621,0.05,0.0513651,1,2103522
150232081,0.06,0.058273,1,2103522
150233541,0.09,0.0836546,1,2103588
150235001,0.1,0.0967309,1,2103588
150236461,0.1,0.0993462,1,2103588
150237921,0.11,0.107869,1,2103614
150239381,0.12,0.117574,1,2103614
150240841,0.11,0.111515,1,2103668
150242301,0.12,0.118303,1,2103668
150243761,0.13,0.127661,1,2103699
150245221,0.14,0.137532,1,2103699
150246681,0.13,0.131506,1,2103727
150248141,0.14,0.138301,1,2103727
150249601,0.09,0.0996603,1,2103762
150251061,0.1,0.0999321,1,2103762
150252521,0.09,0.0919864,1,2103794
150253981,0.1,0.0983973,1,2103794
150255441,0.09,0.0916795,1,2103827
150256901,0.1,0.0983359,1,2103827
150258361,0.03,0.0436672,1,2103854
150259821,0.04,0.0407334,1,2103854
150261281,0.07,0.0641467,1,2103883
150262741,0.08,0.0768293,1,2103883
150264201,0.09,0.0873659,1,2103908
150265661,0.1,0.0974732,1,2103908
150267121,0.05,0.0594946,1,2103944
150268581,0.06,0.0598989,1,2103944
150270041,0.05,0.0519798,1,2103946
150271501,0.06,0.058396,1,2103946
150272961,0.09,0.0836792,1,2104014
150274421,0.1,0.0967358,1,2104014
150275881,0.09,0.0913472,1,2104040
150277341,0.1,0.0982694,1,2104040
150278801,0.09,0.0916539,1,2104094
150280261,0.1,0.0983308,1,2104094
150281721,0.13,0.123666,1,2104126
150283181,0.14,0.136733,1,2104126
150284641,0.15,0.147347,1,2104154
150286101,0.16,0.157469,1,2104154
150287561,0.13,0.135494,1,2104187
150289021,0.14,0.139099,1,2104187
150290481,0.09,0.0998198,1,2104219
150291941,0.1,0.0999639,1,2104219
150293401,0.11,0.107993,1,2104252
150294861,0.12,0.117599,1,2104252
150296321,0.11,0.11152,1,2104276
150297781,0.12,0.118304,1,2104276
150299241,0.11,0.111661,1,2104307
150300701,0.12,0.118332,1,2104307
150302161,0.15,0.143666,1,2104333
150303621,0.16,0.156733,1,2104333
150305081,0.15,0.151347,1,2104367
150306541,0.16,0.158269,1,2104367
150308001,0.15,0.151654,1,2104369
150309461,0.16,0.158331,1,2104369
150310921,0.23,0.215666,1,2104439
150312381,0.24,0.235133,1,2104439
150313841,0.25,0.247027,1,2104465
150315301,0.26,0.257405,1,2104465
150316761,0.26,0.259481,1,2104465
150318221,0.27,0.267896,1,2104519
150319681,0.28,0.277579,1,2104519
150321141,0.29,0.287516,1,2104553
150322601,0.3,0.297503,1,2104553
150324061,0.27,0.275501,1,2104582
150325521,0.28,0.2791,1,2104582
150326981,0.27,0.27182,1,2104614
150328441,0.28,0.278364,1,2104614
150329901,0.27,0.271673,1,2104644
150331361,0.28,0.278335,1,2104644
150332821,0.29,0.287667,1,2104678
150334281,0.3,0.297533,1,2104678
150335741,0.29,0.291507,1,2104702
150337201,0.3,0.298301,1,2104702
150338661,0.27,0.27566,1,2104733
150340121,0.28,0.279132,1,2104733
150341581,0.29,0.287826,1,2104761
150343041,0.3,0.297565,1,2104761
150344501,0.39,0.371513,1,2104795
150345961,0.4,0.394303,1,2104795
150347421,0.39,0.390861,1,2104797
150348881,0.4,0.398172,1,2104797
150350341,0.35,0.359634,1,2104871
150351801,0.36,0.359927,1,2104871
150353261,0.39,0.383985,1,2104898
150354721,0.4,0.396797,1,2104898
150356181,0.39,0.391359,1,2104900
150357641,0.4,0.398272,1,2104900
150359101,0.41,0.407654,1,2104954
150360561,0.42,0.417531,1,2104954
150362021,0.43,0.427506,1,2104989
150363481,0.44,0.437501,1,2104989
150364941,0.43,0.4315,1,2105017
150366401,0.44,0.4383,1,2105017
150367861,0.45,0.44766,1,2105049
150369321,0.46,0.457532,1,2105049
150370781,0.49,0.483506,1,2105079
150372241,0.5,0.496701,1,2105079
150373701,0.51,0.50734,1,2105114
150375161,0.52,0.517468,1,2105114
150376621,0.51,0.511494,1,2105138
150378081,0.52,0.518299,1,2105138
150379541,0.51,0.51166,1,2105168
150381001,0.52,0.518332,1,2105168
150382461,0.51,0.511666,1,2105197
150383921,0.52,0.518333,1,2105197
150385381,0.53,0.527667,1,2105236
150386841,0.54,0.537533,1,2105236
150388301,0.53,0.531507,1,2105238
150389761,0.54,0.538301,1,2105238
150391221,0.53,0.53166,1,2105310
150392681,0.54,0.538332,1,2105310
150394141,0.57,0.563666,1,2105339
150395601,0.58,0.576733,1,2105339
150397061,0.57,0.571347,1,2105341
150398521,0.58,0.578269,1,2105341
150399981,0.59,0.587654,1,2105396
150401441,0.6,0.597531,1,2105396
150402901,0.6,0.599506,1,2105396
150404361,0.61,0.607901,1,2105432
150405821,0.62,0.61758,1,2105432
150407281,0.65,0.643516,1,2105460
150408741,0.66,0.656703,1,2105460
150410201,0.69,0.683341,1,2105493
150411661,0.7,0.696668,1,2105493
150413121,0.69,0.691334,1,2105525
150414581,0.7,0.698267,1,2105525
150416041,0.69,0.691653,1,2105561
150417501,0.7,0.698331,1,2105561
150418961,0.69,0.691666,1,2105585
150420421,0.7,0.698333,1,2105585
150421881,0.71,0.707667,1,2105615
150423341,0.72,0.717533,1,2105615
150424801,0.73,0.727507,1,2105644
150426261,0.74,0.737501,1,2105644
150427721,0.77,0.7635,2,2105684
150429181,0.78,0.7767,2,2105684
150430641,0.77,0.77134,2,2105686
150432101,0.78,0.778268,2,2105686
150433561,0.83,0.819654,2,2105758
150435021,0.84,0.835931,2,2105758
150436481,0.83,0.831186,2,2105789
150437941,0.84,0.838237,2,2105789
150439401,0.83,0.831647,2,2105791
150440861,0.84,0.83833,2,2105791
150442321,0.87,0.863666,2,2105847
150443781,0.88,0.876733,2,2105847
150445241,0.87,0.871347,2,2105883
150446701,0.88,0.878269,2,2105883
150448161,0.91,0.903654,2,2105913
150449621,0.92,0.916731,2,2105913
150451081,0.89,0.895346,2,2105948
150452541,0.9,0.899069,2,2105948
150454001,0.91,0.907814,2,2105980
150455461,0.92,0.917563,2,2105980
150456921,0.93,0.927513,2,2106016
150458381,0.94,0.937503,2,2106016
150459841,0.93,0.931501,2,2106040
150461301,0.94,0.9383,2,2106040
150462761,0.91,0.91566,2,2106071
150464221,0.92,0.919132,2,2106071
150465681,0.93,0.927826,2,2106101
150467141,0.94,0.937565,2,2106101
150468601,0.89,0.899513,2,2106143
150470061,0.9,0.899903,2,2106143
150471521,0.89,0.891981,2,2106145
150472981,0.9,0.898396,2,2106145
150474441,0.95,0.939679,2,2106220
150477361,0.95,0.95,2,2106251
150480281,0.95,0.95,2,2106253
150673001,0.95,0.95,2,2108405
150680301,0.92,0.92,2,2108473
150681761,0.93,0.928,2,2108473
150683221,0.89,0.8976,2,2108487
150684681,0.9,0.89952,2,2108487
150686141,0.89,0.891904,2,2108510
150687601,0.9,0.898381,2,2108510
150689061,0.89,0.891676,2,2108527
150690521,0.9,0.898335,2,2108527
150691981,0.81,0.827667,2,2108563
150693441,0.82,0.821533,2,2108563
150694901,0.79,0.796307,2,2108591
150696361,0.8,0.799261,2,2108591
150697821,0.61,0.647852,1,2108632
150699281,0.62,0.62557,1,2108632
150700741,0.53,0.549114,1,2108663
150702201,0.54,0.541823,1,2108663
150703661,0.55,0.548365,1,2108696
150705121,0.56,0.557673,1,2108696
150706581,0.53,0.535535,1,2108737
150708041,0.54,0.539107,1,2108737
150709501,0.53,0.531821,1,2108769
150710961,0.54,0.538364,1,2108769
150712421,0.59,0.579673,1,2108802
150713881,0.6,0.595935,1,2108802
150715341,0.55,0.559187,1,2108844
150716801,0.56,0.559837,1,2108844
150718261,0.55,0.551967,1,2108874
150719721,0.56,0.558393,1,2108874
150721181,0.55,0.551679,1,2108876
150722641,0.56,0.558336,1,2108876
150724101,0.49,0.503667,1,2108914
150725561,0.5,0.500733,1,2108914
150727021,0.49,0.492147,1,2108942
150728481,0.5,0.498429,1,2108942
150729941,0.47,0.475686,1,2108953
150731401,0.48,0.479137,1,2108953
150732861,0.49,0.487827,1,2108976
150734321,0.5,0.497565,1,2108976
150735781,0.47,0.475513,1,2108993
150737241,0.48,0.479103,1,2108993
150738701,0.51,0.503821,1,2109025
150740161,0.52,0.516764,1,2109025
150741621,0.51,0.511353,1,2109052
150743081,0.52,0.518271,1,2109052
150744541,0.51,0.511654,1,2109084
150746001,0.52,0.518331,1,2109084
150747461,0.55,0.543666,1,2109111
150748921,0.56,0.556733,1,2109111
150750381,0.59,0.583347,1,2109145
150751841,0.6,0.596669,1,2109145
150753301,0.55,0.559334,1,2109185
150754761,0.56,0.559867,1,2109185
150756221,0.59,0.583973,1,2109217
150757681,0.6,0.596795,1,2109217
150759141,0.55,0.559359,1,2109253
150760601,0.56,0.559872,1,2109253
150762061,0.65,0.631974,1,2109293
150763521,0.66,0.654395,1,2109293
150764981,0.67,0.666879,1,2109323
150766441,0.68,0.677376,1,2109323
150767901,0.67,0.671475,1,2109325
150769361,0.68,0.678295,1,2109325
150770821,0.69,0.687659,1,2109360
150772281,0.7,0.697532,1,2109360
150773741,0.7,0.699506,1,2109360
150775201,0.73,0.723901,1,2109388
150776661,0.74,0.73678,1,2109388
150778121,0.73,0.731356,1,2109398
150779581,0.74,0.738271,1,2109398
150781041,0.75,0.747654,1,2109422
150782501,0.76,0.757531,2,2109422
150783961,0.75,0.751506,2,2109438
150785421,0.76,0.758301,2,2109438
150786881,0.77,0.76766,2,2109472
150788341,0.78,0.777532,2,2109472
150789801,0.79,0.787506,2,2109499
150791261,0.8,0.797501,2,2109499
150792721,0.79,0.7915,2,2109531
150794181,0.8,0.7983,2,2109531
150795641,0.77,0.77566,2,2109560
150797101,0.78,0.779132,2,2109560
150798561,0.77,0.771826,2,2109596
150800021,0.78,0.778365,2,2109596
150801481,0.79,0.787673,2,2109634
150802941,0.8,0.797535,2,2109634
150804401,0.83,0.823507,2,2109668
150805861,0.84,0.836701,2,2109668
150807321,0.83,0.83134,2,2109702
150808781,0.84,0.838268,2,2109702
150810241,0.83,0.831654,2,2109747
150811701,0.84,0.838331,2,2109747
150813161,0.87,0.863666,2,2109778
150814621,0.88,0.876733,2,2109778
150816081,0.87,0.871347,2,2109780
150817541,0.88,0.878269,2,2109780
150819001,0.95,0.935654,2,2109816
151042381,0.81,0.81,2,2112338
151043841,0.83,0.826,2,2112358
151045301,0.85,0.8452,2,2112374
151046761,0.77,0.78504,2,2112388
151048221,0.71,0.725008,1,2112402
151049681,0.83,0.809002,2,2112420
151051141,0.83,0.8258,2,2112437
151052601,0.87,0.86116,2,2112453
151054061,0.75,0.772232,2,2112497
151055521,0.71,0.722446,1,2112529
151056981,0.57,0.600489,1,2112557
151058441,0.41,0.448098,1,2112637
151059901,0.42,0.42562,1,2112637
151061361,0.15,0.205124,1,2112718
151062821,0.16,0.169025,1,2112718
151064281,0.07,0.089805,1,2112799
151065741,0.08,0.081961,1,2112799
151067201,0.01,0.0243922,1,2112837
151068661,0.02,0.0208784,1,2112837
151070121,0.03,0.0281757,1,2112858
151071581,0.04,0.0376351,1,2112858
151073041,0.01,0.015527,1,2112899
151074501,0.02,0.0191054,1,2112899
151075961,0.03,0.0278211,1,2112955
151077421,0.04,0.0375642,1,2112955
151078881,0.03,0.0315128,1,2113006
151080341,0.04,0.0383026,1,2113006
151081801,0.04,0.0396605,1,2113006
151083261,0.05,0.0479321,1,2113079
151084721,0.06,0.0575864,1,2113079
151086181,0.01,0.0195173,1,2113147
151087641,0.02,0.0199035,1,2113147
151089101,0.01,0.0119807,1,2113224
151090561,0.02,0.0183961,1,2113224
151092021,0.03,0.0276792,1,2113259
151093481,0.04,0.0375358,1,2113259
151094941,0.01,0.0155072,1,2113281
151096401,0.02,0.0191014,1,2113281
151097861,0.01,0.0118203,1,2113321
151099321,0.02,0.0183641,1,2113321
151100781,0.05,0.0436728,1,2113378
151102241,0.06,0.0567346,1,2113378
151103701,0.05,0.0513469,1,2113429
151105161,0.06,0.0582694,1,2113429
151106621,0.03,0.0356539,1,2113502
151108081,0.04,0.0391308,1,2113502
151109541,0.05,0.0478262,1,2113568
151111001,0.06,0.0575652,1,2113568
151112461,0.07,0.067513,1,2113645
151113921,0.08,0.0775026,1,2113645
151115381,0.07,0.0715005,1,2113681
151116841,0.08,0.0783001,1,2113681
151118301,0.01,0.02366,1,2113702
151119761,0.02,0.020732,1,2113702
151121221,0.03,0.0281464,1,2113742
151122681,0.04,0.0376293,1,2113742
151124141,0.11,0.0955259,1,2113801
151125601,0.12,0.115105,1,2113801
151127061,0.17,0.159021,1,2113852
151128521,0.18,0.175804,1,2113852
151129981,0.21,0.203161,1,2113924
151131441,0.22,0.216632,1,2113924
151132901,0.22,0.219326,1,2113924
151134361,0.23,0.227865,1,2113991
151135821,0.24,0.237573,1,2113991
151137281,0.25,0.247515,1,2114069
151138741,0.26,0.257503,1,2114069
151140201,0.21,0.219501,1,2114105
151141661,0.22,0.2199,1,2114105
151143121,0.17,0.17998,1,2114123
151144581,0.18,0.179996,1,2114123
151146041,0.05,0.0759992,1,2114164
151147501,0.06,0.0631998,1,2114164
151148961,0.09,0.08464,1,2114227
151150421,0.1,0.096928,1,2114227
151151881,0.15,0.139386,1,2114281
151153341,0.16,0.155877,1,2114281
151154801,0.19,0.183175,1,2114355
151156261,0.2,0.196635,1,2114355
151157721,0.19,0.191327,1,2114357
151159181,0.2,0.198265,1,2114357
151160641,0.23,0.223653,1,2114424
151162101,0.24,0.236731,1,2114424
151163561,0.27,0.263346,1,2114503
151165021,0.28,0.276669,1,2114503
151166481,0.27,0.271334,1,2114537
151167941,0.28,0.278267,1,2114537
151169401,0.27,0.271653,1,2114553
151170861,0.28,0.278331,1,2114553
151172321,0.31,0.303666,1,2114588
151173781,0.32,0.316733,1,2114588
151175241,0.27,0.279347,1,2114653
151176701,0.28,0.279869,1,2114653
151178161,0.25,0.255974,1,2114710
151179621,0.26,0.259195,1,2114710
151181081,0.29,0.283839,1,2114786
151182541,0.3,0.296768,1,2114786
151184001,0.29,0.291354,1,2114788
151185461,0.3,0.298271,1,2114788
151186921,0.35,0.339654,1,2114857
151188381,0.36,0.355931,1,2114857
151189841,0.36,0.359186,1,2114857
151191301,0.35,0.351837,1,2114938
151192761,0.36,0.358367,1,2114938
151194221,0.35,0.351673,1,2114972
151195681,0.36,0.358335,1,2114972
151197141,0.39,0.383667,1,2114988
151198601,0.4,0.396733,1,2114988
151200061,0.41,0.407347,1,2115025
151201521,0.42,0.417469,1,2115025
151202981,0.47,0.459494,1,2115088
151204441,0.48,0.475899,1,2115088
151205901,0.53,0.51918,1,2115144
151207361,0.54,0.535836,1,2115144
151208821,0.61,0.595167,1,2115222
151210281,0.62,0.615033,1,2115222
151211741,0.61,0.611007,1,2115224
151213201,0.62,0.618201,1,2115224
151214661,0.61,0.61164,1,2115296
151216121,0.62,0.618328,1,2115296
151217581,0.65,0.643666,1,2115376
151219041,0.66,0.656733,1,2115376
151220501,0.65,0.651347,1,2115410
151221961,0.66,0.658269,1,2115410
151223421,0.73,0.715654,1,2115428
151224881,0.74,0.735131,1,2115428
151226341,0.73,0.731026,1,2115466
151227801,0.74,0.738205,1,2115466
151229261,0.71,0.715641,1,2115532
151230721,0.72,0.719128,1,2115532
151232181,0.79,0.775826,2,2115591
151233641,0.8,0.795165,2,2115591
151235101,0.89,0.871033,2,2115673
151236561,0.9,0.894207,2,2115673
151238021,0.89,0.890841,2,2115675
151239481,0.9,0.898168,2,2115675
151240941,0.93,0.923634,2,2115747
151242401,0.94,0.936727,2,2115747
151243861,0.91,0.915345,2,2115829
151245321,0.92,0.919069,2,2115829
151246781,0.91,0.911814,2,2115863
151248241,0.92,0.918363,2,2115863
151249701,0.92,0.919673,2,2115863
151257001,0.95,0.95,2,2115988
151259921,0.91,0.91,2,2116051
151261381,0.92,0.918,2,2116051
151363581,0.83,0.83,2,2117762
151365041,0.84,0.838,2,2117762
151366501,0.87,0.8636,2,2117808
151367961,0.88,0.87672,2,2117808
151369421,0.71,0.743344,1,2117843
151370881,0.72,0.724669,1,2117843
151372341,0.61,0.632934,1,2117879
151373801,0.62,0.622587,1,2117879
151375261,0.62,0.620517,1,2117879
151376721,0.49,0.516103,1,2117908
151378181,0.5,0.503221,1,2117908
151379641,0.43,0.444644,1,2117943
151381101,0.44,0.440929,1,2117943
151382561,0.07,0.144186,1,2118044
151384021,0.08,0.0928372,1,2118044
151385481,0.03,0.0425674,1,2118078
151386941,0.04,0.0405135,1,2118078
151388401,0.03,0.0321027,1,2118137
151389861,0.04,0.0384205,1,2118137
151391321,0.03,0.0316841,1,2118189
151392781,0.04,0.0383368,1,2118189
151394241,0.05,0.0476674,1,2118233
151395701,0.06,0.0575335,1,2118233
151397161,0.05,0.0515067,1,2118272
151398621,0.06,0.0583013,1,2118272
151400081,0.11,0.0996603,1,2118299
151401541,0.12,0.115932,1,2118299
151403001,0.09,0.0951864,1,2118330
151404461,0.1,0.0990373,1,2118330
151405921,0.09,0.0918075,1,2118332
151407381,0.1,0.0983615,1,2118332
151408841,0.13,0.123672,1,2118354
151410301,0.14,0.136734,1,2118354
151411761,0.09,0.0993469,1,2118386
151413221,0.1,0.0998694,1,2118386
151414681,0.05,0.0599739,1,2118469
151416141,0.06,0.0599948,1,2118469
151417601,0,0.011999,1,2118501
151419061,0,0.00239979,1,2118501
151420521,0.01,0.00847996,1,2118560
151421981,0.02,0.017696,1,2118560
151423441,0.01,0.0115392,1,2118612
151424901,0.02,0.0183078,1,2118612
151426361,0.05,0.0436616,1,2118657
151427821,0.06,0.0567323,1,2118657
151429281,0.05,0.0513465,1,2118696
151430741,0.06,0.0582693,1,2118696
151432201,0.07,0.0676539,1,2118726
151433661,0.08,0.0775308,1,2118726
151435121,0.11,0.103506,1,2118756
151436581,0.12,0.116701,1,2118756
151438041,0.11,0.11134,1,2118758
151439501,0.12,0.118268,1,2118758
151440961,0.15,0.143654,1,2118782
151442421,0.16,0.156731,1,2118782
151443881,0.16,0.159346,1,2118782
151445341,0.17,0.167869,1,2118812
151446801,0.18,0.177574,1,2118812
151448261,0.19,0.187515,1,2118893
151449721,0.2,0.197503,1,2118893
151451181,0.15,0.159501,1,2118923
151452641,0.16,0.1599,1,2118923
151454101,0.15,0.15198,1,2118982
151455561,0.16,0.158396,1,2118982
151457021,0.13,0.135679,1,2119034
151458481,0.14,0.139136,1,2119034
151459941,0.13,0.131827,1,2119081
151461401,0.14,0.138365,1,2119081
151462861,0.17,0.163673,1,2119120
151464321,0.18,0.176735,1,2119120
151465781,0.19,0.187347,1,2119151
151467241,0.2,0.197469,1,2119151
151468701,0.19,0.191494,1,2119183
151470161,0.2,0.198299,1,2119183
151471621,0.19,0.19166,1,2119185
151473081,0.2,0.198332,1,2119185
151474541,0.21,0.207666,1,2119211
151476001,0.22,0.217533,1,2119211
151477461,0.23,0.227507,1,2119241
151478921,0.24,0.237501,1,2119241
151480381,0.23,0.2315,1,2119323
151481841,0.24,0.2383,1,2119323
151483301,0.23,0.23166,1,2119351
151484761,0.24,0.238332,1,2119351
151486221,0.25,0.247666,1,2119410
151487681,0.26,0.257533,1,2119410
151489141,0.29,0.283507,1,2119461
151490601,0.3,0.296701,1,2119461
151492061,0.29,0.29134,1,2119508
151493521,0.3,0.298268,1,2119508
151494981,0.31,0.307654,1,2119549
151496441,0.32,0.317531,1,2119549
151497901,0.35,0.343506,1,2119581
151499361,0.36,0.356701,1,2119581
151500821,0.35,0.35134,1,2119613
151502281,0.36,0.358268,1,2119613
151503741,0.35,0.351654,1,2119615
151505201,0.36,0.358331,1,2119615
151506661,0.37,0.367666,1,2119642
151508121,0.38,0.377533,1,2119642
151509581,0.35,0.355507,1,2119673
151511041,0.36,0.359101,1,2119673
151512501,0.36,0.35982,1,2119673
151513961,0.37,0.367964,1,2119755
151515421,0.38,0.377593,1,2119755
151516881,0.37,0.371519,1,2119783
151518341,0.38,0.378304,1,2119783
151519801,0.33,0.339661,1,2119843
151521261,0.34,0.339932,1,2119843
151522721,0.37,0.363986,1,2119896
151524181,0.38,0.376797,1,2119896
151525641,0.41,0.403359,1,2119943
151527101,0.42,0.416672,1,2119943
151528561,0.41,0.411334,1,2119985
151530021,0.42,0.418267,1,2119985
151531481,0.43,0.427653,1,2120019
151532941,0.44,0.437531,1,2120019
151534401,0.43,0.431506,1,2120051
151535861,0.44,0.438301,1,2120051
151537321,0.43,0.43166,1,2120053
151538781,0.44,0.438332,1,2120053
151540241,0.45,0.447666,1,2120081
151541701,0.46,0.457533,1,2120081
151543161,0.47,0.467507,1,2120111
151544621,0.48,0.477501,1,2120111
151546081,0.47,0.4715,1,2120113
151547541,0.48,0.4783,1,2120113
151549001,0.53,0.51966,1,2120195
151550461,0.54,0.535932,1,2120195
151551921,0.53,0.531186,1,2120223
151553381,0.54,0.538237,1,2120223
151554841,0.55,0.547647,1,2120281
151556301,0.56,0.557529,1,2120281
151557761,0.59,0.583506,1,2120336
151559221,0.6,0.596701,1,2120336
151560681,0.57,0.57534,1,2120385
151562141,0.58,0.579068,1,2120385
151563601,0.63,0.619814,1,2120427
151565061,0.64,0.635963,1,2120427
151566521,0.61,0.615193,1,2120462
151567981,0.62,0.619039,1,2120462
151569441,0.65,0.643808,1,2120494
151570901,0.66,0.656762,1,2120494
151572361,0.65,0.651352,1,2120496
151573821,0.66,0.65827,1,2120496
151575281,0.67,0.667654,1,2120525
151576741,0.68,0.677531,1,2120525
151578201,0.71,0.703506,1,2120556
151579661,0.72,0.716701,1,2120556
151581121,0.71,0.71134,1,2120558
151582581,0.72,0.718268,1,2120558
151584041,0.75,0.743654,1,2120643
151585501,0.76,0.756731,2,2120643
151586961,0.76,0.759346,2,2120643
151588421,0.77,0.767869,2,2120671
151589881,0.78,0.777574,2,2120671
151591341,0.79,0.787515,2,2120730
151592801,0.8,0.797503,2,2120730
151594261,0.81,0.807501,2,2120787
151595721,0.82,0.8175,2,2120787
151597181,0.85,0.8435,2,2120835
151598641,0.86,0.8567,2,2120835
151600101,0.85,0.85134,2,2120880
151601561,0.86,0.858268,2,2120880
151603021,0.85,0.851654,2,2120914
151604481,0.86,0.858331,2,2120914
151605941,0.91,0.899666,2,2120948
151607401,0.92,0.915933,2,2120948
151608861,0.91,0.911187,2,2120950
151610321,0.92,0.918237,2,2120950
151611781,0.93,0.927647,2,2120980
151613241,0.94,0.93753,2,2120980
151614701,0.95,0.947506,2,2121013
151617621,0.95,0.95,2,2121015
151754861,0.94,0.94,2,2122849
151756321,0.95,0.948,2,2122849
151757781,0.85,0.8696,2,2122882
151759241,0.86,0.86192,2,2122882
151760701,0.92,0.908384,2,2122910
151762161,0.93,0.925677,2,2122910
151763621,0.83,0.849135,2,2122946
151765081,0.84,0.841827,2,2122946
151766541,0.73,0.752365,2,2122973
151768001,0.74,0.742473,1,2122973
151769461,0.57,0.604495,1,2123022
151770921,0.58,0.584899,1,2123022
151772381,0.53,0.54098,1,2123059
151773841,0.54,0.540196,1,2123059
151775301,0.55,0.548039,1,2123094
151776761,0.56,0.557608,1,2123094
151778221,0.55,0.551522,1,2123127
151779681,0.56,0.558304,1,2123127
151781141,0.51,0.519661,1,2123164
151782601,0.52,0.519932,1,2123164
151784061,0.45,0.463986,1,2123196
151785521,0.46,0.460797,1,2123196
151786981,0.31,0.340159,1,2123252
151788441,0.32,0.324032,1,2123252
151789901,0.29,0.296806,1,2123287
151791361,0.3,0.299361,1,2123287
151792821,0.37,0.355872,1,2123322
151794281,0.38,0.375174,1,2123322
151795741,0.37,0.371035,1,2123349
151797201,0.38,0.378207,1,2123349
151798661,0.39,0.387641,1,2123378
151800121,0.4,0.397528,1,2123378
151801581,0.37,0.375506,1,2123408
151803041,0.38,0.379101,1,2123408
151804501,0.39,0.38782,1,2123430
151805961,0.4,0.397564,1,2123430
151807421,0.47,0.455513,1,2123471
151808881,0.48,0.475103,1,2123471
151810341,0.45,0.455021,1,2123506
151811801,0.46,0.459004,1,2123506
151813261,0.45,0.451801,1,2123542
151814721,0.46,0.45836,1,2123542
151816181,0.45,0.451672,1,2123575
151817641,0.46,0.458334,1,2123575
151819101,0.39,0.403667,1,2123610
151820561,0.4,0.400733,1,2123610
151822021,0.43,0.424147,1,2123639
151823481,0.44,0.436829,1,2123639
151824941,0.44,0.439366,1,2123639
151826401,0.41,0.415873,1,2123688
151827861,0.42,0.419175,1,2123688
151829321,0.41,0.411835,1,2123722
151830781,0.42,0.418367,1,2123722
151832241,0.41,0.411673,1,2123761
151833701,0.42,0.418335,1,2123761
151835161,0.47,0.459667,1,2123788
151836621,0.48,0.475933,1,2123788
151838081,0.43,0.439187,1,2123818
151839541,0.44,0.439837,1,2123818
151841001,0.43,0.431967,1,2123847
151842461,0.44,0.438393,1,2123847
151843921,0.45,0.447679,1,2123870
151845381,0.46,0.457536,1,2123870
151846841,0.45,0.451507,1,2123915
151848301,0.46,0.458301,1,2123915
151849761,0.47,0.46766,1,2123949
151851221,0.48,0.477532,1,2123949
151852681,0.47,0.471506,1,2123985
151854141,0.48,0.478301,1,2123985
151855601,0.45,0.45566,1,2124018
151857061,0.46,0.459132,1,2124018
151858521,0.53,0.515826,1,2124050
151859981,0.54,0.535165,1,2124050
151861441,0.53,0.531033,1,2124081
151862901,0.54,0.538207,1,2124081
151864361,0.53,0.531641,1,2124083
151865821,0.54,0.538328,1,2124083
151867281,0.57,0.563666,1,2124130
151868741,0.58,0.576733,1,2124130
151870201,0.59,0.587347,1,2124164
151871661,0.6,0.597469,1,2124164
151873121,0.61,0.607494,1,2124203
151874581,0.62,0.617499,1,2124203
151876041,0.65,0.6435,1,2124233
151877501,0.66,0.6567,1,2124233
151878961,0.65,0.65134,1,2124261
151880421,0.66,0.658268,1,2124261
151881881,0.63,0.635654,1,2124290
151883341,0.64,0.639131,1,2124290
151884801,0.63,0.631826,1,2124314
151886261,0.64,0.638365,1,2124314
151887721,0.69,0.679673,1,2124359
151889181,0.7,0.695935,1,2124359
151890641,0.69,0.691187,1,2124394
151892101,0.7,0.698237,1,2124394
151893561,0.71,0.707647,1,2124430
151895021,0.72,0.71753,1,2124430
151896481,0.71,0.711506,1,2124462
151897941,0.72,0.718301,1,2124462
151899401,0.75,0.74366,1,2124498
151900861,0.76,0.756732,2,2124498
151902321,0.77,0.767346,2,2124529
151903781,0.78,0.777469,2,2124529
151905241,0.77,0.771494,2,2124531
151906701,0.78,0.778299,2,2124531
151908161,0.83,0.81966,2,2124580
151909621,0.84,0.835932,2,2124580
151911081,0.84,0.839186,2,2124580
151912541,0.87,0.863837,2,2124615
151914001,0.88,0.876767,2,2124615
151915461,0.87,0.871353,2,2124655
151916921,0.88,0.878271,2,2124655
151918381,0.89,0.887654,2,2124687
151919841,0.9,0.897531,2,2124687
151921301,0.89,0.891506,2,2124715
151922761,0.9,0.898301,2,2124715
151924221,0.89,0.89166,2,2124743
151925681,0.9,0.898332,2,2124743
151927141,0.91,0.907666,2,2124767
151928601,0.92,0.917533,2,2124767
151932981,0.95,0.95,2,2124850
152108181,0.95,0.95,2,2126805
152137381,0.81,0.81,2,2127125
152138841,0.82,0.818,2,2127125
152143221,0.89,0.89,2,2127179
152144681,0.9,0.898,2,2127179
152146141,0.67,0.7156,1,2127209
152147601,0.68,0.68712,1,2127209
152149061,0.65,0.657424,1,2127238
152150521,0.66,0.659485,1,2127238
152151981,0.61,0.619897,1,2127282
152153441,0.62,0.619979,1,2127282
152154901,0.55,0.563996,1,2127319
152156361,0.56,0.560799,1,2127319
152157821,0.35,0.39216,1,2127350
152159281,0.36,0.366432,1,2127350
152160741,0.31,0.321286,1,2127387
152162201,0.32,0.320257,1,2127387
152163661,0.29,0.296051,1,2127425
152165121,0.3,0.29921,1,2127425
152166581,0.23,0.243842,1,2127453
152168041,0.24,0.240768,1,2127453
152169501,0.21,0.216154,1,2127485
152170961,0.22,0.219231,1,2127485
152172421,0.23,0.227846,1,2127515
152173881,0.24,0.237569,1,2127515
152175341,0.17,0.183514,1,2127546
152176801,0.18,0.180703,1,2127546
152178261,0.15,0.156141,1,2127571
152179721,0.16,0.159228,1,2127571
152181181,0.13,0.135846,1,2127587
152182641,0.14,0.139169,1,2127587
152184101,0.14,0.139834,1,2127587
152185561,0.13,0.131967,1,2127618
152187021,0.14,0.138393,1,2127618
152188481,0.21,0.195679,1,2127644
152189941,0.22,0.215136,1,2127644
152191401,0.13,0.147027,1,2127663
152192861,0.14,0.141405,1,2127663
152194321,0.17,0.164281,1,2127691
152195781,0.18,0.176856,1,2127691
152197241,0.17,0.171371,1,2127733
152198701,0.18,0.178274,1,2127733
152200161,0.09,0.107655,1,2127767
152201621,0.1,0.101531,1,2127767
152203081,0.17,0.156306,1,2127788
152204541,0.18,0.175261,1,2127788
152206001,0.13,0.139052,1,2127823
152207461,0.14,0.13981,1,2127823
152208921,0.21,0.195962,1,2127860
152210381,0.22,0.215192,1,2127860
152211841,0.23,0.227038,1,2127885
152213301,0.24,0.237408,1,2127885
152214761,0.23,0.231482,1,2127916
152216221,0.24,0.238296,1,2127916
152217681,0.27,0.263659,1,2127947
152219141,0.28,0.276732,1,2127947
152220601,0.27,0.271346,1,2127975
152222061,0.28,0.278269,1,2127975
152223521,0.25,0.255654,1,2127999
152224981,0.26,0.259131,1,2127999
152226441,0.25,0.251826,1,2128014
152227901,0.26,0.258365,1,2128014
152229361,0.25,0.251673,1,2128016
152230821,0.26,0.258335,1,2128016
152232281,0.27,0.267667,1,2128046
152233741,0.28,0.277533,1,2128046
152235201,0.31,0.303507,1,2128076
152236661,0.32,0.316701,1,2128076
152238121,0.33,0.32734,1,2128091
152239581,0.34,0.337468,1,2128091
152241041,0.35,0.347494,1,2128121
152242501,0.36,0.357499,1,2128121
152243961,0.35,0.3515,1,2128163
152245421,0.36,0.3583,1,2128163
152246881,0.35,0.35166,1,2128193
152248341,0.36,0.358332,1,2128193
152249801,0.33,0.335666,1,2128218
152251261,0.34,0.339133,1,2128218
152252721,0.35,0.347827,1,2128251
152254181,0.36,0.357565,1,2128251
152255641,0.39,0.383513,1,2128292
152257101,0.4,0.396703,1,2128292
152258561,0.45,0.439341,1,2128318
152260021,0.46,0.455868,1,2128318
152261481,0.47,0.467174,1,2128349
152262941,0.48,0.477435,1,2128349
152264401,0.49,0.487487,1,2128382
152265861,0.5,0.497497,1,2128382
152267321,0.49,0.491499,1,2128410
152268781,0.5,0.4983,1,2128410
152270241,0.51,0.50766,1,2128433
152271701,0.52,0.517532,1,2128433
152273161,0.53,0.527506,1,2128448
152274621,0.54,0.537501,1,2128448
152276081,0.53,0.5315,1,2128450
152277541,0.54,0.5383,1,2128450
152279001,0.59,0.57966,1,2128481
152280461,0.6,0.595932,1,2128481
152281921,0.6,0.599186,1,2128481
152283381,0.61,0.607837,1,2128513
152284841,0.62,0.617567,1,2128513
152286301,0.65,0.643513,1,2128529
152287761,0.66,0.656703,1,2128529
152289221,0.67,0.667341,1,2128560
152290681,0.68,0.677468,1,2128560
152292141,0.67,0.671494,1,2128602
152293601,0.68,0.678299,1,2128602
152295061,0.67,0.67166,1,2128632
152296521,0.68,0.678332,1,2128632
152297981,0.67,0.671666,1,2128656
152299441,0.68,0.678333,1,2128656
152300901,0.69,0.687667,1,2128690
152302361,0.7,0.697533,1,2128690
152303821,0.73,0.723507,1,2128733
152305281,0.74,0.736701,1,2128733
152306741,0.75,0.74734,1,2128762
152308201,0.76,0.757468,2,2128762
152309661,0.81,0.799494,2,2128794
152311121,0.82,0.815899,2,2128794
152312581,0.81,0.81118,2,2128828
152314041,0.82,0.818236,2,2128828
152315501,0.81,0.811647,2,2128856
152316961,0.82,0.818329,2,2128856
152318421,0.81,0.811666,2,2128880
152319881,0.82,0.818333,2,2128880
152321341,0.81,0.811667,2,2128896
152322801,0.82,0.818333,2,2128896
152324261,0.81,0.811667,2,2128898
152325721,0.82,0.818333,2,2128898
152327181,0.89,0.875667,2,2128932
152328641,0.9,0.895133,2,2128932
152330101,0.93,0.923027,2,2128964
152331561,0.94,0.936605,2,2128964
152376821,0.93,0.93,2,2129431
152378281,0.94,0.938,2,2129431
152379741,0.89,0.8996,2,2129451
152381201,0.9,0.89992,2,2129451
152382661,0.9,0.899984,2,2129451
152384121,0.93,0.923997,2,2129483
152385581,0.94,0.936799,2,2129483
152543261,0.87,0.87,2,2131187
152544721,0.83,0.838,2,2131219
152546181,0.75,0.7676,2,2131247
152547641,0.67,0.68952,1,2131273
152549101,0.59,0.609904,1,2131324
152550561,0.45,0.481981,1,2131349
152552021,0.27,0.312396,1,2131389
152553481,0.23,0.246479,1,2131419
152554941,0.17,0.185296,1,2131447
152556401,0.23,0.221059,1,2131453
152557861,0.25,0.244212,1,2131455
152559321,0.25,0.248842,1,2131464
152560781,0.13,0.153768,1,2131483
152562241,0.17,0.166754,1,2131546
152563701,0.21,0.201351,1,2131578
152565161,0.19,0.19227,1,2131599
152566621,0.05,0.078454,1,2131681
152568081,0.06,0.0636908,1,2131681
152569541,0.05,0.0527382,1,2131727
152571001,0.06,0.0585476,1,2131727
152572461,0.05,0.0517095,1,2131792
152573921,0.06,0.0583419,1,2131792
152575381,0.03,0.0356684,1,2131851
152576841,0.04,0.0391337,1,2131851
152578301,0.03,0.0318267,1,2131885
152579761,0.04,0.0383653,1,2131885
152581221,0.03,0.0316731,1,2131897
152582681,0.04,0.0383346,1,2131897
152584141,0.11,0.0956669,1,2131975
152585601,0.12,0.115133,1,2131975
152587061,0.15,0.143027,1,2132029
152588521,0.16,0.156605,1,2132029
152589981,0.16,0.159321,1,2132029
152591441,0.17,0.167864,1,2132105
152592901,0.18,0.177573,1,2132105
152594361,0.09,0.107515,1,2132151
152595821,0.1,0.101503,1,2132151
152597281,0.21,0.188301,1,2132216
152598741,0.22,0.21366,1,2132216
152600201,0.21,0.210732,1,2132274
152601661,0.22,0.218146,1,2132274
152603121,0.21,0.211629,1,2132308
152604581,0.22,0.218326,1,2132308
152606041,0.21,0.211665,1,2132320
152607501,0.22,0.218333,1,2132320
152608961,0.31,0.291667,1,2132402
152610421,0.32,0.314333,1,2132402
152611881,0.37,0.358867,1,2132458
152613341,0.38,0.375773,1,2132458
152614801,0.41,0.403155,1,2132534
152616261,0.42,0.416631,1,2132534
152617721,0.41,0.411326,1,2132576
152619181,0.42,0.418265,1,2132576
152620641,0.45,0.443653,1,2132647
152622101,0.46,0.456731,1,2132647
152623561,0.47,0.467346,1,2132705
152625021,0.48,0.477469,1,2132705
152626481,0.51,0.503494,1,2132739
152627941,0.52,0.516699,1,2132739
152629401,0.53,0.52734,1,2132751
152630861,0.54,0.537468,1,2132751
152632321,0.59,0.579494,1,2132838
152633781,0.6,0.595899,1,2132838
152635241,0.63,0.62318,1,2132897
152636701,0.64,0.636636,1,2132897
152638161,0.71,0.695327,1,2132975
152639621,0.72,0.715065,1,2132975
152641081,0.72,0.719013,1,2132975
152642541,0.73,0.727803,1,2133017
152644001,0.74,0.737561,1,2133017
152645461,0.71,0.715512,1,2133090
152646921,0.72,0.719102,1,2133090
152648381,0.75,0.74382,1,2133149
152649841,0.76,0.756764,2,2133149
152651301,0.77,0.767353,2,2133185
152652761,0.78,0.777471,2,2133185
152654221,0.75,0.755494,2,2133198
152655681,0.76,0.759099,2,2133198
152657141,0.71,0.71982,1,2133288
152658601,0.72,0.719964,1,2133288
152660061,0.65,0.663993,1,2133349
152661521,0.66,0.660799,1,2133349
152662981,0.69,0.68416,1,2133431
152664441,0.7,0.696832,1,2133431
152665901,0.69,0.691366,1,2133433
152667361,0.7,0.698273,1,2133433
152668821,0.71,0.707655,1,2133475
152670281,0.72,0.717531,1,2133475
152671741,0.71,0.711506,1,2133547
152673201,0.72,0.718301,1,2133547
152674661,0.69,0.69566,1,2133608
152676121,0.7,0.699132,1,2133608
152677581,0.69,0.691826,1,2133645
152679041,0.7,0.698365,1,2133645
152680501,0.71,0.707673,1,2133657
152681961,0.72,0.717535,1,2133657
152683421,0.79,0.775507,2,2133745
152684881,0.8,0.795101,2,2133745
152686341,0.85,0.83902,2,2133803
152687801,0.86,0.855804,2,2133803
152689261,0.91,0.899161,2,2133887
152690721,0.92,0.915832,2,2133887
152692181,0.91,0.911166,2,2133889
152693641,0.92,0.918233,2,2133889
152695101,0.93,0.927647,2,2133932
152696561,0.94,0.937529,2,2133932
152698021,0.94,0.939506,2,2133932
152699481,0.95,0.947901,2,2134004
152705321,0.95,0.95,2,2134101
152830881,0.79,0.79,2,2136272
152832341,0.8,0.798,2,2136272
152833801,0.73,0.7436,1,2136316
152835261,0.74,0.74072,1,2136316
152836721,0.71,0.716144,1,2136374
152838181,0.72,0.719229,1,2136374
152839641,0.67,0.679846,1,2136408
152841101,0.68,0.679969,1,2136408
152842561,0.59,0.607994,1,2136438
152844021,0.6,0.601599,1,2136438
152845481,0.47,0.49632,1,2136488
152846941,0.48,0.483264,1,2136488
152848401,0.43,0.440653,1,2136524
152849861,0.44,0.440131,1,2136524
152851321,0.53,0.512026,1,2136543
152852781,0.54,0.534405,1,2136543
152854241,0.49,0.498881,1,2136601
152855701,0.5,0.499776,1,2136601
152857161,0.57,0.555955,1,2136640
152858621,0.58,0.575191,1,2136640
152860081,0.63,0.619038,1,2136732
152861541,0.64,0.635808,1,2136732
152863001,0.71,0.695162,1,2136773
152864461,0.72,0.715032,1,2136773
152865921,0.77,0.759006,2,2136830
152867381,0.78,0.775801,2,2136830
152868841,0.75,0.75516,2,2136862
152870301,0.76,0.759032,2,2136862
152871761,0.85,0.831806,2,2136888
152873221,0.86,0.854361,2,2136888
152874681,0.89,0.882872,2,2136932
152876141,0.9,0.896574,2,2136932
152877601,0.89,0.891315,2,2136966
152879061,0.9,0.898263,2,2136966
152880521,0.85,0.859653,2,2136990
152881981,0.86,0.859931,2,2136990
152883441,0.86,0.859986,2,2136990
152884901,0.91,0.899997,2,2137046
152886361,0.92,0.915999,2,2137046
152887821,0.89,0.8952,2,2137089
152889281,0.9,0.89904,2,2137089
152890741,0.91,0.907808,2,2137184
152892201,0.92,0.917562,2,2137184
152893661,0.89,0.895512,2,2137229
152895121,0.9,0.899102,2,2137229
152896581,0.85,0.85982,2,2137289
152898041,0.86,0.859964,2,2137289
152899501,0.83,0.835993,2,2137320
152900961,0.84,0.839199,2,2137320
152902421,0.81,0.81584,2,2137351
152903881,0.82,0.819168,2,2137351
152905341,0.85,0.843834,2,2137397
152906801,0.86,0.856767,2,2137397
152908261,0.85,0.851353,2,2137431
152909721,0.86,0.858271,2,2137431
152911181,0.85,0.851654,2,2137453
152912641,0.86,0.858331,2,2137453
152914101,0.85,0.851666,2,2137455
152915561,0.86,0.858333,2,2137455
152917021,0.85,0.851667,2,2137513
152918481,0.86,0.858333,2,2137513
152919941,0.89,0.883667,2,2137555
152921401,0.9,0.896733,2,2137555
152922861,0.89,0.891347,2,2137651
152924321,0.9,0.898269,2,2137651
152925781,0.93,0.923654,2,2137695
152927241,0.94,0.936731,2,2137695
153054261,0.43,0.43,1,2139590
153055721,0.05,0.126,1,2139676
153057181,0.03,0.0492,1,2139711
153058641,0.03,0.03384,1,2139763
153060101,0.15,0.126768,1,2139812
153061561,0.05,0.0653536,1,2139844
153063021,0.01,0.0210707,1,2139898
153064481,0.03,0.0282141,1,2139905
153065941,0.09,0.0776428,1,2139918
153067401,0.05,0.0555286,1,2139933
153068861,0.03,0.0351057,1,2139955
153070321,0.03,0.0310211,1,2140099
153071781,0.04,0.0382042,1,2140099
153073241,0.01,0.0156408,1,2140185
153074701,0.02,0.0191282,1,2140185
153076161,0.03,0.0278256,1,2140267
153077621,0.04,0.0375651,1,2140267
153079081,0.01,0.015513,1,2140327
153080541,0.02,0.0191026,1,2140327
153082001,0.07,0.0598205,1,2140356
153083461,0.08,0.0759641,1,2140356
153084921,0.07,0.0711928,1,2140521
153086381,0.08,0.0782386,1,2140521
153087841,0.09,0.0876477,1,2140606
153089301,0.1,0.0975295,1,2140606
153090761,0.05,0.0595059,1,2140689
153092221,0.06,0.0599012,1,2140689
153093681,0.01,0.0199802,1,2140748
153095141,0.02,0.019996,1,2140748
153096601,0.05,0.0439992,1,2140780
153098061,0.06,0.0567998,1,2140780
153099521,0.13,0.11536,1,2140945
153100981,0.14,0.135072,1,2140945
153102441,0.14,0.139014,1,2140945
153103901,0.05,0.0678029,1,2141031
153105361,0.06,0.0615606,1,2141031
153106821,0.05,0.0523121,1,2141112
153108281,0.06,0.0584624,1,2141112
153109741,0.03,0.0356925,1,2141169
153111201,0.04,0.0391385,1,2141169
153112661,0.05,0.0478277,1,2141203
153114121,0.06,0.0575655,1,2141203
153115581,0.13,0.115513,1,2141372
153117041,0.14,0.135103,1,2141372
153118501,0.13,0.131021,1,2141374
153119961,0.14,0.138204,1,2141374
153121421,0.05,0.0676408,1,2141455
153122881,0.06,0.0615282,1,2141455
153124341,0.01,0.0203056,1,2141536
153125801,0.02,0.0200611,1,2141536
153127261,0.03,0.0280122,1,2141592
153128721,0.04,0.0376024,1,2141592
153130181,0.03,0.0315205,1,2141627
153131641,0.04,0.0383041,1,2141627
153133101,0.09,0.0796608,1,2141800
153134561,0.1,0.0959322,1,2141800
153136021,0.09,0.0911864,1,2141802
153137481,0.1,0.0982373,1,2141802
153138941,0.03,0.0436475,1,2141879
153140401,0.04,0.0407295,1,2141879
153141861,0.04,0.0401459,1,2141879
153143321,0.01,0.0160292,1,2141958
153144781,0.02,0.0192058,1,2141958
153146241,0.03,0.0278412,1,2142015
153147701,0.04,0.0375682,1,2142015
153149161,0.01,0.0155136,1,2142050
153150621,0.02,0.0191027,1,2142050
153152081,0.13,0.107821,1,2142226
153153541,0.14,0.133564,1,2142226
153155001,0.13,0.130713,1,2142228
153156461,0.14,0.138143,1,2142228
153157921,0.19,0.179629,1,2142302
153159381,0.2,0.195926,1,2142302
153160841,0.13,0.143185,1,2142379
153162301,0.14,0.140637,1,2142379
153163761,0.17,0.164127,1,2142437
153165221,0.18,0.176825,1,2142437
153166681,0.21,0.203365,1,2142471
153168141,0.22,0.216673,1,2142471
153169601,0.31,0.291335,1,2142653
153171061,0.32,0.314267,1,2142653
153172521,0.31,0.310853,1,2142655
153173981,0.32,0.318171,1,2142655
153175441,0.33,0.327634,1,2142732
153176901,0.34,0.337527,1,2142732
153178361,0.33,0.331505,1,2142806
153179821,0.34,0.338301,1,2142806
153181281,0.34,0.33966,1,2142806
153182741,0.35,0.347932,1,2142866
153184201,0.36,0.357586,1,2142866
153185661,0.37,0.367517,1,2142902
153187121,0.38,0.377503,1,2142902
153188581,0.41,0.403501,1,2143089
153190041,0.42,0.4167,1,2143089
153191501,0.41,0.41134,1,2143091
153192961,0.42,0.418268,1,2143091
153194421,0.47,0.459654,1,2143169
153195881,0.48,0.475931,1,2143169
153197341,0.51,0.503186,1,2143243
153198801,0.52,0.516637,1,2143243
153200261,0.51,0.511327,1,2143245
153201721,0.52,0.518266,1,2143245
153203181,0.55,0.543653,1,2143305
153204641,0.56,0.556731,1,2143305
153206101,0.57,0.567346,1,2143342
153207561,0.58,0.577469,1,2143342
153209021,0.61,0.603494,1,2143531
153210481,0.62,0.616699,1,2143531
153211941,0.61,0.61134,1,2143533
153213401,0.62,0.618268,1,2143533
153214861,0.59,0.595654,1,2143614
153216321,0.6,0.599131,1,2143614
153217781,0.57,0.575826,1,2143690
153219241,0.58,0.579165,1,2143690
153220701,0.57,0.571833,1,2143692
153222161,0.58,0.578367,1,2143692
153223621,0.57,0.571673,1,2143754
153225081,0.58,0.578335,1,2143754
153226541,0.58,0.579667,1,2143754
153228001,0.63,0.619933,1,2143792
153229461,0.64,0.635987,1,2143792
153230921,0.69,0.679197,1,2143983
153232381,0.7,0.695839,1,2143983
153233841,0.69,0.691168,1,2143985
153235301,0.7,0.698234,1,2143985
153236761,0.75,0.739647,1,2144065
153238221,0.76,0.755929,2,2144065
153239681,0.79,0.783186,2,2144140
153241141,0.8,0.796637,2,2144140
153242601,0.79,0.791327,2,2144142
153244061,0.8,0.798265,2,2144142
153245521,0.85,0.839653,2,2144204
153246981,0.86,0.855931,2,2144204
153248441,0.87,0.867186,2,2144244
153249901,0.88,0.877437,2,2144244
153343341,0.69,0.69,1,2146338
153344801,0.7,0.698,1,2146338
153346261,0.59,0.6116,1,2146367
153347721,0.6,0.60232,1,2146367
153349181,0.51,0.528464,1,2146403
153350641,0.52,0.521693,1,2146403
153352101,0.43,0.448339,1,2146438
153353561,0.44,0.441668,1,2146438
153355021,0.13,0.192334,1,2146510
153356481,0.14,0.150467,1,2146510
153357941,0.25,0.230093,1,2146543
153359401,0.26,0.254019,1,2146543
153360861,0.13,0.154804,1,2146580
153362321,0.14,0.142961,1,2146580
153363781,0.15,0.148592,1,2146636
153365241,0.16,0.157718,1,2146636
153366701,0.17,0.167544,1,2146793
153368161,0.18,0.177509,1,2146793
153369621,0.11,0.123502,1,2146817
153371081,0.12,0.1207,1,2146817
153372541,0.12,0.12014,1,2146817
153374001,0.17,0.160028,1,2146849
153375461,0.18,0.176006,1,2146849
153376921,0.17,0.171201,1,2146880
153378381,0.18,0.17824,1,2146880
153379841,0.21,0.203648,1,2146937
153381301,0.22,0.21673,1,2146937
153382761,0.23,0.227346,1,2146976
153384221,0.24,0.237469,1,2146976
153385681,0.21,0.215494,1,2147007
153387141,0.22,0.219099,1,2147007
153388601,0.21,0.21182,1,2147064
153390061,0.22,0.218364,1,2147064
153391521,0.31,0.291673,1,2147222
153392981,0.32,0.314335,1,2147222
153394441,0.31,0.310867,1,2147243
153395901,0.32,0.318173,1,2147243
153397361,0.31,0.311635,1,2147245
153398821,0.32,0.318327,1,2147245
153400281,0.33,0.327665,1,2147279
153401741,0.34,0.337533,1,2147279
153403201,0.37,0.363507,1,2147310
153404661,0.38,0.376701,1,2147310
153406121,0.35,0.35534,1,2147369
153407581,0.36,0.359068,1,2147369
153409041,0.35,0.351814,1,2147409
153410501,0.36,0.358363,1,2147409
153411961,0.39,0.383673,1,2147439
153413421,0.4,0.396735,1,2147439
153414881,0.43,0.423347,1,2147496
153416341,0.44,0.436669,1,2147496
153417801,0.41,0.415334,1,2147659
153419261,0.42,0.419067,1,2147659
153420721,0.43,0.427813,1,2147680
153422181,0.44,0.437563,1,2147680
153423641,0.43,0.431513,1,2147682
153425101,0.44,0.438303,1,2147682
153426561,0.47,0.463661,1,2147717
153428021,0.48,0.476732,1,2147717
153429481,0.48,0.479346,1,2147717
153430941,0.51,0.503869,1,2147750
153432401,0.52,0.516774,1,2147750
153433861,0.51,0.511355,1,2147808
153435321,0.52,0.518271,1,2147808
153436781,0.55,0.543654,1,2147848
153438241,0.56,0.556731,1,2147848
153439701,0.55,0.551346,1,2147880
153441161,0.56,0.558269,1,2147880
153442621,0.61,0.599654,1,2147939
153444081,0.62,0.615931,1,2147939
153445541,0.71,0.691186,1,2148101
153447001,0.72,0.714237,1,2148101
153448461,0.71,0.710847,1,2148123
153449921,0.72,0.71817,1,2148123
153451381,0.71,0.711634,1,2148125
153452841,0.72,0.718327,1,2148125
153454301,0.81,0.791665,2,2148162
153455761,0.82,0.814333,2,2148162
153457221,0.85,0.842867,2,2148196
153458681,0.86,0.856573,2,2148196
153460141,0.85,0.851315,2,2148254
153461601,0.86,0.858263,2,2148254
153463061,0.85,0.851653,2,2148296
153464521,0.86,0.858331,2,2148296
153465981,0.87,0.867666,2,2148328
153467441,0.88,0.877533,2,2148328
153468901,0.91,0.903507,2,2148390
153470361,0.92,0.916701,2,2148390
153471821,0.95,0.94334,2,2148557
153474741,0.95,0.95,2,2148579
153477661,0.95,0.95,2,2148581
153483501,0.95,0.95,2,2148659
153493721,0.95,0.95,2,2148792
153591541,0.87,0.87,2,2150478
153593001,0.88,0.878,2,2150478
153594461,0.82,0.8316,2,2150514
153595921,0.83,0.83032,2,2150514
153597381,0.75,0.766064,2,2150544
153598841,0.76,0.761213,2,2150544
153600301,0.77,0.768243,2,2150571
153601761,0.78,0.777649,2,2150571
153603221,0.71,0.72353,1,2150599
153604681,0.72,0.720706,1,2150599
153606141,0.61,0.632141,1,2150637
153607601,0.62,0.622428,1,2150637
153609061,0.61,0.612486,1,2150671
153610521,0.62,0.618497,1,2150671
153611981,0.57,0.579699,1,2150699
153613441,0.58,0.57994,1,2150699
153614901,0.58,0.579988,1,2150699
153616361,0.63,0.619998,1,2150761
153617821,0.64,0.636,1,2150761
153619281,0.41,0.4552,1,2150929
153620741,0.42,0.42704,1,2150929
153622201,0.35,0.365408,1,2150942
153623661,0.36,0.361082,1,2150942
153625121,0.33,0.336216,1,2150976
153626581,0.34,0.339243,1,2150976
153628041,0.33,0.331849,1,2151002
153629501,0.34,0.33837,1,2151002
153630961,0.27,0.283674,1,2151030
153632421,0.28,0.280735,1,2151030
153633881,0.21,0.224147,1,2151055
153635341,0.22,0.220829,1,2151055
153636801,0.19,0.196166,1,2151088
153638261,0.2,0.199233,1,2151088
153639721,0.11,0.127847,1,2151122
153641181,0.12,0.121569,1,2151122
153642641,0.13,0.128314,1,2151148
153644101,0.14,0.137663,1,2151148
153645561,0.13,0.131533,1,2151150
153647021,0.14,0.138307,1,2151150
153648481,0.15,0.147661,1,2151214
153649941,0.16,0.157532,1,2151214
153651401,0.15,0.151506,1,2151371
153652861,0.16,0.158301,1,2151371
153654321,0.17,0.16766,1,2151381
153655781,0.18,0.177532,1,2151381
153657241,0.19,0.187506,1,2151414
153658701,0.2,0.197501,1,2151414
153660161,0.19,0.1915,1,2151440
153661621,0.2,0.1983,1,2151440
153663081,0.17,0.17566,1,2151465
153664541,0.18,0.179132,1,2151465
153666001,0.19,0.187826,1,2151487
153667461,0.2,0.197565,1,2151487
153668921,0.23,0.223513,1,2151519
153670381,0.24,0.236703,1,2151519
153671841,0.19,0.199341,1,2151549
153673301,0.2,0.199868,1,2151549
153674761,0.17,0.175974,1,2151576
153676221,0.18,0.179195,1,2151576
153677681,0.17,0.171839,1,2151578
153679141,0.18,0.178368,1,2151578
153680601,0.18,0.179674,1,2151578
153682061,0.23,0.219935,1,2151643
153683521,0.24,0.235987,1,2151643
153684981,0.29,0.279197,1,2151800
153686441,0.3,0.295839,1,2151800
153687901,0.31,0.307168,1,2151811
153689361,0.32,0.317434,1,2151811
153690821,0.33,0.327487,1,2151845
153692281,0.34,0.337497,1,2151845
153693741,0.37,0.363499,1,2151871
153695201,0.38,0.3767,1,2151871
153696661,0.39,0.38734,1,2151895
153698121,0.4,0.397468,1,2151895
153699581,0.43,0.423494,1,2151918
153701041,0.44,0.436699,1,2151918
153702501,0.43,0.43134,1,2151952
153703961,0.44,0.438268,1,2151952
153705421,0.45,0.447654,1,2151980
153706881,0.46,0.457531,1,2151980
153708341,0.45,0.451506,1,2152006
153709801,0.46,0.458301,1,2152006
153711261,0.45,0.45166,1,2152008
153712721,0.46,0.458332,1,2152008
153714181,0.53,0.515666,1,2152075
153715641,0.54,0.535133,1,2152075
153717101,0.53,0.531027,1,2152235
153718561,0.54,0.538205,1,2152235
153720021,0.53,0.531641,1,2152247
153721481,0.54,0.538328,1,2152247
153722941,0.55,0.547666,1,2152282
153724401,0.56,0.557533,1,2152282
153725861,0.59,0.583507,1,2152310
153727321,0.6,0.596701,1,2152310
153728781,0.57,0.57534,1,2152335
153730241,0.58,0.579068,1,2152335
153731701,0.55,0.555814,1,2152360
153733161,0.56,0.559163,1,2152360
153734621,0.57,0.567833,1,2152394
153736081,0.58,0.577567,1,2152394
153737541,0.59,0.587513,1,2152423
153739001,0.6,0.597503,1,2152423
153740461,0.59,0.591501,1,2152449
153741921,0.6,0.5983,1,2152449
153743381,0.59,0.59166,1,2152451
153744841,0.6,0.598332,1,2152451
153746301,0.67,0.655666,1,2152522
153747761,0.68,0.675133,1,2152522
153749221,0.69,0.687027,1,2152682
153750681,0.7,0.697405,1,2152682
153752141,0.7,0.699481,1,2152682
153753601,0.71,0.707896,1,2152694
153755061,0.72,0.717579,1,2152694
153756521,0.71,0.711516,1,2152730
153757981,0.72,0.718303,1,2152730
153759441,0.71,0.711661,1,2152760
153760901,0.72,0.718332,1,2152760
153762361,0.77,0.759666,2,2152784
153763821,0.78,0.775933,2,2152784
153765281,0.79,0.787187,2,2152808
153766741,0.8,0.797437,2,2152808
153768201,0.79,0.791487,2,2152843
153769661,0.8,0.798297,2,2152843
153771121,0.79,0.791659,2,2152873
153772581,0.8,0.798332,2,2152873
153774041,0.81,0.807666,2,2152899
153775501,0.82,0.817533,2,2152899
153776961,0.81,0.811507,2,2152901
153778421,0.82,0.818301,2,2152901
153779881,0.83,0.82766,2,2152976
153781341,0.84,0.837532,2,2152976
153782801,0.91,0.895506,2,2153137
153784261,0.92,0.915101,2,2153137
153785721,0.91,0.91102,2,2153139
153787181,0.92,0.918204,2,2153139
153788641,0.91,0.911641,2,2153151
153790101,0.92,0.918328,2,2153151
153791561,0.91,0.911666,2,2153187
153793021,0.92,0.918333,2,2153187
153794481,0.95,0.943667,2,2153217
153797401,0.95,0.95,2,2153244
153814921,0.95,0.95,2,2153439
153908361,0.87,0.87,2,2154748
153909821,0.95,0.934,2,2154780
153911281,0.81,0.8348,2,2154808
153912741,0.69,0.71896,1,2154862
153914201,0.25,0.343792,1,2155023
153915661,0.15,0.188758,1,2155078
153917121,0.11,0.125752,1,2155097
153918581,0.01,0.0331503,1,2155134
153920041,0.07,0.0626301,1,2155143
153921501,0.07,0.068526,1,2155157
153922961,0.11,0.101705,1,2155166
153924421,0.07,0.076341,1,2155169
153925881,0.13,0.119268,1,2155248
153927341,0.14,0.135854,1,2155248
153928801,0.15,0.147171,1,2155317
153930261,0.16,0.157434,1,2155317
153931721,0.17,0.167487,1,2155506
153933181,0.18,0.177497,1,2155506
153934641,0.17,0.171499,1,2155555
153936101,0.18,0.1783,1,2155555
153937561,0.19,0.18766,1,2155581
153939021,0.2,0.197532,1,2155581
153940481,0.19,0.191506,1,2155593
153941941,0.2,0.198301,1,2155593
153943401,0.21,0.20766,1,2155676
153944861,0.22,0.217532,1,2155676
153946321,0.27,0.259506,1,2155746
153947781,0.28,0.275901,1,2155746
153949241,0.39,0.36718,1,2155936
153950701,0.4,0.393436,1,2155936
153952161,0.41,0.406687,1,2155985
153953621,0.42,0.417337,1,2155985
153955081,0.43,0.427468,1,2156012
153956541,0.44,0.437494,1,2156012
153958001,0.43,0.431499,1,2156024
153959461,0.44,0.4383,1,2156024
153960921,0.44,0.43966,1,2156024
153962381,0.43,0.431932,1,2156108
153963841,0.44,0.438386,1,2156108
153965301,0.47,0.463677,1,2156181
153966761,0.48,0.476735,1,2156181
153968221,0.49,0.487347,1,2156377
153969681,0.5,0.497469,1,2156377
153971141,0.49,0.491494,1,2156427
153972601,0.5,0.498299,1,2156427
153974061,0.51,0.50766,1,2156455
153975521,0.52,0.517532,1,2156455
153976981,0.51,0.511506,1,2156467
153978441,0.52,0.518301,1,2156467
153979901,0.57,0.55966,1,2156550
153981361,0.58,0.575932,1,2156550
153982821,0.65,0.635186,1,2156625
153984281,0.66,0.655037,1,2156625
153985741,0.75,0.731007,1,2156822
153987201,0.76,0.754201,2,2156822
153988661,0.75,0.75084,2,2156872
153990121,0.76,0.758168,2,2156872
153991581,0.75,0.751634,2,2156901
153993041,0.76,0.758327,2,2156901
153994501,0.75,0.751665,2,2156913
153995961,0.76,0.758333,2,2156913
153997421,0.77,0.767667,2,2156999
153998881,0.78,0.777533,2,2156999
154000341,0.77,0.771507,2,2157078
154001801,0.78,0.778301,2,2157078
154003261,0.78,0.77966,2,2157078
154004721,0.89,0.867932,2,2157279
154006181,0.87,0.869586,2,2157281
154007641,0.88,0.877917,2,2157281
154009101,0.87,0.871583,2,2157331
154010561,0.88,0.878317,2,2157331
154012021,0.85,0.855663,2,2157360
154013481,0.86,0.859133,2,2157360
154014941,0.85,0.851827,2,2157372
154016401,0.86,0.858365,2,2157372
154017861,0.93,0.915673,2,2157459
154019321,0.94,0.935135,2,2157459
154020781,0.93,0.931027,2,2157538
154022241,0.94,0.938205,2,2157538
154074801,0.94,0.94,2,2158794
154076261,0.95,0.948,2,2158794
154080641,0.95,0.95,2,2158961
154083561,0.87,0.87,2,2158989
154085021,0.88,0.878,2,2158989
154086481,0.56,0.6236,1,2159178
154087941,0.57,0.58072,1,2159178
154089401,0.57,0.572144,1,2159178
154090861,0.55,0.554429,1,2159210
154092321,0.56,0.558886,1,2159210
154093781,0.53,0.535777,1,2159238
154095241,0.54,0.539155,1,2159238
154096701,0.43,0.451831,1,2159273
154098161,0.44,0.442366,1,2159273
154099621,0.43,0.432473,1,2159343
154101081,0.44,0.438495,1,2159343
154102541,0.27,0.303699,1,2159429
154104001,0.28,0.28474,1,2159429
154105461,0.29,0.288948,1,2159453
154106921,0.3,0.29779,1,2159453
154108381,0.27,0.275558,1,2159627
154109841,0.28,0.279112,1,2159627
154111301,0.27,0.271822,1,2159629
154112761,0.28,0.278364,1,2159629
154114221,0.37,0.351673,1,2159659
154115681,0.38,0.374335,1,2159659
154117141,0.37,0.370867,1,2159686
154118601,0.38,0.378173,1,2159686
154120061,0.37,0.371635,1,2159716
154121521,0.38,0.378327,1,2159716
154122981,0.39,0.387665,1,2159786
154124441,0.4,0.397533,1,2159786
154125901,0.45,0.439507,1,2159864
154127361,0.46,0.455901,1,2159864
154128821,0.43,0.43518,1,2159889
154130281,0.44,0.439036,1,2159889
154131741,0.49,0.479807,1,2160062
154133201,0.5,0.495961,1,2160062
154134661,0.49,0.491192,1,2160064
154136121,0.5,0.498238,1,2160064
154137581,0.5,0.499648,1,2160064
154139041,0.51,0.50793,1,2160099
154140501,0.52,0.517586,1,2160099
154141961,0.53,0.527517,1,2160126
154143421,0.54,0.537503,1,2160126
154144881,0.53,0.531501,1,2160156
154146341,0.54,0.5383,1,2160156
154147801,0.53,0.53166,1,2160227
154149261,0.54,0.538332,1,2160227
154150721,0.55,0.547666,1,2160308
154152181,0.56,0.557533,1,2160308
154153641,0.57,0.567507,1,2160332
154155101,0.58,0.577501,1,2160332
154156561,0.65,0.6355,1,2160508
154158021,0.66,0.6551,1,2160508
154159481,0.65,0.65102,1,2160510
154160941,0.66,0.658204,1,2160510
154162401,0.67,0.667641,1,2160545
154163861,0.68,0.677528,1,2160545
154165321,0.69,0.687506,1,2160573
154166781,0.7,0.697501,1,2160573
154168241,0.75,0.7395,1,2160603
154169701,0.76,0.7559,2,2160603
154171161,0.73,0.73518,1,2160674
154172621,0.74,0.739036,1,2160674
154174081,0.75,0.747807,1,2160756
154175541,0.76,0.757561,2,2160756
154177001,0.75,0.751512,2,2160781
154178461,0.76,0.758302,2,2160781
154179921,0.79,0.78366,2,2160961
154181381,0.8,0.796732,2,2160961
154182841,0.79,0.791346,2,2160963
154184301,0.8,0.798269,2,2160963
154185761,0.75,0.759654,2,2160999
154187221,0.76,0.759931,2,2160999
154188681,0.79,0.783986,2,2161028
154190141,0.8,0.796797,2,2161028
154191601,0.8,0.799359,2,2161028
154193061,0.87,0.855872,2,2161061
154194521,0.88,0.875174,2,2161061
154195981,0.91,0.903035,2,2161131
154197441,0.92,0.916607,2,2161131
154198901,0.89,0.895321,2,2161214
154200361,0.9,0.899064,2,2161214
154201821,0.93,0.923813,2,2161239
154203281,0.94,0.936763,2,2161239
154296721,0.93,0.93,2,2162969
154298181,0.94,0.938,2,2162969
154299641,0.91,0.9156,2,2162989
154301101,0.92,0.91912,2,2162989
154306941,0.83,0.83,2,2163109
154308401,0.84,0.838,2,2163109
154309861,0.83,0.8316,2,2163140
154311321,0.84,0.83832,2,2163140
154312781,0.73,0.751664,2,2163320
154314241,0.74,0.742333,1,2163320
154315701,0.71,0.716467,1,2163349
154317161,0.72,0.719293,1,2163349
154318621,0.75,0.743859,1,2163373
154320081,0.76,0.756772,2,2163373
154321541,0.73,0.735354,1,2163410
154323001,0.74,0.739071,1,2163410
154324461,0.73,0.731814,1,2163440
154325921,0.74,0.738363,1,2163440
154327381,0.73,0.731673,1,2163455
154328841,0.74,0.738335,1,2163455
154330301,0.73,0.731667,1,2163488
154331761,0.74,0.738333,1,2163488
154333221,0.73,0.731667,1,2163490
154334681,0.74,0.738333,1,2163490
154336141,0.81,0.795667,2,2163572
154337601,0.82,0.815133,2,2163572
154339061,0.79,0.795027,2,2163603
154340521,0.8,0.799005,2,2163603
154341981,0.93,0.903801,2,2163778
154343441,0.94,0.93276,2,2163778
154344901,0.93,0.930552,2,2163806
154346361,0.94,0.93811,2,2163806
154350741,0.95,0.95,2,2163868
154365341,0.93,0.93,2,2164034
154366801,0.94,0.938,2,2164034
154368261,0.94,0.9396,2,2164034
154496741,0.85,0.85,2,2166136
154498201,0.86,0.858,2,2166136
154499661,0.86,0.8596,2,2166136
154501121,0.71,0.73992,1,2166184
154502581,0.72,0.723984,1,2166184
154504041,0.65,0.664797,1,2166226
154505501,0.66,0.660959,1,2166226
154506961,0.49,0.524192,1,2166268
154508421,0.5,0.504838,1,2166268
154509881,0.41,0.428968,1,2166307
154511341,0.42,0.421794,1,2166307
154512801,0.35,0.364359,1,2166345
154514261,0.36,0.360872,1,2166345
154515721,0.21,0.240174,1,2166379
154517181,0.22,0.224035,1,2166379
154518641,0.23,0.228807,1,2166407
154520101,0.24,0.237761,1,2166407
154521561,0.13,0.151552,1,2166438
154523021,0.14,0.14231,1,2166438
154524481,0.09,0.100462,1,2166467
154525941,0.1,0.100092,1,2166467
154527401,0.03,0.0440185,1,2166501
154528861,0.04,0.0408037,1,2166501
154530321,0.05,0.0481607,1,2166600
154531781,0.06,0.0576321,1,2166600
154533241,0.05,0.0515264,1,2166640
154534701,0.06,0.0583053,1,2166640
154536161,0.05,0.0516611,1,2166679
154537621,0.06,0.0583322,1,2166679
154539081,0.05,0.0516664,1,2166713
154540541,0.06,0.0583333,1,2166713
154542001,0.05,0.0516667,1,2166748
154543461,0.06,0.0583333,1,2166748
154544921,0.09,0.0836667,1,2166783
154546381,0.1,0.0967333,1,2166783
154547841,0.07,0.0753467,1,2166810
154549301,0.08,0.0790693,1,2166810
154550761,0.01,0.0238139,1,2166839
154552221,0.02,0.0207628,1,2166839
154553681,0.07,0.0601526,1,2166865
154555141,0.08,0.0760305,1,2166865
154556601,0.07,0.0712061,1,2166892
154558061,0.08,0.0782412,1,2166892
154559521,0.13,0.119648,1,2166923
154560981,0.14,0.13593,1,2166923
154562441,0.07,0.0831859,1,2167023
154563901,0.08,0.0806372,1,2167023
154565361,0.09,0.0881274,1,2167063
154566821,0.1,0.0976255,1,2167063
154568281,0.11,0.107525,1,2167102
154569741,0.12,0.117505,1,2167102
154571201,0.12,0.119501,1,2167102
154572661,0.21,0.1919,1,2167136
154574121,0.22,0.21438,1,2167136
154575581,0.23,0.226876,1,2167171
154577041,0.24,0.237375,1,2167171
154578501,0.21,0.215475,1,2167208
154579961,0.22,0.219095,1,2167208
154581421,0.23,0.227819,1,2167234
154582881,0.24,0.237564,1,2167234
154584341,0.21,0.215513,1,2167260
154585801,0.22,0.219103,1,2167260
154587261,0.21,0.211821,1,2167289
154588721,0.22,0.218364,1,2167289
154590181,0.21,0.211673,1,2167316
154591641,0.22,0.218335,1,2167316
154593101,0.21,0.211667,1,2167350
154594561,0.22,0.218333,1,2167350
154596021,0.23,0.227667,1,2167447
154597481,0.24,0.237533,1,2167447
154598941,0.27,0.263507,1,2167488
154600401,0.28,0.276701,1,2167488
154601861,0.23,0.23934,1,2167528
154603321,0.24,0.239868,1,2167528
154604781,0.23,0.231974,1,2167530
154606241,0.24,0.238395,1,2167530
154607701,0.25,0.247679,1,2167568
154609161,0.26,0.257536,1,2167568
154610621,0.27,0.267507,1,2167604
154612081,0.28,0.277501,1,2167604
154613541,0.27,0.2715,1,2167640
154615001,0.28,0.2783,1,2167640
154616461,0.29,0.28766,1,2167667
154617921,0.3,0.297532,1,2167667
154619381,0.31,0.307506,1,2167692
154620841,0.32,0.317501,1,2167692
154622301,0.35,0.3435,1,2167721
154623761,0.36,0.3567,1,2167721
154625221,0.37,0.36734,1,2167748
154626681,0.38,0.377468,1,2167748
154628141,0.39,0.387494,1,2167782
154629601,0.4,0.397499,1,2167782
154631061,0.43,0.4235,1,2167880
154632521,0.44,0.4367,1,2167880
154633981,0.45,0.44734,1,2167923
154635441,0.46,0.457468,1,2167923
154636901,0.47,0.467494,1,2167961
154638361,0.48,0.477499,1,2167961
154639821,0.47,0.4715,1,2167963
154641281,0.48,0.4783,1,2167963
154642741,0.48,0.47966,1,2167963
154644201,0.49,0.487932,1,2168002
154645661,0.5,0.497586,1,2168002
154647121,0.51,0.507517,1,2168039
154648581,0.52,0.517503,1,2168039
154650041,0.55,0.543501,1,2168075
154651501,0.56,0.5567,1,2168075
154652961,0.55,0.55134,1,2168103
154654421,0.56,0.558268,1,2168103
154655881,0.57,0.567654,1,2168129
154657341,0.58,0.577531,1,2168129
154658801,0.61,0.603506,1,2168160
154660261,0.62,0.616701,1,2168160
154661721,0.61,0.61134,1,2168188
154663181,0.62,0.618268,1,2168188
154664641,0.63,0.627654,1,2168223
154666101,0.64,0.637531,1,2168223
154667561,0.69,0.679506,1,2168323
154669021,0.7,0.695901,1,2168323
154670481,0.69,0.69118,1,2168367
154671941,0.7,0.698236,1,2168367
154673401,0.75,0.739647,1,2168406
154674861,0.76,0.755929,2,2168406
154676321,0.75,0.751186,2,2168408
154677781,0.76,0.758237,2,2168408
154679241,0.77,0.767647,2,2168447
154680701,0.78,0.777529,2,2168447
154682161,0.75,0.755506,2,2168485
154683621,0.76,0.759101,2,2168485
154685081,0.79,0.78382,2,2168523
154686541,0.8,0.796764,2,2168523
154688001,0.81,0.807353,2,2168551
154689461,0.82,0.817471,2,2168551
154690921,0.79,0.795494,2,2168578
154692381,0.8,0.799099,2,2168578
154693841,0.77,0.77582,2,2168611
154695301,0.78,0.779164,2,2168611
154696761,0.79,0.787833,2,2168639
154698221,0.8,0.797567,2,2168639
154699681,0.79,0.791513,2,2168675
154701141,0.8,0.798303,2,2168675
154702601,0.77,0.775661,2,2168778
154704061,0.78,0.779132,2,2168778
154705521,0.77,0.771826,2,2168822
154706981,0.78,0.778365,2,2168822
154708441,0.81,0.803673,2,2168864
154709901,0.82,0.816735,2,2168864
154711361,0.81,0.811347,2,2168866
154712821,0.82,0.818269,2,2168866
154714281,0.81,0.811654,2,2168906
154715741,0.82,0.818331,2,2168906
154717201,0.85,0.843666,2,2168943
154718661,0.86,0.856733,2,2168943
154720121,0.86,0.859347,2,2168943
154721581,0.89,0.883869,2,2168983
154723041,0.9,0.896774,2,2168983
154724501,0.91,0.907355,2,2169012
154725961,0.92,0.917471,2,2169012
154727421,0.93,0.927494,2,2169038
154728881,0.94,0.937499,2,2169038
154733261,0.95,0.95,2,2169099
